pgbench (18.6 (Debian 18.6-1.pgdg13+2))
starting vacuum...end.
transaction type: <builtin: select only>
scaling factor: 1000
query mode: simple
number of clients: 256
number of threads: 16
maximum number of tries: 1
duration: 60 s
number of transactions actually processed: 8589950
number of failed transactions: 0 (0.000%)
latency average = 1.780 ms
initial connection time = 420.671 ms
tps = 143821.298903 (without initial connection time)
---AAD-PGBENCH-LATENCY-US---
rc=0
samples=172038
      1 264
      1 275
      1 276
      1 277
      1 279
      1 280
      1 288
      2 291
      1 297
      4 298
      1 299
      2 300
      4 301
      1 305
      1 306
      3 307
      2 308
      1 309
      1 310
      1 311
      1 313
      2 314
      1 317
      1 318
      1 319
      2 320
      1 321
      1 322
      2 323
      1 324
      1 326
      2 327
      2 328
      2 329
      2 331
      2 332
      1 333
      7 335
      2 336
      5 337
      2 338
      3 339
      3 340
      7 341
      5 342
      3 343
      2 344
      6 345
      4 346
      6 347
      5 348
      4 349
      3 350
      6 351
      2 352
      5 353
      1 354
      3 355
      2 356
      1 357
      1 358
      8 359
      5 360
      1 361
      3 362
      3 363
      2 364
      5 365
      4 366
      2 367
      6 368
      4 369
      1 371
      2 372
      1 373
      1 374
      1 375
      5 376
      6 377
      3 378
      3 379
      3 380
      4 381
      1 382
      6 383
      5 384
      3 385
      1 386
      5 387
      7 388
      5 389
      5 390
      9 391
      3 392
      4 393
      5 394
      6 395
      5 396
      4 397
      3 398
      5 399
      5 400
     11 401
      6 402
     10 403
      4 404
      5 405
      2 406
      8 407
      6 408
      8 409
      6 410
      6 411
     11 412
     13 413
      8 414
     12 415
      7 416
      7 417
      8 418
     11 419
      9 420
      6 421
     10 422
      7 423
      8 424
      7 425
      6 426
      4 427
      7 428
      6 429
      7 430
      7 431
      5 432
      4 433
      5 434
      4 435
     10 436
      8 437
     11 438
     11 439
      6 440
      9 441
      6 442
      8 443
      6 444
      3 445
      9 446
      5 447
      9 448
      2 449
      4 450
     11 451
      4 452
      9 453
      4 454
     10 455
      4 456
     12 457
      7 458
      8 459
     10 460
     15 461
     12 462
      9 463
     10 464
      9 465
     11 466
     12 467
      6 468
      9 469
     15 470
     11 471
      8 472
      9 473
      6 474
     14 475
      9 476
     10 477
      8 478
     13 479
     11 480
     10 481
     10 482
     15 483
     13 484
     17 485
     17 486
      9 487
     14 488
     12 489
     18 490
     14 491
     14 492
     13 493
     12 494
     11 495
      9 496
      8 497
     14 498
      8 499
     11 500
     16 501
      8 502
     12 503
      7 504
      9 505
      8 506
     13 507
      9 508
     17 509
     11 510
     11 511
     10 512
     10 513
     16 514
      8 515
     11 516
     14 517
     12 518
     14 519
      6 520
     10 521
     14 522
     13 523
      9 524
     12 525
     12 526
     13 527
     11 528
     15 529
     13 530
     12 531
     15 532
     14 533
     13 534
     12 535
     16 536
      7 537
     15 538
     17 539
     17 540
     22 541
     13 542
     16 543
     22 544
     18 545
     16 546
     22 547
     22 548
     18 549
     15 550
     13 551
     23 552
     23 553
     18 554
     24 555
     25 556
     15 557
     16 558
     20 559
     15 560
     24 561
     14 562
     17 563
     16 564
     16 565
     17 566
     15 567
     19 568
     15 569
      8 570
     23 571
     17 572
      7 573
     19 574
     21 575
      8 576
     24 577
     15 578
     11 579
     12 580
     11 581
     17 582
     16 583
     16 584
     14 585
     18 586
     20 587
     16 588
     19 589
     15 590
     14 591
     17 592
     14 593
     12 594
     20 595
     18 596
     17 597
     23 598
     21 599
     18 600
     18 601
     30 602
     19 603
     11 604
     17 605
     23 606
     13 607
     15 608
     25 609
     20 610
     15 611
     16 612
     28 613
     24 614
     23 615
     23 616
     23 617
     25 618
     29 619
     24 620
     34 621
     27 622
     20 623
     28 624
     17 625
     20 626
     26 627
     21 628
     22 629
     27 630
     20 631
     18 632
     29 633
     21 634
     23 635
     20 636
     17 637
     16 638
     25 639
     16 640
     17 641
     17 642
     22 643
     19 644
     21 645
     18 646
     21 647
     15 648
     17 649
     23 650
     16 651
     16 652
     14 653
     18 654
     21 655
     24 656
     16 657
     13 658
      9 659
     23 660
     18 661
     18 662
     22 663
     20 664
     13 665
     15 666
     21 667
     14 668
     13 669
     19 670
     15 671
     17 672
     15 673
     17 674
     13 675
     23 676
     25 677
     23 678
     27 679
     13 680
     26 681
     17 682
     21 683
     20 684
     34 685
     20 686
     20 687
     22 688
     25 689
     25 690
     27 691
     15 692
     14 693
     10 694
     21 695
     16 696
     17 697
     25 698
     31 699
     25 700
     17 701
     15 702
     17 703
     18 704
     12 705
     13 706
     12 707
     11 708
     19 709
     11 710
     21 711
     12 712
     24 713
     18 714
     12 715
     21 716
     15 717
     13 718
     11 719
     13 720
     20 721
     17 722
     12 723
     20 724
     16 725
     20 726
     18 727
     18 728
     14 729
     15 730
     20 731
     19 732
     20 733
     10 734
     13 735
     19 736
     21 737
     12 738
     14 739
     19 740
     14 741
     15 742
     16 743
      8 744
     21 745
     11 746
     13 747
     20 748
     13 749
     15 750
     18 751
     12 752
     14 753
     20 754
     14 755
     18 756
     16 757
      9 758
     14 759
     15 760
     22 761
     20 762
     23 763
     21 764
     12 765
     23 766
     13 767
     21 768
      9 769
      9 770
     18 771
     13 772
     20 773
     13 774
     12 775
     10 776
     22 777
     21 778
     20 779
     16 780
     10 781
     16 782
     21 783
      8 784
     10 785
     11 786
     21 787
     10 788
      8 789
     18 790
     14 791
      9 792
     23 793
     12 794
      6 795
     19 796
     15 797
      6 798
     11 799
     11 800
     10 801
     10 802
     17 803
     14 804
     17 805
     10 806
     14 807
     16 808
      7 809
     13 810
     18 811
      8 812
     13 813
     11 814
     15 815
     14 816
     21 817
     15 818
     15 819
     11 820
     15 821
     13 822
     13 823
     21 824
     16 825
     12 826
     19 827
     12 828
     15 829
     17 830
     11 831
     13 832
     17 833
     17 834
     16 835
      9 836
     10 837
     10 838
     16 839
     17 840
     13 841
     18 842
     15 843
     18 844
     10 845
     10 846
     11 847
      7 848
     14 849
     11 850
     13 851
     15 852
      7 853
     15 854
     11 855
     15 856
     11 857
     16 858
     12 859
     11 860
     17 861
     19 862
     17 863
     11 864
     12 865
     21 866
      8 867
     15 868
     17 869
     12 870
      9 871
     15 872
      7 873
     18 874
     13 875
     12 876
     15 877
     16 878
     17 879
      8 880
      9 881
     22 882
     18 883
     11 884
     12 885
     16 886
     16 887
     15 888
     12 889
     16 890
     13 891
      8 892
     13 893
     23 894
     16 895
     17 896
     19 897
     16 898
     16 899
     12 900
     21 901
     12 902
     15 903
     13 904
     17 905
     16 906
     14 907
     19 908
     14 909
     15 910
     16 911
     15 912
     12 913
     14 914
     13 915
     12 916
     10 917
     20 918
     20 919
     16 920
     14 921
     19 922
     14 923
     20 924
     11 925
     15 926
     16 927
     16 928
      8 929
     18 930
     16 931
     16 932
     18 933
     17 934
     14 935
     24 936
     11 937
     17 938
      8 939
     18 940
     14 941
     10 942
     14 943
     13 944
     15 945
     24 946
     19 947
     14 948
     12 949
     20 950
     11 951
     14 952
     16 953
     18 954
     18 955
      9 956
     18 957
     14 958
     21 959
     15 960
     14 961
     23 962
     25 963
     15 964
     14 965
     19 966
     18 967
     24 968
     13 969
     20 970
     21 971
     24 972
     20 973
     23 974
     20 975
     21 976
     14 977
     16 978
     19 979
     18 980
     15 981
     19 982
     20 983
     12 984
     29 985
     16 986
     18 987
     19 988
     23 989
     21 990
     20 991
     19 992
     15 993
     17 994
     17 995
     14 996
     24 997
     22 998
     17 999
     23 1000
     19 1001
     14 1002
     14 1003
     22 1004
      6 1005
     19 1006
     25 1007
     19 1008
     21 1009
     17 1010
     16 1011
     17 1012
     15 1013
     14 1014
     22 1015
     20 1016
     15 1017
     18 1018
     22 1019
     12 1020
     22 1021
     15 1022
     28 1023
     18 1024
     20 1025
     19 1026
     23 1027
     29 1028
     22 1029
     21 1030
     18 1031
     18 1032
     28 1033
      9 1034
     17 1035
     17 1036
     30 1037
     24 1038
     29 1039
     21 1040
     29 1041
     28 1042
     22 1043
     24 1044
     22 1045
     36 1046
     21 1047
     24 1048
     19 1049
     21 1050
     23 1051
     23 1052
     24 1053
     25 1054
     29 1055
     27 1056
     19 1057
     31 1058
     17 1059
     17 1060
     22 1061
     31 1062
     23 1063
     13 1064
     29 1065
     31 1066
     28 1067
     20 1068
     32 1069
     18 1070
     23 1071
     23 1072
     29 1073
     26 1074
     23 1075
     29 1076
     20 1077
     25 1078
     31 1079
     33 1080
     34 1081
     40 1082
     27 1083
     29 1084
     20 1085
     35 1086
     28 1087
     32 1088
     33 1089
     30 1090
     33 1091
     37 1092
     26 1093
     41 1094
     29 1095
     35 1096
     37 1097
     35 1098
     38 1099
     24 1100
     30 1101
     34 1102
     30 1103
     37 1104
     28 1105
     32 1106
     48 1107
     34 1108
     52 1109
     44 1110
     48 1111
     30 1112
     34 1113
     35 1114
     29 1115
     38 1116
     28 1117
     36 1118
     32 1119
     37 1120
     37 1121
     35 1122
     47 1123
     40 1124
     29 1125
     38 1126
     36 1127
     47 1128
     44 1129
     36 1130
     47 1131
     40 1132
     33 1133
     43 1134
     45 1135
     44 1136
     41 1137
     41 1138
     42 1139
     54 1140
     52 1141
     52 1142
     36 1143
     38 1144
     41 1145
     59 1146
     48 1147
     44 1148
     49 1149
     56 1150
     48 1151
     42 1152
     63 1153
     47 1154
     54 1155
     46 1156
     56 1157
     42 1158
     59 1159
     37 1160
     46 1161
     47 1162
     52 1163
     64 1164
     55 1165
     48 1166
     51 1167
     52 1168
     62 1169
     45 1170
     50 1171
     53 1172
     67 1173
     40 1174
     57 1175
     61 1176
     47 1177
     73 1178
     62 1179
     60 1180
     62 1181
     71 1182
     65 1183
     64 1184
     68 1185
     74 1186
     58 1187
     62 1188
     53 1189
     67 1190
     55 1191
     66 1192
     60 1193
     78 1194
     69 1195
     58 1196
     74 1197
     68 1198
     66 1199
     84 1200
     58 1201
     71 1202
     63 1203
     67 1204
     78 1205
     69 1206
     78 1207
     78 1208
     84 1209
     78 1210
     80 1211
     75 1212
     93 1213
     80 1214
     73 1215
     95 1216
     73 1217
     73 1218
     79 1219
     91 1220
     81 1221
     72 1222
     78 1223
     87 1224
    107 1225
     70 1226
     82 1227
     86 1228
     86 1229
     96 1230
     76 1231
     76 1232
     83 1233
    104 1234
     81 1235
     83 1236
     92 1237
     88 1238
     95 1239
     97 1240
     97 1241
    101 1242
    118 1243
     85 1244
    104 1245
    107 1246
    111 1247
    117 1248
     95 1249
     94 1250
     88 1251
    106 1252
    107 1253
    110 1254
    101 1255
    103 1256
    122 1257
    115 1258
    103 1259
    115 1260
    107 1261
     97 1262
    115 1263
    131 1264
    101 1265
    102 1266
    126 1267
    134 1268
    114 1269
    136 1270
    124 1271
    129 1272
    118 1273
    115 1274
    122 1275
    131 1276
    121 1277
    123 1278
    133 1279
    128 1280
    125 1281
    122 1282
    140 1283
    129 1284
    131 1285
    141 1286
    144 1287
    133 1288
    153 1289
    141 1290
    142 1291
    134 1292
    122 1293
    146 1294
    138 1295
    137 1296
    137 1297
    147 1298
    154 1299
    139 1300
    148 1301
    148 1302
    131 1303
    143 1304
    149 1305
    161 1306
    167 1307
    169 1308
    161 1309
    174 1310
    173 1311
    154 1312
    152 1313
    160 1314
    157 1315
    171 1316
    159 1317
    169 1318
    196 1319
    173 1320
    171 1321
    158 1322
    154 1323
    193 1324
    169 1325
    165 1326
    175 1327
    156 1328
    180 1329
    176 1330
    185 1331
    190 1332
    155 1333
    182 1334
    167 1335
    184 1336
    188 1337
    191 1338
    167 1339
    183 1340
    205 1341
    180 1342
    197 1343
    195 1344
    187 1345
    185 1346
    209 1347
    204 1348
    210 1349
    191 1350
    203 1351
    209 1352
    170 1353
    216 1354
    174 1355
    187 1356
    209 1357
    210 1358
    192 1359
    182 1360
    238 1361
    215 1362
    218 1363
    194 1364
    193 1365
    195 1366
    209 1367
    241 1368
    194 1369
    223 1370
    198 1371
    205 1372
    217 1373
    197 1374
    204 1375
    198 1376
    220 1377
    221 1378
    196 1379
    191 1380
    201 1381
    202 1382
    222 1383
    225 1384
    208 1385
    246 1386
    231 1387
    199 1388
    233 1389
    202 1390
    221 1391
    217 1392
    226 1393
    229 1394
    225 1395
    204 1396
    242 1397
    230 1398
    225 1399
    235 1400
    223 1401
    212 1402
    229 1403
    210 1404
    239 1405
    226 1406
    230 1407
    199 1408
    237 1409
    237 1410
    234 1411
    229 1412
    209 1413
    211 1414
    187 1415
    221 1416
    199 1417
    223 1418
    226 1419
    249 1420
    221 1421
    200 1422
    196 1423
    193 1424
    247 1425
    191 1426
    215 1427
    245 1428
    212 1429
    193 1430
    227 1431
    230 1432
    228 1433
    219 1434
    209 1435
    215 1436
    242 1437
    213 1438
    212 1439
    176 1440
    205 1441
    217 1442
    195 1443
    190 1444
    191 1445
    208 1446
    214 1447
    190 1448
    204 1449
    207 1450
    213 1451
    220 1452
    197 1453
    203 1454
    179 1455
    192 1456
    200 1457
    209 1458
    211 1459
    212 1460
    193 1461
    183 1462
    172 1463
    206 1464
    207 1465
    202 1466
    192 1467
    178 1468
    187 1469
    210 1470
    172 1471
    191 1472
    193 1473
    182 1474
    193 1475
    174 1476
    169 1477
    163 1478
    194 1479
    180 1480
    194 1481
    189 1482
    183 1483
    190 1484
    175 1485
    173 1486
    184 1487
    135 1488
    174 1489
    160 1490
    157 1491
    148 1492
    155 1493
    161 1494
    182 1495
    151 1496
    156 1497
    160 1498
    170 1499
    151 1500
    166 1501
    173 1502
    149 1503
    155 1504
    177 1505
    154 1506
    173 1507
    174 1508
    123 1509
    170 1510
    156 1511
    155 1512
    153 1513
    182 1514
    135 1515
    154 1516
    164 1517
    183 1518
    178 1519
    131 1520
    161 1521
    148 1522
    149 1523
    135 1524
    148 1525
    160 1526
    150 1527
    155 1528
    167 1529
    164 1530
    153 1531
    137 1532
    145 1533
    116 1534
    147 1535
    144 1536
    139 1537
    145 1538
    143 1539
    137 1540
    161 1541
    146 1542
    147 1543
    131 1544
    128 1545
    135 1546
    146 1547
    151 1548
    158 1549
    120 1550
    119 1551
    144 1552
    126 1553
    130 1554
    131 1555
    108 1556
    143 1557
    115 1558
    133 1559
    134 1560
    138 1561
    123 1562
    110 1563
    125 1564
    114 1565
    140 1566
    119 1567
    123 1568
    122 1569
    127 1570
    114 1571
    122 1572
    136 1573
    118 1574
    136 1575
    124 1576
    129 1577
    116 1578
    116 1579
    125 1580
    123 1581
    107 1582
    116 1583
    124 1584
    113 1585
    146 1586
    140 1587
    105 1588
    100 1589
    125 1590
     99 1591
    115 1592
    110 1593
    114 1594
    125 1595
    106 1596
    120 1597
    122 1598
    102 1599
    119 1600
    122 1601
    107 1602
    112 1603
    111 1604
    131 1605
    112 1606
    115 1607
    106 1608
    113 1609
    122 1610
    131 1611
    102 1612
    115 1613
     92 1614
     92 1615
    113 1616
    125 1617
    108 1618
    109 1619
    111 1620
     98 1621
    117 1622
    100 1623
    126 1624
     91 1625
     97 1626
     99 1627
    106 1628
    135 1629
     96 1630
    110 1631
    108 1632
    102 1633
    111 1634
     98 1635
    128 1636
    101 1637
    114 1638
     89 1639
     97 1640
    116 1641
    121 1642
     97 1643
    106 1644
    108 1645
     93 1646
     94 1647
    105 1648
     98 1649
    101 1650
    104 1651
    108 1652
    123 1653
    120 1654
    103 1655
     92 1656
    104 1657
    101 1658
    107 1659
     94 1660
     87 1661
     81 1662
     90 1663
     94 1664
    109 1665
     96 1666
     99 1667
    106 1668
    110 1669
    105 1670
    106 1671
    128 1672
    102 1673
     85 1674
    100 1675
     98 1676
     86 1677
    100 1678
     87 1679
    109 1680
    113 1681
     81 1682
     91 1683
     83 1684
     88 1685
    112 1686
    103 1687
    110 1688
    101 1689
     95 1690
     94 1691
     94 1692
    100 1693
    108 1694
    111 1695
     96 1696
     87 1697
     99 1698
     98 1699
     98 1700
     85 1701
    103 1702
     87 1703
     80 1704
    101 1705
     87 1706
    107 1707
     88 1708
    100 1709
     96 1710
     80 1711
     79 1712
    108 1713
     86 1714
     94 1715
     82 1716
     83 1717
     97 1718
     95 1719
     98 1720
    124 1721
     98 1722
     98 1723
     86 1724
     98 1725
     92 1726
    103 1727
     92 1728
    100 1729
    114 1730
    113 1731
     85 1732
     91 1733
     81 1734
     99 1735
     87 1736
     83 1737
     97 1738
     88 1739
    110 1740
     95 1741
     82 1742
     89 1743
     84 1744
     87 1745
     96 1746
     89 1747
    104 1748
     86 1749
    113 1750
    109 1751
     89 1752
     99 1753
    103 1754
    107 1755
     90 1756
     98 1757
    110 1758
     88 1759
     89 1760
     79 1761
     78 1762
    105 1763
     97 1764
    124 1765
     79 1766
     77 1767
     87 1768
     91 1769
    107 1770
     97 1771
     79 1772
    110 1773
    104 1774
    113 1775
     93 1776
    102 1777
     82 1778
    101 1779
     75 1780
     80 1781
    102 1782
     84 1783
     98 1784
     90 1785
     98 1786
     82 1787
     95 1788
     91 1789
    101 1790
     88 1791
     74 1792
     99 1793
     93 1794
     92 1795
     85 1796
     88 1797
     84 1798
     95 1799
     78 1800
     84 1801
     75 1802
     93 1803
     76 1804
     81 1805
     88 1806
     77 1807
    102 1808
     98 1809
    102 1810
     68 1811
     87 1812
     76 1813
    100 1814
     81 1815
     77 1816
     82 1817
     81 1818
     69 1819
     92 1820
     82 1821
     80 1822
    101 1823
     92 1824
     77 1825
     87 1826
     73 1827
     84 1828
     89 1829
     74 1830
     92 1831
     92 1832
     86 1833
     75 1834
     90 1835
     96 1836
    101 1837
     81 1838
     81 1839
     93 1840
     76 1841
     90 1842
     83 1843
     93 1844
     86 1845
     72 1846
     94 1847
     76 1848
     71 1849
     80 1850
     64 1851
     74 1852
     74 1853
     95 1854
    101 1855
     75 1856
     83 1857
     79 1858
     84 1859
     78 1860
     85 1861
     85 1862
     71 1863
     83 1864
     75 1865
     80 1866
     86 1867
     95 1868
     85 1869
     85 1870
     73 1871
     79 1872
     84 1873
     73 1874
     65 1875
     87 1876
     90 1877
     74 1878
     77 1879
     82 1880
     86 1881
     74 1882
     82 1883
     85 1884
     90 1885
     75 1886
     92 1887
     64 1888
     71 1889
     68 1890
     85 1891
     81 1892
     85 1893
     83 1894
     73 1895
     74 1896
     85 1897
     92 1898
     61 1899
     88 1900
     72 1901
     81 1902
     72 1903
     62 1904
     88 1905
     80 1906
     94 1907
     85 1908
     74 1909
     78 1910
     89 1911
     98 1912
     72 1913
     85 1914
     94 1915
     80 1916
     79 1917
     81 1918
     74 1919
    100 1920
     77 1921
     65 1922
     86 1923
     86 1924
     76 1925
    100 1926
     82 1927
     73 1928
     77 1929
     97 1930
     83 1931
     81 1932
     91 1933
     79 1934
     83 1935
     79 1936
     67 1937
     82 1938
     79 1939
     72 1940
     91 1941
     73 1942
     83 1943
     63 1944
     74 1945
     98 1946
     87 1947
     66 1948
     92 1949
     83 1950
     80 1951
     83 1952
     89 1953
     95 1954
     81 1955
     68 1956
     82 1957
     94 1958
     78 1959
     76 1960
     97 1961
     76 1962
     94 1963
     65 1964
     98 1965
     61 1966
     90 1967
    104 1968
     74 1969
     69 1970
     83 1971
     74 1972
     85 1973
     91 1974
     93 1975
     84 1976
     71 1977
     89 1978
     73 1979
     76 1980
     73 1981
     81 1982
     89 1983
     85 1984
     75 1985
     78 1986
     85 1987
     76 1988
     84 1989
     75 1990
     86 1991
     73 1992
    101 1993
     74 1994
     79 1995
     84 1996
     86 1997
     85 1998
     78 1999
     86 2000
     82 2001
     95 2002
     80 2003
     91 2004
     89 2005
     92 2006
     82 2007
    102 2008
     91 2009
     85 2010
     79 2011
     94 2012
     88 2013
     86 2014
     86 2015
     77 2016
     85 2017
     84 2018
    107 2019
     90 2020
     89 2021
     82 2022
     89 2023
    107 2024
     76 2025
     98 2026
     94 2027
     99 2028
    105 2029
     79 2030
     81 2031
     89 2032
     95 2033
     89 2034
    107 2035
     90 2036
     81 2037
     90 2038
     84 2039
     89 2040
     95 2041
     78 2042
     82 2043
     73 2044
     85 2045
     88 2046
     96 2047
     82 2048
     98 2049
    102 2050
     82 2051
     75 2052
     82 2053
     87 2054
     95 2055
     82 2056
     83 2057
     95 2058
     72 2059
     92 2060
     95 2061
     84 2062
     84 2063
     86 2064
     94 2065
     84 2066
     91 2067
     87 2068
     75 2069
     79 2070
     94 2071
     78 2072
     96 2073
    104 2074
     93 2075
    113 2076
    102 2077
     91 2078
     93 2079
    101 2080
     78 2081
     78 2082
     95 2083
     90 2084
     86 2085
    102 2086
    101 2087
     89 2088
     86 2089
    106 2090
     83 2091
     79 2092
     86 2093
     91 2094
     93 2095
     97 2096
     95 2097
     85 2098
     84 2099
     89 2100
     95 2101
     87 2102
    104 2103
     93 2104
    118 2105
     79 2106
     93 2107
     82 2108
     98 2109
    110 2110
     95 2111
    104 2112
     96 2113
     93 2114
     99 2115
     80 2116
     86 2117
    104 2118
    103 2119
     87 2120
     97 2121
     95 2122
    100 2123
     92 2124
     88 2125
     80 2126
     91 2127
    121 2128
     87 2129
    111 2130
    114 2131
     92 2132
     89 2133
     98 2134
     86 2135
     93 2136
     83 2137
     95 2138
     95 2139
     89 2140
     90 2141
     97 2142
     91 2143
     97 2144
    104 2145
     79 2146
    100 2147
     92 2148
    100 2149
    106 2150
     93 2151
     94 2152
     85 2153
     96 2154
     98 2155
     91 2156
     92 2157
    105 2158
     97 2159
     85 2160
     96 2161
     81 2162
    100 2163
     74 2164
    104 2165
     87 2166
    100 2167
     83 2168
     89 2169
     82 2170
     98 2171
     86 2172
     86 2173
     88 2174
     97 2175
     80 2176
     91 2177
     89 2178
     91 2179
     85 2180
    106 2181
     75 2182
    105 2183
    101 2184
     94 2185
     91 2186
     94 2187
     86 2188
     75 2189
     92 2190
     99 2191
     76 2192
     87 2193
     87 2194
     86 2195
     89 2196
     97 2197
     92 2198
    102 2199
     89 2200
     85 2201
     74 2202
     88 2203
     90 2204
     98 2205
     92 2206
     97 2207
     85 2208
     87 2209
     95 2210
     87 2211
     82 2212
     92 2213
     89 2214
    113 2215
    105 2216
     76 2217
     96 2218
     71 2219
     78 2220
     95 2221
     68 2222
     97 2223
    108 2224
     84 2225
    107 2226
    103 2227
     86 2228
     90 2229
     92 2230
    107 2231
     87 2232
     84 2233
     93 2234
     85 2235
     80 2236
     95 2237
     99 2238
     76 2239
     98 2240
     82 2241
     90 2242
     79 2243
     83 2244
     94 2245
     86 2246
    100 2247
     68 2248
    101 2249
     96 2250
     69 2251
     81 2252
     87 2253
     94 2254
     79 2255
     81 2256
     84 2257
     79 2258
     95 2259
     85 2260
     69 2261
     94 2262
     80 2263
     96 2264
     94 2265
     96 2266
     70 2267
     77 2268
     66 2269
     81 2270
     80 2271
     98 2272
     79 2273
     62 2274
     68 2275
     86 2276
     75 2277
     83 2278
     86 2279
     81 2280
     90 2281
     88 2282
     76 2283
     94 2284
     72 2285
     73 2286
     94 2287
     75 2288
     74 2289
     76 2290
     73 2291
     84 2292
     97 2293
     67 2294
     72 2295
     66 2296
     67 2297
     62 2298
     78 2299
     77 2300
     72 2301
     75 2302
     77 2303
     78 2304
     64 2305
     75 2306
     66 2307
     86 2308
     71 2309
     74 2310
     68 2311
     83 2312
     77 2313
     90 2314
     73 2315
     82 2316
     67 2317
     77 2318
     75 2319
     71 2320
     71 2321
     77 2322
     75 2323
     85 2324
     73 2325
     77 2326
     72 2327
     87 2328
     65 2329
     70 2330
     80 2331
     64 2332
     70 2333
     66 2334
     59 2335
     55 2336
     72 2337
     80 2338
     57 2339
     81 2340
     58 2341
     45 2342
     70 2343
     55 2344
     90 2345
     68 2346
     77 2347
     63 2348
     81 2349
     75 2350
     79 2351
     71 2352
     60 2353
     65 2354
     71 2355
     72 2356
     83 2357
     81 2358
     59 2359
     77 2360
     59 2361
     64 2362
     71 2363
     62 2364
     68 2365
     72 2366
     69 2367
     74 2368
     56 2369
     74 2370
     63 2371
     60 2372
     64 2373
     66 2374
     72 2375
     61 2376
     42 2377
     68 2378
     68 2379
     62 2380
     72 2381
     70 2382
     72 2383
     58 2384
     55 2385
     67 2386
     59 2387
     65 2388
     59 2389
     66 2390
     60 2391
     68 2392
     66 2393
     64 2394
     60 2395
     62 2396
     59 2397
     57 2398
     41 2399
     58 2400
     62 2401
     50 2402
     70 2403
     59 2404
     63 2405
     65 2406
     80 2407
     60 2408
     64 2409
     74 2410
     70 2411
     57 2412
     57 2413
     66 2414
     67 2415
     56 2416
     68 2417
     57 2418
     63 2419
     77 2420
     53 2421
     73 2422
     67 2423
     49 2424
     58 2425
     52 2426
     65 2427
     56 2428
     64 2429
     44 2430
     49 2431
     55 2432
     55 2433
     64 2434
     48 2435
     56 2436
     56 2437
     51 2438
     46 2439
     65 2440
     54 2441
     49 2442
     59 2443
     45 2444
     59 2445
     59 2446
     47 2447
     56 2448
     52 2449
     45 2450
     56 2451
     54 2452
     63 2453
     51 2454
     58 2455
     47 2456
     61 2457
     62 2458
     65 2459
     59 2460
     51 2461
     47 2462
     53 2463
     52 2464
     53 2465
     52 2466
     49 2467
     53 2468
     49 2469
     43 2470
     46 2471
     52 2472
     60 2473
     65 2474
     56 2475
     41 2476
     48 2477
     47 2478
     58 2479
     54 2480
     39 2481
     49 2482
     48 2483
     49 2484
     45 2485
     69 2486
     44 2487
     64 2488
     45 2489
     52 2490
     40 2491
     40 2492
     50 2493
     44 2494
     37 2495
     44 2496
     29 2497
     47 2498
     67 2499
     40 2500
     37 2501
     38 2502
     48 2503
     43 2504
     49 2505
     37 2506
     51 2507
     46 2508
     40 2509
     47 2510
     39 2511
     45 2512
     45 2513
     36 2514
     33 2515
     44 2516
     42 2517
     39 2518
     38 2519
     42 2520
     46 2521
     45 2522
     35 2523
     43 2524
     38 2525
     61 2526
     44 2527
     40 2528
     50 2529
     45 2530
     43 2531
     52 2532
     46 2533
     35 2534
     53 2535
     45 2536
     43 2537
     43 2538
     43 2539
     45 2540
     37 2541
     29 2542
     33 2543
     40 2544
     40 2545
     33 2546
     32 2547
     35 2548
     44 2549
     58 2550
     38 2551
     34 2552
     38 2553
     37 2554
     54 2555
     48 2556
     44 2557
     43 2558
     47 2559
     49 2560
     32 2561
     40 2562
     32 2563
     38 2564
     40 2565
     46 2566
     36 2567
     33 2568
     47 2569
     39 2570
     40 2571
     45 2572
     35 2573
     39 2574
     38 2575
     40 2576
     43 2577
     38 2578
     31 2579
     26 2580
     30 2581
     25 2582
     41 2583
     27 2584
     32 2585
     38 2586
     31 2587
     29 2588
     26 2589
     32 2590
     31 2591
     37 2592
     41 2593
     21 2594
     31 2595
     44 2596
     50 2597
     29 2598
     29 2599
     30 2600
     35 2601
     33 2602
     33 2603
     37 2604
     36 2605
     43 2606
     22 2607
     23 2608
     36 2609
     38 2610
     41 2611
     35 2612
     38 2613
     46 2614
     39 2615
     28 2616
     31 2617
     38 2618
     26 2619
     42 2620
     39 2621
     30 2622
     41 2623
     34 2624
     34 2625
     17 2626
     32 2627
     30 2628
     34 2629
     26 2630
     19 2631
     31 2632
     30 2633
     34 2634
     24 2635
     37 2636
     27 2637
     34 2638
     30 2639
     33 2640
     31 2641
     28 2642
     29 2643
     27 2644
     34 2645
     30 2646
     24 2647
     34 2648
     25 2649
     32 2650
     28 2651
     35 2652
     32 2653
     35 2654
     21 2655
     31 2656
     32 2657
     36 2658
     37 2659
     33 2660
     35 2661
     33 2662
     34 2663
     32 2664
     26 2665
     23 2666
     30 2667
     26 2668
     27 2669
     34 2670
     25 2671
     25 2672
     25 2673
     30 2674
     32 2675
     30 2676
     36 2677
     22 2678
     23 2679
     27 2680
     35 2681
     28 2682
     34 2683
     37 2684
     34 2685
     20 2686
     21 2687
     33 2688
     22 2689
     28 2690
     19 2691
     32 2692
     26 2693
     28 2694
     20 2695
     32 2696
     32 2697
     22 2698
     23 2699
     31 2700
     30 2701
     26 2702
     15 2703
     31 2704
     27 2705
     29 2706
     28 2707
     18 2708
     22 2709
     18 2710
     22 2711
     29 2712
     22 2713
     19 2714
     26 2715
     24 2716
     24 2717
     37 2718
     31 2719
     29 2720
     19 2721
     26 2722
     20 2723
     19 2724
     32 2725
     31 2726
     20 2727
     27 2728
     27 2729
     25 2730
     24 2731
     25 2732
     16 2733
     31 2734
     22 2735
     25 2736
     23 2737
     29 2738
     26 2739
     27 2740
     24 2741
     24 2742
     25 2743
     27 2744
     20 2745
     27 2746
     11 2747
     15 2748
     24 2749
     33 2750
     23 2751
     19 2752
     18 2753
     22 2754
     21 2755
     22 2756
     22 2757
     13 2758
     17 2759
     20 2760
     15 2761
     20 2762
     24 2763
     31 2764
     25 2765
     21 2766
     24 2767
     20 2768
     21 2769
     17 2770
     20 2771
     20 2772
     21 2773
     27 2774
     20 2775
     12 2776
     20 2777
     27 2778
     25 2779
     20 2780
     26 2781
     17 2782
     22 2783
     24 2784
     24 2785
     14 2786
     18 2787
     15 2788
     23 2789
     19 2790
     21 2791
     22 2792
     17 2793
     17 2794
     18 2795
     28 2796
     20 2797
     20 2798
     19 2799
     28 2800
     12 2801
     20 2802
     13 2803
     17 2804
     22 2805
     26 2806
     22 2807
     20 2808
     17 2809
     15 2810
     14 2811
     14 2812
     19 2813
     29 2814
     21 2815
     27 2816
     15 2817
     15 2818
     18 2819
     21 2820
     13 2821
     22 2822
     15 2823
     22 2824
     21 2825
     18 2826
     24 2827
     16 2828
     28 2829
     14 2830
     16 2831
     16 2832
     13 2833
     16 2834
     19 2835
     17 2836
     20 2837
     16 2838
     22 2839
     20 2840
     14 2841
     20 2842
     19 2843
     17 2844
     19 2845
      9 2846
     16 2847
     15 2848
     12 2849
     15 2850
     19 2851
     11 2852
     25 2853
     20 2854
     18 2855
     18 2856
     12 2857
     13 2858
     17 2859
     15 2860
     18 2861
     19 2862
     20 2863
     17 2864
     12 2865
     14 2866
     17 2867
     21 2868
     20 2869
     17 2870
     11 2871
     19 2872
     18 2873
     18 2874
     19 2875
     10 2876
     14 2877
     14 2878
     16 2879
     23 2880
     21 2881
      6 2882
     18 2883
     10 2884
     18 2885
     14 2886
     10 2887
     21 2888
     18 2889
     11 2890
     14 2891
      9 2892
     11 2893
     10 2894
      7 2895
      7 2896
     15 2897
      6 2898
     13 2899
     17 2900
     19 2901
     16 2902
     13 2903
     18 2904
     16 2905
     14 2906
     18 2907
     16 2908
     12 2909
     13 2910
     21 2911
      9 2912
     14 2913
     17 2914
      8 2915
     15 2916
      9 2917
     11 2918
     23 2919
     19 2920
     21 2921
      8 2922
     15 2923
     14 2924
     19 2925
     12 2926
     13 2927
     17 2928
     12 2929
     15 2930
     14 2931
     11 2932
     16 2933
      5 2934
     11 2935
     10 2936
     14 2937
     19 2938
     18 2939
     14 2940
     16 2941
     12 2942
     15 2943
     11 2944
     15 2945
     16 2946
     13 2947
     13 2948
     16 2949
     12 2950
     19 2951
     10 2952
     12 2953
     20 2954
     13 2955
     11 2956
     16 2957
     11 2958
      6 2959
     11 2960
     15 2961
     11 2962
     16 2963
     12 2964
      8 2965
      8 2966
      6 2967
      9 2968
     13 2969
     12 2970
      9 2971
     15 2972
      5 2973
     13 2974
      9 2975
     10 2976
     17 2977
     15 2978
     16 2979
     16 2980
     13 2981
      7 2982
      6 2983
     12 2984
     12 2985
     16 2986
     11 2987
     13 2988
     13 2989
     11 2990
     10 2991
     13 2992
     11 2993
     13 2994
     12 2995
     10 2996
     16 2997
     24 2998
     12 2999
     15 3000
     14 3001
      6 3002
     12 3003
     10 3004
     13 3005
      9 3006
     14 3007
     15 3008
     11 3009
      9 3010
     10 3011
     12 3012
      8 3013
     14 3014
     11 3015
      8 3016
     13 3017
     12 3018
     13 3019
     10 3020
      7 3021
     10 3022
     13 3023
     10 3024
     10 3025
     11 3026
     10 3027
     11 3028
      8 3029
      8 3030
      6 3031
     13 3032
      7 3033
     12 3034
     18 3035
      5 3036
      7 3037
     12 3038
      6 3039
      8 3040
     11 3041
     12 3042
      6 3043
     13 3044
     13 3045
     12 3046
      8 3047
     12 3048
      5 3049
      9 3050
     12 3051
      7 3052
     10 3053
      6 3054
      8 3055
     12 3056
      8 3057
     12 3058
     14 3059
      9 3060
      7 3061
      8 3062
      7 3063
     11 3064
      9 3065
     14 3066
     11 3067
     16 3068
     12 3069
     13 3070
      9 3071
      1 3072
      5 3073
     10 3074
     14 3075
     16 3076
      5 3077
     13 3078
     10 3079
      7 3080
     10 3081
      8 3082
      8 3083
     10 3084
      8 3085
     13 3086
     11 3087
      8 3088
      9 3089
      8 3090
      9 3091
     10 3092
      9 3093
      4 3094
      9 3095
      6 3096
      9 3097
      6 3098
     10 3099
      7 3100
      8 3101
     11 3102
     10 3103
      3 3104
      7 3105
     10 3106
      8 3107
      5 3108
      9 3109
      8 3110
     10 3111
      5 3112
      9 3113
      4 3114
      9 3115
     11 3116
      8 3117
      9 3118
     11 3119
      9 3120
     10 3121
     12 3122
      8 3123
     11 3124
     12 3125
     11 3126
     11 3127
     11 3128
      9 3129
     12 3130
      9 3131
      9 3132
      1 3133
      7 3134
      9 3135
      9 3136
      7 3137
      9 3138
      9 3139
      3 3140
      6 3141
      4 3142
      7 3143
     10 3144
      8 3145
     11 3146
      9 3147
      7 3148
      4 3149
      4 3150
      9 3151
     10 3152
     15 3153
     10 3154
      4 3155
      6 3156
      5 3157
      9 3158
      2 3159
     11 3160
     10 3161
      9 3162
      5 3163
     13 3164
     11 3165
     14 3166
      9 3167
      8 3168
      8 3169
      4 3170
      6 3171
      7 3172
      6 3173
      6 3174
     11 3175
      6 3176
      4 3177
      2 3178
      6 3179
      3 3180
      8 3181
      6 3182
      3 3183
      6 3184
      5 3185
      4 3186
     13 3187
     11 3188
      7 3189
      8 3190
      4 3191
      7 3192
     14 3193
      5 3194
      7 3195
      6 3196
     11 3197
      9 3198
      7 3199
      5 3200
      8 3201
      7 3202
      5 3203
      4 3204
      7 3205
     10 3206
      9 3207
      6 3208
      6 3209
      5 3210
      8 3211
      7 3212
      3 3213
      5 3214
      5 3215
      8 3216
     11 3217
      4 3218
      6 3219
      1 3220
      6 3221
     11 3222
      8 3223
     12 3224
      5 3225
      3 3226
      8 3227
      8 3228
      7 3229
      4 3230
      8 3231
      6 3232
      8 3233
      9 3234
      8 3235
      7 3236
      3 3237
      9 3238
      5 3239
      2 3240
      6 3241
      5 3242
      9 3243
      1 3244
      5 3245
      5 3246
      1 3247
      2 3248
      5 3249
      7 3250
      6 3251
      8 3252
      5 3253
      3 3254
      4 3255
      2 3256
      5 3257
      8 3258
      4 3259
      4 3260
     10 3261
      1 3262
      5 3263
      6 3264
      8 3265
      5 3266
      1 3267
      7 3268
     10 3269
      6 3270
      6 3271
      6 3272
      6 3273
      3 3274
      7 3275
      4 3276
      5 3277
      2 3278
      2 3279
      5 3280
      3 3281
      7 3282
      7 3283
      1 3284
      7 3285
      2 3286
     11 3287
      4 3288
      7 3289
      6 3290
      7 3291
      3 3292
      5 3293
      4 3294
      4 3295
      9 3296
      9 3297
      3 3298
      4 3299
      8 3300
      5 3301
      6 3302
      1 3303
      5 3304
      5 3305
      2 3306
      8 3307
      7 3308
      8 3309
      9 3310
      4 3311
      5 3312
      3 3313
      5 3314
      4 3315
      1 3316
      8 3317
      4 3318
      6 3319
      5 3320
      6 3321
      4 3322
      4 3323
      5 3324
      1 3325
      4 3326
      4 3327
      7 3328
      7 3329
      5 3330
      2 3331
      7 3332
      5 3333
      3 3334
      1 3335
      3 3336
      1 3337
      2 3338
      2 3339
      4 3340
      4 3341
      6 3342
      4 3343
      6 3344
      1 3345
      3 3346
      3 3347
      2 3349
      3 3350
      3 3351
      4 3352
      4 3353
      4 3355
      7 3356
      5 3357
      5 3358
      2 3359
      7 3360
      4 3361
      2 3362
      5 3363
      3 3364
      5 3365
      4 3366
      2 3367
      1 3368
      3 3369
      1 3370
      2 3371
      1 3372
      3 3373
      4 3374
      4 3375
      7 3376
      2 3378
      2 3379
      2 3380
     10 3381
      5 3382
      6 3383
      4 3385
      1 3386
      2 3387
      3 3388
      5 3389
      4 3390
      4 3391
      1 3392
      2 3393
      3 3394
      7 3395
      6 3396
      3 3397
      4 3398
      1 3399
      2 3400
      5 3401
      4 3402
      4 3404
      7 3405
      2 3406
      1 3407
      3 3408
      8 3409
      1 3411
      5 3412
      1 3413
      3 3414
      3 3415
      6 3416
      2 3417
      1 3418
      6 3419
      2 3421
      4 3422
      3 3425
      4 3426
      2 3427
      3 3428
      3 3429
      2 3430
      1 3431
      1 3432
      6 3433
      2 3434
      2 3435
      2 3436
      2 3437
      3 3438
      2 3439
      4 3440
      2 3442
      3 3443
      3 3444
      2 3445
      3 3446
      5 3447
      2 3448
      6 3449
      1 3450
      2 3451
      1 3454
      3 3455
      4 3456
      4 3458
      2 3459
      2 3460
      3 3461
      1 3462
      1 3463
      4 3464
      4 3465
      4 3466
      2 3467
      1 3468
      1 3469
      4 3470
      5 3471
      2 3472
      2 3473
      2 3474
      5 3475
      3 3476
      2 3477
      5 3478
      3 3479
      2 3480
      2 3481
      2 3482
      3 3483
      3 3484
      3 3485
      3 3486
      3 3487
      5 3488
      2 3489
      5 3491
      3 3493
      3 3494
      1 3495
      2 3496
      3 3497
      2 3498
      2 3499
      1 3500
      2 3501
      2 3502
      1 3503
      1 3504
      2 3505
      2 3506
      1 3507
      3 3508
      2 3509
      6 3510
      4 3511
      3 3512
      1 3513
      3 3514
      2 3515
      2 3516
      2 3517
      4 3518
      2 3519
      1 3520
      1 3521
      2 3522
      2 3523
      3 3524
      3 3525
      1 3526
      3 3527
      1 3528
      2 3529
      4 3530
      4 3531
      1 3532
      1 3534
      1 3535
      2 3536
      3 3537
      2 3538
      1 3539
      1 3540
      3 3541
      2 3542
      4 3543
      1 3545
      2 3546
      2 3547
      1 3548
      2 3549
      4 3550
      1 3551
      3 3552
      1 3553
      3 3554
      2 3555
      4 3557
      1 3558
      1 3559
      3 3561
      2 3563
      2 3564
      5 3565
      1 3566
      1 3567
      2 3568
      2 3569
      2 3570
      2 3571
      2 3572
      2 3573
      5 3574
      1 3575
      3 3576
      4 3577
      1 3578
      3 3579
      2 3580
      3 3581
      1 3583
      3 3585
      2 3586
      2 3587
      2 3588
      2 3589
      4 3590
      1 3593
      1 3594
      1 3595
      1 3596
      2 3597
      1 3598
      2 3600
      4 3601
      1 3602
      3 3603
      6 3604
      2 3605
      1 3606
      2 3607
      4 3608
      1 3609
      2 3610
      1 3611
      4 3612
      2 3613
      3 3614
      2 3615
      1 3616
      2 3617
      1 3619
      4 3620
      7 3621
      1 3622
      1 3623
      3 3624
      2 3625
      2 3627
      2 3628
      3 3629
      3 3630
      2 3631
      3 3632
      1 3633
      1 3634
      2 3635
      4 3636
      6 3637
      2 3638
      1 3639
      2 3641
      1 3643
      3 3644
      2 3645
      2 3646
      2 3647
      1 3648
      3 3649
      1 3650
      2 3651
      2 3652
      1 3654
      1 3656
      3 3657
      1 3658
      1 3659
      4 3660
      1 3662
      3 3663
      2 3664
      2 3665
      3 3666
      1 3667
      3 3669
      2 3671
      2 3674
      1 3675
      3 3676
      1 3677
      1 3678
      4 3679
      2 3682
      2 3683
      1 3684
      2 3685
      1 3686
      1 3687
      3 3688
      2 3689
      1 3690
      1 3691
      1 3692
      2 3693
      2 3694
      4 3697
      2 3699
      1 3700
      2 3701
      1 3702
      2 3703
      2 3705
      3 3706
      2 3707
      4 3708
      3 3709
      2 3710
      1 3711
      1 3712
      1 3713
      1 3714
      2 3715
      1 3716
      1 3717
      3 3718
      2 3719
      1 3721
      1 3722
      1 3723
      2 3725
      1 3726
      2 3727
      4 3729
      2 3730
      1 3731
      1 3734
      1 3735
      3 3736
      2 3737
      2 3739
      2 3740
      1 3741
      1 3744
      1 3747
      2 3748
      1 3750
      1 3751
      1 3752
      1 3753
      1 3755
      1 3757
      1 3760
      1 3761
      2 3764
      1 3766
      2 3767
      1 3768
      2 3769
      1 3770
      1 3771
      2 3772
      1 3774
      1 3775
      1 3777
      1 3780
      2 3782
      1 3783
      1 3784
      2 3785
      3 3786
      3 3787
      1 3788
      1 3789
      2 3790
      1 3792
      1 3793
      2 3794
      1 3795
      1 3796
      1 3797
      2 3799
      2 3801
      1 3802
      1 3803
      1 3804
      1 3805
      1 3806
      1 3807
      1 3808
      2 3809
      1 3810
      1 3811
      1 3812
      2 3813
      1 3816
      2 3818
      1 3820
      1 3824
      1 3826
      1 3827
      2 3828
      2 3829
      2 3834
      1 3835
      1 3838
      2 3839
      2 3840
      2 3841
      2 3842
      1 3843
      1 3844
      1 3845
      1 3846
      2 3847
      1 3848
      2 3849
      1 3850
      2 3851
      3 3852
      1 3857
      2 3862
      2 3863
      1 3864
      1 3865
      2 3869
      2 3871
      1 3872
      1 3873
      1 3874
      1 3876
      1 3877
      1 3878
      1 3880
      1 3883
      1 3885
      2 3886
      1 3887
      1 3891
      2 3892
      1 3893
      1 3894
      1 3895
      1 3896
      2 3897
      1 3898
      1 3900
      1 3902
      1 3904
      2 3905
      2 3906
      1 3907
      1 3911
      1 3913
      1 3914
      1 3915
      2 3918
      1 3919
      2 3920
      1 3921
      1 3922
      2 3924
      1 3927
      3 3928
      1 3929
      1 3932
      3 3934
      1 3936
      2 3942
      1 3944
      2 3945
      2 3946
      1 3947
      2 3948
      1 3949
      1 3950
      1 3952
      1 3953
      1 3954
      1 3955
      2 3958
      2 3961
      1 3967
      1 3969
      2 3971
      1 3973
      1 3974
      2 3976
      2 3980
      1 3983
      1 3984
      1 3985
      1 3986
      1 3987
      1 3989
      1 3991
      1 3994
      1 3995
      3 3996
      2 3997
      1 3998
      3 4002
      1 4003
      1 4004
      1 4005
      1 4006
      1 4009
      1 4011
      1 4012
      2 4013
      1 4014
      2 4015
      1 4016
      2 4017
      1 4021
      2 4022
      3 4023
      2 4024
      1 4026
      3 4027
      1 4029
      1 4031
      1 4033
      1 4034
      1 4036
      1 4037
      1 4040
      5 4041
      1 4042
      2 4046
      1 4049
      2 4050
      1 4051
      2 4056
      1 4057
      1 4058
      1 4060
      2 4061
      1 4062
      1 4065
      1 4069
      1 4070
      1 4071
      1 4072
      1 4073
      2 4074
      1 4075
      1 4076
      1 4080
      1 4082
      1 4083
      1 4086
      1 4087
      2 4090
      1 4094
      1 4097
      2 4098
      1 4100
      2 4101
      1 4102
      1 4103
      1 4106
      1 4107
      1 4109
      1 4114
      1 4115
      1 4117
      1 4122
      1 4124
      1 4125
      1 4126
      2 4129
      2 4130
      1 4132
      1 4134
      2 4135
      1 4136
      2 4137
      1 4143
      1 4145
      1 4149
      1 4153
      1 4155
      1 4157
      1 4158
      3 4159
      1 4162
      1 4165
      2 4169
      1 4170
      2 4174
      1 4176
      1 4179
      2 4182
      1 4185
      1 4186
      1 4192
      1 4196
      1 4197
      1 4198
      1 4202
      1 4203
      1 4205
      1 4208
      2 4213
      1 4214
      1 4215
      1 4216
      1 4219
      1 4220
      1 4227
      1 4231
      1 4233
      1 4234
      2 4235
      1 4238
      2 4241
      1 4244
      1 4246
      2 4247
      1 4252
      1 4255
      1 4259
      1 4265
      1 4270
      1 4271
      1 4272
      1 4274
      1 4276
      1 4278
      1 4280
      1 4282
      2 4283
      2 4285
      1 4287
      1 4289
      1 4290
      1 4291
      1 4294
      1 4298
      1 4300
      1 4301
      2 4304
      1 4305
      1 4306
      1 4307
      1 4308
      1 4310
      1 4311
      3 4313
      2 4316
      1 4318
      1 4319
      1 4324
      2 4326
      1 4330
      3 4331
      1 4336
      1 4338
      1 4340
      1 4341
      2 4343
      1 4347
      1 4348
      1 4349
      1 4358
      1 4360
      1 4361
      2 4362
      1 4363
      1 4365
      1 4367
      2 4368
      1 4369
      1 4370
      1 4371
      2 4374
      1 4375
      1 4377
      2 4379
      1 4380
      1 4385
      1 4387
      1 4391
      1 4392
      1 4396
      1 4397
      1 4398
      1 4400
      1 4403
      1 4404
      1 4407
      1 4408
      1 4409
      1 4413
      1 4415
      1 4416
      1 4418
      2 4419
      1 4421
      1 4422
      3 4423
      1 4428
      1 4429
      1 4433
      1 4435
      1 4436
      2 4438
      2 4439
      1 4442
      1 4443
      1 4447
      1 4448
      1 4451
      1 4453
      1 4456
      2 4459
      3 4460
      2 4462
      1 4464
      1 4465
      3 4466
      1 4468
      1 4472
      2 4473
      1 4475
      1 4479
      1 4481
      1 4482
      1 4483
      1 4490
      2 4491
      2 4497
      1 4498
      1 4502
      1 4504
      1 4505
      1 4506
      1 4508
      1 4509
      2 4511
      1 4514
      3 4520
      1 4521
      1 4522
      1 4523
      1 4524
      1 4526
      1 4529
      2 4530
      1 4533
      1 4535
      1 4536
      1 4537
      1 4538
      3 4541
      1 4542
      2 4544
      1 4545
      2 4547
      1 4548
      1 4549
      1 4552
      2 4554
      1 4558
      2 4561
      1 4562
      2 4566
      3 4567
      1 4571
      2 4572
      2 4574
      1 4575
      1 4576
      3 4577
      2 4578
      1 4579
      1 4585
      1 4587
      1 4588
      1 4591
      1 4592
      1 4595
      1 4596
      1 4597
      3 4599
      1 4600
      1 4604
      1 4605
      1 4608
      1 4609
      1 4611
      1 4614
      1 4615
      3 4617
      1 4618
      1 4619
      1 4622
      2 4627
      2 4629
      2 4630
      1 4633
      1 4634
      1 4636
      1 4639
      1 4640
      2 4641
      2 4648
      1 4649
      1 4650
      2 4652
      3 4653
      1 4658
      1 4659
      1 4666
      1 4667
      1 4674
      1 4675
      1 4676
      1 4679
      2 4681
      1 4684
      1 4686
      2 4687
      2 4688
      2 4689
      1 4691
      1 4693
      1 4694
      1 4695
      1 4701
      1 4704
      1 4706
      1 4707
      2 4708
      1 4709
      1 4712
      2 4720
      2 4721
      1 4722
      1 4724
      1 4725
      1 4730
      1 4731
      2 4732
      3 4737
      1 4739
      2 4744
      1 4745
      1 4746
      1 4749
      2 4751
      2 4752
      1 4753
      2 4757
      1 4761
      2 4768
      2 4770
      1 4771
      1 4773
      1 4777
      1 4778
      2 4779
      1 4783
      1 4785
      3 4786
      1 4787
      1 4790
      1 4792
      2 4794
      1 4799
      1 4800
      1 4801
      1 4803
      2 4806
      1 4807
      2 4808
      1 4810
      3 4815
      1 4817
      1 4820
      1 4821
      1 4826
      1 4828
      1 4829
      1 4830
      2 4833
      1 4837
      1 4839
      1 4844
      1 4845
      1 4849
      1 4853
      1 4855
      1 4860
      2 4861
      1 4865
      1 4866
      1 4869
      1 4880
      1 4884
      1 4885
      1 4886
      1 4889
      1 4894
      2 4896
      1 4898
      3 4900
      1 4905
      1 4906
      1 4908
      1 4909
      1 4910
      1 4912
      1 4913
      2 4915
      1 4916
      1 4918
      1 4923
      1 4926
      1 4928
      3 4930
      1 4935
      1 4937
      2 4943
      2 4947
      1 4948
      1 4951
      1 4954
      1 4957
      2 4958
      1 4963
      1 4967
      1 4969
      1 4973
      1 4977
      1 4980
      2 4981
      1 4983
      1 4985
      1 4986
      1 4991
      1 4997
      1 4998
      2 4999
      1 5005
      1 5008
      1 5010
      1 5016
      1 5028
      1 5031
      1 5033
      1 5034
      1 5035
      1 5037
      1 5042
      1 5047
      2 5051
      1 5052
      1 5054
      1 5057
      1 5058
      1 5064
      2 5065
      2 5071
      1 5072
      1 5075
      1 5077
      1 5080
      1 5088
      1 5101
      1 5102
      1 5104
      3 5109
      1 5110
      1 5112
      1 5113
      1 5116
      1 5119
      2 5124
      1 5125
      1 5127
      1 5132
      1 5134
      1 5140
      1 5141
      1 5148
      1 5159
      1 5165
      1 5170
      1 5171
      1 5172
      1 5192
      1 5196
      1 5204
      1 5206
      1 5208
      1 5212
      1 5217
      1 5220
      1 5221
      1 5232
      1 5235
      2 5243
      1 5249
      1 5254
      1 5255
      1 5260
      1 5261
      1 5265
      1 5267
      1 5268
      1 5269
      1 5275
      1 5277
      2 5286
      1 5292
      1 5297
      1 5299
      1 5300
      1 5301
      1 5304
      1 5309
      1 5313
      1 5316
      1 5318
      1 5319
      1 5321
      1 5325
      1 5329
      1 5331
      1 5332
      1 5335
      1 5336
      1 5342
      1 5343
      1 5354
      2 5358
      1 5369
      1 5382
      1 5389
      2 5398
      1 5405
      1 5421
      1 5424
      2 5427
      1 5433
      1 5437
      1 5444
      1 5449
      1 5466
      1 5477
      2 5479
      2 5481
      1 5485
      1 5489
      1 5491
      1 5493
      1 5496
      2 5499
      1 5510
      1 5520
      2 5525
      1 5527
      1 5539
      1 5545
      1 5547
      1 5549
      1 5559
      1 5563
      1 5566
      1 5569
      1 5570
      1 5572
      1 5574
      1 5592
      2 5602
      1 5606
      1 5616
      1 5619
      1 5620
      2 5621
      1 5622
      1 5623
      1 5627
      1 5629
      1 5631
      1 5635
      1 5636
      2 5651
      2 5658
      1 5663
      1 5679
      1 5680
      1 5684
      2 5691
      1 5705
      1 5707
      2 5708
      1 5717
      1 5718
      1 5722
      1 5725
      1 5726
      1 5728
      1 5733
      1 5738
      1 5752
      1 5766
      1 5767
      1 5774
      1 5779
      1 5793
      1 5799
      1 5801
      1 5809
      1 5824
      1 5832
      1 5854
      1 5859
      1 5861
      1 5866
      1 5872
      1 5878
      1 5892
      1 5893
      1 5895
      1 5902
      1 5905
      1 5914
      1 5915
      1 5929
      1 5946
      1 5950
      1 5959
      2 5963
      1 5968
      1 5977
      1 5984
      1 5989
      1 5992
      1 5999
      1 6002
      1 6013
      1 6014
      2 6016
      1 6028
      1 6045
      1 6049
      1 6052
      1 6069
      1 6079
      1 6092
      1 6098
      1 6099
      1 6100
      1 6103
      1 6104
      1 6110
      1 6112
      1 6114
      1 6139
      1 6149
      1 6160
      1 6164
      1 6175
      2 6178
      1 6195
      1 6197
      1 6200
      1 6201
      1 6204
      1 6217
      1 6220
      1 6232
      1 6241
      1 6263
      1 6267
      1 6269
      1 6271
      1 6272
      1 6276
      1 6278
      1 6284
      1 6291
      1 6293
      1 6297
      2 6303
      1 6304
      1 6310
      1 6316
      1 6336
      1 6340
      1 6343
      1 6365
      1 6370
      1 6383
      1 6393
      1 6402
      1 6416
      1 6424
      2 6425
      2 6429
      1 6435
      1 6438
      1 6447
      1 6449
      1 6451
      1 6456
      1 6457
      2 6463
      1 6478
      1 6480
      1 6489
      1 6533
      1 6541
      1 6545
      1 6563
      1 6566
      1 6586
      1 6591
      1 6593
      2 6594
      1 6598
      1 6599
      1 6647
      1 6662
      1 6674
      1 6678
      1 6690
      1 6691
      1 6706
      1 6763
      1 6765
      1 6782
      1 6795
      1 6801
      1 6810
      1 6883
      1 6884
      1 6923
      1 6933
      1 6937
      1 6965
      1 6991
      1 7022
      1 7062
      1 7069
      1 7074
      1 7122
      1 7163
      1 7190
      1 7206
      1 7213
      1 7222
      1 7262
      1 7272
      1 7309
      1 7368
      1 7401
      1 7408
      1 7541
      1 7571
      1 7626
      1 7657
      1 7849
      1 7876
      1 7933
      1 7963
      1 8138
      1 8207
      1 8462
      1 8667
      1 8685
      1 8803
      1 8863
      1 10798
      1 16285
      1 27647
---AAD-PGBENCH-LAG-US---
