pgbench (18.6 (Debian 18.6-1.pgdg13+2))
starting vacuum...end.
transaction type: <builtin: select only>
scaling factor: 1000
query mode: simple
number of clients: 8
number of threads: 8
maximum number of tries: 1
duration: 60 s
number of transactions actually processed: 1872715
number of failed transactions: 0 (0.000%)
latency average = 0.256 ms
initial connection time = 4.400 ms
tps = 31213.839959 (without initial connection time)
---AAD-PGBENCH-LATENCY-US---
rc=0
samples=37670
      1 207
      1 208
      4 209
      4 210
      3 211
      5 212
      6 213
      9 214
     13 215
     19 216
     20 217
     37 218
     69 219
    100 220
    103 221
    164 222
    159 223
    156 224
    207 225
    252 226
    279 227
    367 228
    439 229
    571 230
    720 231
    781 232
    927 233
   1137 234
   1185 235
   1207 236
   1375 237
   1449 238
   1366 239
   1299 240
   1304 241
   1281 242
   1129 243
   1001 244
    963 245
    931 246
    751 247
    633 248
    604 249
    558 250
    470 251
    511 252
    437 253
    450 254
    426 255
    487 256
    520 257
    554 258
    661 259
   1176 260
   1656 261
    856 262
    489 263
    397 264
    342 265
    292 266
    198 267
    212 268
    155 269
    164 270
    136 271
    133 272
    124 273
    101 274
     86 275
    115 276
     85 277
     66 278
     67 279
     47 280
     47 281
     46 282
     39 283
     36 284
     28 285
     26 286
     38 287
     22 288
     23 289
     24 290
     23 291
     22 292
     18 293
     13 294
     20 295
     13 296
     11 297
      9 298
     18 299
      9 300
     22 301
     15 302
     13 303
     17 304
     12 305
     13 306
     10 307
     11 308
     10 309
     12 310
      7 311
      8 312
     12 313
      9 314
     10 315
     16 316
     12 317
     11 318
     10 319
     16 320
     10 321
     14 322
     11 323
      9 324
     16 325
     11 326
      8 327
     12 328
     24 329
     15 330
     12 331
     14 332
     12 333
      8 334
     10 335
     12 336
     11 337
     16 338
     14 339
     10 340
     10 341
     12 342
      7 343
     14 344
     10 345
     13 346
     13 347
     17 348
     16 349
     11 350
     15 351
     10 352
     18 353
     13 354
     11 355
     12 356
     16 357
     12 358
     10 359
     12 360
      7 361
     10 362
      9 363
     10 364
     13 365
      8 366
     11 367
     11 368
      5 369
      6 370
      8 371
      5 372
      4 373
      4 374
      9 375
      4 376
      3 377
      3 378
      2 379
      5 380
      3 381
      1 382
      2 384
      5 385
      3 386
      3 387
      5 388
      2 389
      2 390
      4 391
      2 392
      6 393
      3 396
      2 397
      2 398
      2 399
      1 400
      2 401
      1 402
      2 403
      1 404
      3 405
      1 406
      1 407
      2 408
      3 409
      2 411
      1 412
      2 415
      1 417
      3 418
      1 419
      3 420
      1 424
      1 425
      1 426
      3 428
      1 429
      3 430
      1 431
      2 433
      1 434
      2 435
      3 436
      1 437
      3 438
      1 439
      5 440
      7 441
      1 442
      7 443
      8 444
      2 445
      8 446
      6 447
     12 448
     13 449
      6 450
     10 451
     13 452
     14 453
     11 454
     18 455
     11 456
     11 457
     19 458
     19 459
     18 460
     15 461
     17 462
     14 463
     22 464
     24 465
     27 466
     38 467
     32 468
     23 469
     36 470
     29 471
     44 472
     39 473
     31 474
     32 475
     30 476
     33 477
     30 478
     26 479
     28 480
     17 481
     21 482
     14 483
     15 484
     18 485
     17 486
     20 487
     15 488
     14 489
     13 490
     15 491
      9 492
      5 493
      6 494
      2 495
      7 496
      3 497
      1 498
      5 499
      4 500
      3 501
      2 502
      3 503
      4 504
      1 505
      6 506
      8 507
      3 508
      6 509
      4 510
      3 511
      4 512
      5 513
      5 514
     10 515
     15 516
      6 517
      9 518
      7 519
     11 520
     10 521
     10 522
      6 523
      3 524
      1 525
      3 526
      1 527
      4 528
      3 529
      2 530
      3 531
      2 532
      3 533
      1 537
      1 538
      2 541
      1 549
      1 564
      1 569
      1 570
      2 572
      1 574
      2 575
      1 586
      1 605
      1 607
      1 640
      1 648
      1 654
      1 656
      1 680
      1 682
---AAD-PGBENCH-LAG-US---
