pgbench (18.6 (Debian 18.6-1.pgdg13+2))
starting vacuum...end.
transaction type: <builtin: select only>
scaling factor: 1000
query mode: simple
number of clients: 64
number of threads: 16
maximum number of tries: 1
duration: 60 s
number of transactions actually processed: 9051851
number of failed transactions: 0 (0.000%)
latency average = 0.423 ms
initial connection time = 143.017 ms
tps = 151122.287607 (without initial connection time)
---AAD-PGBENCH-LATENCY-US---
rc=0
samples=180874
      1 225
      2 229
      1 232
      1 234
      1 235
      5 236
      2 238
      4 239
      5 240
      1 241
      5 242
      8 243
     14 244
     12 245
      7 246
      9 247
     14 248
     11 249
     18 250
     25 251
     24 252
     24 253
     27 254
     36 255
     35 256
     42 257
     48 258
     61 259
     73 260
     63 261
     69 262
     85 263
     89 264
    103 265
    109 266
    113 267
    147 268
    160 269
    168 270
    170 271
    184 272
    209 273
    213 274
    206 275
    238 276
    222 277
    269 278
    241 279
    256 280
    273 281
    249 282
    238 283
    245 284
    226 285
    246 286
    219 287
    226 288
    233 289
    236 290
    244 291
    255 292
    218 293
    226 294
    259 295
    235 296
    220 297
    221 298
    240 299
    269 300
    218 301
    276 302
    278 303
    294 304
    280 305
    273 306
    297 307
    303 308
    297 309
    311 310
    332 311
    309 312
    308 313
    350 314
    318 315
    387 316
    384 317
    382 318
    403 319
    427 320
    402 321
    429 322
    467 323
    497 324
    506 325
    567 326
    574 327
    562 328
    633 329
    660 330
    716 331
    734 332
    812 333
    922 334
    918 335
   1011 336
   1075 337
   1107 338
   1218 339
   1129 340
   1219 341
   1404 342
   1361 343
   1408 344
   1494 345
   1497 346
   1470 347
   1354 348
   1311 349
   1288 350
   1250 351
   1185 352
   1190 353
   1095 354
   1090 355
   1018 356
   1057 357
    986 358
    978 359
    921 360
    862 361
    917 362
    827 363
    829 364
    801 365
    800 366
    790 367
    761 368
    793 369
    717 370
    684 371
    656 372
    660 373
    624 374
    650 375
    641 376
    591 377
    616 378
    601 379
    584 380
    602 381
    624 382
    560 383
    593 384
    594 385
    554 386
    559 387
    632 388
    566 389
    661 390
    596 391
    601 392
    602 393
    665 394
    641 395
    680 396
    664 397
    728 398
    736 399
    743 400
    758 401
    808 402
    823 403
    905 404
    878 405
    915 406
    942 407
    987 408
    953 409
   1079 410
   1107 411
   1022 412
   1088 413
   1129 414
   1068 415
   1089 416
   1029 417
    961 418
    906 419
    914 420
    878 421
    817 422
    804 423
    791 424
    777 425
    705 426
    696 427
    720 428
    643 429
    669 430
    643 431
    614 432
    562 433
    532 434
    575 435
    532 436
    561 437
    474 438
    545 439
    549 440
    481 441
    552 442
    476 443
    495 444
    534 445
    448 446
    462 447
    490 448
    501 449
    476 450
    460 451
    461 452
    463 453
    481 454
    411 455
    487 456
    470 457
    459 458
    487 459
    478 460
    481 461
    483 462
    511 463
    525 464
    494 465
    561 466
    555 467
    560 468
    624 469
    572 470
    618 471
    646 472
    700 473
    712 474
    708 475
    692 476
    744 477
    735 478
    743 479
    744 480
    797 481
    825 482
    885 483
    891 484
    816 485
    827 486
    730 487
    697 488
    721 489
    685 490
    664 491
    608 492
    604 493
    621 494
    552 495
    539 496
    508 497
    465 498
    527 499
    497 500
    457 501
    440 502
    437 503
    403 504
    409 505
    421 506
    336 507
    387 508
    368 509
    350 510
    342 511
    309 512
    349 513
    308 514
    283 515
    325 516
    305 517
    305 518
    320 519
    308 520
    284 521
    323 522
    332 523
    253 524
    271 525
    250 526
    268 527
    275 528
    265 529
    249 530
    271 531
    278 532
    258 533
    277 534
    302 535
    230 536
    275 537
    276 538
    257 539
    281 540
    280 541
    303 542
    289 543
    301 544
    336 545
    321 546
    318 547
    323 548
    313 549
    326 550
    303 551
    323 552
    310 553
    305 554
    295 555
    290 556
    253 557
    294 558
    246 559
    242 560
    245 561
    257 562
    207 563
    243 564
    226 565
    205 566
    187 567
    188 568
    168 569
    175 570
    191 571
    165 572
    167 573
    149 574
    155 575
    142 576
    136 577
    144 578
    154 579
    135 580
    139 581
    118 582
    141 583
    117 584
    124 585
    120 586
    111 587
    101 588
    115 589
    124 590
     99 591
     92 592
    125 593
    100 594
     99 595
    100 596
    125 597
    103 598
     82 599
    107 600
    105 601
     84 602
     94 603
     85 604
    101 605
    103 606
     78 607
    101 608
     91 609
     94 610
    101 611
     87 612
    105 613
    103 614
    107 615
     81 616
     91 617
    103 618
    118 619
     93 620
    104 621
    118 622
     92 623
     90 624
    101 625
     90 626
    104 627
     95 628
     84 629
     86 630
    107 631
     74 632
     69 633
     66 634
     70 635
     62 636
     62 637
     67 638
     68 639
     50 640
     62 641
     62 642
     44 643
     54 644
     39 645
     47 646
     40 647
     54 648
     59 649
     55 650
     51 651
     37 652
     43 653
     46 654
     39 655
     37 656
     38 657
     40 658
     36 659
     33 660
     26 661
     29 662
     32 663
     33 664
     28 665
     28 666
     34 667
     33 668
     32 669
     30 670
     43 671
     33 672
     29 673
     31 674
     36 675
     28 676
     23 677
     28 678
     33 679
     20 680
     24 681
     32 682
     33 683
     32 684
     28 685
     34 686
     26 687
     19 688
     33 689
     28 690
     34 691
     25 692
     32 693
     27 694
     24 695
     22 696
     31 697
     25 698
     31 699
     28 700
     23 701
     25 702
     19 703
     21 704
     16 705
     18 706
     19 707
     16 708
     19 709
     11 710
     18 711
     18 712
     22 713
     12 714
     13 715
     19 716
     24 717
     14 718
     19 719
     14 720
      9 721
     11 722
     17 723
     12 724
     22 725
     13 726
     12 727
     13 728
      9 729
     11 730
     14 731
     12 732
      5 733
     12 734
     17 735
     13 736
     13 737
     14 738
     10 739
      7 740
      7 741
     13 742
      5 743
      8 744
      8 745
     10 746
      7 747
     10 748
     12 749
      8 750
     10 751
      7 752
      9 753
      9 754
     13 755
     14 756
     11 757
     14 758
      8 759
      9 760
     11 761
     12 762
      7 763
     12 764
      8 765
      5 767
      5 768
     11 769
      7 770
      5 771
      9 772
      6 773
      1 774
      6 775
      6 776
      6 777
      4 778
      4 779
      5 780
      7 781
      5 782
      2 783
      3 784
      3 785
      5 786
      2 787
      6 788
      8 789
      3 790
      5 791
      1 792
      5 793
      6 794
      3 795
      4 796
      3 797
      5 798
      4 799
      5 800
      4 802
      8 803
      3 804
      5 805
      2 806
      2 807
      3 808
      3 809
      5 811
      3 812
      5 813
      3 814
      3 815
      4 816
      3 817
      5 818
      3 819
      1 820
      4 821
      3 822
      3 824
      3 825
      4 826
      2 827
      1 828
      5 829
      2 830
      3 831
      4 832
      2 833
      6 834
      1 835
      2 836
      1 837
      1 839
      3 840
      1 841
      2 842
      2 843
      1 844
      2 845
      4 847
      2 848
      1 849
      5 850
      1 851
      2 853
      3 854
      1 855
      3 856
      2 857
      2 858
      3 861
      1 863
      2 864
      2 866
      1 867
      3 868
      1 870
      1 872
      2 873
      1 876
      2 877
      2 879
      1 880
      1 882
      2 884
      1 885
      1 886
      1 887
      1 888
      1 889
      2 892
      1 893
      1 896
      1 898
      3 899
      2 900
      1 902
      1 903
      3 904
      3 905
      1 907
      1 911
      2 913
      1 914
      1 915
      1 918
      1 921
      1 922
      2 926
      1 927
      2 928
      2 930
      1 933
      1 934
      1 935
      1 936
      1 938
      1 945
      1 946
      2 954
      1 956
      1 961
      1 963
      2 972
      1 983
      1 987
      2 995
      1 997
      1 998
      1 1001
      1 1018
      1 1028
      1 1033
      1 1038
      1 1043
      1 1048
      1 1055
      1 1062
      1 1076
      2 1085
      1 1086
      1 1111
      1 1131
      1 1169
      1 1173
      1 1246
      1 1336
      1 1978
---AAD-PGBENCH-LAG-US---
