pgbench (18.6 (Debian 18.6-1.pgdg13+2))
starting vacuum...end.
transaction type: <builtin: select only>
scaling factor: 1000
query mode: simple
number of clients: 32
number of threads: 16
maximum number of tries: 1
duration: 60 s
number of transactions actually processed: 5786753
number of failed transactions: 0 (0.000%)
latency average = 0.332 ms
initial connection time = 10.519 ms
tps = 96461.381462 (without initial connection time)
---AAD-PGBENCH-LATENCY-US---
rc=0
samples=115505
      3 219
      1 221
      1 222
      2 224
      8 226
      8 227
      7 228
      5 229
     10 230
     14 231
     15 232
     21 233
     18 234
     31 235
     34 236
     37 237
     56 238
     56 239
     79 240
     96 241
     88 242
     99 243
    126 244
    157 245
    144 246
    167 247
    210 248
    207 249
    254 250
    266 251
    257 252
    314 253
    306 254
    356 255
    383 256
    393 257
    444 258
    524 259
    540 260
    562 261
    588 262
    626 263
    661 264
    735 265
    766 266
    821 267
    872 268
    922 269
    885 270
    945 271
   1018 272
   1026 273
   1094 274
   1068 275
   1212 276
   1299 277
   1153 278
   1102 279
   1071 280
   1053 281
   1007 282
    944 283
    998 284
    939 285
    867 286
    923 287
    869 288
    884 289
    836 290
    786 291
    813 292
    738 293
    758 294
    774 295
    723 296
    738 297
    726 298
    758 299
    736 300
    660 301
    724 302
    715 303
    736 304
    650 305
    695 306
    735 307
    702 308
    648 309
    719 310
    687 311
    688 312
    710 313
    711 314
    738 315
    729 316
    755 317
    734 318
    746 319
    746 320
    724 321
    784 322
    805 323
    821 324
    788 325
    810 326
    836 327
    875 328
    848 329
    916 330
    890 331
    904 332
    894 333
   1007 334
    882 335
    982 336
   1083 337
   1045 338
   1020 339
   1006 340
    972 341
    964 342
   1017 343
   1023 344
   1125 345
   1100 346
    919 347
    862 348
    862 349
    819 350
    726 351
    719 352
    707 353
    705 354
    724 355
    641 356
    601 357
    543 358
    522 359
    561 360
    504 361
    474 362
    487 363
    456 364
    408 365
    424 366
    455 367
    446 368
    413 369
    405 370
    427 371
    352 372
    385 373
    333 374
    353 375
    344 376
    306 377
    330 378
    309 379
    309 380
    322 381
    272 382
    278 383
    303 384
    260 385
    279 386
    297 387
    269 388
    310 389
    275 390
    331 391
    265 392
    258 393
    287 394
    269 395
    274 396
    266 397
    277 398
    280 399
    281 400
    263 401
    277 402
    296 403
    275 404
    280 405
    270 406
    249 407
    249 408
    229 409
    225 410
    219 411
    199 412
    229 413
    191 414
    222 415
    199 416
    200 417
    179 418
    192 419
    167 420
    147 421
    154 422
    145 423
    160 424
    127 425
    137 426
    134 427
    121 428
    120 429
    148 430
    117 431
    122 432
    112 433
    109 434
    101 435
    119 436
     92 437
    107 438
     83 439
     89 440
     80 441
     94 442
     86 443
     74 444
     90 445
     78 446
     83 447
     80 448
     83 449
     78 450
     75 451
     58 452
     74 453
     59 454
     58 455
     60 456
     69 457
     82 458
     73 459
     68 460
     69 461
     66 462
     64 463
     80 464
     68 465
     69 466
     65 467
     73 468
     74 469
     74 470
     60 471
     58 472
     51 473
     65 474
     57 475
     78 476
     62 477
     72 478
     58 479
     56 480
     68 481
     55 482
     57 483
     62 484
     42 485
     67 486
     39 487
     42 488
     64 489
     50 490
     43 491
     49 492
     41 493
     33 494
     39 495
     43 496
     32 497
     37 498
     43 499
     41 500
     43 501
     38 502
     40 503
     31 504
     31 505
     25 506
     37 507
     29 508
     28 509
     25 510
     28 511
     19 512
     24 513
     18 514
     34 515
     22 516
     13 517
     30 518
     32 519
     21 520
     32 521
     25 522
     25 523
     24 524
     18 525
     21 526
     22 527
     23 528
     16 529
     17 530
     21 531
     21 532
     20 533
     22 534
     26 535
     20 536
     17 537
     26 538
     14 539
     23 540
     24 541
     20 542
     21 543
     17 544
     18 545
      8 546
     24 547
     11 548
     10 549
     21 550
     16 551
     16 552
     15 553
     13 554
      8 555
     10 556
      9 557
      5 558
      9 559
     10 560
     14 561
     12 562
     12 563
      8 564
      9 565
     10 566
     14 567
     12 568
      7 569
      4 570
     12 571
      4 572
     10 573
      8 574
      9 575
     12 576
      6 577
      6 578
     11 579
      6 580
     10 581
      9 582
      4 583
      7 584
      5 585
      9 586
      7 587
      5 588
      6 589
      1 590
      3 591
      9 592
      2 593
      3 594
      3 595
      2 596
      4 597
      3 598
      7 599
      4 600
      6 601
      6 602
      6 603
      4 604
      3 605
      4 606
      1 607
      3 608
      2 609
      3 610
      2 611
      3 612
      1 613
      6 614
      6 615
      3 616
      5 617
      3 618
      3 619
      3 620
      3 621
      4 622
      5 623
      3 624
      2 626
      4 627
      6 628
      4 629
      3 631
      3 632
      2 633
      2 634
      1 635
      2 636
      5 637
      1 639
      1 640
      2 641
      1 642
      1 643
      4 644
      3 645
      1 648
      5 649
      2 650
      2 651
      1 652
      3 653
      3 656
      1 657
      3 659
      1 661
      1 662
      2 663
      1 664
      1 665
      2 666
      1 667
      1 668
      1 669
      2 672
      1 673
      1 675
      1 676
      1 679
      2 682
      1 683
      1 686
      2 688
      1 689
      1 693
      1 695
      1 696
      1 701
      1 703
      1 705
      1 708
      1 709
      1 710
      3 713
      1 715
      1 717
      1 719
      1 721
      1 723
      1 724
      1 726
      3 732
      2 738
      1 743
      1 747
      1 749
      1 764
      1 765
      1 770
      1 772
      1 775
      1 781
      1 792
      1 793
      1 822
      1 831
      1 892
      1 970
      1 1044
      1 1047
      1 1075
      1 1084
      1 1148
      1 1155
      1 1243
      1 1318
      1 1471
      1 1486
      1 1645
      1 1717
      1 2538
      1 2802
      1 3504
      1 6185
      1 9201
      1 9839
      1 9983
      1 15314
      1 18579
      1 23936
      1 24614
---AAD-PGBENCH-LAG-US---
