pgbench (18.6 (Debian 18.6-1.pgdg13+2))
starting vacuum...end.
transaction type: <builtin: select only>
scaling factor: 1000
query mode: simple
number of clients: 64
number of threads: 16
maximum number of tries: 1
duration: 60 s
number of transactions actually processed: 9089171
number of failed transactions: 0 (0.000%)
latency average = 0.422 ms
initial connection time = 108.186 ms
tps = 151745.863500 (without initial connection time)
---AAD-PGBENCH-LATENCY-US---
rc=0
samples=181302
      1 223
      1 233
      1 234
      1 235
      4 236
      5 237
      5 238
      4 239
      6 240
      8 241
     12 242
     13 243
     17 244
     12 245
     13 246
     20 247
     19 248
     21 249
     25 250
     27 251
     34 252
     36 253
     42 254
     43 255
     50 256
     49 257
     72 258
     65 259
     66 260
     80 261
     83 262
     95 263
     90 264
    102 265
    128 266
    115 267
    139 268
    145 269
    162 270
    160 271
    160 272
    211 273
    185 274
    249 275
    231 276
    277 277
    266 278
    237 279
    278 280
    267 281
    267 282
    251 283
    259 284
    247 285
    253 286
    248 287
    257 288
    247 289
    257 290
    246 291
    238 292
    241 293
    265 294
    235 295
    220 296
    269 297
    249 298
    259 299
    267 300
    278 301
    261 302
    257 303
    282 304
    282 305
    257 306
    281 307
    318 308
    321 309
    362 310
    322 311
    316 312
    366 313
    350 314
    361 315
    406 316
    386 317
    405 318
    416 319
    410 320
    466 321
    472 322
    475 323
    529 324
    529 325
    512 326
    613 327
    591 328
    615 329
    734 330
    755 331
    744 332
    783 333
    914 334
    962 335
   1000 336
   1060 337
   1176 338
   1224 339
   1306 340
   1357 341
   1415 342
   1464 343
   1482 344
   1636 345
   1639 346
   1524 347
   1442 348
   1448 349
   1374 350
   1332 351
   1292 352
   1290 353
   1248 354
   1177 355
   1079 356
   1060 357
   1044 358
    998 359
    968 360
    972 361
    907 362
    892 363
    897 364
    884 365
    802 366
    774 367
    789 368
    765 369
    741 370
    737 371
    706 372
    739 373
    721 374
    717 375
    689 376
    672 377
    684 378
    650 379
    670 380
    617 381
    597 382
    615 383
    608 384
    644 385
    624 386
    641 387
    625 388
    597 389
    656 390
    687 391
    621 392
    663 393
    677 394
    676 395
    613 396
    768 397
    757 398
    743 399
    811 400
    757 401
    860 402
    843 403
    819 404
    921 405
    916 406
   1002 407
   1016 408
    951 409
   1069 410
   1000 411
   1073 412
   1044 413
   1100 414
   1040 415
   1047 416
   1016 417
    993 418
    898 419
    910 420
    811 421
    878 422
    776 423
    777 424
    717 425
    707 426
    706 427
    638 428
    646 429
    659 430
    599 431
    601 432
    567 433
    544 434
    542 435
    530 436
    537 437
    514 438
    539 439
    478 440
    489 441
    480 442
    480 443
    492 444
    470 445
    459 446
    505 447
    455 448
    474 449
    470 450
    447 451
    457 452
    468 453
    461 454
    459 455
    485 456
    464 457
    483 458
    490 459
    469 460
    503 461
    483 462
    519 463
    460 464
    506 465
    528 466
    533 467
    517 468
    585 469
    588 470
    581 471
    591 472
    631 473
    621 474
    681 475
    682 476
    690 477
    695 478
    728 479
    711 480
    751 481
    721 482
    747 483
    748 484
    759 485
    704 486
    687 487
    670 488
    599 489
    621 490
    609 491
    572 492
    567 493
    522 494
    517 495
    513 496
    465 497
    492 498
    453 499
    431 500
    467 501
    390 502
    413 503
    382 504
    362 505
    338 506
    379 507
    355 508
    357 509
    321 510
    316 511
    323 512
    307 513
    307 514
    312 515
    311 516
    296 517
    306 518
    276 519
    308 520
    296 521
    255 522
    280 523
    273 524
    258 525
    273 526
    242 527
    243 528
    232 529
    249 530
    264 531
    243 532
    276 533
    265 534
    257 535
    244 536
    258 537
    265 538
    262 539
    260 540
    292 541
    294 542
    274 543
    285 544
    284 545
    285 546
    304 547
    288 548
    294 549
    302 550
    276 551
    302 552
    277 553
    290 554
    259 555
    266 556
    228 557
    248 558
    254 559
    276 560
    231 561
    222 562
    231 563
    207 564
    213 565
    196 566
    185 567
    192 568
    169 569
    188 570
    170 571
    175 572
    139 573
    142 574
    117 575
    165 576
    131 577
    135 578
    134 579
    122 580
    121 581
    129 582
    120 583
    122 584
    112 585
    107 586
     99 587
    117 588
    102 589
     94 590
    116 591
    114 592
    106 593
     97 594
    105 595
     84 596
    105 597
    105 598
     89 599
     89 600
     78 601
     99 602
     87 603
    101 604
     73 605
     99 606
    118 607
    112 608
     93 609
    103 610
     85 611
     70 612
    110 613
     95 614
     88 615
     89 616
     75 617
     94 618
    102 619
     75 620
     85 621
     93 622
     71 623
     72 624
     73 625
     83 626
     92 627
     71 628
     67 629
     81 630
     66 631
     72 632
     60 633
     69 634
     58 635
     62 636
     60 637
     66 638
     53 639
     68 640
     62 641
     58 642
     41 643
     51 644
     55 645
     44 646
     40 647
     42 648
     44 649
     30 650
     37 651
     33 652
     37 653
     33 654
     39 655
     24 656
     43 657
     36 658
     48 659
     31 660
     31 661
     30 662
     28 663
     33 664
     40 665
     32 666
     25 667
     39 668
     22 669
     35 670
     31 671
     34 672
     26 673
     32 674
     34 675
     22 676
     22 677
     19 678
     34 679
     34 680
     26 681
     29 682
     28 683
     27 684
     34 685
     28 686
     25 687
     22 688
     35 689
     27 690
     31 691
     25 692
     25 693
     31 694
     33 695
     22 696
     23 697
     35 698
     14 699
     31 700
     25 701
     32 702
     18 703
     16 704
     18 705
     10 706
     19 707
     17 708
     12 709
     16 710
     12 711
     20 712
     12 713
     13 714
     15 715
     12 716
     22 717
     17 718
     21 719
      8 720
      9 721
     12 722
     15 723
     13 724
     10 725
      9 726
     10 727
      6 728
     16 729
      8 730
     14 731
      9 732
     10 733
     12 734
     16 735
      8 736
     12 737
     14 738
     10 739
     14 740
      6 741
      9 742
      3 743
      8 744
      9 745
      8 746
     13 747
      4 748
     11 749
      9 750
      8 751
      8 752
     11 753
      8 754
     11 755
     13 756
      6 757
     11 758
      7 759
      5 760
     12 761
      8 762
      7 763
     10 764
      8 765
      9 766
      5 767
      4 768
      4 769
      5 770
      6 771
      7 772
     12 773
      7 774
      3 775
      2 776
      6 777
      7 778
      5 779
      6 780
      6 781
      5 782
      6 783
      6 784
      3 785
      2 786
      2 787
      4 788
      2 789
      4 790
      6 792
      5 793
      1 794
      4 795
      2 796
      6 797
      2 798
      2 799
      8 800
      7 801
      4 802
      5 803
      1 804
      2 805
      2 806
      4 807
      3 808
      3 810
      7 812
      3 813
      5 814
      2 815
      1 816
      2 817
      3 818
      4 819
      2 820
      2 822
      7 823
      1 824
      1 825
      5 826
      3 827
      7 828
      1 829
      1 830
      2 831
      2 832
      3 833
      3 834
      4 835
      3 836
      4 840
      4 841
      1 842
      2 844
      3 845
      1 846
      1 847
      1 848
      1 850
      5 852
      1 854
      3 855
      3 856
      4 857
      3 859
      2 860
      1 861
      1 864
      1 865
      2 866
      4 867
      2 868
      1 871
      2 872
      1 873
      2 874
      3 875
      2 877
      2 878
      1 879
      3 880
      1 883
      1 885
      2 886
      2 887
      2 888
      1 890
      1 891
      1 892
      3 894
      2 895
      2 896
      1 897
      1 898
      4 899
      1 900
      1 902
      2 905
      1 906
      1 908
      1 909
      4 917
      1 919
      2 920
      1 922
      1 925
      2 929
      1 930
      2 932
      1 935
      1 936
      1 938
      2 939
      1 940
      2 942
      1 947
      1 948
      2 949
      1 952
      1 953
      1 956
      2 960
      2 961
      1 964
      1 966
      1 972
      1 973
      2 979
      1 988
      1 990
      2 1001
      1 1010
      1 1021
      1 1028
      1 1031
      2 1040
      1 1050
      1 1054
      1 1060
      1 1061
      1 1086
      1 1091
      1 1101
      2 1107
      1 1118
      1 1125
      1 1141
      1 1154
      1 1176
      1 1181
      1 1185
      1 1238
      1 1245
      1 1266
      1 1372
      1 1457
      1 1554
      1 1563
      1 1627
      1 1761
      1 1813
      1 1886
      1 1900
      1 1909
      1 1971
      1 2010
      1 2024
      1 2097
      1 2458
      1 2491
      1 2548
      1 2687
      1 2860
      1 2931
      1 2965
      1 3176
      1 3330
      1 3519
      1 3554
      1 4041
      1 4344
      1 6613
      1 6870
      1 7241
      1 9051
      1 9551
      1 9753
      1 9948
      1 10067
      1 10130
      1 10418
      1 10560
      1 11275
      1 11468
      1 18088
      1 28648
      1 29397
      1 33712
      1 38470
      1 49852
---AAD-PGBENCH-LAG-US---
