pgbench (18.6 (Debian 18.6-1.pgdg13+2))
starting vacuum...end.
transaction type: <builtin: select only>
scaling factor: 1000
query mode: simple
number of clients: 128
number of threads: 16
maximum number of tries: 1
duration: 60 s
number of transactions actually processed: 8881028
number of failed transactions: 0 (0.000%)
latency average = 0.863 ms
initial connection time = 238.090 ms
tps = 148362.491541 (without initial connection time)
---AAD-PGBENCH-LATENCY-US---
rc=0
samples=178027
      1 232
      1 234
      2 235
      2 236
      1 237
      2 239
      6 240
      3 241
      1 242
      5 243
      1 244
      1 245
      1 246
      5 247
      5 248
      2 249
      4 250
      3 251
      5 252
      5 253
      3 254
     11 255
      7 256
      6 257
     11 258
     12 259
     13 260
      6 261
     17 262
      9 263
     18 264
     15 265
     16 266
     11 267
     14 268
     15 269
     16 270
     16 271
     15 272
      9 273
     25 274
     18 275
     11 276
     20 277
     13 278
     24 279
     19 280
     30 281
     25 282
     20 283
      8 284
     25 285
     21 286
     25 287
     14 288
     22 289
     21 290
     23 291
     17 292
     20 293
     18 294
     19 295
     22 296
     31 297
     18 298
     23 299
     21 300
     27 301
     20 302
     19 303
     22 304
     21 305
     19 306
     26 307
     20 308
     20 309
     23 310
     15 311
     21 312
     20 313
     18 314
     25 315
     24 316
     19 317
     18 318
     13 319
     20 320
     16 321
     31 322
     13 323
     24 324
     27 325
     16 326
     26 327
     21 328
     16 329
     25 330
     30 331
     28 332
     30 333
     26 334
     26 335
     36 336
     28 337
     35 338
     33 339
     38 340
     41 341
     28 342
     39 343
     52 344
     40 345
     28 346
     41 347
     30 348
     37 349
     34 350
     27 351
     22 352
     36 353
     41 354
     30 355
     22 356
     33 357
     21 358
     26 359
     32 360
     30 361
     29 362
     22 363
     23 364
     21 365
     23 366
     22 367
     22 368
     18 369
     20 370
     17 371
     26 372
     18 373
     22 374
     18 375
     28 376
     16 377
     30 378
     16 379
     17 380
     31 381
     20 382
     26 383
     25 384
     26 385
     20 386
     24 387
     20 388
     30 389
     28 390
     28 391
     36 392
     31 393
     34 394
     34 395
     29 396
     42 397
     32 398
     42 399
     44 400
     42 401
     42 402
     40 403
     46 404
     47 405
     54 406
     48 407
     57 408
     56 409
     53 410
     54 411
     67 412
     44 413
     67 414
     69 415
     54 416
     62 417
     65 418
     51 419
     64 420
     50 421
     63 422
     56 423
     70 424
     60 425
     54 426
     56 427
     64 428
     50 429
     54 430
     48 431
     55 432
     60 433
     55 434
     54 435
     45 436
     44 437
     52 438
     53 439
     43 440
     52 441
     43 442
     43 443
     68 444
     46 445
     69 446
     49 447
     51 448
     53 449
     53 450
     65 451
     68 452
     62 453
     58 454
     79 455
     72 456
     82 457
     65 458
     72 459
     77 460
     71 461
     63 462
     84 463
    110 464
     84 465
     79 466
    110 467
    112 468
    125 469
    126 470
    103 471
    128 472
    129 473
    132 474
    137 475
    150 476
    152 477
    161 478
    164 479
    198 480
    196 481
    185 482
    221 483
    189 484
    198 485
    189 486
    182 487
    187 488
    177 489
    177 490
    181 491
    172 492
    181 493
    194 494
    170 495
    175 496
    168 497
    168 498
    158 499
    150 500
    167 501
    135 502
    189 503
    171 504
    146 505
    176 506
    149 507
    169 508
    176 509
    162 510
    159 511
    164 512
    171 513
    164 514
    164 515
    177 516
    161 517
    182 518
    198 519
    189 520
    174 521
    204 522
    155 523
    172 524
    168 525
    184 526
    187 527
    187 528
    217 529
    222 530
    205 531
    202 532
    226 533
    249 534
    238 535
    256 536
    261 537
    252 538
    291 539
    284 540
    277 541
    283 542
    339 543
    336 544
    308 545
    332 546
    347 547
    355 548
    361 549
    379 550
    353 551
    367 552
    409 553
    392 554
    385 555
    354 556
    367 557
    382 558
    364 559
    340 560
    326 561
    338 562
    347 563
    331 564
    336 565
    287 566
    298 567
    329 568
    282 569
    281 570
    311 571
    296 572
    270 573
    259 574
    275 575
    249 576
    291 577
    261 578
    248 579
    261 580
    299 581
    262 582
    281 583
    261 584
    297 585
    260 586
    271 587
    254 588
    240 589
    259 590
    257 591
    244 592
    257 593
    246 594
    219 595
    242 596
    278 597
    272 598
    285 599
    253 600
    273 601
    257 602
    236 603
    265 604
    291 605
    276 606
    293 607
    287 608
    301 609
    321 610
    323 611
    297 612
    329 613
    334 614
    336 615
    350 616
    342 617
    364 618
    323 619
    363 620
    387 621
    363 622
    379 623
    304 624
    372 625
    327 626
    310 627
    331 628
    300 629
    333 630
    296 631
    301 632
    294 633
    264 634
    261 635
    300 636
    303 637
    267 638
    293 639
    251 640
    277 641
    262 642
    235 643
    227 644
    240 645
    227 646
    207 647
    217 648
    216 649
    222 650
    208 651
    196 652
    226 653
    191 654
    219 655
    182 656
    226 657
    203 658
    191 659
    210 660
    203 661
    170 662
    197 663
    227 664
    210 665
    190 666
    205 667
    175 668
    244 669
    226 670
    214 671
    181 672
    220 673
    204 674
    226 675
    257 676
    196 677
    218 678
    244 679
    228 680
    216 681
    240 682
    256 683
    262 684
    239 685
    226 686
    262 687
    265 688
    268 689
    279 690
    257 691
    277 692
    265 693
    253 694
    240 695
    234 696
    229 697
    276 698
    251 699
    217 700
    224 701
    221 702
    240 703
    200 704
    226 705
    219 706
    226 707
    200 708
    251 709
    192 710
    217 711
    209 712
    221 713
    188 714
    193 715
    172 716
    188 717
    210 718
    207 719
    197 720
    205 721
    198 722
    195 723
    179 724
    196 725
    182 726
    177 727
    181 728
    192 729
    201 730
    193 731
    193 732
    181 733
    188 734
    160 735
    182 736
    193 737
    172 738
    188 739
    196 740
    193 741
    215 742
    206 743
    249 744
    201 745
    211 746
    217 747
    239 748
    233 749
    223 750
    240 751
    237 752
    283 753
    253 754
    260 755
    268 756
    258 757
    247 758
    253 759
    256 760
    286 761
    233 762
    287 763
    253 764
    246 765
    244 766
    247 767
    273 768
    263 769
    237 770
    229 771
    236 772
    227 773
    257 774
    217 775
    194 776
    240 777
    212 778
    217 779
    247 780
    231 781
    222 782
    205 783
    209 784
    215 785
    191 786
    190 787
    207 788
    215 789
    224 790
    189 791
    200 792
    195 793
    218 794
    190 795
    197 796
    213 797
    205 798
    206 799
    208 800
    212 801
    219 802
    189 803
    209 804
    216 805
    222 806
    211 807
    203 808
    221 809
    209 810
    214 811
    223 812
    253 813
    216 814
    207 815
    221 816
    242 817
    249 818
    226 819
    221 820
    261 821
    218 822
    227 823
    266 824
    291 825
    288 826
    255 827
    254 828
    284 829
    257 830
    258 831
    268 832
    264 833
    267 834
    282 835
    272 836
    243 837
    232 838
    245 839
    237 840
    243 841
    240 842
    229 843
    235 844
    233 845
    215 846
    211 847
    205 848
    217 849
    231 850
    213 851
    196 852
    208 853
    229 854
    233 855
    219 856
    232 857
    208 858
    214 859
    186 860
    188 861
    205 862
    198 863
    180 864
    220 865
    177 866
    181 867
    211 868
    205 869
    211 870
    200 871
    189 872
    202 873
    229 874
    212 875
    206 876
    232 877
    208 878
    204 879
    250 880
    189 881
    221 882
    188 883
    196 884
    225 885
    201 886
    230 887
    240 888
    241 889
    219 890
    257 891
    254 892
    244 893
    223 894
    253 895
    241 896
    262 897
    250 898
    247 899
    269 900
    214 901
    211 902
    211 903
    212 904
    250 905
    253 906
    227 907
    227 908
    238 909
    195 910
    233 911
    228 912
    233 913
    216 914
    193 915
    188 916
    215 917
    204 918
    193 919
    203 920
    207 921
    194 922
    189 923
    186 924
    188 925
    202 926
    199 927
    221 928
    211 929
    220 930
    216 931
    213 932
    194 933
    204 934
    178 935
    191 936
    191 937
    200 938
    193 939
    205 940
    197 941
    205 942
    202 943
    195 944
    219 945
    212 946
    183 947
    224 948
    188 949
    193 950
    212 951
    215 952
    182 953
    215 954
    194 955
    214 956
    212 957
    215 958
    216 959
    218 960
    221 961
    235 962
    231 963
    219 964
    211 965
    205 966
    221 967
    224 968
    224 969
    219 970
    202 971
    240 972
    223 973
    215 974
    239 975
    237 976
    214 977
    210 978
    226 979
    214 980
    217 981
    192 982
    237 983
    204 984
    212 985
    204 986
    181 987
    206 988
    185 989
    201 990
    176 991
    168 992
    181 993
    194 994
    188 995
    168 996
    189 997
    164 998
    178 999
    161 1000
    198 1001
    162 1002
    165 1003
    161 1004
    157 1005
    155 1006
    178 1007
    180 1008
    165 1009
    180 1010
    174 1011
    163 1012
    159 1013
    185 1014
    182 1015
    178 1016
    174 1017
    172 1018
    201 1019
    205 1020
    170 1021
    179 1022
    169 1023
    185 1024
    188 1025
    155 1026
    188 1027
    184 1028
    201 1029
    179 1030
    194 1031
    197 1032
    216 1033
    197 1034
    196 1035
    183 1036
    204 1037
    178 1038
    173 1039
    202 1040
    161 1041
    195 1042
    198 1043
    174 1044
    152 1045
    179 1046
    168 1047
    163 1048
    177 1049
    176 1050
    176 1051
    178 1052
    157 1053
    154 1054
    167 1055
    150 1056
    144 1057
    154 1058
    169 1059
    158 1060
    159 1061
    179 1062
    155 1063
    151 1064
    172 1065
    134 1066
    158 1067
    150 1068
    134 1069
    153 1070
    137 1071
    146 1072
    151 1073
    158 1074
    151 1075
    153 1076
    154 1077
    141 1078
    141 1079
    157 1080
    148 1081
    146 1082
    154 1083
    132 1084
    125 1085
    139 1086
    142 1087
    131 1088
    132 1089
    149 1090
    145 1091
    163 1092
    142 1093
    168 1094
    148 1095
    140 1096
    152 1097
    158 1098
    136 1099
    148 1100
    156 1101
    158 1102
    151 1103
    148 1104
    138 1105
    153 1106
    143 1107
    152 1108
    157 1109
    154 1110
    137 1111
    140 1112
    146 1113
    132 1114
    138 1115
    113 1116
    138 1117
    135 1118
    121 1119
    154 1120
    132 1121
    107 1122
    120 1123
    112 1124
    115 1125
    114 1126
    127 1127
    116 1128
    127 1129
    141 1130
    114 1131
    133 1132
    138 1133
    124 1134
    113 1135
    104 1136
    119 1137
    121 1138
    107 1139
    118 1140
    105 1141
    106 1142
     92 1143
    108 1144
    109 1145
    125 1146
    120 1147
     99 1148
     98 1149
    104 1150
    106 1151
     96 1152
    113 1153
    106 1154
     98 1155
     97 1156
    106 1157
    107 1158
    114 1159
     79 1160
    118 1161
    105 1162
    103 1163
    108 1164
     99 1165
    117 1166
    100 1167
    104 1168
    101 1169
     95 1170
     89 1171
    106 1172
    109 1173
    103 1174
    101 1175
    116 1176
    110 1177
    104 1178
     84 1179
    105 1180
     88 1181
     94 1182
     94 1183
     90 1184
    113 1185
     88 1186
     94 1187
    104 1188
     95 1189
     91 1190
    106 1191
     75 1192
    100 1193
     71 1194
     87 1195
     95 1196
     79 1197
     82 1198
     90 1199
     82 1200
     69 1201
     87 1202
    110 1203
     85 1204
     93 1205
     84 1206
     82 1207
     92 1208
     81 1209
     63 1210
     76 1211
     77 1212
     76 1213
     87 1214
     79 1215
     80 1216
     61 1217
     78 1218
     79 1219
     78 1220
     79 1221
     70 1222
     80 1223
     74 1224
     78 1225
     86 1226
     70 1227
     70 1228
     70 1229
     76 1230
     71 1231
     75 1232
     65 1233
     67 1234
     71 1235
     58 1236
     59 1237
     78 1238
     87 1239
     74 1240
     71 1241
     75 1242
     86 1243
     77 1244
     77 1245
     76 1246
     90 1247
     80 1248
     61 1249
     71 1250
     71 1251
     76 1252
     79 1253
     81 1254
     60 1255
     75 1256
     67 1257
     72 1258
     62 1259
     71 1260
     67 1261
     69 1262
     81 1263
     68 1264
     53 1265
     66 1266
     51 1267
     63 1268
     63 1269
     53 1270
     58 1271
     63 1272
     65 1273
     54 1274
     61 1275
     64 1276
     61 1277
     54 1278
     53 1279
     57 1280
     65 1281
     54 1282
     64 1283
     63 1284
     53 1285
     39 1286
     60 1287
     64 1288
     50 1289
     49 1290
     60 1291
     50 1292
     60 1293
     56 1294
     60 1295
     44 1296
     52 1297
     56 1298
     58 1299
     54 1300
     51 1301
     40 1302
     51 1303
     65 1304
     56 1305
     49 1306
     54 1307
     57 1308
     59 1309
     61 1310
     56 1311
     64 1312
     60 1313
     51 1314
     50 1315
     51 1316
     67 1317
     58 1318
     46 1319
     62 1320
     50 1321
     53 1322
     40 1323
     63 1324
     56 1325
     44 1326
     55 1327
     64 1328
     49 1329
     47 1330
     56 1331
     48 1332
     54 1333
     47 1334
     46 1335
     61 1336
     35 1337
     48 1338
     53 1339
     46 1340
     41 1341
     43 1342
     52 1343
     40 1344
     51 1345
     40 1346
     43 1347
     44 1348
     44 1349
     32 1350
     41 1351
     50 1352
     41 1353
     47 1354
     44 1355
     51 1356
     44 1357
     37 1358
     44 1359
     54 1360
     53 1361
     51 1362
     44 1363
     36 1364
     50 1365
     50 1366
     47 1367
     38 1368
     42 1369
     44 1370
     51 1371
     50 1372
     48 1373
     41 1374
     44 1375
     47 1376
     56 1377
     39 1378
     32 1379
     39 1380
     46 1381
     54 1382
     36 1383
     60 1384
     51 1385
     35 1386
     40 1387
     30 1388
     38 1389
     43 1390
     43 1391
     49 1392
     53 1393
     45 1394
     39 1395
     49 1396
     35 1397
     38 1398
     43 1399
     50 1400
     27 1401
     47 1402
     34 1403
     38 1404
     30 1405
     35 1406
     38 1407
     42 1408
     41 1409
     41 1410
     34 1411
     35 1412
     24 1413
     36 1414
     34 1415
     34 1416
     39 1417
     29 1418
     38 1419
     38 1420
     42 1421
     30 1422
     34 1423
     22 1424
     26 1425
     27 1426
     30 1427
     35 1428
     31 1429
     28 1430
     38 1431
     35 1432
     40 1433
     47 1434
     40 1435
     38 1436
     28 1437
     31 1438
     25 1439
     25 1440
     35 1441
     34 1442
     33 1443
     43 1444
     26 1445
     38 1446
     38 1447
     38 1448
     30 1449
     23 1450
     43 1451
     31 1452
     24 1453
     31 1454
     31 1455
     37 1456
     32 1457
     37 1458
     39 1459
     27 1460
     31 1461
     30 1462
     27 1463
     22 1464
     30 1465
     24 1466
     27 1467
     28 1468
     32 1469
     27 1470
     33 1471
     25 1472
     27 1473
     33 1474
     24 1475
     27 1476
     22 1477
     23 1478
     30 1479
     29 1480
     35 1481
     32 1482
     26 1483
     21 1484
     27 1485
     21 1486
     28 1487
     21 1488
     25 1489
     21 1490
     30 1491
     23 1492
     29 1493
     25 1494
     25 1495
     23 1496
     22 1497
     25 1498
     33 1499
     29 1500
     24 1501
     31 1502
     20 1503
     15 1504
     25 1505
     27 1506
     20 1507
     25 1508
     26 1509
     26 1510
     22 1511
     27 1512
     29 1513
     26 1514
     16 1515
     18 1516
     22 1517
     31 1518
     30 1519
     22 1520
     23 1521
     23 1522
     22 1523
     33 1524
     29 1525
     18 1526
     22 1527
     23 1528
     28 1529
     16 1530
     30 1531
     21 1532
     26 1533
     26 1534
     20 1535
     24 1536
     22 1537
     20 1538
     25 1539
     25 1540
     18 1541
     26 1542
     19 1543
     14 1544
     27 1545
     14 1546
     21 1547
     16 1548
     16 1549
     22 1550
     25 1551
     15 1552
     26 1553
     25 1554
     17 1555
     16 1556
     27 1557
     23 1558
     21 1559
     13 1560
     24 1561
     23 1562
     26 1563
     18 1564
     16 1565
     22 1566
     14 1567
     18 1568
     20 1569
     17 1570
     17 1571
     19 1572
     12 1573
     25 1574
     14 1575
     20 1576
     18 1577
     20 1578
     17 1579
     15 1580
     23 1581
     20 1582
     18 1583
     19 1584
     20 1585
     14 1586
     24 1587
     22 1588
     15 1589
     23 1590
     22 1591
     19 1592
     17 1593
     19 1594
     17 1595
     15 1596
     24 1597
     15 1598
     18 1599
     11 1600
     23 1601
     27 1602
     21 1603
     21 1604
     13 1605
     20 1606
     14 1607
     17 1608
     16 1609
     19 1610
     17 1611
     16 1612
     14 1613
     11 1614
     18 1615
     10 1616
     20 1617
      9 1618
     18 1619
      7 1620
     13 1621
     16 1622
     20 1623
      7 1624
     14 1625
     12 1626
     14 1627
     13 1628
     10 1629
     15 1630
     12 1631
     17 1632
     18 1633
     10 1634
     14 1635
     10 1636
     14 1637
     13 1638
     10 1639
      8 1640
     12 1641
     22 1642
     20 1643
      9 1644
      9 1645
     19 1646
     18 1647
     15 1648
     12 1649
     12 1650
     15 1651
     16 1652
     19 1653
     10 1654
      9 1655
     12 1656
     10 1657
     17 1658
     14 1659
     12 1660
     15 1661
     15 1662
     17 1663
      8 1664
      6 1665
     10 1666
     17 1667
     12 1668
      8 1669
      7 1670
     19 1671
     19 1672
      7 1673
     15 1674
      9 1675
      8 1676
     12 1677
     12 1678
      3 1679
     10 1680
     11 1681
     11 1682
     12 1683
     10 1684
     10 1685
     16 1686
      9 1687
     16 1688
      9 1689
      8 1690
     10 1691
     14 1692
     10 1693
     12 1694
     14 1695
      6 1696
     11 1697
     12 1698
      8 1699
     10 1700
     10 1701
     10 1702
      5 1703
     11 1704
     16 1705
     11 1706
      6 1707
      7 1708
      7 1709
      7 1710
      4 1711
      9 1712
      9 1713
      6 1714
     11 1715
      6 1716
      6 1717
      7 1718
     10 1719
      9 1720
      7 1721
      9 1722
      9 1723
      7 1724
      8 1725
      7 1726
      6 1727
      9 1728
      7 1729
      9 1730
     11 1731
      9 1732
      7 1733
     12 1734
     10 1735
     13 1736
      8 1737
      7 1738
      5 1739
      7 1740
      4 1741
      6 1742
      4 1743
      8 1744
     10 1745
      3 1746
      4 1747
      8 1748
      9 1749
      2 1750
     10 1751
      2 1752
      6 1753
      6 1754
      8 1755
      5 1756
      1 1757
      5 1758
      6 1759
      9 1760
      6 1761
     10 1762
     11 1763
      4 1764
      7 1765
      4 1766
      5 1767
      6 1768
      5 1769
      9 1770
      6 1771
      9 1772
      6 1773
      9 1774
      9 1775
      6 1776
      3 1777
      4 1778
      5 1779
      5 1780
      8 1781
     10 1782
      6 1783
      9 1784
      4 1785
      3 1786
      4 1787
      1 1788
      4 1789
      4 1790
      5 1791
      8 1792
      5 1793
      5 1794
      4 1795
      6 1796
      8 1797
      3 1798
      6 1799
      5 1800
      9 1801
      3 1802
     16 1803
      1 1804
      5 1805
      3 1806
      4 1807
      7 1808
      5 1809
      6 1810
      8 1811
      5 1812
      7 1813
      3 1814
      5 1815
      5 1816
      6 1817
     11 1818
      5 1819
      1 1820
      2 1821
      8 1822
      5 1823
      7 1824
      8 1825
      7 1826
      5 1827
      6 1828
      3 1829
      4 1830
      6 1831
      3 1832
      4 1833
      7 1834
      6 1835
      9 1836
      3 1837
      4 1838
      6 1839
      2 1840
      6 1841
      7 1842
      1 1843
      5 1844
      4 1845
      7 1846
      2 1847
      8 1849
      2 1850
      2 1851
      5 1852
      4 1853
      1 1854
      4 1855
      7 1856
      4 1857
      5 1858
      4 1859
      2 1860
      7 1861
      5 1862
      4 1863
      2 1864
      4 1865
      8 1866
      4 1867
      3 1868
      4 1869
      3 1870
      3 1873
      1 1874
      6 1875
      4 1876
      8 1877
      1 1878
      4 1879
      3 1880
      2 1881
      4 1882
      8 1883
      4 1884
      6 1885
      3 1887
      2 1888
      1 1889
      2 1890
      4 1891
      1 1892
      1 1893
      1 1894
      3 1895
      5 1896
      4 1897
      5 1898
      2 1900
      1 1901
      3 1902
      2 1903
      1 1904
      4 1905
      3 1906
      1 1907
      1 1908
      2 1909
      4 1910
      4 1911
      3 1912
      4 1913
      1 1914
      1 1915
      2 1916
      2 1917
      3 1918
      2 1919
      2 1920
      3 1921
      2 1922
      5 1923
      1 1924
      1 1925
      1 1926
      2 1927
      3 1928
      5 1929
      2 1930
      3 1931
      4 1932
      1 1933
      1 1934
      4 1935
      3 1936
      5 1937
      2 1938
      1 1939
      4 1940
      2 1941
      3 1942
      1 1943
      1 1944
      1 1945
      4 1946
      2 1948
      2 1949
      4 1950
      3 1951
      5 1952
      3 1954
      1 1955
      1 1956
      2 1957
      2 1958
      2 1960
      3 1961
      1 1962
      2 1964
      1 1965
      4 1967
      4 1969
      2 1971
      1 1972
      4 1973
      1 1974
      1 1975
      4 1976
      1 1977
      3 1978
      2 1979
      2 1980
      2 1981
      2 1982
      3 1983
      2 1984
      4 1985
      2 1986
      1 1987
      4 1988
      2 1989
      3 1990
      5 1991
      2 1992
      5 1993
      2 1996
      1 1998
      2 1999
      1 2000
      1 2002
      2 2003
      1 2004
      5 2005
      3 2006
      2 2007
      2 2008
      2 2010
      3 2011
      1 2014
      1 2015
      3 2016
      2 2018
      1 2019
      1 2020
      3 2021
      1 2022
      3 2023
      1 2024
      3 2025
      1 2026
      2 2027
      4 2029
      3 2030
      1 2033
      1 2035
      3 2037
      2 2039
      3 2040
      2 2041
      1 2042
      2 2043
      1 2045
      4 2046
      1 2047
      1 2048
      3 2049
      2 2050
      4 2052
      2 2053
      5 2054
      1 2056
      2 2057
      1 2058
      2 2059
      2 2060
      3 2061
      1 2062
      1 2063
      2 2064
      3 2065
      1 2066
      2 2067
      3 2068
      1 2069
      1 2070
      1 2071
      3 2072
      1 2073
      1 2074
      2 2075
      2 2076
      3 2077
      3 2078
      2 2079
      1 2080
      3 2081
      3 2083
      1 2084
      1 2086
      2 2088
      3 2089
      2 2090
      1 2096
      2 2097
      2 2099
      3 2100
      2 2101
      1 2102
      1 2103
      1 2104
      1 2105
      1 2106
      4 2108
      2 2112
      3 2113
      1 2116
      1 2118
      2 2119
      4 2124
      2 2125
      4 2126
      1 2127
      1 2128
      1 2129
      1 2130
      1 2131
      3 2134
      2 2136
      1 2138
      2 2139
      3 2140
      1 2141
      2 2143
      1 2144
      1 2146
      4 2147
      1 2148
      2 2149
      2 2151
      1 2152
      2 2155
      4 2157
      2 2158
      3 2160
      1 2163
      3 2165
      4 2167
      2 2168
      2 2169
      1 2170
      2 2172
      2 2173
      2 2174
      1 2178
      1 2179
      1 2180
      1 2181
      2 2182
      2 2183
      2 2186
      1 2187
      2 2189
      1 2190
      1 2191
      1 2193
      1 2194
      2 2195
      1 2196
      2 2197
      3 2199
      1 2201
      1 2203
      1 2204
      1 2206
      2 2207
      2 2211
      1 2212
      1 2213
      1 2214
      2 2216
      1 2218
      1 2221
      1 2222
      1 2223
      1 2227
      1 2228
      2 2229
      1 2231
      1 2234
      1 2236
      1 2238
      1 2240
      1 2242
      2 2250
      1 2254
      2 2258
      1 2260
      3 2261
      1 2262
      1 2264
      2 2265
      1 2267
      1 2268
      1 2271
      2 2273
      1 2275
      1 2277
      3 2279
      2 2281
      1 2284
      1 2285
      1 2286
      1 2288
      1 2289
      1 2291
      1 2292
      1 2294
      2 2295
      1 2296
      1 2297
      2 2298
      1 2300
      1 2304
      1 2305
      1 2306
      1 2307
      2 2308
      1 2314
      2 2315
      1 2316
      1 2317
      1 2320
      1 2321
      1 2323
      1 2324
      1 2329
      1 2330
      2 2335
      2 2336
      1 2337
      1 2339
      2 2340
      1 2344
      1 2346
      1 2349
      1 2355
      2 2357
      1 2358
      1 2359
      1 2360
      2 2361
      2 2362
      2 2363
      2 2367
      1 2368
      2 2371
      1 2376
      2 2378
      1 2379
      1 2381
      1 2382
      2 2385
      1 2387
      2 2390
      1 2391
      1 2401
      1 2402
      2 2404
      1 2406
      1 2408
      2 2409
      1 2411
      1 2413
      1 2414
      1 2415
      1 2416
      1 2417
      3 2419
      1 2421
      1 2422
      2 2423
      1 2430
      1 2432
      1 2433
      2 2434
      1 2435
      2 2443
      1 2446
      1 2448
      1 2449
      1 2453
      1 2454
      1 2459
      2 2463
      2 2465
      1 2467
      1 2471
      1 2472
      1 2473
      2 2474
      1 2477
      1 2478
      1 2482
      1 2494
      1 2495
      2 2497
      1 2498
      2 2499
      1 2502
      3 2513
      1 2514
      2 2519
      1 2525
      3 2526
      1 2527
      1 2529
      1 2531
      1 2532
      1 2535
      1 2537
      1 2538
      1 2548
      1 2549
      1 2550
      1 2555
      1 2558
      1 2563
      1 2564
      1 2566
      1 2567
      1 2570
      1 2571
      1 2574
      1 2575
      1 2576
      1 2578
      1 2579
      1 2588
      1 2594
      2 2599
      2 2600
      2 2601
      1 2604
      1 2609
      1 2619
      1 2621
      2 2623
      2 2626
      1 2628
      1 2629
      1 2630
      1 2634
      1 2637
      1 2638
      1 2655
      1 2657
      1 2658
      1 2661
      1 2663
      1 2666
      1 2669
      1 2670
      1 2672
      1 2673
      2 2674
      2 2678
      1 2679
      1 2680
      1 2682
      1 2683
      1 2686
      1 2697
      1 2699
      1 2710
      1 2715
      1 2717
      1 2718
      1 2724
      1 2725
      1 2730
      1 2733
      1 2734
      1 2738
      2 2739
      1 2744
      1 2747
      1 2749
      2 2769
      1 2771
      2 2772
      1 2778
      1 2779
      1 2782
      1 2783
      2 2786
      1 2787
      1 2796
      1 2801
      1 2803
      1 2804
      1 2820
      2 2827
      2 2828
      1 2831
      2 2843
      1 2845
      1 2846
      1 2848
      1 2852
      1 2853
      1 2856
      1 2859
      1 2860
      1 2861
      1 2863
      1 2868
      1 2870
      1 2871
      1 2872
      1 2874
      1 2880
      1 2882
      1 2893
      1 2896
      1 2903
      1 2909
      1 2911
      1 2912
      1 2915
      1 2923
      1 2928
      1 2938
      1 2941
      1 2942
      1 2945
      1 2947
      1 2959
      1 2960
      1 2961
      1 2963
      1 2973
      2 2977
      1 2978
      1 2980
      1 2989
      1 3010
      1 3014
      1 3015
      1 3019
      1 3020
      1 3022
      1 3023
      1 3025
      1 3033
      1 3041
      1 3043
      1 3044
      2 3052
      1 3061
      1 3065
      1 3071
      1 3075
      1 3086
      1 3091
      1 3096
      1 3097
      1 3098
      1 3101
      1 3109
      1 3120
      1 3123
      2 3130
      1 3146
      1 3163
      1 3172
      1 3175
      1 3187
      1 3191
      1 3193
      2 3203
      1 3215
      1 3219
      1 3226
      1 3243
      2 3260
      1 3266
      1 3277
      1 3302
      1 3330
      3 3333
      1 3354
      1 3355
      1 3362
      1 3364
      1 3395
      1 3408
      1 3411
      1 3535
      1 3604
      1 3615
      1 3628
      1 3638
      1 3646
      1 3662
      1 3686
      1 3712
      1 3818
      1 3832
      1 3868
      1 3971
      1 3988
      1 4028
      1 4088
      1 4093
      1 4099
      1 4202
      1 4270
      1 4273
      1 4276
      1 4282
      1 4331
      1 4401
      1 4417
      1 4486
      1 4506
      1 4530
      1 4541
      1 4583
      1 4611
      1 4614
      1 4641
      1 4684
      1 4927
      1 4968
      1 5000
      1 5015
      1 5018
      1 5090
      1 5108
      1 5136
      1 5171
      1 5215
      1 5240
      1 5281
      1 5283
      1 5298
      1 5333
      1 5420
      1 5473
      1 5506
      1 5540
      1 5646
      1 5766
      1 5772
      1 5820
      1 5867
      1 5908
      1 6006
      1 6087
      1 6092
      1 6238
      1 6355
      1 6358
      1 6368
      1 6386
      1 6582
      1 6593
      1 6597
      1 6616
      1 6693
      1 6928
      1 6935
      1 6988
      1 7083
      1 7091
      1 7150
      1 7229
      1 7331
      2 7374
      1 7687
      1 7739
      1 7786
      1 7806
      1 7876
      1 7919
      1 7925
      1 8056
      1 8075
      1 8153
      1 8198
      1 8275
      1 8432
      1 8467
      1 8608
      1 8620
      1 8632
      1 8835
      1 8856
      1 8993
      1 9140
      1 9162
      1 9182
      1 9204
      1 9411
      1 9445
      1 9500
      1 9534
      1 9537
      1 9547
      1 9641
      1 9686
      1 9720
      1 9796
      1 9802
      1 9825
      1 9828
      1 9836
      1 9844
      1 9849
      1 9877
      1 9907
      1 9919
      1 9928
      1 9935
      1 9976
      1 9980
      1 10004
      1 10005
      1 10007
      1 10011
      1 10027
      1 10028
      1 10033
      1 10036
      2 10042
      1 10048
      2 10063
      1 10072
      1 10083
      1 10107
      1 10117
      1 10138
      1 10146
      1 10180
      1 10231
      1 10346
      1 10381
      1 10415
      1 10449
      1 10497
      1 10567
      1 10721
      1 10795
      1 10822
      1 10858
      1 10889
      1 10890
      1 11079
      1 11301
      1 11442
      1 11651
      1 11690
      1 11714
      2 11745
      1 11893
      1 11986
      1 12321
      1 12494
      1 12834
      1 13141
      1 14539
      1 15057
      1 18417
      1 19433
      1 20131
      1 20253
      1 20512
      1 26338
      1 29534
      1 29899
      1 30723
      1 35423
      1 36569
      1 66510
      1 73059
      1 109646
---AAD-PGBENCH-LAG-US---
