pgbench (18.6 (Debian 18.6-1.pgdg13+2))
starting vacuum...end.
transaction type: <builtin: select only>
scaling factor: 1000
query mode: simple
number of clients: 256
number of threads: 16
maximum number of tries: 1
duration: 480 s
number of transactions actually processed: 65131277
number of failed transactions: 0 (0.000%)
latency average = 0.503 ms
latency stddev = 0.138 ms
rate limit schedule lag: avg 0.044 (max 10.883) ms
initial connection time = 348.198 ms
tps = 135777.323801 (without initial connection time)
---AAD-PGBENCH-LATENCY-US---
rc=0
samples=1303587
      1 258
      2 259
      4 260
      2 261
      3 262
      4 263
      4 264
     16 265
     16 266
     15 267
     18 268
     28 269
     39 270
     42 271
     47 272
     63 273
     50 274
     82 275
     86 276
    120 277
    133 278
    138 279
    173 280
    200 281
    185 282
    224 283
    242 284
    263 285
    311 286
    327 287
    372 288
    427 289
    454 290
    456 291
    484 292
    545 293
    557 294
    673 295
    695 296
    721 297
    773 298
    869 299
    885 300
    956 301
   1048 302
   1087 303
   1132 304
   1178 305
   1354 306
   1329 307
   1433 308
   1508 309
   1582 310
   1602 311
   1729 312
   1818 313
   1769 314
   1935 315
   2018 316
   2065 317
   2096 318
   2198 319
   2257 320
   2389 321
   2421 322
   2592 323
   2671 324
   2665 325
   2854 326
   2828 327
   2929 328
   3140 329
   3110 330
   3314 331
   3347 332
   3519 333
   3610 334
   3691 335
   3866 336
   3949 337
   3917 338
   4120 339
   4273 340
   4214 341
   4594 342
   4554 343
   4710 344
   4749 345
   4759 346
   5013 347
   4968 348
   5123 349
   5143 350
   5089 351
   5272 352
   5337 353
   5429 354
   5504 355
   5654 356
   5362 357
   5702 358
   5685 359
   5706 360
   5728 361
   5813 362
   5926 363
   5885 364
   5756 365
   5849 366
   5980 367
   6090 368
   5924 369
   6053 370
   6078 371
   6140 372
   6210 373
   6269 374
   6274 375
   6210 376
   6346 377
   6342 378
   6367 379
   6394 380
   6578 381
   6351 382
   6470 383
   6361 384
   6418 385
   6396 386
   6440 387
   6382 388
   6300 389
   6450 390
   6349 391
   6475 392
   6394 393
   6255 394
   6433 395
   6344 396
   6309 397
   6449 398
   6359 399
   6333 400
   6159 401
   6203 402
   6237 403
   6249 404
   6120 405
   6376 406
   6203 407
   6078 408
   6048 409
   6205 410
   6033 411
   6013 412
   6153 413
   5998 414
   6122 415
   6071 416
   5967 417
   5836 418
   5972 419
   5844 420
   5800 421
   5681 422
   5550 423
   5640 424
   5530 425
   5484 426
   5387 427
   5534 428
   5412 429
   5349 430
   5283 431
   5217 432
   5266 433
   5186 434
   5274 435
   5197 436
   5187 437
   5062 438
   5099 439
   5052 440
   5008 441
   4973 442
   4962 443
   5055 444
   5075 445
   4827 446
   4953 447
   4847 448
   4975 449
   4780 450
   4739 451
   4658 452
   4792 453
   4708 454
   4701 455
   4712 456
   4609 457
   4614 458
   4463 459
   4618 460
   4541 461
   4456 462
   4469 463
   4336 464
   4308 465
   4248 466
   4332 467
   4230 468
   4215 469
   4267 470
   4068 471
   4126 472
   4113 473
   4125 474
   4069 475
   4081 476
   3985 477
   3992 478
   3923 479
   4055 480
   3927 481
   3934 482
   3872 483
   3859 484
   3814 485
   3860 486
   3703 487
   3782 488
   3729 489
   3697 490
   3665 491
   3575 492
   3568 493
   3601 494
   3401 495
   3466 496
   3479 497
   3282 498
   3355 499
   3344 500
   3249 501
   3192 502
   3275 503
   3210 504
   3221 505
   3186 506
   3211 507
   3107 508
   3082 509
   3135 510
   2983 511
   3124 512
   2981 513
   2959 514
   3029 515
   2958 516
   2944 517
   2945 518
   2894 519
   2862 520
   2844 521
   2931 522
   2851 523
   2844 524
   2659 525
   2797 526
   2697 527
   2722 528
   2646 529
   2585 530
   2575 531
   2628 532
   2593 533
   2485 534
   2476 535
   2519 536
   2530 537
   2445 538
   2486 539
   2432 540
   2319 541
   2333 542
   2311 543
   2381 544
   2240 545
   2330 546
   2202 547
   2240 548
   2196 549
   2244 550
   2181 551
   2213 552
   2171 553
   2156 554
   2204 555
   2212 556
   2173 557
   2048 558
   2074 559
   2053 560
   2091 561
   2039 562
   1999 563
   1924 564
   1969 565
   1945 566
   1861 567
   1946 568
   1857 569
   1926 570
   1910 571
   1783 572
   1720 573
   1791 574
   1734 575
   1722 576
   1718 577
   1765 578
   1676 579
   1679 580
   1650 581
   1691 582
   1654 583
   1734 584
   1597 585
   1571 586
   1596 587
   1562 588
   1589 589
   1560 590
   1606 591
   1458 592
   1492 593
   1533 594
   1472 595
   1424 596
   1481 597
   1411 598
   1474 599
   1431 600
   1359 601
   1355 602
   1354 603
   1271 604
   1357 605
   1266 606
   1290 607
   1198 608
   1247 609
   1356 610
   1291 611
   1229 612
   1197 613
   1248 614
   1241 615
   1161 616
   1206 617
   1186 618
   1104 619
   1169 620
   1128 621
   1118 622
   1139 623
   1069 624
   1138 625
   1135 626
   1045 627
   1077 628
   1089 629
   1083 630
   1052 631
    989 632
   1036 633
   1034 634
    988 635
   1037 636
    991 637
    940 638
    949 639
    967 640
    940 641
    936 642
    890 643
    900 644
    871 645
    879 646
    834 647
    839 648
    797 649
    868 650
    823 651
    842 652
    851 653
    837 654
    793 655
    849 656
    802 657
    828 658
    758 659
    812 660
    738 661
    766 662
    761 663
    750 664
    726 665
    711 666
    707 667
    704 668
    754 669
    685 670
    688 671
    727 672
    657 673
    707 674
    632 675
    691 676
    627 677
    616 678
    643 679
    636 680
    641 681
    589 682
    610 683
    625 684
    615 685
    598 686
    579 687
    603 688
    574 689
    557 690
    603 691
    558 692
    530 693
    546 694
    514 695
    541 696
    543 697
    501 698
    475 699
    509 700
    483 701
    513 702
    522 703
    487 704
    486 705
    495 706
    467 707
    475 708
    456 709
    457 710
    428 711
    460 712
    484 713
    460 714
    412 715
    417 716
    423 717
    414 718
    426 719
    399 720
    430 721
    395 722
    439 723
    382 724
    383 725
    356 726
    399 727
    372 728
    351 729
    354 730
    365 731
    367 732
    347 733
    358 734
    352 735
    333 736
    361 737
    326 738
    341 739
    325 740
    326 741
    302 742
    293 743
    309 744
    308 745
    324 746
    315 747
    326 748
    283 749
    327 750
    328 751
    301 752
    254 753
    287 754
    308 755
    294 756
    258 757
    261 758
    261 759
    251 760
    268 761
    269 762
    265 763
    252 764
    271 765
    271 766
    243 767
    224 768
    227 769
    237 770
    241 771
    229 772
    236 773
    218 774
    235 775
    198 776
    215 777
    226 778
    214 779
    214 780
    194 781
    208 782
    191 783
    190 784
    206 785
    210 786
    208 787
    202 788
    178 789
    199 790
    182 791
    183 792
    165 793
    184 794
    188 795
    160 796
    173 797
    144 798
    174 799
    175 800
    141 801
    172 802
    170 803
    180 804
    139 805
    156 806
    154 807
    147 808
    146 809
    133 810
    137 811
    134 812
    167 813
    137 814
    160 815
    133 816
    141 817
    134 818
    139 819
    130 820
    148 821
    141 822
    152 823
    122 824
    147 825
    117 826
    115 827
    128 828
    120 829
    125 830
    126 831
    125 832
    130 833
    116 834
    113 835
    117 836
    127 837
    116 838
    104 839
    114 840
     90 841
    113 842
    106 843
    100 844
    104 845
     94 846
    117 847
     99 848
    110 849
     94 850
    104 851
    108 852
     92 853
    101 854
     74 855
     83 856
     84 857
     81 858
    100 859
     81 860
     70 861
     84 862
     87 863
     75 864
     86 865
     70 866
     79 867
     87 868
     84 869
     75 870
     80 871
     61 872
     79 873
     82 874
     71 875
     82 876
     74 877
     69 878
     88 879
     70 880
     75 881
     63 882
     62 883
     68 884
     55 885
     51 886
     63 887
     44 888
     53 889
     70 890
     56 891
     46 892
     64 893
     74 894
     65 895
     61 896
     61 897
     65 898
     60 899
     52 900
     44 901
     52 902
     55 903
     48 904
     59 905
     54 906
     55 907
     40 908
     41 909
     40 910
     35 911
     40 912
     44 913
     44 914
     60 915
     36 916
     53 917
     42 918
     48 919
     36 920
     45 921
     50 922
     37 923
     65 924
     38 925
     34 926
     46 927
     50 928
     36 929
     41 930
     43 931
     34 932
     35 933
     24 934
     42 935
     46 936
     39 937
     38 938
     41 939
     30 940
     33 941
     41 942
     46 943
     30 944
     23 945
     45 946
     32 947
     20 948
     29 949
     32 950
     28 951
     26 952
     40 953
     30 954
     29 955
     20 956
     33 957
     23 958
     27 959
     25 960
     29 961
     19 962
     24 963
     19 964
     25 965
     28 966
     29 967
     26 968
     20 969
     22 970
     23 971
     25 972
     12 973
     29 974
     29 975
     26 976
     41 977
     23 978
     18 979
     17 980
     26 981
     17 982
     20 983
     21 984
     24 985
     23 986
     26 987
     25 988
     18 989
     24 990
     19 991
     15 992
     14 993
     26 994
     17 995
     13 996
     21 997
     13 998
     19 999
     16 1000
     21 1001
     19 1002
     12 1003
     22 1004
     17 1005
     17 1006
     13 1007
     14 1008
     15 1009
     18 1010
     16 1011
     16 1012
     13 1013
     17 1014
     15 1015
     14 1016
     16 1017
     12 1018
     15 1019
     17 1020
     14 1021
     17 1022
     17 1023
      7 1024
     14 1025
     18 1026
     15 1027
     16 1028
     18 1029
     12 1030
     10 1031
     11 1032
     11 1033
     10 1034
     12 1035
     15 1036
     13 1037
     11 1038
     15 1039
     13 1040
     14 1041
     14 1042
     11 1043
     11 1044
     13 1045
     11 1046
      9 1047
     15 1048
      8 1049
     13 1050
     25 1051
      9 1052
     10 1053
      9 1054
     14 1055
     14 1056
     22 1057
      8 1058
     12 1059
      7 1060
     16 1061
      8 1062
      7 1063
      8 1064
     10 1065
      9 1066
      9 1067
      9 1068
      9 1069
     13 1070
      9 1071
     12 1072
      5 1073
      6 1074
      9 1075
      6 1076
      8 1077
     10 1078
      4 1079
      7 1080
     13 1081
      8 1082
      8 1083
     12 1084
      8 1085
      4 1086
     11 1087
     12 1088
      7 1089
      9 1090
     10 1091
      5 1092
      7 1093
     11 1094
      6 1095
      4 1096
      5 1097
      3 1098
      6 1099
      4 1100
      6 1101
      9 1102
      7 1103
      6 1104
      4 1105
      7 1106
      7 1107
      7 1108
      5 1109
      6 1110
      6 1111
      5 1112
      5 1113
      9 1114
      3 1115
      6 1116
      5 1117
      8 1118
      7 1119
      3 1120
      2 1121
      5 1122
      7 1123
      7 1124
      5 1125
      6 1126
      6 1127
      3 1128
      6 1129
      2 1130
      6 1131
      2 1132
      6 1133
      8 1134
      6 1135
      6 1136
      3 1137
      4 1138
      3 1139
      3 1140
      2 1141
      2 1142
      6 1143
      2 1144
      4 1145
      5 1146
      2 1147
      1 1148
      3 1149
      4 1150
      8 1151
      6 1152
      7 1153
      3 1154
      2 1155
      3 1156
      1 1157
      6 1158
      5 1159
      5 1160
      1 1161
      3 1162
      4 1163
      3 1164
      5 1165
      3 1166
      3 1167
      3 1168
      5 1169
      7 1170
      5 1171
      4 1172
      2 1173
      1 1174
      3 1175
      6 1176
      1 1177
      3 1178
      1 1179
      2 1180
      3 1181
      6 1182
      5 1183
      4 1184
      4 1185
      4 1186
      3 1187
      3 1188
      6 1189
      1 1190
      5 1191
      1 1192
      2 1193
      7 1194
      4 1195
      5 1196
      4 1197
      6 1198
      6 1199
      2 1200
      4 1201
      4 1202
      3 1203
      4 1204
      6 1205
      1 1206
      3 1207
      3 1208
      1 1209
      3 1210
      3 1211
      3 1212
      2 1213
      1 1214
      4 1215
      2 1216
      1 1217
      2 1218
      3 1219
      2 1220
      2 1221
      2 1222
      1 1223
      1 1224
      1 1225
      1 1226
      3 1227
      4 1228
      2 1229
      4 1230
      4 1231
      3 1232
      1 1234
      3 1235
      2 1236
      2 1237
      2 1238
      3 1239
      2 1240
      4 1241
      1 1242
      1 1243
      3 1244
      3 1245
      3 1246
      2 1247
      2 1250
      3 1251
      3 1252
      4 1253
      3 1254
      4 1257
      2 1258
      2 1259
      6 1261
      1 1262
      1 1263
      2 1264
      1 1265
      1 1266
      4 1267
      4 1269
      2 1270
      1 1271
      1 1272
      3 1273
      2 1274
      1 1275
      2 1276
      2 1277
      1 1278
      1 1279
      1 1280
      3 1282
      2 1283
      4 1284
      1 1285
      1 1286
      2 1288
      1 1289
      1 1290
      2 1291
      3 1292
      2 1293
      1 1294
      2 1295
      3 1297
      1 1298
      2 1299
      2 1300
      1 1303
      1 1305
      1 1306
      1 1308
      3 1310
      1 1311
      1 1313
      2 1314
      2 1315
      4 1317
      3 1320
      2 1321
      1 1323
      1 1324
      2 1325
      1 1326
      1 1328
      2 1330
      1 1331
      2 1332
      1 1333
      3 1334
      1 1335
      1 1336
      1 1337
      3 1338
      4 1340
      2 1341
      1 1342
      1 1345
      1 1346
      2 1353
      1 1355
      1 1356
      1 1357
      1 1358
      1 1359
      1 1361
      1 1362
      1 1363
      2 1364
      1 1367
      1 1368
      4 1370
      2 1371
      3 1372
      1 1373
      1 1374
      1 1376
      1 1377
      4 1379
      1 1381
      2 1382
      3 1385
      1 1386
      1 1390
      1 1391
      1 1392
      6 1393
      1 1395
      1 1397
      2 1399
      2 1402
      1 1403
      2 1405
      1 1407
      2 1408
      1 1410
      1 1412
      1 1413
      1 1414
      2 1415
      1 1416
      1 1417
      1 1419
      2 1420
      1 1422
      2 1423
      1 1424
      1 1425
      2 1426
      1 1427
      1 1428
      2 1430
      1 1433
      1 1434
      1 1436
      2 1437
      1 1440
      3 1441
      1 1442
      1 1443
      1 1444
      1 1445
      1 1447
      1 1448
      2 1452
      1 1453
      1 1456
      1 1457
      2 1459
      1 1460
      2 1461
      2 1463
      2 1467
      1 1471
      1 1473
      2 1477
      1 1478
      1 1483
      1 1485
      1 1487
      2 1488
      4 1489
      2 1490
      2 1491
      1 1493
      2 1495
      2 1497
      2 1501
      1 1503
      1 1505
      1 1506
      1 1508
      1 1509
      1 1511
      1 1516
      1 1517
      1 1518
      1 1520
      1 1525
      1 1527
      2 1528
      2 1529
      1 1530
      2 1532
      1 1533
      1 1534
      1 1536
      2 1542
      1 1543
      1 1546
      1 1547
      1 1550
      1 1556
      1 1559
      1 1560
      1 1564
      1 1565
      1 1567
      1 1568
      1 1569
      1 1572
      1 1574
      1 1577
      1 1582
      2 1585
      1 1586
      1 1587
      1 1589
      1 1591
      1 1597
      1 1598
      2 1599
      2 1602
      1 1609
      1 1610
      2 1611
      1 1616
      2 1619
      1 1624
      2 1627
      1 1629
      1 1630
      1 1631
      1 1635
      2 1639
      2 1640
      1 1641
      1 1643
      2 1645
      1 1647
      1 1648
      1 1649
      2 1653
      2 1654
      1 1662
      1 1664
      2 1665
      2 1668
      1 1672
      1 1673
      1 1675
      1 1677
      1 1684
      1 1686
      1 1695
      1 1699
      1 1700
      2 1708
      1 1712
      1 1713
      1 1717
      1 1720
      1 1724
      2 1726
      1 1727
      1 1731
      1 1732
      1 1733
      1 1734
      1 1735
      1 1737
      1 1741
      2 1742
      1 1745
      1 1746
      1 1747
      2 1751
      1 1754
      1 1760
      1 1764
      1 1767
      1 1776
      1 1778
      1 1784
      1 1786
      1 1792
      1 1793
      1 1795
      1 1797
      1 1808
      1 1809
      1 1815
      1 1818
      1 1819
      1 1827
      1 1828
      1 1831
      2 1834
      1 1835
      1 1839
      1 1843
      1 1847
      1 1849
      1 1864
      1 1870
      1 1879
      1 1884
      1 1889
      2 1894
      1 1895
      1 1896
      1 1903
      1 1904
      1 1908
      1 1919
      1 1929
      1 1932
      1 1933
      1 1936
      1 1945
      1 1947
      1 1949
      1 1950
      1 1951
      1 1979
      1 1983
      2 1990
      1 1992
      1 1996
      1 1997
      1 2002
      1 2007
      1 2019
      2 2027
      1 2038
      1 2039
      1 2042
      1 2044
      1 2050
      1 2055
      1 2056
      2 2063
      2 2064
      1 2066
      1 2072
      1 2080
      1 2085
      1 2092
      1 2095
      1 2100
      1 2106
      1 2107
      1 2117
      1 2130
      1 2135
      1 2138
      1 2140
      1 2147
      1 2150
      1 2157
      2 2159
      1 2165
      1 2178
      1 2179
      1 2181
      1 2188
      1 2189
      1 2191
      1 2193
      1 2200
      1 2215
      1 2216
      1 2221
      1 2229
      1 2230
      1 2237
      2 2238
      1 2239
      1 2246
      1 2255
      1 2267
      1 2269
      1 2271
      1 2276
      1 2282
      1 2284
      1 2291
      1 2299
      1 2300
      1 2316
      1 2321
      1 2328
      1 2335
      1 2339
      1 2341
      2 2350
      1 2351
      1 2359
      1 2363
      1 2370
      1 2385
      1 2392
      1 2400
      1 2421
      1 2424
      1 2430
      1 2432
      2 2435
      1 2438
      1 2440
      1 2456
      1 2459
      1 2460
      1 2483
      1 2485
      1 2494
      1 2507
      1 2512
      1 2532
      1 2537
      1 2548
      1 2550
      1 2555
      1 2566
      1 2591
      1 2606
      1 2614
      1 2618
      1 2620
      1 2627
      1 2635
      1 2651
      1 2662
      1 2678
      1 2699
      1 2710
      1 2718
      1 2747
      1 2753
      1 2754
      2 2763
      1 2826
      1 2838
      1 2845
      1 2856
      1 2857
      1 2877
      1 2887
      1 2922
      1 2943
      1 3045
      1 3120
      1 3122
      1 3153
      1 3170
      1 3184
      1 3187
      1 3221
      1 3233
      1 3293
      1 3413
      1 3438
      1 3600
      1 3624
      1 3694
      1 3723
      1 3750
      1 3905
      1 4011
      1 4033
      1 4079
      1 4159
      1 4240
      1 4401
      1 4709
      1 5409
      1 5597
      1 5648
      1 6067
      1 6182
      1 6312
      1 6424
      1 6522
      1 13672
      1 19248
      1 24060
      1 24124
---AAD-PGBENCH-LAG-US---
  25774 0
  21221 1
  19281 2
  17755 3
  17140 4
  16424 5
  15485 6
  14633 7
  13962 8
  13774 9
  13511 10
  13151 11
  12854 12
  12935 13
  12582 14
  12434 15
  12388 16
  12413 17
  12352 18
  12156 19
  12282 20
  12259 21
  12150 22
  12294 23
  11862 24
  11786 25
  11742 26
  11966 27
  11730 28
  11965 29
  11751 30
  11802 31
  11729 32
  11766 33
  11532 34
  11329 35
  11236 36
  10931 37
  11138 38
  10907 39
  10628 40
  10700 41
  10641 42
  10689 43
  10368 44
  10187 45
  10335 46
   9987 47
   9870 48
   9595 49
   9360 50
   9095 51
   8452 52
   7770 53
   7587 54
  16297 55
  33494 56
  21493 57
  13965 58
  13605 59
  12891 60
  15217 61
  31359 62
  51060 63
  77818 64
  69599 65
  33158 66
  21699 67
  21276 68
  22081 69
  24985 70
  23809 71
  22260 72
  19564 73
  12636 74
   9594 75
   7953 76
   7068 77
   6541 78
   6254 79
   4991 80
   3792 81
   2960 82
   2572 83
   2053 84
   1728 85
   1413 86
   1181 87
    900 88
    729 89
    628 90
    519 91
    450 92
    329 93
    316 94
    250 95
    229 96
    160 97
    162 98
    111 99
     93 100
     65 101
     68 102
     55 103
     46 104
     32 105
     32 106
     17 107
     21 108
     16 109
     15 110
     10 111
     10 112
      5 113
      4 114
      3 115
      3 116
      4 117
      3 118
      1 119
      1 120
      6 121
      2 122
      2 124
      2 125
      2 126
      2 127
      1 128
      1 129
      1 130
      1 131
      5 139
      1 140
      1 142
      1 143
      2 144
      1 148
      2 149
      1 155
      1 156
      1 158
      1 159
      1 162
      1 165
      2 171
      1 173
      1 174
      1 177
      1 186
      1 194
      2 198
      1 206
      1 209
      1 212
      1 213
      3 215
      1 216
      1 218
      1 219
      2 229
      1 232
      2 234
      1 240
      1 242
      1 246
      1 249
      1 268
      1 271
      1 288
      1 298
      1 313
      1 329
      2 333
      1 340
      1 377
      1 393
      1 409
      1 411
      2 417
      1 431
      1 433
      1 437
      1 452
      1 453
      1 457
      1 479
      1 488
      1 500
      1 562
      1 575
      1 608
      1 612
      1 643
      1 649
      1 665
      1 669
      1 678
      1 692
      1 739
      1 796
      1 861
      1 869
      1 887
      1 939
      1 956
      1 957
      1 1005
      1 1043
      1 1046
      1 1068
      1 1113
      1 1253
      1 1369
      1 1371
      1 1406
      1 1417
      1 1449
      1 1450
      1 1468
      1 1495
      1 1560
      1 1668
      1 1671
      1 1687
      1 1688
      1 1692
      1 1766
      1 1770
      1 1804
      1 1819
      1 1828
      1 1851
      1 1867
      1 1885
      1 1893
      1 1934
      1 1994
      1 2065
      1 2066
      1 2075
      1 2079
      1 2081
      1 2103
      1 2148
      1 2168
      1 2179
      1 2194
      1 2222
      1 2259
      1 2264
      1 2284
      1 2353
      1 2435
      1 2445
      1 2459
      1 2473
      1 2525
      1 2531
      1 2539
      1 2540
      1 2549
      1 2586
      1 2588
      1 2602
      1 2612
      1 2625
      1 2627
      1 2704
      1 2713
      1 2716
      1 2728
      1 2790
      1 2865
      1 2878
      1 2891
      1 2942
      1 2951
      1 3002
      1 3031
      1 3036
      1 3102
      1 3145
      1 3149
      1 3159
      1 3160
      1 3176
      1 3195
      1 3196
      1 3199
      1 3216
      1 3251
      1 3257
      1 3275
      1 3313
      1 3318
      1 3336
      1 3403
      1 3518
      1 3528
      1 3533
      1 3546
      1 3555
      1 3578
      1 3621
      1 3632
      1 3651
      1 3691
      1 3704
      1 3737
      1 3750
      1 3769
      1 3856
      1 3867
      1 3873
      1 3888
      1 3905
      1 3952
      1 4050
      1 4065
      1 4086
      1 4112
      1 4119
      1 4132
      1 4146
      1 4154
      1 4193
      1 4217
      1 4222
      1 4232
      1 4270
      1 4323
      1 4376
      1 4407
      2 4448
      1 4571
      1 4624
      1 4649
      1 4664
      1 4667
      1 4761
      1 4776
      1 4903
      1 4925
      1 4931
      1 5018
      1 5019
      1 5050
      1 5059
      1 5131
      1 5136
      1 5165
      1 5250
      1 5333
      1 5446
      1 5480
      1 5581
      1 5661
      1 5702
      1 5770
      1 5772
      1 5964
      1 6031
      1 6032
      1 6058
      1 6152
      1 6162
      1 6164
      1 6173
      1 6187
      1 6208
      1 6567
      1 6617
      1 6754
      1 6880
      1 7030
      1 7566
      1 7682
      1 8014
      1 8144
      1 8147
      1 8558
      1 8851
      1 9448
      1 10050
