pgbench (18.6 (Debian 18.6-1.pgdg13+2))
starting vacuum...end.
transaction type: <builtin: select only>
scaling factor: 1000
query mode: simple
number of clients: 128
number of threads: 16
maximum number of tries: 1
duration: 480 s
number of transactions actually processed: 116048636
number of failed transactions: 0 (0.000%)
latency average = 0.436 ms
latency stddev = 0.216 ms
rate limit schedule lag: avg 0.065 (max 27.868) ms
initial connection time = 274.939 ms
tps = 241902.042692 (without initial connection time)
---AAD-PGBENCH-LATENCY-US---
rc=0
samples=2321183
      2 233
      2 234
      4 235
      3 236
      4 237
     10 238
      9 239
     21 240
     19 241
     32 242
     38 243
     43 244
     52 245
     84 246
     88 247
    104 248
    118 249
    170 250
    222 251
    223 252
    260 253
    307 254
    353 255
    373 256
    448 257
    561 258
    628 259
    676 260
    771 261
    889 262
    993 263
   1125 264
   1227 265
   1367 266
   1586 267
   1692 268
   1894 269
   2034 270
   2235 271
   2405 272
   2523 273
   2654 274
   2945 275
   3110 276
   3404 277
   3521 278
   3782 279
   3883 280
   4067 281
   4129 282
   4234 283
   4507 284
   4538 285
   4777 286
   5011 287
   4971 288
   5171 289
   5353 290
   5327 291
   5485 292
   5489 293
   5670 294
   5767 295
   6024 296
   6159 297
   6466 298
   6411 299
   6700 300
   6773 301
   6831 302
   7305 303
   7601 304
   7756 305
   7880 306
   8175 307
   8328 308
   8723 309
   8758 310
   9262 311
   9505 312
   9798 313
  10051 314
  10524 315
  10652 316
  11088 317
  11581 318
  11748 319
  12346 320
  12627 321
  12785 322
  13222 323
  14065 324
  14301 325
  14700 326
  15260 327
  15664 328
  16364 329
  16764 330
  17427 331
  18056 332
  18674 333
  19485 334
  19899 335
  20498 336
  21188 337
  21810 338
  22399 339
  22878 340
  23523 341
  23990 342
  24510 343
  24617 344
  25061 345
  25331 346
  25383 347
  24830 348
  24582 349
  24106 350
  23921 351
  23372 352
  22710 353
  22285 354
  21767 355
  21246 356
  20781 357
  20390 358
  19485 359
  19217 360
  18804 361
  18178 362
  17523 363
  17208 364
  16659 365
  16465 366
  15954 367
  15596 368
  15484 369
  15208 370
  15034 371
  14653 372
  14418 373
  14352 374
  14032 375
  13614 376
  13410 377
  13286 378
  13061 379
  12827 380
  12814 381
  12784 382
  12455 383
  12413 384
  12508 385
  12158 386
  12143 387
  11964 388
  12069 389
  11968 390
  11908 391
  11814 392
  11695 393
  11685 394
  11774 395
  11801 396
  11760 397
  11767 398
  11940 399
  11886 400
  12168 401
  12292 402
  12235 403
  12247 404
  12398 405
  12441 406
  12513 407
  12433 408
  12611 409
  12618 410
  12507 411
  12594 412
  12618 413
  12509 414
  12233 415
  12199 416
  11837 417
  11352 418
  11187 419
  10798 420
  10660 421
  10041 422
   9725 423
   9209 424
   9076 425
   8840 426
   8388 427
   7938 428
   7501 429
   7406 430
   7190 431
   6800 432
   6641 433
   6125 434
   6094 435
   5884 436
   5758 437
   5552 438
   5403 439
   5197 440
   4953 441
   4853 442
   4726 443
   4639 444
   4464 445
   4373 446
   4325 447
   4117 448
   4022 449
   3930 450
   3882 451
   3860 452
   3748 453
   3662 454
   3648 455
   3582 456
   3479 457
   3506 458
   3313 459
   3345 460
   3295 461
   3325 462
   3260 463
   3072 464
   3217 465
   3080 466
   3082 467
   3168 468
   3186 469
   3119 470
   3197 471
   3112 472
   3051 473
   3069 474
   3031 475
   3102 476
   3079 477
   3053 478
   3082 479
   2974 480
   2947 481
   3038 482
   2837 483
   2799 484
   2688 485
   2628 486
   2598 487
   2549 488
   2513 489
   2224 490
   2178 491
   2080 492
   1985 493
   1944 494
   1761 495
   1713 496
   1664 497
   1609 498
   1544 499
   1451 500
   1284 501
   1336 502
   1210 503
   1155 504
   1165 505
   1075 506
   1053 507
   1016 508
    962 509
    928 510
    922 511
    847 512
    830 513
    784 514
    763 515
    732 516
    733 517
    664 518
    643 519
    671 520
    658 521
    626 522
    590 523
    601 524
    569 525
    556 526
    547 527
    523 528
    553 529
    543 530
    497 531
    493 532
    475 533
    438 534
    444 535
    448 536
    478 537
    441 538
    404 539
    424 540
    465 541
    451 542
    372 543
    409 544
    421 545
    412 546
    394 547
    398 548
    367 549
    415 550
    372 551
    369 552
    366 553
    327 554
    318 555
    299 556
    308 557
    306 558
    265 559
    277 560
    257 561
    280 562
    240 563
    216 564
    243 565
    225 566
    197 567
    166 568
    167 569
    164 570
    183 571
    174 572
    123 573
    135 574
    128 575
    123 576
    131 577
    124 578
    138 579
    103 580
    104 581
    101 582
     95 583
     83 584
     83 585
     66 586
     86 587
     87 588
     77 589
     79 590
     85 591
     80 592
     71 593
     81 594
     68 595
     68 596
     70 597
     67 598
     62 599
     53 600
     66 601
     43 602
     60 603
     61 604
     49 605
     53 606
     52 607
     52 608
     56 609
     46 610
     64 611
     57 612
     58 613
     45 614
     64 615
     45 616
     49 617
     44 618
     52 619
     51 620
     59 621
     47 622
     51 623
     29 624
     49 625
     40 626
     33 627
     44 628
     31 629
     30 630
     31 631
     36 632
     32 633
     29 634
     23 635
     16 636
     20 637
     27 638
     22 639
     23 640
     23 641
     18 642
     16 643
     21 644
     19 645
     14 646
     21 647
     10 648
     20 649
     15 650
     12 651
     18 652
     15 653
     14 654
     13 655
     13 656
     13 657
     11 658
     12 659
     12 660
     12 661
     11 662
     12 663
     13 664
     11 665
      9 666
     12 667
      6 668
      5 669
      3 670
     10 671
      7 672
     10 673
     10 674
      9 675
      6 676
      4 677
      9 678
     10 679
      7 680
      6 681
     10 682
      8 683
     10 684
      7 685
     10 686
      7 687
      6 688
      6 689
      9 690
     11 691
     11 692
      5 693
      6 694
      5 695
      6 696
      4 697
      6 698
     10 699
      7 700
      4 701
      8 702
      7 703
      5 704
      4 705
      2 706
      6 707
      6 708
      3 709
      4 710
      2 711
      3 712
      2 713
      2 714
      2 715
      4 716
      6 717
      2 718
      4 719
      4 720
      4 721
      2 723
      1 724
      2 725
      3 726
      3 727
      4 728
      2 729
      1 731
      3 732
      1 733
      3 736
      4 737
      1 739
      1 740
      1 741
      1 742
      2 744
      3 745
      1 746
      1 747
      2 748
      3 749
      2 750
      3 751
      2 752
      1 754
      3 755
      2 756
      2 757
      2 758
      1 759
      1 760
      3 761
      1 762
      1 763
      4 764
      2 765
      4 766
      2 767
      2 769
      1 770
      4 771
      1 773
      3 774
      1 775
      1 776
      2 778
      1 780
      2 781
      1 786
      1 788
      1 789
      2 790
      2 791
      2 792
      1 793
      2 794
      3 796
      1 800
      1 801
      4 806
      2 810
      2 811
      1 812
      2 815
      1 816
      2 821
      1 822
      1 826
      2 829
      1 830
      1 834
      1 835
      1 837
      1 840
      1 842
      3 844
      1 846
      1 849
      1 853
      1 854
      1 860
      1 862
      1 867
      1 876
      1 877
      1 885
      1 889
      1 890
      1 893
      1 897
      1 898
      1 902
      1 914
      2 921
      1 922
      2 923
      1 924
      1 928
      1 939
      1 949
      1 957
      1 959
      1 966
      1 970
      1 986
      1 1018
      1 1021
      1 1029
      1 1039
      1 1061
      1 1069
      1 1072
      1 1073
      1 1078
      1 1089
      1 1097
      1 1103
      1 1111
      1 1145
      1 1163
      1 1171
      1 1182
      1 1185
      1 1228
      1 1296
      1 1308
      1 1323
      1 1325
      1 1359
      1 1381
      1 1414
      1 1437
      1 1438
      1 1467
      1 1499
      1 1583
      1 1704
      1 1955
      1 2113
      1 2199
      1 2233
      1 2279
      1 2447
      1 2672
      1 2760
      1 4103
      1 5382
      1 5890
      1 10131
      1 15044
      1 19289
---AAD-PGBENCH-LAG-US---
  39500 0
  33784 1
  29738 2
  28271 3
  27801 4
  27013 5
  26071 6
  25388 7
  24591 8
  24342 9
  23477 10
  23197 11
  22851 12
  22477 13
  22406 14
  22572 15
  22225 16
  22286 17
  22026 18
  22198 19
  21880 20
  22096 21
  22029 22
  21982 23
  22051 24
  22206 25
  21758 26
  21870 27
  21894 28
  21749 29
  22067 30
  21830 31
  21680 32
  21355 33
  21285 34
  21141 35
  20691 36
  20185 37
  20379 38
  20255 39
  20156 40
  20033 41
  19719 42
  19528 43
  19131 44
  19047 45
  18971 46
  18795 47
  18496 48
  18273 49
  17660 50
  17107 51
  16089 52
  15375 53
  14877 54
  22580 55
  39380 56
  26266 57
  20929 58
  19988 59
  19001 60
  21893 61
  39412 62
  51210 63
  56665 64
  54550 65
  32630 66
  25169 67
  26971 68
  25833 69
  25699 70
  25117 71
  24510 72
  21805 73
  16112 74
  13541 75
  12157 76
  11348 77
  10951 78
  10484 79
   9322 80
   8191 81
   7517 82
   7002 83
   6439 84
   6000 85
   5682 86
   5397 87
   4950 88
   4838 89
   4683 90
   4450 91
   4332 92
   4177 93
   4093 94
   3925 95
   3871 96
   3816 97
   3795 98
   3778 99
   3621 100
   3439 101
   3528 102
   3477 103
   3503 104
   3573 105
   3410 106
   3296 107
   3393 108
   3289 109
   3157 110
   3300 111
   3134 112
   3201 113
   3034 114
   3146 115
   3100 116
   3039 117
   3061 118
   3109 119
   3057 120
   3012 121
   2867 122
   2970 123
   2912 124
   2812 125
   2844 126
   2908 127
   2730 128
   2840 129
   2708 130
   2627 131
   2615 132
   2686 133
   2637 134
   2675 135
   2620 136
   2649 137
   2562 138
   2568 139
   2543 140
   2533 141
   2514 142
   2537 143
   2426 144
   2476 145
   2417 146
   2502 147
   2398 148
   2337 149
   2327 150
   2230 151
   2386 152
   2308 153
   2295 154
   2236 155
   2229 156
   2224 157
   2159 158
   2189 159
   2190 160
   2179 161
   2154 162
   2054 163
   2053 164
   2036 165
   2064 166
   1976 167
   2021 168
   1853 169
   1910 170
   1911 171
   1875 172
   1790 173
   1937 174
   1783 175
   1874 176
   1765 177
   1759 178
   1764 179
   1820 180
   1746 181
   1731 182
   1763 183
   1687 184
   1700 185
   1650 186
   1593 187
   1607 188
   1570 189
   1539 190
   1490 191
   1535 192
   1502 193
   1616 194
   1397 195
   1455 196
   1425 197
   1456 198
   1412 199
   1372 200
   1336 201
   1385 202
   1363 203
   1286 204
   1292 205
   1278 206
   1339 207
   1299 208
   1249 209
   1239 210
   1292 211
   1258 212
   1189 213
   1189 214
   1218 215
   1149 216
   1127 217
   1097 218
   1061 219
   1090 220
   1121 221
   1052 222
   1017 223
   1007 224
   1008 225
    975 226
    947 227
    945 228
    903 229
    925 230
    936 231
    911 232
    963 233
    921 234
    901 235
    849 236
    923 237
    845 238
    870 239
    890 240
    828 241
    770 242
    821 243
    743 244
    771 245
    771 246
    774 247
    754 248
    794 249
    701 250
    720 251
    741 252
    678 253
    692 254
    702 255
    671 256
    665 257
    617 258
    635 259
    651 260
    600 261
    592 262
    594 263
    589 264
    549 265
    569 266
    566 267
    539 268
    564 269
    578 270
    513 271
    536 272
    489 273
    506 274
    488 275
    496 276
    421 277
    505 278
    495 279
    447 280
    467 281
    442 282
    461 283
    462 284
    451 285
    414 286
    439 287
    422 288
    452 289
    417 290
    400 291
    397 292
    400 293
    345 294
    359 295
    362 296
    347 297
    353 298
    359 299
    370 300
    367 301
    350 302
    348 303
    351 304
    323 305
    314 306
    361 307
    296 308
    302 309
    313 310
    276 311
    289 312
    300 313
    283 314
    300 315
    278 316
    284 317
    256 318
    270 319
    307 320
    265 321
    280 322
    269 323
    241 324
    229 325
    241 326
    277 327
    243 328
    237 329
    216 330
    232 331
    189 332
    227 333
    233 334
    200 335
    227 336
    204 337
    213 338
    199 339
    214 340
    215 341
    183 342
    188 343
    185 344
    177 345
    183 346
    204 347
    194 348
    178 349
    190 350
    163 351
    168 352
    181 353
    166 354
    164 355
    175 356
    160 357
    180 358
    178 359
    157 360
    164 361
    168 362
    143 363
    140 364
    136 365
    155 366
    171 367
    151 368
    138 369
    137 370
    141 371
    127 372
    139 373
    134 374
    133 375
    136 376
    139 377
    126 378
    123 379
    117 380
    111 381
    121 382
    108 383
    103 384
    120 385
    117 386
    120 387
    119 388
    103 389
    104 390
    106 391
    124 392
     88 393
     96 394
    122 395
     83 396
    111 397
     78 398
     95 399
     80 400
     80 401
     93 402
     91 403
     93 404
     83 405
     92 406
    103 407
     92 408
     80 409
     84 410
     78 411
     92 412
     69 413
     80 414
     98 415
     88 416
     77 417
     77 418
     55 419
     77 420
     69 421
     62 422
     76 423
     64 424
     65 425
     71 426
     71 427
     52 428
     75 429
     70 430
     69 431
     64 432
     61 433
     69 434
     59 435
     65 436
     50 437
     59 438
     51 439
     50 440
     55 441
     45 442
     54 443
     52 444
     59 445
     71 446
     40 447
     54 448
     45 449
     40 450
     41 451
     54 452
     47 453
     48 454
     54 455
     46 456
     53 457
     54 458
     34 459
     39 460
     45 461
     36 462
     43 463
     47 464
     46 465
     59 466
     45 467
     45 468
     39 469
     35 470
     38 471
     32 472
     33 473
     37 474
     40 475
     42 476
     34 477
     33 478
     26 479
     35 480
     38 481
     33 482
     39 483
     34 484
     40 485
     33 486
     42 487
     32 488
     19 489
     30 490
     24 491
     35 492
     22 493
     28 494
     24 495
     26 496
     26 497
     28 498
     31 499
     37 500
     21 501
     23 502
     31 503
     29 504
     30 505
     18 506
     31 507
     27 508
     36 509
     25 510
     27 511
     13 512
     22 513
     23 514
     22 515
     16 516
     18 517
     22 518
     28 519
     25 520
     28 521
     19 522
     23 523
     11 524
     25 525
     24 526
     21 527
     25 528
     18 529
     14 530
     21 531
     24 532
     23 533
     15 534
     18 535
     17 536
     20 537
     22 538
     18 539
     12 540
     12 541
     14 542
     21 543
     17 544
     10 545
     16 546
     16 547
     16 548
     14 549
     21 550
     12 551
      9 552
      7 553
     15 554
     17 555
     13 556
     16 557
      6 558
     16 559
     19 560
     11 561
     12 562
     16 563
     15 564
     11 565
     13 566
     12 567
     10 568
     13 569
     16 570
     14 571
     10 572
     10 573
     17 574
      8 575
      7 576
      9 577
     13 578
      8 579
     10 580
     17 581
     16 582
     10 583
      5 584
      8 585
     10 586
      9 587
     14 588
     11 589
      5 590
     16 591
     11 592
     11 593
     11 594
     14 595
      5 596
     12 597
     11 598
      6 599
     12 600
      6 601
      5 602
      4 603
     10 604
      4 605
     11 606
      5 607
      4 608
      8 609
      6 610
      6 611
      2 612
      7 613
      8 614
      8 615
      9 616
      4 617
      4 618
      3 619
      8 620
      7 621
     10 622
      5 623
      5 624
      8 625
      9 626
      3 627
      5 628
      8 629
      4 630
      5 631
      4 632
      8 633
      4 634
      2 635
     11 636
      3 637
      6 638
      3 639
      6 640
      7 641
      5 642
      8 643
      6 644
      5 645
     10 646
      4 647
      2 648
      2 649
      6 650
      5 651
      6 652
      5 653
      2 654
      3 655
      7 656
      5 657
      2 658
      5 659
      4 660
      5 661
      7 662
      5 663
      1 664
      2 665
     10 666
      6 667
      5 668
      2 669
      5 670
      5 671
      3 672
      3 673
      3 674
      6 675
      6 676
      4 677
      4 678
      3 679
      9 680
      9 681
      2 682
      6 683
      6 684
      4 685
      3 686
      5 687
      3 688
      5 689
      1 690
      4 691
      2 692
      2 693
      1 694
      3 695
      3 696
      3 698
      3 699
      3 700
      4 701
      1 702
      3 703
      2 704
      3 705
      2 706
      4 707
      4 709
      2 711
      3 712
      1 713
      6 714
      2 715
      3 716
      3 717
      3 718
      3 719
      5 720
      3 721
      3 722
      3 724
      1 725
      3 726
      1 727
      2 728
      2 729
      2 730
      2 731
      2 732
      2 733
      2 734
      3 735
      2 736
      3 737
      5 738
      1 739
      2 740
      3 741
      2 743
      4 744
      1 745
      2 748
      2 749
      2 750
      2 751
      1 754
      2 756
      2 758
      2 759
      2 760
      1 761
      1 762
      1 763
      2 765
      1 766
      1 767
      1 768
      2 769
      3 770
      2 771
      1 772
      2 773
      1 774
      3 775
      2 776
      1 777
      2 779
      3 780
      3 781
      1 784
      2 786
      5 787
      1 788
      2 790
      1 793
      1 794
      2 795
      1 797
      1 798
      4 799
      1 800
      3 801
      1 802
      2 805
      1 806
      1 808
      1 809
      1 811
      1 812
      1 814
      1 815
      2 818
      4 819
      1 820
      2 826
      3 828
      1 830
      2 831
      3 833
      1 834
      1 838
      1 839
      1 840
      1 841
      2 842
      1 845
      1 846
      1 847
      2 849
      1 853
      1 854
      1 859
      3 861
      2 865
      1 867
      3 872
      1 873
      1 876
      1 878
      1 881
      1 885
      1 886
      1 887
      1 889
      1 890
      2 892
      1 893
      1 902
      1 912
      1 922
      2 930
      2 934
      1 936
      1 938
      1 941
      2 944
      1 946
      1 947
      1 948
      1 957
      1 958
      1 959
      2 962
      1 972
      1 984
      1 987
      1 990
      1 996
      1 999
      1 1003
      2 1013
      1 1015
      2 1020
      1 1023
      1 1031
      2 1032
      1 1040
      1 1043
      1 1047
      1 1078
      1 1086
      1 1107
      1 1144
      2 1147
      1 1150
      1 1153
      1 1160
      1 1161
      1 1170
      1 1177
      1 1190
      1 1193
      1 1197
      1 1202
      2 1204
      1 1206
      1 1208
      1 1209
      1 1219
      1 1221
      1 1227
      1 1246
      1 1261
      1 1275
      1 1295
      1 1317
      1 1336
      1 1342
      1 1345
      1 1351
      1 1368
      1 1387
      1 1389
      1 1417
      2 1484
      1 1506
      1 1507
      1 1512
      1 1524
      1 1532
      1 1534
      1 1547
      1 1562
      1 1600
      1 1607
      1 1609
      1 1636
      1 1643
      1 1649
      1 1679
      1 1680
      1 1703
      1 1710
      1 1760
      1 1772
      1 1797
      1 1824
      1 1860
      1 1875
      1 1942
      1 1949
      1 1950
      1 1991
      1 2006
      1 2009
      1 2018
      1 2028
      1 2040
      1 2059
      1 2060
      1 2072
      1 2128
      1 2164
      1 2194
      1 2203
      1 2218
      1 2219
      1 2222
      1 2292
      1 2326
      1 2357
      1 2491
      1 2492
      1 2502
      1 2590
      1 2594
      1 2600
      1 2643
      1 2651
      1 2743
      1 2785
      1 2819
      1 2826
      1 2861
      1 2928
      1 2949
      1 2976
      1 2982
      1 3012
      1 3018
      1 3048
      1 3065
      1 3066
      1 3090
      1 3110
      1 3153
      1 3184
      1 3230
      1 3263
      1 3348
      1 3365
      1 3402
      1 3436
      1 3453
      1 3558
      1 3578
      1 3606
      1 3651
      1 3691
      1 3791
      1 3871
      1 3873
      1 3898
      1 3937
      1 4051
      1 4076
      1 4113
      1 4159
      1 4161
      1 4162
      1 4179
      1 4190
      1 4193
      1 4216
      1 4238
      1 4253
      1 4258
      1 4285
      1 4306
      1 4311
      1 4332
      1 4583
      1 4608
      1 4615
      1 4645
      1 4695
      1 4726
      1 4805
      2 4884
      1 4917
      1 4955
      1 4997
      1 5191
      1 5333
      1 5369
      1 5373
      1 5389
      1 5420
      1 5441
      1 5465
      1 5471
      1 5500
      1 5520
      1 5593
      1 5671
      1 5686
      1 5692
      1 5699
      1 5778
      1 5781
      1 5848
      1 5869
      1 5886
      1 5916
      1 5943
      1 6014
      1 6054
      1 6092
      1 6095
      1 6123
      1 6138
      1 6145
      1 6245
      1 6247
      1 6261
      2 6302
      1 6515
      1 6620
      1 6844
      1 6874
      1 6875
      1 6944
      1 6957
      1 6980
      1 7056
      1 7071
      1 7116
      1 7140
      1 7223
      1 7236
      1 7377
      1 7432
      1 7433
      1 7459
      1 7507
      1 7532
      1 7557
      1 7637
      1 7785
      1 7856
      1 7869
      1 8025
      1 8111
      1 8142
      1 8181
      1 8194
      1 8313
      1 8483
      1 8649
      1 8660
      1 8703
      1 8727
      1 8745
      2 8784
      1 8895
      1 8956
      1 9062
      1 9129
      1 9222
      1 9287
      1 9290
      1 9298
      1 9419
      1 9421
      1 9495
      1 9499
      1 9570
      1 9707
      1 9907
      1 10093
      1 10107
      1 10128
      1 10187
      1 10237
      1 10362
      1 10412
      1 10484
      1 10626
      1 10682
      1 10720
      1 10727
      1 10774
      1 10800
      1 10809
      1 11051
      1 11086
      1 11127
      1 11203
      1 11216
      1 11225
      1 11436
      1 11481
      1 11572
      1 11591
      1 11658
      1 11671
      1 11711
      1 11884
      1 11932
      1 11940
      1 12020
      1 12037
      1 12106
      1 12150
      1 12290
      1 12342
      1 12428
      1 12433
      1 12617
      2 12685
      1 12789
      1 12814
      2 12942
      1 13036
      1 13132
      1 13141
      1 13171
      1 13243
      1 13258
      1 13325
      1 13407
      1 13433
      1 13508
      1 13543
      1 13562
      1 13821
      1 13893
      1 13895
      1 14028
      1 14142
      1 14178
      1 14273
      1 14295
      1 14319
      2 14339
      1 14373
      1 14493
      1 14709
      1 14921
      1 15042
      1 15102
      1 15232
      1 15335
      1 15338
      1 15413
      1 15430
      1 15513
      1 15583
      1 15733
      1 15740
      1 15884
      1 15906
      1 15924
      1 16001
      1 16049
      1 16064
      1 16172
      1 16181
      1 16229
      1 16241
      1 16253
      1 16280
      1 16299
      1 16307
      1 16309
      1 16397
      1 16427
      1 16492
      1 16653
      1 16664
      1 16669
      1 16880
      1 17014
      1 17220
      1 17272
      1 17375
      1 17422
      1 17491
      1 17539
      1 17583
      1 17600
      1 17624
      1 17647
      1 17697
      1 17733
      1 17760
      1 17798
      1 17829
      1 17845
      1 17959
      1 17963
      1 18000
      1 18074
      1 18185
      1 18220
      1 18221
      1 18246
      1 18473
      1 18495
      1 18578
      1 18642
      1 18739
      1 18784
      1 18809
      2 18881
      1 18948
      1 19072
      1 19075
      1 19147
      1 19175
      1 19183
      1 19211
      1 19226
      1 19256
      1 19267
      1 19343
      1 19416
      1 19496
      1 19529
      1 19628
      1 19652
      1 19795
      1 19818
      1 19893
      1 19969
      1 20059
      1 20113
      1 20160
      1 20169
      1 20184
      1 20252
      1 20323
      1 20328
      1 20343
      1 20353
      1 20379
      1 20404
      1 20427
      1 20464
      1 20477
      1 20490
      1 20531
      1 20540
      1 20568
      1 20570
      1 20576
      1 20587
      1 20591
      1 20636
      1 20645
      1 20693
      1 20759
      1 20859
      1 20883
      1 20934
      1 20997
      1 21019
      1 21194
      1 21252
      1 21273
      1 21280
      1 21283
      1 21460
      1 21505
      1 21506
      1 21564
      1 21582
      1 21596
      1 21612
      1 21679
      1 21691
      1 21694
      1 21804
      1 21846
      1 21870
      1 21907
      1 21918
      1 21959
      1 22045
      1 22056
      1 22058
      1 22083
      1 22148
      1 22251
      1 22400
      1 22408
      1 22409
      1 22456
      1 22500
      1 22509
      1 22542
      1 22654
      1 22708
      1 22763
      1 22954
      1 22963
      1 22987
      1 23055
      1 23059
      1 23120
      1 23125
      1 23300
      1 23371
      1 23406
      1 23558
      1 23960
      1 24053
      1 24059
      1 24100
      1 24146
      1 24181
      1 24485
      1 24503
      1 25460
      1 25484
      1 25663
      1 26173
      1 26548
      1 26730
      1 27093
      1 27157
      1 27196
      1 27199
      1 27429
      1 27795
