pgbench (18.6 (Debian 18.6-1.pgdg13+2))
starting vacuum...end.
transaction type: <builtin: select only>
scaling factor: 1000
query mode: simple
number of clients: 128
number of threads: 16
maximum number of tries: 1
duration: 480 s
number of transactions actually processed: 116038581
number of failed transactions: 0 (0.000%)
latency average = 0.441 ms
latency stddev = 0.107 ms
rate limit schedule lag: avg 0.065 (max 24.686) ms
initial connection time = 262.297 ms
tps = 241878.790088 (without initial connection time)
---AAD-PGBENCH-LATENCY-US---
rc=0
samples=2319534
      1 231
      1 233
      5 235
      3 236
      4 237
      8 238
      8 239
     21 240
     19 241
     26 242
     24 243
     42 244
     42 245
     71 246
     69 247
     76 248
    109 249
    134 250
    179 251
    169 252
    185 253
    229 254
    251 255
    307 256
    328 257
    444 258
    467 259
    557 260
    673 261
    741 262
    816 263
    912 264
   1040 265
   1160 266
   1246 267
   1436 268
   1523 269
   1658 270
   1811 271
   2003 272
   2179 273
   2288 274
   2511 275
   2644 276
   2798 277
   2993 278
   3138 279
   3256 280
   3425 281
   3499 282
   3637 283
   3846 284
   3807 285
   3857 286
   4055 287
   4202 288
   4319 289
   4429 290
   4532 291
   4695 292
   4834 293
   4887 294
   4984 295
   5218 296
   5262 297
   5446 298
   5675 299
   5766 300
   6051 301
   6139 302
   6198 303
   6584 304
   6768 305
   6967 306
   7225 307
   7482 308
   7711 309
   7929 310
   8384 311
   8567 312
   8748 313
   9048 314
   9153 315
   9642 316
   9753 317
  10221 318
  10658 319
  11027 320
  11382 321
  12045 322
  12292 323
  12744 324
  12946 325
  13530 326
  13894 327
  14497 328
  14861 329
  15449 330
  16311 331
  16590 332
  17314 333
  17762 334
  18709 335
  19071 336
  19864 337
  20292 338
  21252 339
  21848 340
  22221 341
  22503 342
  23107 343
  23492 344
  23879 345
  23875 346
  24011 347
  23747 348
  23496 349
  23164 350
  22957 351
  22691 352
  22314 353
  21604 354
  21563 355
  20957 356
  20290 357
  19687 358
  19277 359
  18641 360
  18075 361
  17718 362
  17568 363
  17087 364
  16875 365
  16396 366
  16002 367
  15808 368
  15596 369
  15396 370
  15047 371
  14685 372
  14263 373
  14233 374
  14233 375
  14022 376
  13928 377
  13817 378
  13736 379
  13587 380
  13386 381
  13319 382
  12964 383
  13027 384
  12925 385
  12842 386
  12880 387
  12754 388
  12902 389
  12469 390
  12506 391
  12538 392
  12708 393
  12500 394
  12589 395
  12668 396
  12786 397
  12633 398
  12813 399
  12826 400
  13021 401
  13101 402
  13309 403
  13229 404
  13531 405
  13630 406
  13490 407
  13733 408
  13939 409
  13790 410
  13820 411
  13791 412
  13787 413
  13633 414
  13538 415
  13415 416
  12952 417
  12555 418
  12201 419
  11928 420
  11585 421
  11137 422
  10575 423
  10487 424
   9908 425
   9652 426
   9178 427
   8888 428
   8572 429
   8355 430
   7898 431
   7675 432
   7293 433
   7204 434
   6816 435
   6634 436
   6323 437
   6235 438
   6090 439
   5782 440
   5648 441
   5388 442
   5452 443
   5252 444
   5139 445
   5022 446
   4839 447
   4587 448
   4559 449
   4495 450
   4400 451
   4279 452
   4333 453
   4214 454
   4000 455
   4044 456
   3952 457
   3886 458
   3825 459
   3788 460
   3688 461
   3770 462
   3552 463
   3632 464
   3575 465
   3583 466
   3536 467
   3565 468
   3534 469
   3502 470
   3487 471
   3596 472
   3411 473
   3395 474
   3371 475
   3494 476
   3391 477
   3463 478
   3400 479
   3289 480
   3133 481
   3072 482
   3138 483
   3174 484
   3024 485
   3019 486
   2824 487
   2701 488
   2643 489
   2527 490
   2477 491
   2330 492
   2308 493
   2163 494
   2051 495
   1948 496
   1865 497
   1752 498
   1702 499
   1662 500
   1565 501
   1453 502
   1347 503
   1401 504
   1284 505
   1227 506
   1234 507
   1132 508
   1082 509
   1066 510
   1080 511
    969 512
    971 513
    933 514
    891 515
    850 516
    830 517
    761 518
    777 519
    770 520
    772 521
    671 522
    702 523
    697 524
    657 525
    612 526
    634 527
    625 528
    603 529
    543 530
    556 531
    574 532
    555 533
    531 534
    538 535
    514 536
    523 537
    475 538
    498 539
    511 540
    491 541
    475 542
    493 543
    488 544
    490 545
    472 546
    436 547
    434 548
    435 549
    411 550
    385 551
    386 552
    411 553
    405 554
    366 555
    375 556
    358 557
    370 558
    314 559
    326 560
    314 561
    258 562
    252 563
    252 564
    243 565
    247 566
    214 567
    219 568
    201 569
    200 570
    173 571
    178 572
    171 573
    163 574
    152 575
    172 576
    135 577
    137 578
    125 579
    147 580
    133 581
    130 582
    129 583
     94 584
    117 585
     98 586
    100 587
    102 588
     96 589
    105 590
     86 591
     85 592
     82 593
     80 594
     77 595
     69 596
     68 597
     79 598
     79 599
     77 600
     62 601
     79 602
     61 603
     66 604
     64 605
     65 606
     60 607
     55 608
     47 609
     50 610
     67 611
     55 612
     57 613
     67 614
     60 615
     41 616
     59 617
     64 618
     49 619
     51 620
     60 621
     37 622
     56 623
     48 624
     46 625
     41 626
     36 627
     32 628
     33 629
     32 630
     45 631
     43 632
     34 633
     42 634
     38 635
     25 636
     36 637
     25 638
     26 639
     19 640
     22 641
     21 642
     18 643
     20 644
     23 645
     15 646
     22 647
     20 648
     12 649
     17 650
     18 651
     18 652
     11 653
     21 654
     11 655
     12 656
     13 657
     14 658
     15 659
     12 660
     17 661
     11 662
     15 663
     10 664
     10 665
      7 666
     12 667
      8 668
      9 669
     14 670
     12 671
     11 672
      7 673
      9 674
      6 675
      5 676
     15 677
     10 678
      8 679
     12 680
      5 681
     10 682
      9 683
      9 684
     16 685
     10 686
      6 687
      8 688
     11 689
      5 690
      9 691
      5 692
      4 693
      6 694
      8 695
      7 696
      5 697
     10 698
      4 699
      7 700
      8 701
     11 702
      4 703
      5 704
      3 705
      2 706
      1 707
      2 708
      4 709
      6 710
      2 711
      5 712
      3 713
      3 714
      4 715
      4 716
      5 717
      1 718
      1 720
      4 721
      1 722
      2 723
      5 724
      3 725
      3 726
      7 727
      2 728
      4 729
      2 730
      3 731
      3 732
      1 733
      2 734
      3 735
      2 736
      1 737
      3 738
      1 739
      4 740
      2 741
      1 742
      2 743
      2 744
      1 745
      1 746
      1 747
      3 748
      1 749
      3 751
      6 752
      3 753
      1 754
      1 755
      2 756
      4 757
      5 759
      1 760
      2 761
      1 763
      1 764
      4 765
      2 766
      1 767
      1 768
      2 769
      2 770
      4 771
      1 772
      3 773
      1 774
      1 776
      3 778
      1 779
      2 780
      1 781
      2 785
      1 786
      1 788
      3 791
      2 792
      1 793
      1 795
      1 802
      1 803
      1 804
      2 808
      2 809
      3 814
      2 816
      1 819
      1 821
      1 822
      1 825
      1 827
      3 829
      3 830
      1 831
      2 832
      1 833
      2 835
      3 837
      1 839
      1 840
      1 844
      3 847
      1 848
      2 860
      3 869
      1 870
      1 871
      1 876
      1 877
      2 884
      1 885
      1 888
      2 894
      1 898
      1 903
      3 904
      1 907
      1 914
      1 938
      1 945
      1 953
      1 959
      1 961
      1 963
      1 966
      1 981
      1 990
      1 995
      1 1025
      1 1032
      1 1033
      1 1034
      1 1043
      1 1051
      1 1062
      1 1065
      1 1092
      1 1110
      1 1112
      1 1116
      1 1124
      1 1137
      2 1173
      1 1201
      1 1211
      1 1219
      1 1223
      1 1249
      1 1255
      1 1261
      1 1269
      1 1315
      1 1376
      1 1388
      1 1514
      1 1521
      1 1636
      1 1709
      1 1895
      1 2020
      1 2080
      1 2120
      1 2131
      1 2284
      1 2500
      1 2504
      1 2522
      1 2908
      1 5742
      1 24568
      1 24769
      1 24846
---AAD-PGBENCH-LAG-US---
  38166 0
  33095 1
  29364 2
  27560 3
  26620 4
  26104 5
  25260 6
  24595 7
  24305 8
  23773 9
  23202 10
  22716 11
  22464 12
  22018 13
  22005 14
  21890 15
  21891 16
  21569 17
  21711 18
  21656 19
  21673 20
  21738 21
  21543 22
  21505 23
  21724 24
  21680 25
  21757 26
  21341 27
  21544 28
  21418 29
  21638 30
  21671 31
  21223 32
  21120 33
  21215 34
  20502 35
  20347 36
  20077 37
  19958 38
  19825 39
  19857 40
  19717 41
  19051 42
  19020 43
  19110 44
  18911 45
  18561 46
  18456 47
  18154 48
  18109 49
  17634 50
  16778 51
  15853 52
  14968 53
  14837 54
  23605 55
  40040 56
  25396 57
  20795 58
  19942 59
  18961 60
  22257 61
  39041 62
  49373 63
  55176 64
  53180 65
  31897 66
  24814 67
  26571 68
  25423 69
  25382 70
  24746 71
  24017 72
  21462 73
  16198 74
  13598 75
  12349 76
  11372 77
  10992 78
  10554 79
   9601 80
   8506 81
   7609 82
   7183 83
   6528 84
   6308 85
   5838 86
   5514 87
   5236 88
   5000 89
   4679 90
   4536 91
   4421 92
   4285 93
   4127 94
   4146 95
   4051 96
   3960 97
   3750 98
   3758 99
   3769 100
   3708 101
   3609 102
   3531 103
   3574 104
   3348 105
   3490 106
   3563 107
   3438 108
   3413 109
   3376 110
   3309 111
   3320 112
   3172 113
   3279 114
   3086 115
   3233 116
   3233 117
   3157 118
   3115 119
   3128 120
   2997 121
   3139 122
   3030 123
   2995 124
   2953 125
   2997 126
   2977 127
   3019 128
   2901 129
   2937 130
   2881 131
   2775 132
   2812 133
   2763 134
   2729 135
   2832 136
   2734 137
   2800 138
   2651 139
   2771 140
   2643 141
   2592 142
   2624 143
   2613 144
   2591 145
   2608 146
   2663 147
   2547 148
   2451 149
   2445 150
   2550 151
   2340 152
   2414 153
   2422 154
   2436 155
   2348 156
   2334 157
   2366 158
   2288 159
   2262 160
   2202 161
   2261 162
   2251 163
   2195 164
   2160 165
   2079 166
   2178 167
   2231 168
   2093 169
   2103 170
   1982 171
   1995 172
   2125 173
   2067 174
   1970 175
   1949 176
   1948 177
   1856 178
   1894 179
   1888 180
   1813 181
   1781 182
   1816 183
   1708 184
   1722 185
   1734 186
   1669 187
   1669 188
   1659 189
   1702 190
   1679 191
   1612 192
   1600 193
   1683 194
   1621 195
   1560 196
   1608 197
   1541 198
   1461 199
   1521 200
   1507 201
   1476 202
   1434 203
   1483 204
   1396 205
   1377 206
   1437 207
   1407 208
   1357 209
   1348 210
   1376 211
   1326 212
   1301 213
   1238 214
   1325 215
   1246 216
   1254 217
   1223 218
   1124 219
   1224 220
   1204 221
   1127 222
   1123 223
   1183 224
   1122 225
   1102 226
   1087 227
   1059 228
   1038 229
   1098 230
   1036 231
   1068 232
   1051 233
   1007 234
   1012 235
    993 236
    961 237
    966 238
    955 239
    941 240
    885 241
    868 242
    908 243
    926 244
    876 245
    831 246
    872 247
    840 248
    835 249
    790 250
    843 251
    764 252
    820 253
    790 254
    764 255
    755 256
    701 257
    745 258
    727 259
    730 260
    732 261
    696 262
    723 263
    636 264
    661 265
    643 266
    645 267
    620 268
    618 269
    611 270
    577 271
    612 272
    575 273
    588 274
    556 275
    569 276
    535 277
    500 278
    505 279
    489 280
    530 281
    542 282
    466 283
    496 284
    478 285
    494 286
    516 287
    493 288
    464 289
    486 290
    445 291
    422 292
    483 293
    452 294
    437 295
    442 296
    430 297
    422 298
    400 299
    418 300
    399 301
    406 302
    385 303
    387 304
    378 305
    371 306
    355 307
    375 308
    325 309
    331 310
    359 311
    321 312
    370 313
    359 314
    342 315
    321 316
    318 317
    315 318
    304 319
    310 320
    313 321
    306 322
    318 323
    278 324
    300 325
    305 326
    286 327
    290 328
    264 329
    269 330
    263 331
    280 332
    243 333
    245 334
    290 335
    230 336
    264 337
    253 338
    243 339
    243 340
    234 341
    245 342
    240 343
    242 344
    264 345
    233 346
    245 347
    198 348
    207 349
    229 350
    191 351
    180 352
    185 353
    202 354
    204 355
    216 356
    219 357
    194 358
    182 359
    164 360
    202 361
    186 362
    161 363
    164 364
    159 365
    173 366
    159 367
    187 368
    181 369
    161 370
    161 371
    156 372
    152 373
    164 374
    163 375
    159 376
    145 377
    148 378
    175 379
    132 380
    132 381
    164 382
    148 383
    140 384
    133 385
    148 386
    121 387
    119 388
    123 389
    125 390
    153 391
    116 392
    133 393
    112 394
    125 395
    114 396
    103 397
    120 398
    125 399
    112 400
    109 401
    135 402
    116 403
     98 404
    105 405
    108 406
    111 407
    117 408
    100 409
     97 410
     92 411
    106 412
    108 413
    118 414
     89 415
     85 416
     90 417
    100 418
    102 419
     84 420
    106 421
     97 422
     93 423
     78 424
     78 425
     80 426
     64 427
     71 428
     89 429
     90 430
     77 431
     82 432
     77 433
     74 434
     75 435
     66 436
     73 437
     88 438
     61 439
     68 440
     78 441
     78 442
     65 443
     68 444
     78 445
     55 446
     56 447
     70 448
     59 449
     43 450
     54 451
     56 452
     63 453
     60 454
     66 455
     59 456
     65 457
     58 458
     52 459
     70 460
     63 461
     62 462
     42 463
     57 464
     58 465
     66 466
     49 467
     45 468
     64 469
     38 470
     58 471
     55 472
     54 473
     46 474
     56 475
     55 476
     47 477
     32 478
     33 479
     48 480
     37 481
     46 482
     42 483
     43 484
     43 485
     36 486
     35 487
     41 488
     41 489
     35 490
     35 491
     49 492
     38 493
     32 494
     44 495
     32 496
     42 497
     38 498
     37 499
     34 500
     41 501
     30 502
     47 503
     28 504
     30 505
     27 506
     37 507
     30 508
     31 509
     25 510
     22 511
     21 512
     28 513
     35 514
     26 515
     29 516
     28 517
     19 518
     28 519
     24 520
     17 521
     26 522
     32 523
     22 524
     23 525
     27 526
     20 527
     27 528
     21 529
     30 530
     23 531
     35 532
     25 533
     26 534
     22 535
     19 536
     22 537
     21 538
     20 539
     23 540
     20 541
     15 542
     20 543
     21 544
     18 545
     23 546
     22 547
     20 548
     16 549
     29 550
     15 551
     16 552
     17 553
     19 554
     21 555
     16 556
     14 557
     14 558
     16 559
     19 560
     19 561
     16 562
     13 563
     19 564
     15 565
     15 566
     20 567
     14 568
     20 569
     13 570
     14 571
     15 572
     18 573
      8 574
     15 575
     17 576
     12 577
     14 578
      8 579
     20 580
     15 581
     13 582
     13 583
     11 584
     13 585
      4 586
     10 587
     14 588
     11 589
     16 590
      5 591
     12 592
     17 593
     11 594
     12 595
     14 596
     11 597
      9 598
      7 599
     11 600
      9 601
      9 602
     17 603
     10 604
      6 605
     11 606
     10 607
     11 608
     12 609
      8 610
     11 611
     11 612
      6 613
     11 614
     10 615
      7 616
      7 617
      6 618
      6 619
     10 620
     11 621
      8 622
     12 623
     15 624
      8 625
      6 626
      8 627
      3 628
      6 629
      8 630
      8 631
      5 632
      9 633
      5 634
     13 635
      5 636
      7 637
      6 638
      8 639
      8 640
      3 641
      2 642
      7 643
      9 644
     10 645
      7 646
      3 647
      7 648
      6 649
      3 650
      7 651
      7 652
      4 653
      7 654
      4 655
      8 656
      3 657
      3 658
      8 659
      5 660
      7 661
      4 662
      8 663
      4 664
      6 665
      8 666
      6 667
      8 668
      2 669
      4 670
      6 671
      2 672
      3 673
      8 674
      4 675
      8 676
      2 677
      4 678
      6 679
      8 680
      5 681
      1 682
      8 683
      7 684
      5 685
      6 686
      4 687
      8 688
      2 689
      8 690
      1 691
      4 692
      3 693
      3 694
      4 695
      2 696
      3 697
      4 698
      5 699
      4 700
      5 701
      2 702
      1 703
      3 704
      4 705
      3 706
      4 707
      2 708
      2 710
      1 712
      1 713
      8 714
      2 715
      6 716
      1 717
      5 718
      1 719
      2 720
      2 721
      6 722
      4 723
      7 724
      1 726
      1 727
      9 728
      1 729
      1 730
      3 731
      4 732
      5 733
      7 734
      3 736
      4 738
      2 739
      2 740
      3 741
      1 742
      6 744
      2 745
      2 746
      5 747
      2 748
      1 749
      4 750
      1 752
      5 753
      2 755
      4 756
      2 758
      4 761
      2 762
      1 763
      2 766
      2 767
      2 768
      1 769
      1 771
      2 772
      3 774
      2 776
      2 777
      4 778
      2 779
      1 780
      3 781
      3 782
      3 783
      5 784
      3 785
      1 786
      1 787
      1 788
      2 790
      1 791
      1 793
      1 794
      2 795
      1 803
      1 804
      1 805
      2 806
      1 807
      2 809
      2 810
      1 817
      1 818
      1 821
      1 822
      3 823
      2 824
      1 827
      2 828
      1 830
      1 831
      1 832
      1 833
      2 835
      1 838
      1 840
      2 841
      2 842
      1 843
      1 845
      1 846
      1 847
      1 848
      1 851
      1 853
      1 854
      1 859
      1 864
      1 865
      1 866
      1 867
      2 868
      1 869
      1 870
      2 871
      2 872
      1 873
      1 874
      1 876
      1 878
      1 879
      1 882
      4 883
      3 886
      1 887
      1 892
      2 895
      2 896
      1 898
      1 899
      1 902
      1 905
      2 906
      1 907
      1 910
      1 912
      1 918
      1 920
      3 922
      1 926
      1 928
      1 935
      1 946
      1 947
      1 948
      2 953
      1 959
      1 960
      1 961
      1 962
      2 963
      1 969
      1 974
      2 975
      1 977
      2 979
      2 980
      1 982
      1 986
      1 991
      1 993
      1 994
      1 995
      1 996
      1 997
      2 998
      1 1006
      1 1010
      2 1011
      1 1016
      1 1025
      1 1026
      1 1029
      1 1033
      2 1035
      1 1038
      1 1041
      1 1043
      1 1046
      1 1049
      2 1064
      1 1069
      2 1070
      1 1071
      1 1077
      1 1080
      1 1085
      1 1090
      1 1100
      1 1101
      1 1102
      1 1104
      1 1107
      1 1132
      1 1133
      1 1136
      1 1139
      1 1140
      1 1141
      1 1150
      1 1152
      1 1156
      1 1162
      2 1163
      1 1165
      1 1173
      2 1220
      1 1221
      1 1230
      1 1236
      1 1239
      1 1242
      1 1245
      1 1247
      1 1248
      1 1254
      1 1271
      1 1292
      1 1293
      1 1314
      1 1317
      1 1318
      1 1321
      1 1336
      1 1338
      2 1339
      2 1340
      1 1345
      1 1347
      1 1363
      1 1366
      1 1374
      1 1381
      1 1383
      1 1389
      1 1421
      1 1441
      2 1442
      1 1451
      1 1457
      1 1463
      1 1473
      2 1476
      1 1486
      1 1495
      1 1498
      1 1508
      1 1516
      1 1524
      1 1529
      1 1549
      1 1555
      1 1562
      1 1602
      1 1620
      1 1622
      1 1628
      1 1650
      1 1658
      1 1663
      1 1677
      1 1678
      1 1686
      1 1687
      1 1688
      1 1714
      1 1743
      1 1747
      1 1749
      1 1765
      1 1771
      1 1800
      1 1816
      1 1818
      1 1819
      1 1826
      1 1837
      1 1840
      1 1851
      1 1896
      1 1910
      1 1912
      2 1914
      1 1920
      1 1937
      1 1939
      1 1958
      1 2015
      1 2022
      1 2023
      1 2062
      1 2068
      1 2079
      1 2090
      1 2100
      1 2111
      1 2125
      1 2140
      1 2206
      1 2219
      1 2226
      1 2309
      1 2332
      1 2349
      1 2384
      1 2453
      1 2457
      1 2472
      1 2775
      1 2815
      1 2898
      1 2925
      1 2990
      1 2997
      1 3058
      1 3136
      1 3226
      1 3404
      1 3429
      1 3527
      1 3555
      1 3573
      1 3698
      1 3749
      1 3968
      1 4035
      1 4039
      1 4145
      1 4364
      1 4787
      1 5129
      1 5559
      1 5633
      1 6555
      1 6626
      1 6661
      1 6738
      1 6842
      1 6942
      1 6961
      1 7062
      1 7497
      1 7732
      1 8506
      1 8832
      1 8982
      1 9302
      1 9377
      1 9665
      1 10113
      1 11578
      1 11801
      1 11809
      1 12093
      1 12478
      1 12495
      1 12851
      1 12860
      1 12909
      1 12926
      1 13702
      1 14176
      1 14370
      1 14713
      1 14787
      1 14879
      1 14979
      1 15663
      1 15751
      1 16350
      1 19720
      1 20772
      1 20942
      1 22060
      1 23208
      1 23560
