pgbench (18.6 (Debian 18.6-1.pgdg13+2))
starting vacuum...end.
transaction type: <builtin: select only>
scaling factor: 1000
query mode: simple
number of clients: 128
number of threads: 16
maximum number of tries: 1
duration: 60 s
number of transactions actually processed: 17797092
number of failed transactions: 0 (0.000%)
latency average = 0.430 ms
initial connection time = 234.011 ms
tps = 297755.875575 (without initial connection time)
---AAD-PGBENCH-LATENCY-US---
rc=0
samples=356143
      2 239
      1 243
      1 245
      2 248
      4 249
      7 250
      3 251
      5 252
      5 253
      9 254
      4 255
      8 256
     11 257
     17 258
     13 259
     20 260
     20 261
     22 262
     23 263
     31 264
     38 265
     47 266
     46 267
     54 268
     44 269
     66 270
     81 271
     72 272
     91 273
     95 274
     95 275
    131 276
    115 277
    109 278
    134 279
    130 280
    147 281
    135 282
    140 283
    134 284
    132 285
    131 286
    125 287
    147 288
    131 289
    152 290
    145 291
    145 292
    146 293
    130 294
    133 295
    130 296
    133 297
    155 298
    140 299
    131 300
    140 301
    140 302
    150 303
    152 304
    173 305
    165 306
    188 307
    194 308
    196 309
    185 310
    220 311
    231 312
    216 313
    243 314
    282 315
    290 316
    330 317
    339 318
    406 319
    481 320
    468 321
    599 322
    596 323
    666 324
    787 325
    839 326
    862 327
   1028 328
   1135 329
   1220 330
   1332 331
   1504 332
   1670 333
   1822 334
   2017 335
   2183 336
   2275 337
   2461 338
   2598 339
   2763 340
   2917 341
   3094 342
   3151 343
   3397 344
   3537 345
   3414 346
   3489 347
   3343 348
   3336 349
   3182 350
   3113 351
   2987 352
   2826 353
   2630 354
   2591 355
   2428 356
   2336 357
   2173 358
   2093 359
   1984 360
   1845 361
   1758 362
   1553 363
   1402 364
   1374 365
   1302 366
   1226 367
   1179 368
   1101 369
   1049 370
   1041 371
    968 372
    875 373
    870 374
    837 375
    833 376
    844 377
    778 378
    768 379
    737 380
    750 381
    766 382
    788 383
    744 384
    843 385
    859 386
    871 387
    935 388
    966 389
   1008 390
   1015 391
   1107 392
   1172 393
   1277 394
   1389 395
   1432 396
   1527 397
   1659 398
   1780 399
   1917 400
   2043 401
   2229 402
   2369 403
   2501 404
   2623 405
   2816 406
   2893 407
   3087 408
   3279 409
   3301 410
   3359 411
   3555 412
   3607 413
   3495 414
   3567 415
   3462 416
   3227 417
   3176 418
   2965 419
   2775 420
   2556 421
   2398 422
   2291 423
   2157 424
   2051 425
   1832 426
   1646 427
   1579 428
   1513 429
   1392 430
   1227 431
   1167 432
    985 433
    946 434
    892 435
    827 436
    834 437
    768 438
    669 439
    680 440
    645 441
    648 442
    548 443
    546 444
    566 445
    524 446
    510 447
    515 448
    505 449
    484 450
    480 451
    473 452
    459 453
    532 454
    516 455
    522 456
    519 457
    572 458
    568 459
    620 460
    665 461
    693 462
    723 463
    793 464
    866 465
    937 466
    944 467
   1047 468
   1103 469
   1200 470
   1202 471
   1321 472
   1406 473
   1584 474
   1563 475
   1692 476
   1635 477
   1809 478
   1818 479
   1830 480
   1935 481
   1989 482
   1960 483
   1932 484
   1935 485
   1877 486
   1770 487
   1732 488
   1589 489
   1566 490
   1531 491
   1421 492
   1260 493
   1216 494
   1257 495
   1117 496
   1015 497
    899 498
    887 499
    858 500
    806 501
    693 502
    695 503
    646 504
    611 505
    519 506
    514 507
    456 508
    470 509
    430 510
    423 511
    403 512
    382 513
    348 514
    381 515
    333 516
    337 517
    332 518
    310 519
    298 520
    323 521
    334 522
    335 523
    342 524
    351 525
    353 526
    370 527
    398 528
    388 529
    391 530
    398 531
    443 532
    468 533
    499 534
    530 535
    543 536
    573 537
    617 538
    656 539
    745 540
    777 541
    769 542
    808 543
    881 544
    911 545
    957 546
    980 547
    965 548
    990 549
    981 550
   1041 551
   1021 552
   1028 553
    945 554
    938 555
    927 556
    897 557
    858 558
    827 559
    766 560
    725 561
    675 562
    679 563
    601 564
    560 565
    491 566
    493 567
    424 568
    415 569
    394 570
    409 571
    331 572
    297 573
    253 574
    293 575
    252 576
    265 577
    219 578
    242 579
    188 580
    195 581
    179 582
    220 583
    189 584
    144 585
    145 586
    121 587
    162 588
    159 589
    131 590
    153 591
    139 592
    143 593
    165 594
    173 595
    129 596
    151 597
    174 598
    159 599
    158 600
    166 601
    171 602
    196 603
    194 604
    176 605
    215 606
    193 607
    197 608
    224 609
    244 610
    223 611
    236 612
    277 613
    282 614
    265 615
    285 616
    279 617
    292 618
    299 619
    270 620
    291 621
    273 622
    273 623
    286 624
    236 625
    244 626
    216 627
    220 628
    207 629
    192 630
    179 631
    181 632
    191 633
    154 634
    139 635
    119 636
    110 637
    124 638
    104 639
     90 640
     82 641
     90 642
     93 643
     93 644
     63 645
     59 646
     54 647
     66 648
     64 649
     57 650
     56 651
     64 652
     58 653
     51 654
     35 655
     48 656
     35 657
     36 658
     36 659
     36 660
     48 661
     24 662
     31 663
     38 664
     32 665
     39 666
     37 667
     38 668
     35 669
     29 670
     43 671
     37 672
     47 673
     24 674
     40 675
     48 676
     53 677
     54 678
     37 679
     54 680
     47 681
     57 682
     55 683
     45 684
     44 685
     51 686
     56 687
     42 688
     50 689
     56 690
     64 691
     49 692
     53 693
     51 694
     46 695
     44 696
     42 697
     32 698
     43 699
     39 700
     28 701
     36 702
     34 703
     32 704
     24 705
     31 706
     33 707
     15 708
     21 709
     20 710
     12 711
     20 712
     17 713
     18 714
     15 715
     17 716
     10 717
      8 718
     18 719
      7 720
      6 721
     10 722
     11 723
     10 724
      7 725
      7 726
     12 727
     11 728
     11 729
      7 730
      9 731
      5 732
     10 733
     11 734
     10 735
      4 736
      8 737
      8 738
      1 739
      9 740
      5 741
     12 742
      9 743
      9 744
      7 745
      8 746
      8 747
     12 748
     10 749
     11 750
     11 751
     12 752
     11 753
     19 754
     11 755
     10 756
      8 757
      9 758
     10 759
     12 760
     13 761
     14 762
     13 763
     14 764
     15 765
      9 766
     13 767
      9 768
      9 769
     14 770
      9 771
      6 772
      8 773
      4 774
      5 775
      8 776
      4 777
      4 778
      6 779
      6 780
      3 781
      4 782
      5 783
      3 784
      6 785
      5 786
      3 787
      2 788
      3 789
      2 790
      3 791
      2 792
      5 793
      5 794
      2 795
      1 796
      1 797
      1 798
      2 799
      4 800
      3 801
      4 802
      1 803
      5 804
      2 805
      2 806
      3 807
      4 808
      2 809
      4 810
      1 811
      6 812
      4 813
      8 814
      5 815
      3 816
      3 817
      7 818
      4 819
      2 820
      4 821
      5 822
      5 823
     10 824
      9 825
      8 826
      6 827
      6 828
      4 829
      6 830
      6 831
      3 832
      4 833
      4 834
      2 835
      3 836
      4 837
      1 838
      4 839
      2 840
      3 841
      4 842
      4 843
      4 844
      3 845
      2 846
      2 847
      1 848
      1 849
      3 850
      5 851
      3 852
      1 853
      3 855
      1 856
      2 858
      3 859
      1 860
      3 861
      1 862
      1 863
      1 865
      2 867
      1 868
      1 869
      2 870
      2 871
      1 872
      1 873
      3 874
      1 875
      2 876
      2 877
      1 879
      3 880
      3 881
      1 883
      3 885
      2 886
      2 887
      2 888
      1 890
      3 891
      4 892
      1 893
      2 895
      5 896
      1 897
      1 898
      5 899
      6 900
      2 901
      1 902
      4 903
      1 904
      3 905
      3 907
      3 908
      1 910
      2 911
      1 912
      1 913
      2 914
      4 915
      2 916
      1 917
      2 919
      1 920
      1 921
      1 925
      1 927
      2 928
      2 931
      2 938
      1 939
      1 940
      1 941
      2 942
      1 943
      2 945
      1 947
      2 952
      1 953
      1 954
      2 955
      2 957
      1 959
      3 960
      1 961
      4 962
      2 963
      1 964
      1 965
      1 966
      1 967
      3 968
      2 969
      4 972
      1 974
      2 976
      3 978
      1 979
      1 980
      1 982
      1 984
      1 985
      1 991
      1 995
      1 999
      3 1004
      1 1007
      1 1008
      1 1009
      1 1015
      1 1017
      1 1024
      2 1033
      2 1034
      1 1035
      1 1036
      1 1040
      1 1043
      1 1044
      1 1046
      1 1047
      2 1048
      1 1055
      1 1074
      1 1083
      1 1084
      2 1088
      1 1101
      1 1103
      1 1104
      1 1106
      1 1109
      1 1120
      2 1132
      1 1157
      1 1166
      1 1170
      1 1176
      1 1177
      1 1181
      1 1182
      1 1186
      1 1192
      2 1194
      1 1244
      1 1249
      2 1260
      1 1261
      2 1301
      1 1310
      1 1319
      1 1340
      1 1343
      1 1423
      1 1439
      1 1444
      1 1501
      1 1534
      1 1608
      1 1662
      1 2362
      1 2693
      1 2746
      1 3253
      1 3401
      1 3671
      1 3834
      1 3921
      1 4329
      1 4621
      1 4769
      1 5196
      1 6765
      1 10064
      1 10822
      1 13745
---AAD-PGBENCH-LAG-US---
