pgbench (18.6 (Debian 18.6-1.pgdg13+2))
starting vacuum...end.
transaction type: <builtin: select only>
scaling factor: 1000
query mode: simple
number of clients: 8
number of threads: 8
maximum number of tries: 1
duration: 60 s
number of transactions actually processed: 1718264
number of failed transactions: 0 (0.000%)
latency average = 0.279 ms
initial connection time = 5.135 ms
tps = 28639.893259 (without initial connection time)
---AAD-PGBENCH-LATENCY-US---
rc=0
samples=34111
      1 228
      2 230
      3 231
      2 232
      1 233
      2 234
      1 235
      7 236
     20 237
     16 238
     27 239
     42 240
     52 241
     88 242
     85 243
    128 244
    157 245
    179 246
    240 247
    331 248
    446 249
    462 250
    544 251
    644 252
    793 253
    873 254
    980 255
   1067 256
   1111 257
    986 258
    964 259
   1140 260
   1313 261
   1069 262
    796 263
    751 264
    725 265
    689 266
    697 267
    696 268
    649 269
    609 270
    594 271
    658 272
    641 273
    784 274
    955 275
    989 276
    821 277
    700 278
    551 279
    432 280
    373 281
    278 282
    231 283
    190 284
    145 285
    138 286
    116 287
     91 288
     83 289
     61 290
     63 291
     61 292
     51 293
     37 294
     42 295
     45 296
     42 297
     36 298
     31 299
     28 300
     27 301
     18 302
     21 303
     35 304
     15 305
     26 306
     32 307
     27 308
     24 309
     27 310
     29 311
     36 312
     53 313
     40 314
     42 315
     64 316
     65 317
     76 318
     66 319
     84 320
     83 321
     96 322
     99 323
    128 324
    159 325
    142 326
    179 327
    202 328
    188 329
    220 330
    202 331
    183 332
    136 333
    126 334
    133 335
    104 336
    120 337
     97 338
     85 339
     71 340
     69 341
     55 342
     44 343
     45 344
     28 345
     22 346
     26 347
     18 348
     13 349
     19 350
     13 351
      7 352
     17 353
     13 354
     10 355
     10 356
     11 357
      8 358
      9 359
      7 360
     17 361
      9 362
      6 363
      4 364
      9 365
     12 366
      7 367
      6 368
     11 369
     11 370
     18 371
     20 372
     11 373
     21 374
     12 375
     16 376
     24 377
     26 378
     13 379
      9 380
     28 381
     22 382
     23 383
     18 384
     26 385
     22 386
     15 387
     26 388
     19 389
     19 390
     22 391
     23 392
     25 393
     20 394
     31 395
     18 396
     26 397
     26 398
     29 399
     24 400
     26 401
     16 402
     17 403
     18 404
     19 405
     17 406
     10 407
     11 408
      3 409
      5 410
      6 411
      5 412
      4 413
      5 414
      6 415
      4 416
      3 417
      4 418
      1 419
      2 420
      4 421
      2 422
      1 423
      2 425
      3 426
      3 427
      7 428
      7 429
      3 430
      1 431
      1 432
      1 433
      6 434
      3 435
      5 436
      7 437
      7 438
      8 439
      2 440
      9 441
      6 442
      7 443
      7 444
      7 445
     17 446
     11 447
     14 448
     19 449
     15 450
     12 451
     13 452
     16 453
     13 454
     11 455
      7 456
     12 457
      9 458
      8 459
     12 460
      7 461
     12 462
      5 463
      8 464
      4 465
      3 466
      9 467
      8 468
     11 469
     11 470
      6 471
      8 472
     11 473
     12 474
      8 475
      7 476
      4 477
      5 478
      8 479
      4 480
      2 481
      5 482
      5 483
      2 484
      2 485
      2 486
      1 487
      2 488
      2 489
      2 490
      2 491
      5 493
      3 494
      2 495
      2 497
      3 498
      1 500
      1 503
      4 504
      3 505
      1 506
      3 507
      3 508
      1 509
      1 510
      2 511
      4 513
      3 514
      1 515
      2 516
      1 517
      3 518
      1 519
      2 520
      2 521
      3 522
      1 523
      1 524
      1 526
      1 529
      3 531
      1 535
      1 543
      1 572
      1 621
      1 675
      1 812
---AAD-PGBENCH-LAG-US---
