pgbench (18.6 (Debian 18.6-1.pgdg13+2))
starting vacuum...end.
transaction type: <builtin: select only>
scaling factor: 1000
query mode: simple
number of clients: 32
number of threads: 16
maximum number of tries: 1
duration: 60 s
number of transactions actually processed: 5700546
number of failed transactions: 0 (0.000%)
latency average = 0.337 ms
initial connection time = 11.235 ms
tps = 95025.297062 (without initial connection time)
---AAD-PGBENCH-LATENCY-US---
rc=0
samples=113661
      1 231
      4 232
      8 233
      6 234
     14 235
     15 236
     18 237
     20 238
     18 239
     22 240
     36 241
     50 242
     52 243
     71 244
     77 245
     81 246
    120 247
     98 248
    101 249
    152 250
    142 251
    174 252
    173 253
    196 254
    220 255
    274 256
    282 257
    283 258
    333 259
    401 260
    432 261
    474 262
    472 263
    494 264
    563 265
    618 266
    633 267
    708 268
    729 269
    766 270
    764 271
    881 272
    959 273
    925 274
   1044 275
   1104 276
   1037 277
    978 278
    920 279
    898 280
    898 281
    850 282
    822 283
    800 284
    745 285
    731 286
    712 287
    741 288
    690 289
    657 290
    680 291
    692 292
    619 293
    648 294
    627 295
    624 296
    625 297
    586 298
    627 299
    599 300
    604 301
    600 302
    641 303
    636 304
    605 305
    589 306
    683 307
    632 308
    620 309
    690 310
    680 311
    694 312
    654 313
    705 314
    746 315
    829 316
    777 317
    810 318
    915 319
    876 320
    858 321
    928 322
    953 323
   1029 324
   1010 325
   1056 326
   1097 327
   1088 328
   1126 329
   1231 330
   1167 331
   1099 332
   1146 333
   1100 334
   1167 335
   1074 336
   1099 337
   1158 338
   1103 339
   1126 340
   1029 341
    981 342
   1097 343
   1039 344
   1029 345
   1067 346
    866 347
    836 348
    832 349
    834 350
    747 351
    699 352
    684 353
    677 354
    629 355
    619 356
    661 357
    556 358
    576 359
    513 360
    506 361
    483 362
    494 363
    475 364
    492 365
    451 366
    448 367
    438 368
    454 369
    392 370
    359 371
    390 372
    375 373
    409 374
    371 375
    361 376
    342 377
    366 378
    376 379
    364 380
    369 381
    394 382
    360 383
    388 384
    358 385
    360 386
    333 387
    335 388
    369 389
    359 390
    341 391
    366 392
    401 393
    397 394
    395 395
    381 396
    374 397
    406 398
    407 399
    406 400
    358 401
    383 402
    351 403
    352 404
    326 405
    332 406
    313 407
    277 408
    257 409
    266 410
    249 411
    241 412
    243 413
    253 414
    204 415
    227 416
    221 417
    179 418
    181 419
    191 420
    175 421
    169 422
    150 423
    169 424
    117 425
    157 426
    157 427
    117 428
    146 429
    121 430
    121 431
    123 432
    104 433
    105 434
    118 435
     95 436
    105 437
    102 438
     87 439
    104 440
     91 441
     84 442
     73 443
     72 444
     87 445
     77 446
     72 447
     71 448
     81 449
     76 450
     87 451
     60 452
     65 453
     85 454
     71 455
     57 456
     59 457
     69 458
     72 459
     63 460
     68 461
     64 462
     51 463
     48 464
     60 465
     65 466
     55 467
     59 468
     47 469
     65 470
     49 471
     57 472
     56 473
     42 474
     48 475
     44 476
     48 477
     47 478
     37 479
     54 480
     53 481
     47 482
     44 483
     54 484
     57 485
     39 486
     39 487
     38 488
     30 489
     35 490
     48 491
     37 492
     36 493
     46 494
     33 495
     33 496
     45 497
     42 498
     37 499
     47 500
     31 501
     35 502
     34 503
     32 504
     33 505
     26 506
     33 507
     35 508
     29 509
     31 510
     37 511
     37 512
     23 513
     20 514
     24 515
     24 516
     30 517
     26 518
     28 519
     26 520
     26 521
     28 522
     34 523
     34 524
     21 525
     31 526
     20 527
     21 528
     22 529
     29 530
     25 531
     22 532
     24 533
     22 534
     31 535
     41 536
     25 537
     38 538
     33 539
     26 540
     16 541
     24 542
     24 543
     34 544
     32 545
     26 546
     24 547
     24 548
     21 549
     24 550
     26 551
     19 552
     30 553
     20 554
     18 555
     17 556
     16 557
     14 558
     16 559
     18 560
     16 561
     24 562
     10 563
     11 564
     20 565
      9 566
     13 567
     13 568
     12 569
     16 570
     11 571
     16 572
     11 573
      8 574
     18 575
      8 576
     11 577
      9 578
      9 579
     13 580
     10 581
     15 582
     11 583
      8 584
     10 585
      5 586
     10 587
      6 588
      9 589
      8 590
     12 591
     17 592
      7 593
      8 594
      5 595
      4 596
      4 597
      2 598
      1 599
      4 600
      6 601
      2 602
      3 603
      2 604
      3 605
      3 606
      2 607
      4 608
      2 609
      3 610
      2 611
      4 612
      4 614
      2 618
      2 619
      1 620
      1 621
      3 622
      3 626
      1 627
      1 629
      1 631
      1 634
      3 635
      1 636
      1 637
      1 639
      3 642
      1 643
      2 644
      2 645
      3 646
      1 647
      1 650
      1 651
      2 654
      1 656
      1 663
      2 664
      1 665
      1 667
      3 669
      1 671
      1 672
      1 681
      1 694
      1 701
      1 703
      1 722
      1 730
      1 740
      1 754
      1 761
      1 812
      1 910
      1 1021
      1 1087
      1 3091
      1 4197
---AAD-PGBENCH-LAG-US---
