pgbench (18.6 (Debian 18.6-1.pgdg13+2))
starting vacuum...end.
transaction type: <builtin: select only>
scaling factor: 1000
query mode: simple
number of clients: 256
number of threads: 16
maximum number of tries: 1
duration: 60 s
number of transactions actually processed: 16716550
number of failed transactions: 0 (0.000%)
latency average = 0.914 ms
initial connection time = 365.518 ms
tps = 280083.047689 (without initial connection time)
---AAD-PGBENCH-LATENCY-US---
rc=0
samples=333933
      2 255
      1 258
      3 262
      3 263
      2 264
      3 265
      5 266
      1 267
      4 268
      6 269
      3 270
      3 271
      4 272
      4 273
      2 274
     10 275
      3 276
      4 277
      6 278
     12 279
      7 280
      6 281
     17 282
      7 283
     15 284
      6 285
      8 286
      9 287
      5 288
     10 289
     10 290
     10 291
      7 292
      7 293
      7 294
     13 295
     12 296
     10 297
     21 298
     10 299
     10 300
      5 301
      9 302
      9 303
     18 304
     13 305
     12 306
     16 307
     17 308
     16 309
     15 310
     19 311
     15 312
     22 313
     17 314
     25 315
     19 316
     22 317
     27 318
     34 319
     38 320
     42 321
     39 322
     59 323
     49 324
     58 325
     58 326
     81 327
     89 328
     82 329
     89 330
    112 331
    129 332
    102 333
    120 334
    134 335
    154 336
    161 337
    171 338
    195 339
    184 340
    230 341
    233 342
    202 343
    219 344
    206 345
    243 346
    209 347
    232 348
    232 349
    208 350
    217 351
    218 352
    213 353
    227 354
    184 355
    174 356
    184 357
    149 358
    155 359
    137 360
    147 361
    127 362
    128 363
    127 364
    112 365
    110 366
    102 367
    109 368
     99 369
    105 370
     97 371
     98 372
     93 373
     91 374
     81 375
     77 376
     84 377
     88 378
     83 379
     98 380
    100 381
    107 382
    115 383
    129 384
    121 385
    132 386
    131 387
    134 388
    140 389
    166 390
    167 391
    210 392
    170 393
    214 394
    204 395
    254 396
    287 397
    276 398
    296 399
    347 400
    345 401
    409 402
    412 403
    390 404
    453 405
    512 406
    498 407
    516 408
    522 409
    572 410
    562 411
    602 412
    622 413
    582 414
    631 415
    559 416
    588 417
    582 418
    599 419
    540 420
    517 421
    493 422
    506 423
    468 424
    418 425
    400 426
    375 427
    380 428
    401 429
    349 430
    282 431
    304 432
    299 433
    254 434
    268 435
    249 436
    253 437
    207 438
    211 439
    199 440
    190 441
    202 442
    191 443
    180 444
    213 445
    189 446
    196 447
    188 448
    180 449
    208 450
    177 451
    185 452
    196 453
    214 454
    218 455
    249 456
    221 457
    279 458
    262 459
    278 460
    281 461
    327 462
    341 463
    365 464
    374 465
    414 466
    451 467
    459 468
    493 469
    518 470
    573 471
    629 472
    657 473
    664 474
    734 475
    718 476
    771 477
    853 478
    857 479
    846 480
    845 481
    863 482
    897 483
    873 484
    868 485
    849 486
    795 487
    810 488
    745 489
    736 490
    748 491
    696 492
    636 493
    632 494
    631 495
    618 496
    574 497
    528 498
    448 499
    432 500
    415 501
    411 502
    374 503
    375 504
    341 505
    348 506
    299 507
    309 508
    279 509
    288 510
    245 511
    256 512
    251 513
    229 514
    231 515
    223 516
    185 517
    229 518
    217 519
    214 520
    219 521
    216 522
    249 523
    236 524
    224 525
    229 526
    240 527
    258 528
    247 529
    254 530
    279 531
    313 532
    323 533
    360 534
    377 535
    372 536
    384 537
    443 538
    425 539
    447 540
    529 541
    508 542
    615 543
    534 544
    582 545
    620 546
    578 547
    597 548
    655 549
    710 550
    670 551
    668 552
    708 553
    751 554
    693 555
    618 556
    645 557
    612 558
    604 559
    550 560
    560 561
    537 562
    509 563
    534 564
    457 565
    446 566
    412 567
    350 568
    370 569
    380 570
    316 571
    341 572
    300 573
    271 574
    279 575
    283 576
    238 577
    259 578
    194 579
    190 580
    206 581
    206 582
    200 583
    192 584
    180 585
    177 586
    213 587
    163 588
    204 589
    220 590
    194 591
    195 592
    190 593
    202 594
    184 595
    200 596
    225 597
    226 598
    244 599
    236 600
    255 601
    280 602
    275 603
    281 604
    334 605
    358 606
    346 607
    376 608
    404 609
    420 610
    484 611
    486 612
    476 613
    541 614
    560 615
    521 616
    554 617
    577 618
    623 619
    610 620
    669 621
    630 622
    650 623
    635 624
    609 625
    563 626
    566 627
    571 628
    566 629
    552 630
    517 631
    488 632
    487 633
    482 634
    399 635
    435 636
    387 637
    371 638
    331 639
    364 640
    322 641
    332 642
    311 643
    280 644
    297 645
    303 646
    275 647
    221 648
    256 649
    244 650
    243 651
    248 652
    252 653
    220 654
    227 655
    234 656
    231 657
    243 658
    240 659
    255 660
    252 661
    245 662
    242 663
    271 664
    291 665
    262 666
    295 667
    304 668
    298 669
    300 670
    348 671
    382 672
    396 673
    380 674
    435 675
    471 676
    506 677
    506 678
    577 679
    586 680
    587 681
    617 682
    703 683
    692 684
    747 685
    714 686
    817 687
    741 688
    855 689
    869 690
    858 691
    840 692
    837 693
    821 694
    870 695
    767 696
    763 697
    686 698
    706 699
    641 700
    642 701
    651 702
    606 703
    613 704
    561 705
    525 706
    523 707
    455 708
    451 709
    490 710
    437 711
    429 712
    420 713
    404 714
    391 715
    374 716
    359 717
    355 718
    289 719
    316 720
    315 721
    325 722
    311 723
    341 724
    342 725
    278 726
    300 727
    324 728
    325 729
    284 730
    308 731
    313 732
    321 733
    319 734
    358 735
    342 736
    371 737
    393 738
    373 739
    431 740
    432 741
    467 742
    480 743
    531 744
    576 745
    542 746
    618 747
    586 748
    687 749
    717 750
    693 751
    740 752
    724 753
    809 754
    791 755
    847 756
    950 757
    900 758
    907 759
    880 760
    858 761
    876 762
    867 763
    819 764
    797 765
    790 766
    783 767
    768 768
    750 769
    722 770
    675 771
    637 772
    639 773
    538 774
    520 775
    564 776
    491 777
    541 778
    466 779
    463 780
    376 781
    380 782
    408 783
    342 784
    339 785
    358 786
    352 787
    350 788
    311 789
    321 790
    296 791
    282 792
    299 793
    284 794
    279 795
    285 796
    306 797
    256 798
    297 799
    286 800
    275 801
    269 802
    288 803
    301 804
    327 805
    355 806
    334 807
    343 808
    345 809
    410 810
    410 811
    428 812
    395 813
    446 814
    477 815
    433 816
    469 817
    487 818
    537 819
    568 820
    545 821
    591 822
    599 823
    617 824
    678 825
    670 826
    623 827
    636 828
    677 829
    632 830
    660 831
    640 832
    594 833
    577 834
    570 835
    598 836
    557 837
    595 838
    479 839
    483 840
    482 841
    429 842
    410 843
    423 844
    405 845
    346 846
    333 847
    329 848
    300 849
    316 850
    287 851
    253 852
    290 853
    277 854
    217 855
    243 856
    224 857
    225 858
    214 859
    222 860
    209 861
    208 862
    181 863
    180 864
    202 865
    184 866
    199 867
    155 868
    158 869
    175 870
    154 871
    164 872
    209 873
    188 874
    216 875
    198 876
    203 877
    208 878
    227 879
    208 880
    241 881
    252 882
    240 883
    239 884
    275 885
    261 886
    283 887
    291 888
    312 889
    306 890
    313 891
    325 892
    354 893
    361 894
    352 895
    365 896
    389 897
    371 898
    382 899
    370 900
    354 901
    346 902
    332 903
    324 904
    357 905
    276 906
    271 907
    280 908
    297 909
    241 910
    214 911
    231 912
    217 913
    200 914
    204 915
    193 916
    183 917
    211 918
    177 919
    146 920
    148 921
    160 922
    131 923
    146 924
    112 925
    119 926
    113 927
    126 928
    121 929
    123 930
    120 931
    123 932
    116 933
    106 934
     96 935
    110 936
    101 937
     88 938
    109 939
     93 940
    106 941
     97 942
    103 943
    103 944
    110 945
    111 946
    102 947
    118 948
    133 949
    126 950
    123 951
    129 952
    143 953
    148 954
    153 955
    153 956
    173 957
    148 958
    170 959
    185 960
    168 961
    176 962
    182 963
    229 964
    221 965
    213 966
    186 967
    181 968
    176 969
    196 970
    167 971
    201 972
    190 973
    162 974
    185 975
    154 976
    170 977
    159 978
    150 979
    126 980
    126 981
    128 982
    122 983
    140 984
    118 985
     95 986
     99 987
     77 988
    104 989
     82 990
     96 991
     86 992
     79 993
     88 994
     70 995
     82 996
     69 997
     67 998
     62 999
     56 1000
     76 1001
     75 1002
     64 1003
     66 1004
     65 1005
     76 1006
     79 1007
     67 1008
     60 1009
     76 1010
     76 1011
     80 1012
     71 1013
     67 1014
     64 1015
     75 1016
     81 1017
     75 1018
     99 1019
     80 1020
     98 1021
    111 1022
    100 1023
    105 1024
    103 1025
    118 1026
    134 1027
    131 1028
    116 1029
    121 1030
    131 1031
    124 1032
    155 1033
    144 1034
    145 1035
    144 1036
    143 1037
    160 1038
    153 1039
    134 1040
    120 1041
    126 1042
    127 1043
    139 1044
    117 1045
    144 1046
    122 1047
     96 1048
    102 1049
     99 1050
     91 1051
     93 1052
    110 1053
     95 1054
     79 1055
     75 1056
     81 1057
     82 1058
     88 1059
     67 1060
     60 1061
     59 1062
     50 1063
     49 1064
     51 1065
     80 1066
     50 1067
     57 1068
     51 1069
     66 1070
     73 1071
     57 1072
     45 1073
     60 1074
     65 1075
     49 1076
     69 1077
     65 1078
     64 1079
     49 1080
     67 1081
     64 1082
     73 1083
     89 1084
     74 1085
     58 1086
     83 1087
     77 1088
     72 1089
     68 1090
     88 1091
    108 1092
     84 1093
    101 1094
     88 1095
    116 1096
     99 1097
    111 1098
    123 1099
    113 1100
    128 1101
    122 1102
    142 1103
    143 1104
    152 1105
    162 1106
    143 1107
    121 1108
    137 1109
    124 1110
    145 1111
    108 1112
    116 1113
    128 1114
    100 1115
    113 1116
    113 1117
     94 1118
    102 1119
     83 1120
     98 1121
     90 1122
     79 1123
     83 1124
     90 1125
     66 1126
     67 1127
     68 1128
     62 1129
     70 1130
     74 1131
     62 1132
     64 1133
     66 1134
     64 1135
     67 1136
     61 1137
     66 1138
     50 1139
     65 1140
     50 1141
     63 1142
     56 1143
     51 1144
     48 1145
     63 1146
     59 1147
     49 1148
     55 1149
     58 1150
     61 1151
     51 1152
     69 1153
     73 1154
     93 1155
     74 1156
     64 1157
     90 1158
     87 1159
     81 1160
     90 1161
     91 1162
     85 1163
     99 1164
    119 1165
    123 1166
    116 1167
    119 1168
    125 1169
    122 1170
    125 1171
    114 1172
    140 1173
    134 1174
    155 1175
    139 1176
    153 1177
    126 1178
    127 1179
    128 1180
    100 1181
    111 1182
    125 1183
    125 1184
    118 1185
    108 1186
    100 1187
    101 1188
     83 1189
     94 1190
    103 1191
     93 1192
     89 1193
     85 1194
     84 1195
     84 1196
     62 1197
     87 1198
     84 1199
     59 1200
     72 1201
     57 1202
     67 1203
     58 1204
     64 1205
     54 1206
     66 1207
     74 1208
     60 1209
     54 1210
     57 1211
     53 1212
     54 1213
     53 1214
     55 1215
     57 1216
     58 1217
     59 1218
     73 1219
     69 1220
     63 1221
     74 1222
     71 1223
     67 1224
     82 1225
     71 1226
    101 1227
     67 1228
     92 1229
     95 1230
     84 1231
    115 1232
    112 1233
     96 1234
    121 1235
    112 1236
    139 1237
    104 1238
    141 1239
    114 1240
    129 1241
    134 1242
    144 1243
    150 1244
    122 1245
    127 1246
    124 1247
    142 1248
    120 1249
    123 1250
    117 1251
    113 1252
    129 1253
    112 1254
    108 1255
    126 1256
    116 1257
     98 1258
    107 1259
     98 1260
     85 1261
     79 1262
     93 1263
     71 1264
     81 1265
     80 1266
     77 1267
     75 1268
     61 1269
     75 1270
     65 1271
     79 1272
     51 1273
     58 1274
     63 1275
     77 1276
     42 1277
     69 1278
     50 1279
     56 1280
     65 1281
     59 1282
     59 1283
     64 1284
     66 1285
     60 1286
     72 1287
     61 1288
     66 1289
     58 1290
     72 1291
     71 1292
     66 1293
     79 1294
     74 1295
     94 1296
     86 1297
     85 1298
     85 1299
     84 1300
    115 1301
    105 1302
    101 1303
    128 1304
    105 1305
    114 1306
    138 1307
    130 1308
    117 1309
    109 1310
    114 1311
    137 1312
    129 1313
    122 1314
    135 1315
    122 1316
    140 1317
    128 1318
    130 1319
    110 1320
    122 1321
     96 1322
    105 1323
    123 1324
    104 1325
    124 1326
     95 1327
     91 1328
     92 1329
     98 1330
    110 1331
     87 1332
    100 1333
     80 1334
     71 1335
     65 1336
     70 1337
     65 1338
     71 1339
     90 1340
     43 1341
     63 1342
     73 1343
     54 1344
     56 1345
     68 1346
     58 1347
     57 1348
     52 1349
     73 1350
     62 1351
     78 1352
     55 1353
     68 1354
     59 1355
     63 1356
     74 1357
     60 1358
     78 1359
     75 1360
     69 1361
     86 1362
     61 1363
     70 1364
     73 1365
     72 1366
     88 1367
     85 1368
     93 1369
     90 1370
     99 1371
     92 1372
    102 1373
     97 1374
     95 1375
     98 1376
    114 1377
    115 1378
    114 1379
    143 1380
    127 1381
    114 1382
    136 1383
    135 1384
    137 1385
    135 1386
    134 1387
    124 1388
    122 1389
    124 1390
    110 1391
    108 1392
    104 1393
    110 1394
     89 1395
    102 1396
     88 1397
     93 1398
     94 1399
     70 1400
     82 1401
     91 1402
     74 1403
     77 1404
     79 1405
     60 1406
     81 1407
     58 1408
     80 1409
     70 1410
     63 1411
     49 1412
     65 1413
     59 1414
     44 1415
     57 1416
     69 1417
     65 1418
     64 1419
     47 1420
     53 1421
     58 1422
     68 1423
     55 1424
     62 1425
     69 1426
     72 1427
     72 1428
     68 1429
     63 1430
     74 1431
     69 1432
     65 1433
     64 1434
     78 1435
     71 1436
     80 1437
     92 1438
     85 1439
     92 1440
     84 1441
     86 1442
    108 1443
    101 1444
    120 1445
    122 1446
    121 1447
    118 1448
    119 1449
    120 1450
    116 1451
    121 1452
    119 1453
     97 1454
    110 1455
    102 1456
    100 1457
    103 1458
    105 1459
    104 1460
    104 1461
    119 1462
    103 1463
     96 1464
     70 1465
     93 1466
     83 1467
     71 1468
     75 1469
     65 1470
     77 1471
     64 1472
     63 1473
     86 1474
     69 1475
     67 1476
     66 1477
     66 1478
     45 1479
     58 1480
     56 1481
     67 1482
     52 1483
     61 1484
     62 1485
     60 1486
     71 1487
     70 1488
     54 1489
     66 1490
     50 1491
     59 1492
     56 1493
     59 1494
     61 1495
     64 1496
     71 1497
     74 1498
     72 1499
     63 1500
     64 1501
     69 1502
     81 1503
     81 1504
     83 1505
     85 1506
     76 1507
     88 1508
     75 1509
     79 1510
     97 1511
     94 1512
     98 1513
     98 1514
    117 1515
    120 1516
    106 1517
    137 1518
    114 1519
    112 1520
    119 1521
    116 1522
    103 1523
    121 1524
    106 1525
    119 1526
    107 1527
    112 1528
     91 1529
    100 1530
     92 1531
     78 1532
     87 1533
     89 1534
     91 1535
     74 1536
     73 1537
     84 1538
     79 1539
     58 1540
     74 1541
     71 1542
     62 1543
     61 1544
     55 1545
     65 1546
     67 1547
     62 1548
     51 1549
     47 1550
     66 1551
     56 1552
     51 1553
     52 1554
     50 1555
     58 1556
     50 1557
     63 1558
     63 1559
     66 1560
     51 1561
     58 1562
     64 1563
     63 1564
     54 1565
     58 1566
     69 1567
     80 1568
     50 1569
     57 1570
     72 1571
     65 1572
     71 1573
     66 1574
     79 1575
     84 1576
     55 1577
    101 1578
     71 1579
     99 1580
     97 1581
     81 1582
     84 1583
    124 1584
    109 1585
     91 1586
    107 1587
     97 1588
     93 1589
    109 1590
    101 1591
    103 1592
    100 1593
    106 1594
     95 1595
     95 1596
    105 1597
    103 1598
     95 1599
     99 1600
     60 1601
     52 1602
     71 1603
     50 1604
     83 1605
     69 1606
     68 1607
     59 1608
     66 1609
     60 1610
     56 1611
     62 1612
     53 1613
     49 1614
     55 1615
     63 1616
     63 1617
     65 1618
     58 1619
     55 1620
     68 1621
     59 1622
     51 1623
     53 1624
     58 1625
     48 1626
     58 1627
     45 1628
     56 1629
     56 1630
     51 1631
     50 1632
     45 1633
     50 1634
     56 1635
     46 1636
     52 1637
     65 1638
     53 1639
     48 1640
     70 1641
     52 1642
     67 1643
     47 1644
     64 1645
     63 1646
     76 1647
     85 1648
     71 1649
     73 1650
     69 1651
     84 1652
     88 1653
     83 1654
    102 1655
    101 1656
     85 1657
     80 1658
     98 1659
    101 1660
     79 1661
     87 1662
     85 1663
    100 1664
    100 1665
     87 1666
     86 1667
    103 1668
     76 1669
     74 1670
     65 1671
     97 1672
     85 1673
     80 1674
     64 1675
     75 1676
     59 1677
     50 1678
     61 1679
     66 1680
     57 1681
     55 1682
     57 1683
     48 1684
     67 1685
     64 1686
     56 1687
     49 1688
     41 1689
     57 1690
     51 1691
     53 1692
     41 1693
     51 1694
     50 1695
     48 1696
     60 1697
     52 1698
     43 1699
     41 1700
     40 1701
     54 1702
     49 1703
     54 1704
     46 1705
     42 1706
     67 1707
     62 1708
     60 1709
     53 1710
     65 1711
     63 1712
     60 1713
     57 1714
     67 1715
     74 1716
     60 1717
     60 1718
     74 1719
     84 1720
     80 1721
     71 1722
     64 1723
     74 1724
     66 1725
     76 1726
     79 1727
     79 1728
     94 1729
     84 1730
     79 1731
     81 1732
     56 1733
     93 1734
     81 1735
     92 1736
     84 1737
     75 1738
     57 1739
     67 1740
     73 1741
     66 1742
     66 1743
     71 1744
     59 1745
     60 1746
     52 1747
     46 1748
     54 1749
     54 1750
     53 1751
     37 1752
     52 1753
     50 1754
     42 1755
     55 1756
     49 1757
     41 1758
     48 1759
     53 1760
     43 1761
     46 1762
     44 1763
     39 1764
     37 1765
     41 1766
     44 1767
     45 1768
     45 1769
     59 1770
     39 1771
     47 1772
     38 1773
     49 1774
     41 1775
     39 1776
     62 1777
     41 1778
     49 1779
     40 1780
     47 1781
     60 1782
     51 1783
     48 1784
     55 1785
     55 1786
     62 1787
     67 1788
     67 1789
     57 1790
     64 1791
     65 1792
     74 1793
     71 1794
     71 1795
     67 1796
     77 1797
     71 1798
     88 1799
     63 1800
     71 1801
     67 1802
     72 1803
     81 1804
     72 1805
     78 1806
     47 1807
     57 1808
     66 1809
     57 1810
     49 1811
     58 1812
     44 1813
     55 1814
     46 1815
     51 1816
     53 1817
     51 1818
     43 1819
     40 1820
     43 1821
     42 1822
     40 1823
     47 1824
     31 1825
     44 1826
     40 1827
     48 1828
     39 1829
     35 1830
     34 1831
     48 1832
     31 1833
     35 1834
     35 1835
     31 1836
     39 1837
     39 1838
     43 1839
     26 1840
     36 1841
     35 1842
     40 1843
     44 1844
     43 1845
     36 1846
     36 1847
     31 1848
     59 1849
     43 1850
     43 1851
     50 1852
     52 1853
     43 1854
     58 1855
     56 1856
     58 1857
     51 1858
     65 1859
     59 1860
     59 1861
     54 1862
     60 1863
     58 1864
     62 1865
     64 1866
     63 1867
     82 1868
     72 1869
     66 1870
     62 1871
     59 1872
     63 1873
     49 1874
     52 1875
     62 1876
     51 1877
     53 1878
     43 1879
     45 1880
     53 1881
     41 1882
     38 1883
     48 1884
     49 1885
     41 1886
     44 1887
     35 1888
     50 1889
     37 1890
     39 1891
     37 1892
     48 1893
     48 1894
     49 1895
     38 1896
     50 1897
     42 1898
     45 1899
     34 1900
     30 1901
     41 1902
     32 1903
     28 1904
     41 1905
     28 1906
     38 1907
     33 1908
     41 1909
     35 1910
     36 1911
     39 1912
     37 1913
     32 1914
     35 1915
     36 1916
     52 1917
     41 1918
     37 1919
     27 1920
     44 1921
     45 1922
     50 1923
     49 1924
     49 1925
     55 1926
     47 1927
     57 1928
     64 1929
     52 1930
     66 1931
     51 1932
     58 1933
     63 1934
     56 1935
     62 1936
     48 1937
     54 1938
     63 1939
     53 1940
     66 1941
     45 1942
     56 1943
     64 1944
     48 1945
     55 1946
     62 1947
     61 1948
     49 1949
     39 1950
     45 1951
     29 1952
     47 1953
     45 1954
     37 1955
     44 1956
     43 1957
     30 1958
     26 1959
     36 1960
     30 1961
     31 1962
     32 1963
     39 1964
     30 1965
     35 1966
     33 1967
     28 1968
     37 1969
     35 1970
     29 1971
     29 1972
     27 1973
     32 1974
     25 1975
     40 1976
     28 1977
     28 1978
     36 1979
     23 1980
     42 1981
     25 1982
     29 1983
     34 1984
     25 1985
     33 1986
     33 1987
     37 1988
     40 1989
     46 1990
     27 1991
     27 1992
     52 1993
     50 1994
     41 1995
     40 1996
     38 1997
     58 1998
     47 1999
     47 2000
     50 2001
     56 2002
     57 2003
     57 2004
     33 2005
     63 2006
     56 2007
     51 2008
     51 2009
     45 2010
     48 2011
     45 2012
     44 2013
     39 2014
     56 2015
     37 2016
     36 2017
     47 2018
     44 2019
     38 2020
     45 2021
     34 2022
     40 2023
     40 2024
     36 2025
     31 2026
     18 2027
     27 2028
     34 2029
     31 2030
     29 2031
     34 2032
     35 2033
     37 2034
     21 2035
     32 2036
     25 2037
     30 2038
     31 2039
     26 2040
     23 2041
     29 2042
     29 2043
     26 2044
     31 2045
     31 2046
     26 2047
     29 2048
     27 2049
     34 2050
     30 2051
     30 2052
     19 2053
     32 2054
     24 2055
     29 2056
     34 2057
     28 2058
     37 2059
     36 2060
     38 2061
     34 2062
     41 2063
     41 2064
     38 2065
     39 2066
     37 2067
     33 2068
     39 2069
     44 2070
     49 2071
     37 2072
     41 2073
     42 2074
     40 2075
     43 2076
     39 2077
     49 2078
     56 2079
     43 2080
     37 2081
     41 2082
     37 2083
     40 2084
     32 2085
     45 2086
     33 2087
     33 2088
     29 2089
     33 2090
     49 2091
     24 2092
     22 2093
     23 2094
     30 2095
     29 2096
     28 2097
     26 2098
     37 2099
     27 2100
     25 2101
     21 2102
     27 2103
     18 2104
     19 2105
     21 2106
     28 2107
     22 2108
     17 2109
     25 2110
     22 2111
     21 2112
     19 2113
     23 2114
     22 2115
     28 2116
     19 2117
     21 2118
     22 2119
     20 2120
     24 2121
     24 2122
     28 2123
     23 2124
     23 2125
     27 2126
     30 2127
     37 2128
     30 2129
     23 2130
     29 2131
     27 2132
     31 2133
     28 2134
     37 2135
     31 2136
     37 2137
     23 2138
     31 2139
     28 2140
     28 2141
     24 2142
     43 2143
     41 2144
     45 2145
     44 2146
     35 2147
     47 2148
     35 2149
     44 2150
     24 2151
     27 2152
     24 2153
     32 2154
     29 2155
     25 2156
     40 2157
     23 2158
     29 2159
     22 2160
     26 2161
     28 2162
     27 2163
     34 2164
     27 2165
     21 2166
     20 2167
     21 2168
     23 2169
     16 2170
     25 2171
     19 2172
     25 2173
     19 2174
     18 2175
     30 2176
     26 2177
     14 2178
     18 2179
     21 2180
     17 2181
     23 2182
     24 2183
     23 2184
     23 2185
     19 2186
     21 2187
     22 2188
     17 2189
     18 2190
     21 2191
     18 2192
     13 2193
     13 2194
     24 2195
     24 2196
     33 2197
     19 2198
     27 2199
     24 2200
     22 2201
     20 2202
     30 2203
     29 2204
     27 2205
     20 2206
     30 2207
     32 2208
     34 2209
     29 2210
     27 2211
     30 2212
     29 2213
     36 2214
     36 2215
     25 2216
     37 2217
     37 2218
     32 2219
     22 2220
     27 2221
     23 2222
     24 2223
     22 2224
     21 2225
     23 2226
     23 2227
     19 2228
     30 2229
     22 2230
     27 2231
     27 2232
     27 2233
     12 2234
     20 2235
     23 2236
     22 2237
     20 2238
     20 2239
     20 2240
     14 2241
     18 2242
     20 2243
     19 2244
     11 2245
      9 2246
      6 2247
     21 2248
     26 2249
     13 2250
     20 2251
     17 2252
     12 2253
     21 2254
     25 2255
     18 2256
     18 2257
     17 2258
     23 2259
     13 2260
     18 2261
     17 2262
     11 2263
     21 2264
     30 2265
     28 2266
     15 2267
     22 2268
     18 2269
     22 2270
     23 2271
     33 2272
     29 2273
     20 2274
     26 2275
     31 2276
     27 2277
     27 2278
     26 2279
     23 2280
     33 2281
     29 2282
     30 2283
     29 2284
     19 2285
     24 2286
     21 2287
     30 2288
     28 2289
     27 2290
     23 2291
     27 2292
     22 2293
     26 2294
     26 2295
     17 2296
     17 2297
     28 2298
     18 2299
     14 2300
     19 2301
     22 2302
     14 2303
     23 2304
     18 2305
     17 2306
     11 2307
     15 2308
     12 2309
     18 2310
     24 2311
     17 2312
      9 2313
     17 2314
     15 2315
     13 2316
     12 2317
     13 2318
     15 2319
     14 2320
     12 2321
     19 2322
     19 2323
     14 2324
     15 2325
     13 2326
     15 2327
     15 2328
     14 2329
     21 2330
     21 2331
      9 2332
     13 2333
     12 2334
     15 2335
     11 2336
     19 2337
     18 2338
     18 2339
     26 2340
     18 2341
     20 2342
     21 2343
     24 2344
     16 2345
     21 2346
     26 2347
     19 2348
     20 2349
     22 2350
     24 2351
     24 2352
     29 2353
     12 2354
     20 2355
     21 2356
     23 2357
     18 2358
     21 2359
     16 2360
     20 2361
     13 2362
     24 2363
     23 2364
     19 2365
     14 2366
     27 2367
     15 2368
     13 2369
     12 2370
     14 2371
     13 2372
     18 2373
     12 2374
     15 2375
     15 2376
     15 2377
     16 2378
     10 2379
     13 2380
     17 2381
     10 2382
     12 2383
     13 2384
     15 2385
      5 2386
     11 2387
     13 2388
     12 2389
      7 2390
     11 2391
     12 2392
      8 2393
     12 2394
     11 2395
     14 2396
     14 2397
     16 2398
     13 2399
     12 2400
     13 2401
     15 2402
     16 2403
     11 2404
     11 2405
     20 2406
     11 2407
     14 2408
     21 2409
     16 2410
     20 2411
     14 2412
     17 2413
     11 2414
     15 2415
     15 2416
     16 2417
     26 2418
     18 2419
     14 2420
     12 2421
     17 2422
     24 2423
     24 2424
     17 2425
     22 2426
     21 2427
     20 2428
     16 2429
     25 2430
     15 2431
     22 2432
     18 2433
      9 2434
     19 2435
     11 2436
     13 2437
     13 2438
     16 2439
     13 2440
     15 2441
     12 2442
     14 2443
     10 2444
      8 2445
      7 2446
     10 2447
      4 2448
     12 2449
      8 2450
     13 2451
      9 2452
      9 2453
     10 2454
      7 2455
     10 2456
     15 2457
     12 2458
      8 2459
      9 2460
     12 2461
     14 2462
     10 2463
     10 2464
     10 2465
     11 2466
     14 2467
     11 2468
     11 2469
      9 2470
     13 2471
     12 2472
     15 2473
     17 2474
     10 2475
     10 2476
     13 2477
     16 2478
     14 2479
     15 2480
     17 2481
     17 2482
     18 2483
     17 2484
     15 2485
     12 2486
     12 2487
     15 2488
     19 2489
     11 2490
     13 2491
      9 2492
     15 2493
     20 2494
     14 2495
     20 2496
     16 2497
     13 2498
     16 2499
     10 2500
     11 2501
     13 2502
     18 2503
      9 2504
     15 2505
      8 2506
     19 2507
     10 2508
     17 2509
     10 2510
      7 2511
     12 2512
      8 2513
      8 2514
     12 2515
      6 2516
     10 2517
     11 2518
      9 2519
     10 2520
      6 2521
      3 2522
      7 2523
     10 2524
      7 2525
     13 2526
      4 2527
      6 2528
      5 2529
      8 2530
      7 2531
     11 2532
      2 2533
     13 2534
     10 2535
      8 2536
     13 2537
     12 2538
     12 2539
     17 2540
      8 2541
     15 2542
     10 2543
     13 2544
     15 2545
     12 2546
     15 2547
     11 2548
     19 2549
     12 2550
     11 2551
     16 2552
     10 2553
     13 2554
     14 2555
     19 2556
      9 2557
      6 2558
     14 2559
      9 2560
     17 2561
     14 2562
     17 2563
     19 2564
     11 2565
      8 2566
     17 2567
     14 2568
     10 2569
      6 2570
     13 2571
      9 2572
     10 2573
      9 2574
     12 2575
      5 2576
      8 2577
      9 2578
      8 2579
     12 2580
     12 2581
      6 2582
      6 2583
     10 2584
      8 2585
      9 2586
     10 2587
      7 2588
      4 2589
      6 2590
      8 2591
      2 2592
      7 2593
      6 2594
      6 2595
      9 2596
      5 2597
      7 2598
      5 2599
      7 2600
     12 2601
     10 2602
     12 2603
      5 2604
      2 2605
     12 2606
      5 2607
      9 2608
     10 2609
      4 2610
      6 2611
      9 2612
      9 2613
     12 2614
      8 2615
      8 2616
      9 2617
     12 2618
     10 2619
      6 2620
      8 2621
     11 2622
      8 2623
     11 2624
      7 2625
     12 2626
     11 2627
      9 2628
     10 2629
     20 2630
     10 2631
     14 2632
      9 2633
      6 2634
     10 2635
     14 2636
     15 2637
     13 2638
     11 2639
      7 2640
      9 2641
     13 2642
     12 2643
      6 2644
     11 2645
      6 2646
      8 2647
      4 2648
     13 2649
      7 2650
      6 2651
      2 2652
      6 2653
      6 2654
      7 2655
      5 2656
      4 2657
      3 2658
      8 2659
      7 2660
      5 2661
      2 2662
      8 2663
      4 2664
      9 2665
      4 2666
      3 2667
      9 2668
      5 2669
      4 2670
      7 2671
      7 2672
      4 2673
     12 2674
      4 2675
      5 2676
      3 2677
      8 2678
      7 2679
      6 2680
     10 2681
      9 2682
      6 2683
      6 2684
      7 2685
     10 2686
      5 2687
      4 2688
      3 2689
      9 2690
      8 2691
      5 2692
     12 2693
      8 2694
      6 2695
     11 2696
     10 2697
      8 2698
      7 2699
     12 2700
      8 2701
      8 2702
      8 2703
      8 2704
      5 2705
     10 2706
      8 2707
     13 2708
     12 2709
      1 2710
      6 2711
      3 2712
      8 2713
      2 2714
      3 2715
      7 2716
      2 2717
      6 2718
     11 2719
      8 2720
      6 2721
      4 2722
      3 2723
      6 2724
      5 2725
      6 2726
     10 2727
      3 2728
      5 2729
      5 2731
      2 2732
      2 2733
      4 2734
      5 2735
      1 2736
      1 2737
      5 2738
      5 2739
      5 2740
      4 2741
      9 2742
      3 2743
      3 2744
      6 2745
      5 2746
      2 2747
      4 2748
      4 2749
      7 2750
      3 2751
      5 2752
      6 2753
      5 2754
      6 2755
      4 2756
      7 2757
      9 2758
      8 2759
      2 2760
      5 2761
      9 2762
     11 2763
     11 2764
      5 2765
      6 2766
      7 2767
      6 2768
      6 2769
      7 2770
      4 2771
      4 2772
      8 2773
     10 2774
      9 2775
      6 2776
      4 2777
      6 2778
      5 2779
      5 2780
      8 2781
      5 2782
      5 2783
      2 2784
      4 2785
      7 2786
      2 2787
      6 2788
      5 2789
      7 2790
      4 2792
      4 2793
      2 2794
      6 2795
      5 2796
      2 2797
      6 2798
      7 2799
      4 2800
      7 2801
      8 2802
      2 2803
      1 2804
      4 2805
      3 2806
      9 2807
      3 2808
      1 2809
      1 2810
      3 2811
      4 2812
      4 2814
      6 2815
      5 2816
      4 2817
      4 2818
     10 2819
      5 2820
      3 2821
      8 2822
      6 2823
      3 2824
      8 2825
      5 2826
      6 2827
      4 2828
      5 2829
      5 2830
      3 2831
      6 2832
      3 2833
      7 2834
      7 2835
      2 2836
      7 2837
      2 2838
      7 2839
      3 2840
      5 2841
      9 2842
      4 2843
      6 2844
      6 2845
      4 2846
      3 2847
      5 2848
      5 2849
      7 2850
      8 2851
      6 2852
      5 2853
      2 2854
      5 2855
      5 2856
      6 2857
      6 2858
      3 2859
      4 2860
      2 2861
      4 2862
      4 2863
      4 2864
      3 2865
      7 2866
      4 2867
      1 2868
      5 2869
      6 2870
      1 2871
      6 2872
      2 2873
      5 2874
      6 2875
      4 2876
      4 2877
      4 2878
      5 2881
      6 2882
      2 2883
      3 2884
      2 2885
      8 2886
      4 2887
      3 2888
      4 2889
      3 2890
      4 2891
      5 2892
      4 2893
      9 2895
      4 2896
      3 2897
      1 2898
      3 2899
      5 2900
      8 2901
      5 2902
      4 2903
      3 2904
      5 2905
      7 2906
      8 2907
      7 2908
      5 2909
      7 2910
      6 2911
      8 2912
      3 2913
      8 2914
      6 2915
      6 2916
      4 2917
      3 2918
      1 2919
      2 2920
      5 2921
      5 2922
      7 2923
      2 2924
      4 2925
      1 2926
      4 2927
      2 2928
      1 2929
      3 2930
      7 2931
      3 2932
      2 2933
      3 2934
      2 2935
      3 2936
      3 2937
      2 2939
      2 2940
      2 2941
      4 2942
      2 2943
      2 2944
      6 2945
      3 2948
      2 2949
      5 2950
      3 2951
      5 2952
      3 2953
      3 2954
      4 2955
      5 2956
      4 2957
      1 2958
      1 2959
      3 2960
      4 2961
      3 2962
      7 2963
      3 2964
      2 2965
      6 2966
      5 2967
      1 2968
      5 2969
      2 2970
      2 2971
      6 2972
      3 2973
      6 2974
      3 2975
      2 2976
      4 2977
      7 2978
      3 2979
      1 2980
      3 2981
      9 2982
      5 2983
      5 2984
      5 2985
      2 2986
      5 2987
      3 2988
      4 2989
      1 2990
      2 2991
      3 2992
      3 2993
      1 2994
      4 2995
      6 2997
      1 2998
      1 3001
      2 3002
      2 3003
      2 3004
      2 3005
      2 3006
      1 3007
      3 3008
      3 3009
      4 3010
      2 3011
      3 3012
      1 3013
      1 3014
      5 3015
      3 3016
      2 3017
      3 3018
      2 3019
      2 3020
      1 3021
      2 3022
      5 3023
      1 3024
      1 3025
      1 3026
      2 3027
      4 3028
      4 3029
      2 3030
      1 3031
      3 3032
      5 3033
      6 3034
      2 3035
      4 3036
      1 3037
      3 3038
      5 3039
      6 3040
      4 3043
      3 3044
      5 3045
      5 3046
      4 3047
      2 3048
      4 3049
      3 3050
      5 3051
      4 3052
      2 3053
      3 3054
      6 3055
      5 3056
      3 3057
      2 3058
      2 3059
      4 3060
      2 3061
      1 3062
      4 3063
      2 3064
      3 3065
      2 3066
      4 3067
      5 3068
      1 3069
      3 3070
      4 3071
      2 3072
      2 3073
      2 3075
      1 3076
      1 3077
      1 3078
      2 3079
      2 3080
      1 3081
      4 3082
      2 3083
      2 3084
      5 3085
      1 3086
      1 3087
      1 3088
      3 3089
      3 3090
      3 3091
      5 3092
      1 3094
      3 3096
      2 3097
      5 3099
      2 3100
      3 3102
      2 3103
      4 3104
      1 3105
      1 3106
      2 3107
      2 3108
      3 3109
      3 3110
      3 3111
      1 3112
      2 3113
      3 3114
      1 3115
      2 3116
      3 3117
      3 3118
      1 3119
      3 3120
      2 3121
      3 3122
      1 3123
      1 3124
      3 3125
      3 3126
      1 3128
      2 3129
      1 3130
      4 3131
      2 3132
      3 3134
      2 3135
      1 3136
      1 3137
      1 3138
      1 3140
      2 3141
      2 3142
      2 3143
      1 3145
      1 3146
      4 3147
      2 3148
      2 3149
      3 3150
      4 3151
      1 3152
      2 3153
      3 3155
      2 3156
      1 3157
      1 3158
      2 3159
      2 3160
      2 3161
      1 3162
      4 3163
      2 3164
      1 3165
      2 3166
      2 3167
      2 3168
      3 3169
      2 3170
      4 3171
      1 3172
      3 3173
      4 3174
      1 3175
      2 3176
      2 3177
      2 3178
      2 3179
      3 3180
      4 3181
      1 3182
      2 3183
      1 3184
      2 3185
      2 3186
      1 3187
      5 3188
      4 3190
      1 3191
      2 3192
      2 3193
      1 3195
      3 3196
      2 3197
      2 3198
      2 3199
      1 3200
      1 3201
      3 3202
      8 3203
      2 3204
      3 3205
      2 3206
      2 3207
      1 3208
      2 3209
      1 3211
      2 3212
      1 3213
      1 3214
      1 3215
      2 3216
      1 3217
      2 3218
      3 3219
      1 3221
      4 3222
      4 3223
      1 3224
      1 3225
      1 3226
      1 3227
      2 3228
      1 3229
      2 3230
      1 3231
      1 3232
      1 3233
      2 3234
      4 3235
      1 3238
      3 3240
      1 3241
      1 3242
      3 3243
      2 3244
      2 3245
      3 3246
      1 3247
      1 3248
      1 3249
      3 3251
      5 3252
      3 3253
      1 3254
      4 3255
      3 3256
      2 3257
      1 3258
      3 3259
      2 3261
      4 3262
      1 3264
      4 3265
      3 3266
      1 3267
      1 3268
      2 3269
      3 3270
      2 3271
      1 3272
      3 3273
      3 3274
      1 3275
      1 3276
      1 3277
      1 3278
      2 3280
      3 3281
      3 3283
      5 3284
      2 3285
      2 3286
      2 3287
      2 3288
      5 3289
      1 3290
      1 3291
      2 3292
      2 3296
      1 3297
      2 3298
      2 3299
      2 3300
      2 3301
      2 3305
      2 3306
      1 3307
      2 3308
      2 3309
      2 3310
      1 3311
      1 3312
      2 3314
      3 3315
      3 3316
      2 3317
      2 3319
      1 3321
      5 3323
      2 3324
      2 3325
      1 3326
      4 3331
      1 3332
      2 3334
      3 3335
      1 3336
      2 3337
      2 3338
      2 3339
      3 3340
      3 3341
      1 3342
      1 3343
      1 3345
      2 3347
      1 3348
      3 3350
      1 3351
      1 3352
      2 3353
      3 3355
      1 3357
      2 3359
      1 3360
      1 3361
      2 3364
      2 3366
      4 3368
      1 3369
      3 3370
      2 3371
      1 3372
      1 3373
      2 3374
      3 3375
      1 3376
      2 3377
      1 3379
      1 3380
      1 3381
      1 3382
      1 3383
      2 3384
      2 3385
      3 3386
      1 3387
      3 3388
      1 3389
      3 3390
      3 3391
      4 3393
      1 3394
      2 3395
      2 3397
      2 3398
      1 3399
      1 3400
      2 3402
      3 3405
      1 3406
      1 3407
      1 3409
      2 3410
      1 3411
      3 3412
      1 3413
      1 3414
      1 3415
      1 3416
      1 3419
      1 3424
      1 3425
      1 3426
      1 3427
      1 3428
      1 3430
      1 3432
      1 3433
      1 3434
      2 3436
      2 3437
      1 3439
      1 3440
      2 3441
      2 3443
      3 3444
      1 3445
      4 3446
      1 3449
      2 3450
      2 3451
      2 3452
      1 3453
      1 3455
      1 3456
      1 3458
      2 3460
      1 3462
      3 3463
      2 3464
      2 3465
      1 3466
      4 3468
      2 3469
      2 3472
      2 3473
      2 3475
      2 3476
      2 3478
      2 3484
      1 3486
      1 3487
      1 3490
      1 3491
      3 3494
      1 3495
      1 3496
      1 3497
      2 3498
      2 3501
      1 3502
      2 3503
      1 3504
      1 3505
      1 3506
      1 3509
      1 3511
      2 3514
      1 3516
      1 3519
      2 3522
      1 3523
      2 3524
      1 3525
      2 3526
      1 3527
      1 3528
      2 3529
      1 3530
      2 3532
      1 3533
      3 3534
      1 3535
      1 3536
      2 3537
      1 3538
      1 3539
      2 3540
      2 3542
      1 3543
      1 3544
      1 3545
      1 3546
      1 3548
      2 3550
      2 3551
      1 3552
      1 3553
      1 3554
      1 3555
      3 3560
      2 3562
      2 3566
      1 3567
      3 3572
      2 3573
      2 3574
      3 3575
      2 3576
      1 3577
      1 3579
      1 3580
      1 3581
      2 3582
      1 3583
      1 3587
      2 3588
      3 3589
      2 3591
      1 3592
      1 3593
      1 3594
      1 3595
      2 3597
      2 3599
      1 3600
      1 3602
      1 3603
      2 3604
      2 3605
      2 3607
      1 3610
      1 3611
      2 3614
      1 3617
      1 3624
      2 3627
      3 3629
      1 3631
      1 3634
      1 3635
      1 3638
      1 3639
      1 3642
      2 3645
      1 3646
      1 3647
      1 3649
      1 3651
      2 3654
      2 3658
      1 3663
      1 3665
      1 3666
      2 3667
      1 3668
      3 3669
      1 3670
      2 3671
      1 3672
      3 3674
      2 3675
      1 3676
      3 3677
      2 3681
      1 3683
      1 3684
      1 3686
      2 3687
      1 3688
      2 3690
      1 3693
      1 3698
      1 3704
      1 3705
      2 3711
      1 3712
      1 3713
      1 3714
      1 3719
      1 3723
      1 3726
      1 3728
      1 3729
      1 3730
      2 3732
      1 3734
      1 3735
      2 3737
      1 3740
      1 3741
      3 3744
      2 3745
      1 3747
      1 3752
      1 3753
      1 3754
      1 3759
      3 3760
      1 3761
      3 3766
      2 3767
      2 3768
      1 3769
      1 3770
      1 3771
      2 3772
      1 3775
      1 3776
      1 3779
      4 3784
      2 3786
      1 3792
      2 3793
      1 3795
      4 3797
      2 3798
      1 3799
      1 3801
      2 3802
      1 3806
      2 3807
      1 3809
      2 3810
      1 3814
      1 3818
      1 3819
      2 3824
      1 3826
      1 3828
      1 3830
      3 3831
      1 3834
      1 3837
      1 3839
      1 3841
      1 3845
      1 3847
      1 3848
      1 3850
      1 3851
      1 3854
      1 3857
      1 3858
      2 3860
      1 3861
      3 3868
      1 3870
      1 3874
      1 3875
      2 3878
      1 3879
      2 3881
      1 3885
      1 3889
      1 3891
      1 3892
      2 3894
      1 3895
      1 3896
      1 3900
      1 3905
      1 3906
      1 3908
      1 3910
      1 3916
      1 3917
      1 3920
      1 3921
      1 3922
      1 3923
      1 3924
      2 3925
      1 3926
      1 3927
      1 3928
      1 3934
      2 3935
      1 3936
      1 3938
      2 3939
      2 3940
      1 3943
      1 3944
      1 3945
      4 3947
      1 3950
      3 3953
      2 3955
      1 3958
      1 3959
      2 3963
      1 3966
      1 3968
      1 3969
      2 3970
      1 3972
      1 3974
      1 3975
      1 3978
      1 3979
      1 3981
      1 3986
      2 3987
      1 3988
      1 3997
      1 3999
      1 4000
      1 4001
      1 4004
      1 4008
      1 4010
      2 4011
      1 4013
      1 4014
      2 4015
      1 4018
      1 4023
      1 4024
      1 4028
      1 4029
      2 4031
      1 4034
      1 4040
      1 4048
      1 4051
      1 4052
      1 4055
      1 4060
      2 4064
      1 4066
      1 4069
      1 4070
      1 4072
      1 4073
      2 4075
      1 4076
      1 4077
      1 4078
      1 4082
      1 4083
      2 4086
      1 4100
      1 4105
      1 4106
      2 4108
      1 4110
      1 4112
      1 4117
      1 4123
      1 4127
      1 4133
      1 4134
      1 4141
      1 4145
      1 4146
      1 4147
      1 4150
      1 4153
      1 4154
      1 4155
      1 4160
      1 4162
      2 4166
      1 4176
      1 4184
      1 4190
      1 4191
      1 4192
      1 4197
      1 4203
      1 4204
      1 4208
      2 4212
      1 4215
      1 4217
      1 4218
      1 4219
      1 4220
      1 4223
      1 4227
      1 4231
      2 4233
      1 4237
      1 4241
      1 4243
      1 4244
      1 4251
      1 4252
      2 4261
      1 4266
      1 4267
      1 4268
      2 4271
      1 4276
      1 4279
      1 4284
      2 4286
      1 4288
      1 4300
      1 4310
      1 4312
      1 4314
      1 4316
      1 4320
      1 4327
      1 4333
      2 4341
      1 4347
      1 4349
      2 4357
      1 4358
      1 4360
      1 4364
      1 4366
      1 4367
      1 4372
      2 4373
      1 4374
      1 4385
      1 4387
      1 4388
      1 4391
      2 4394
      1 4395
      1 4397
      1 4400
      1 4401
      1 4402
      1 4404
      1 4408
      1 4412
      1 4416
      2 4425
      1 4427
      1 4433
      1 4446
      1 4448
      1 4450
      1 4452
      1 4454
      1 4456
      1 4459
      1 4460
      1 4461
      1 4485
      1 4486
      1 4490
      1 4493
      1 4494
      1 4496
      1 4503
      1 4504
      1 4507
      1 4511
      1 4521
      2 4525
      1 4532
      1 4539
      1 4540
      1 4541
      1 4565
      1 4567
      1 4569
      1 4581
      1 4598
      1 4606
      1 4608
      1 4619
      1 4625
      1 4632
      2 4633
      1 4639
      1 4641
      1 4644
      1 4655
      1 4666
      1 4668
      1 4677
      1 4679
      1 4680
      1 4686
      1 4691
      1 4695
      1 4697
      1 4699
      1 4701
      2 4709
      1 4711
      1 4731
      1 4749
      1 4755
      1 4771
      1 4773
      1 4778
      1 4790
      1 4792
      1 4794
      1 4798
      1 4802
      1 4809
      1 4810
      1 4834
      2 4837
      1 4840
      2 4842
      1 4848
      1 4881
      1 4884
      1 4885
      1 4892
      1 4895
      1 4906
      1 4907
      1 4911
      1 4916
      1 4920
      1 4925
      1 4935
      1 4947
      2 4953
      2 4982
      1 4990
      1 4991
      1 4994
      1 5011
      1 5016
      1 5020
      1 5035
      1 5050
      1 5054
      1 5058
      1 5075
      1 5082
      1 5096
      1 5111
      1 5115
      1 5121
      1 5131
      1 5134
      1 5138
      1 5141
      1 5144
      1 5156
      1 5157
      1 5167
      1 5170
      1 5174
      1 5207
      1 5209
      1 5216
      1 5220
      1 5221
      1 5224
      1 5234
      1 5251
      1 5260
      1 5268
      1 5274
      1 5307
      1 5320
      1 5321
      1 5325
      1 5326
      1 5332
      1 5342
      1 5344
      1 5348
      1 5382
      1 5389
      1 5397
      1 5401
      1 5415
      2 5422
      1 5435
      1 5452
      1 5459
      1 5497
      1 5504
      1 5514
      1 5526
      1 5540
      1 5542
      1 5552
      1 5588
      1 5611
      1 5635
      2 5682
      1 5684
      1 5713
      1 5769
      1 5772
      1 5773
      1 5894
      1 5978
      1 6005
      1 6008
      1 6010
      1 6069
      1 6105
      1 6122
      1 6142
      1 6207
      1 6210
      1 6212
      1 6274
      1 6288
      1 6358
      1 6388
      1 6470
      1 6492
      1 6553
      1 6581
      1 6611
      1 6632
      1 6667
      1 6680
      1 6703
      1 6746
      1 6751
      1 6770
      1 6776
      1 6831
      1 6912
      1 7009
      1 7033
      1 7149
      1 7245
      1 7286
      1 7385
      1 7527
      1 7529
      1 7622
      1 7811
      1 7862
      1 7892
      1 8098
      1 8365
      1 8429
      1 8434
      1 8614
      1 9417
      1 9507
      1 9705
      1 9720
      1 9775
      1 10703
      1 12232
---AAD-PGBENCH-LAG-US---
