pgbench (18.6 (Debian 18.6-1.pgdg13+2))
starting vacuum...end.
transaction type: <builtin: select only>
scaling factor: 1000
query mode: simple
number of clients: 32
number of threads: 16
maximum number of tries: 1
duration: 60 s
number of transactions actually processed: 5745571
number of failed transactions: 0 (0.000%)
latency average = 0.334 ms
initial connection time = 9.408 ms
tps = 95773.644876 (without initial connection time)
---AAD-PGBENCH-LATENCY-US---
rc=0
samples=115480
      2 228
      1 229
      1 231
      1 232
      5 233
      4 234
      9 235
     17 236
     14 237
     13 238
     20 239
     22 240
     29 241
     51 242
     49 243
     60 244
     91 245
    101 246
    100 247
    135 248
    141 249
    140 250
    176 251
    180 252
    261 253
    256 254
    276 255
    335 256
    404 257
    429 258
    419 259
    453 260
    482 261
    499 262
    545 263
    633 264
    632 265
    685 266
    702 267
    780 268
    815 269
    841 270
    877 271
    944 272
   1015 273
    992 274
   1106 275
   1162 276
   1154 277
   1039 278
   1045 279
    977 280
    943 281
    896 282
    883 283
    831 284
    869 285
    754 286
    737 287
    739 288
    691 289
    682 290
    644 291
    669 292
    687 293
    676 294
    658 295
    590 296
    620 297
    622 298
    650 299
    661 300
    678 301
    647 302
    615 303
    636 304
    677 305
    628 306
    607 307
    678 308
    659 309
    711 310
    728 311
    687 312
    772 313
    765 314
    700 315
    781 316
    754 317
    833 318
    850 319
    796 320
    883 321
    891 322
    919 323
    957 324
   1005 325
   1129 326
   1048 327
   1108 328
   1158 329
   1120 330
   1187 331
   1109 332
   1075 333
   1141 334
   1145 335
   1144 336
   1270 337
   1172 338
   1119 339
   1128 340
   1097 341
   1142 342
   1041 343
   1077 344
   1077 345
   1018 346
    937 347
    906 348
    780 349
    744 350
    718 351
    685 352
    720 353
    666 354
    632 355
    581 356
    586 357
    504 358
    536 359
    518 360
    502 361
    465 362
    501 363
    467 364
    464 365
    444 366
    450 367
    424 368
    397 369
    357 370
    402 371
    382 372
    399 373
    373 374
    355 375
    377 376
    352 377
    375 378
    323 379
    381 380
    364 381
    356 382
    363 383
    352 384
    349 385
    325 386
    359 387
    370 388
    342 389
    299 390
    352 391
    368 392
    365 393
    351 394
    372 395
    379 396
    392 397
    422 398
    420 399
    410 400
    407 401
    377 402
    339 403
    319 404
    340 405
    299 406
    294 407
    239 408
    276 409
    293 410
    246 411
    232 412
    237 413
    225 414
    226 415
    189 416
    215 417
    167 418
    199 419
    180 420
    149 421
    145 422
    155 423
    137 424
    147 425
    133 426
    147 427
    122 428
    112 429
    116 430
    141 431
    120 432
     94 433
     96 434
    100 435
    108 436
    100 437
     97 438
     76 439
     83 440
     85 441
     73 442
     70 443
     66 444
     83 445
     73 446
     64 447
     63 448
     75 449
     83 450
     71 451
     60 452
     74 453
     64 454
     56 455
     64 456
     53 457
     53 458
     77 459
     59 460
     62 461
     50 462
     42 463
     41 464
     50 465
     51 466
     55 467
     49 468
     46 469
     49 470
     59 471
     50 472
     43 473
     52 474
     37 475
     42 476
     38 477
     33 478
     47 479
     52 480
     33 481
     41 482
     41 483
     34 484
     41 485
     45 486
     23 487
     32 488
     32 489
     33 490
     38 491
     31 492
     37 493
     35 494
     33 495
     34 496
     30 497
     27 498
     35 499
     29 500
     37 501
     29 502
     22 503
     23 504
     28 505
     25 506
     25 507
     33 508
     29 509
     24 510
     18 511
     31 512
     17 513
     16 514
     21 515
     20 516
     28 517
     27 518
     18 519
     24 520
     23 521
     28 522
     20 523
     23 524
     18 525
     27 526
     23 527
     22 528
     24 529
     27 530
     27 531
     20 532
     19 533
     16 534
     22 535
     29 536
     24 537
     19 538
     16 539
     18 540
     22 541
     16 542
     20 543
     19 544
     19 545
     19 546
     19 547
     22 548
     22 549
      8 550
     18 551
     13 552
     14 553
     10 554
     15 555
     13 556
     18 557
     13 558
     17 559
     17 560
     11 561
     15 562
     10 563
      8 564
     20 565
     10 566
     17 567
     17 568
     11 569
      8 570
      6 571
      7 572
     10 573
     11 574
     11 575
      3 576
      9 577
      4 578
      9 579
      4 580
     10 581
     17 582
      9 583
     11 584
      9 585
      9 586
     10 587
      5 588
     11 589
     10 590
      6 591
     11 592
      7 593
      9 594
      6 595
      3 596
      6 597
      6 599
      4 600
      1 601
      6 602
      4 603
      5 604
      3 605
      2 606
      4 607
      3 608
      3 609
      3 610
      3 611
      1 612
      1 613
      2 616
      3 618
      3 619
      3 621
      1 622
      3 623
      1 624
      2 625
      2 626
      1 627
      1 629
      2 630
      1 631
      3 632
      4 633
      3 634
      2 635
      2 636
      2 637
      1 638
      1 639
      1 640
      3 642
      1 643
      6 644
      2 645
      5 646
      1 647
      4 648
      2 649
      3 650
      4 651
      2 652
      2 653
      1 654
      1 655
      2 656
      1 657
      1 658
      2 659
      1 660
      3 662
      1 663
      1 664
      2 665
      1 666
      1 667
      1 668
      1 670
      1 672
      3 673
      2 674
      1 676
      1 684
      1 685
      1 688
      1 689
      2 690
      1 691
      1 695
      1 696
      1 697
      2 698
      1 700
      1 709
      1 710
      1 712
      1 713
      1 719
      1 727
      1 729
      1 734
      1 751
      1 752
      1 770
      1 784
      1 857
      1 894
      1 947
      1 1020
---AAD-PGBENCH-LAG-US---
