pgbench (18.6 (Debian 18.6-1.pgdg13+2))
starting vacuum...end.
transaction type: <builtin: select only>
scaling factor: 1000
query mode: simple
number of clients: 8
number of threads: 8
maximum number of tries: 1
duration: 60 s
number of transactions actually processed: 1902101
number of failed transactions: 0 (0.000%)
latency average = 0.252 ms
initial connection time = 5.648 ms
tps = 31704.344385 (without initial connection time)
---AAD-PGBENCH-LATENCY-US---
rc=0
samples=37690
      1 203
      2 204
      3 205
      4 206
      7 207
      8 208
     18 209
      9 210
     15 211
     18 212
     24 213
     47 214
     67 215
    114 216
    155 217
    224 218
    256 219
    229 220
    231 221
    256 222
    303 223
    342 224
    470 225
    664 226
    849 227
   1117 228
   1388 229
   1759 230
   1804 231
   1751 232
   1823 233
   1898 234
   1668 235
   1552 236
   1462 237
   1301 238
   1106 239
    965 240
    798 241
    739 242
    538 243
    447 244
    442 245
    394 246
    294 247
    284 248
    268 249
    285 250
    245 251
    238 252
    249 253
    194 254
    218 255
    189 256
    229 257
    243 258
    316 259
    514 260
    647 261
    401 262
    254 263
    218 264
    158 265
    155 266
    130 267
    118 268
    156 269
    121 270
    118 271
    104 272
     92 273
     95 274
    113 275
    100 276
    100 277
     73 278
     84 279
     58 280
     45 281
     58 282
     38 283
     52 284
     35 285
     46 286
     34 287
     41 288
     32 289
     51 290
     42 291
     30 292
     28 293
     29 294
     29 295
     27 296
     40 297
     37 298
     29 299
     27 300
     22 301
     20 302
     26 303
     24 304
     21 305
     18 306
     12 307
     15 308
     14 309
     10 310
     19 311
     20 312
     19 313
     11 314
     14 315
     17 316
      7 317
     15 318
     19 319
     15 320
     14 321
     11 322
     15 323
     16 324
     13 325
     15 326
     18 327
     15 328
     18 329
     31 330
     25 331
      8 332
     12 333
     17 334
     18 335
     12 336
     13 337
      8 338
     10 339
     21 340
      9 341
     10 342
     25 343
     17 344
     14 345
     12 346
     18 347
      8 348
     16 349
     17 350
      8 351
     19 352
     11 353
     10 354
     12 355
      8 356
     16 357
     16 358
      9 359
     19 360
     17 361
     12 362
     14 363
      9 364
      8 365
     21 366
     16 367
      8 368
     10 369
     10 370
     10 371
      9 372
     13 373
      4 374
     10 375
     13 376
      6 377
      8 378
      8 379
      8 380
     10 381
      6 382
     13 383
     10 384
      9 385
      7 386
      7 387
     15 388
      8 389
      7 390
     15 391
     13 392
     18 393
      8 394
     16 395
      6 396
     12 397
     10 398
      7 399
     10 400
     13 401
      7 402
      6 403
     10 404
      6 405
      7 406
      7 407
     12 408
      6 409
      6 410
      6 411
     14 412
      7 413
      6 414
      4 415
     10 416
      7 417
      7 418
     13 419
      4 420
      7 421
      4 422
      5 423
      3 424
     10 425
      1 426
      4 427
      6 428
      3 429
      9 430
      5 431
      4 432
     14 433
     10 434
      7 435
      4 436
      6 437
      7 438
      7 439
      5 440
      5 441
     11 442
     12 443
      5 444
      5 445
      4 446
      4 447
      7 448
      6 449
      4 450
     11 451
      9 452
     14 453
      9 454
     13 455
     10 456
      8 457
     12 458
     15 459
     14 460
     11 461
      7 462
      6 463
     12 464
     20 465
     12 466
      9 467
     13 468
     11 469
      9 470
      7 471
     12 472
     11 473
     10 474
     14 475
      8 476
      5 477
      7 478
      6 479
     14 480
      8 481
      9 482
      8 483
      7 484
      8 485
      8 486
     15 487
      6 488
      3 489
      5 490
      6 491
      4 492
      5 493
      7 494
      6 495
      4 496
      4 497
      5 498
      3 499
      3 500
      7 501
      6 502
      4 503
      5 504
      9 505
     10 507
      3 508
      2 509
      7 510
      7 511
      6 512
      6 513
      5 514
      2 515
      9 516
      5 517
      7 518
      7 519
      9 520
      7 521
     14 522
      8 523
      7 524
      5 525
      7 526
      5 527
      2 528
      5 529
      4 530
      4 531
      2 532
      8 533
      4 534
      2 535
      7 536
      1 537
      4 538
      3 539
      3 540
      3 541
      2 542
      3 543
      2 544
      3 545
      3 546
      2 547
      5 548
      4 549
      1 550
      4 551
      2 552
      2 553
      4 554
      2 555
      1 556
      3 557
      1 558
      3 559
      2 560
      3 561
      3 562
      4 563
      3 564
      1 565
      3 566
      2 567
      4 568
      4 569
      4 570
      2 571
      1 572
      1 573
      3 575
      1 576
      3 577
      1 578
      1 579
      2 580
      1 581
      2 582
      3 583
      2 584
      1 585
      3 586
      1 587
      2 588
      2 589
      3 590
      2 591
      2 592
      3 593
      1 594
      2 595
      1 596
      1 598
      2 600
      3 603
      2 605
      1 606
      1 607
      1 608
      1 609
      1 610
      2 611
      3 612
      1 613
      3 614
      3 615
      1 616
      3 618
      2 619
      1 621
      2 622
      2 623
      2 628
      1 629
      2 630
      3 632
      1 633
      2 635
      1 636
      2 637
      1 639
      2 640
      3 641
      3 643
      1 644
      4 645
      1 646
      1 649
      2 650
      2 651
      1 652
      2 653
      2 654
      1 657
      1 659
      1 661
      1 665
      1 670
      1 673
      1 676
      2 678
      1 679
      1 681
      1 686
      1 689
      1 691
      1 692
      1 695
      1 697
      1 699
      1 706
      1 710
      1 715
      1 717
      2 720
      1 727
      2 733
      1 734
      1 738
      1 740
      1 743
      1 753
      1 756
      3 772
      1 774
      1 785
      1 790
      1 797
      1 801
      1 811
      1 812
      1 814
      2 819
      1 821
      1 822
      1 827
      1 833
      1 837
      1 840
      1 848
      1 864
      1 868
      1 882
      1 886
      1 900
      1 937
      1 1076
      1 1356
---AAD-PGBENCH-LAG-US---
