pgbench (18.6 (Debian 18.6-1.pgdg13+2))
starting vacuum...end.
transaction type: <builtin: select only>
scaling factor: 1000
query mode: simple
number of clients: 32
number of threads: 16
maximum number of tries: 1
duration: 60 s
number of transactions actually processed: 6309134
number of failed transactions: 0 (0.000%)
latency average = 0.304 ms
initial connection time = 10.903 ms
tps = 105170.548784 (without initial connection time)
---AAD-PGBENCH-LATENCY-US---
rc=0
samples=125815
      1 217
      2 218
      1 220
      4 221
      6 222
      4 223
      8 224
     10 225
     13 226
     23 227
     20 228
     31 229
     37 230
     44 231
     54 232
     93 233
    102 234
    113 235
    133 236
    173 237
    196 238
    248 239
    265 240
    327 241
    371 242
    385 243
    450 244
    520 245
    528 246
    591 247
    685 248
    767 249
    851 250
    900 251
    962 252
    976 253
   1036 254
   1041 255
   1096 256
   1181 257
   1185 258
   1260 259
   1311 260
   1288 261
   1411 262
   1332 263
   1410 264
   1530 265
   1502 266
   1613 267
   1642 268
   1822 269
   1779 270
   1857 271
   1916 272
   1926 273
   1940 274
   2072 275
   2272 276
   2180 277
   1963 278
   1971 279
   1845 280
   1686 281
   1593 282
   1537 283
   1507 284
   1462 285
   1373 286
   1406 287
   1325 288
   1233 289
   1111 290
   1194 291
   1131 292
   1001 293
   1086 294
   1045 295
   1006 296
    947 297
    943 298
    925 299
    895 300
    899 301
    829 302
    862 303
    809 304
    821 305
    801 306
    800 307
    743 308
    783 309
    734 310
    779 311
    721 312
    723 313
    704 314
    743 315
    711 316
    666 317
    723 318
    713 319
    677 320
    662 321
    654 322
    651 323
    620 324
    643 325
    615 326
    599 327
    634 328
    651 329
    676 330
    617 331
    561 332
    563 333
    543 334
    584 335
    558 336
    562 337
    541 338
    503 339
    496 340
    515 341
    454 342
    491 343
    494 344
    567 345
    504 346
    447 347
    407 348
    407 349
    367 350
    381 351
    394 352
    359 353
    360 354
    311 355
    273 356
    278 357
    259 358
    258 359
    248 360
    257 361
    252 362
    235 363
    206 364
    188 365
    205 366
    175 367
    201 368
    168 369
    184 370
    158 371
    161 372
    159 373
    122 374
    150 375
    177 376
    157 377
    156 378
    142 379
    130 380
    143 381
    131 382
    129 383
    138 384
    144 385
    144 386
    153 387
    144 388
    150 389
    143 390
    162 391
    169 392
    155 393
    153 394
    147 395
    130 396
    143 397
    108 398
    133 399
    126 400
    130 401
     98 402
    111 403
     86 404
     96 405
     92 406
     94 407
     96 408
    101 409
     84 410
     83 411
     87 412
     82 413
     85 414
     89 415
     85 416
     80 417
     86 418
     78 419
     75 420
     71 421
     62 422
     73 423
     52 424
     54 425
     57 426
     63 427
     59 428
     62 429
     46 430
     57 431
     49 432
     48 433
     52 434
     40 435
     53 436
     41 437
     59 438
     53 439
     45 440
     45 441
     32 442
     52 443
     34 444
     45 445
     44 446
     49 447
     40 448
     37 449
     46 450
     34 451
     53 452
     29 453
     29 454
     37 455
     39 456
     36 457
     31 458
     29 459
     29 460
     30 461
     36 462
     22 463
     26 464
     45 465
     31 466
     28 467
     33 468
     40 469
     28 470
     29 471
     29 472
     32 473
     38 474
     27 475
     31 476
     32 477
     37 478
     29 479
     33 480
     38 481
     30 482
     36 483
     28 484
     28 485
     38 486
     21 487
     21 488
     26 489
     27 490
     32 491
     19 492
     21 493
     19 494
     22 495
     16 496
     23 497
     21 498
     22 499
     26 500
     22 501
     30 502
     21 503
     23 504
     20 505
     22 506
     19 507
     18 508
     26 509
     17 510
     30 511
     37 512
     38 513
     26 514
     21 515
     28 516
     30 517
     24 518
     39 519
     25 520
     34 521
     41 522
     40 523
     38 524
     32 525
     25 526
     24 527
     14 528
     22 529
     12 530
     13 531
     13 532
     21 533
     20 534
     19 535
     19 536
     18 537
     14 538
      9 539
     19 540
     18 541
      9 542
     12 543
     22 544
     23 545
     11 546
     10 547
     15 548
     16 549
     13 550
     17 551
     11 552
     18 553
     16 554
     17 555
     16 556
      3 557
     10 558
     17 559
      9 560
     11 561
     13 562
     15 563
      6 564
      7 565
     13 566
      6 567
     11 568
      5 569
      7 570
      5 571
     13 572
      9 573
     13 574
     13 575
      4 576
     13 577
      8 578
     16 579
      8 580
      8 581
      7 582
      8 583
      6 584
      5 585
      7 586
      5 587
      7 588
      3 589
      6 590
      5 591
      3 592
     10 593
      4 594
      9 595
      5 596
      4 597
      9 598
      8 599
      4 600
      5 601
      6 602
      6 603
      5 604
      6 605
      6 606
      2 607
      6 608
      3 609
      8 610
      7 611
      6 612
      4 613
      6 614
      4 615
      3 616
      4 617
      1 618
      5 619
      2 620
      5 621
      5 622
      3 623
      5 624
      4 625
      3 626
      3 627
      4 628
      7 629
      1 631
      4 632
      3 633
      4 634
      6 635
      3 636
      3 637
      5 638
      1 639
      3 640
      1 642
      3 643
      1 645
      3 646
      1 647
      2 648
      1 649
      1 650
      3 651
      2 652
      2 653
      2 654
      3 655
      1 656
      5 657
      1 658
      2 659
      2 660
      2 661
      1 662
      1 663
      3 664
      4 665
      1 667
      1 668
      1 670
      2 671
      1 672
      1 674
      1 676
      1 677
      2 678
      2 679
      3 680
      1 681
      3 683
      1 684
      1 685
      2 686
      2 687
      2 689
      1 690
      3 691
      2 692
      1 693
      1 694
      2 695
      2 698
      2 699
      1 702
      2 703
      3 705
      1 706
      1 707
      2 709
      1 710
      3 711
      1 712
      2 713
      1 715
      1 716
      1 717
      1 718
      2 719
      3 720
      1 721
      2 722
      1 723
      1 726
      1 728
      3 730
      1 731
      3 735
      1 736
      1 739
      3 747
      1 749
      1 752
      1 755
      1 760
      2 761
      1 762
      1 763
      1 768
      2 769
      1 772
      2 774
      1 776
      1 781
      1 783
      1 785
      2 786
      1 788
      2 795
      2 808
      1 812
      1 813
      1 817
      1 818
      1 820
      1 821
      1 825
      1 827
      1 837
      1 844
      1 846
      1 850
      1 875
      1 882
      1 899
      1 917
      1 923
      1 929
      1 935
      1 957
      1 967
      1 985
      1 1008
      1 1015
      1 1048
      1 1136
      1 1140
      1 1151
      1 1173
      1 1198
      1 1298
      1 1358
      1 1535
      1 1553
---AAD-PGBENCH-LAG-US---
