pgbench (18.6 (Debian 18.6-1.pgdg13+2))
starting vacuum...end.
transaction type: <builtin: select only>
scaling factor: 1000
query mode: simple
number of clients: 128
number of threads: 16
maximum number of tries: 1
duration: 60 s
number of transactions actually processed: 10074836
number of failed transactions: 0 (0.000%)
latency average = 0.759 ms
initial connection time = 286.246 ms
tps = 168659.614030 (without initial connection time)
---AAD-PGBENCH-LATENCY-US---
rc=0
samples=201748
      1 231
      1 244
      2 245
      1 247
      3 249
      2 250
      1 252
      4 253
      3 254
      4 255
      4 256
      2 257
      7 258
      2 259
      2 260
      7 261
      7 262
      7 263
      9 264
     13 265
      7 266
     16 267
      7 268
      8 269
     14 270
     15 271
     15 272
     12 273
     16 274
     26 275
     21 276
     15 277
     20 278
     26 279
     14 280
     20 281
     16 282
     16 283
     18 284
     24 285
     25 286
     23 287
     25 288
     24 289
     33 290
     27 291
     23 292
     32 293
     18 294
     26 295
     26 296
     12 297
     18 298
     23 299
     25 300
     18 301
     24 302
     19 303
     23 304
     32 305
     35 306
     27 307
     23 308
     32 309
     27 310
     31 311
     27 312
     19 313
     19 314
     22 315
     31 316
     24 317
     43 318
     30 319
     41 320
     38 321
     37 322
     52 323
     41 324
     51 325
     51 326
     56 327
     62 328
     84 329
     72 330
     60 331
     66 332
     68 333
     80 334
     66 335
    100 336
     84 337
    111 338
    116 339
    138 340
    114 341
    112 342
    132 343
    125 344
    143 345
    125 346
    132 347
    138 348
    139 349
    121 350
    145 351
    110 352
    115 353
     96 354
    119 355
    103 356
     91 357
    100 358
    112 359
    102 360
     82 361
     94 362
     73 363
     70 364
     83 365
     90 366
     85 367
     62 368
     64 369
     79 370
     57 371
     79 372
     92 373
     54 374
     69 375
     61 376
     67 377
     63 378
     78 379
     77 380
     75 381
     76 382
     86 383
     81 384
     84 385
     87 386
     80 387
     85 388
     93 389
    101 390
    102 391
    118 392
     97 393
    121 394
    139 395
    143 396
    138 397
    149 398
    162 399
    144 400
    165 401
    182 402
    187 403
    168 404
    192 405
    231 406
    233 407
    246 408
    251 409
    245 410
    280 411
    267 412
    296 413
    306 414
    277 415
    315 416
    270 417
    278 418
    280 419
    289 420
    253 421
    258 422
    227 423
    244 424
    246 425
    231 426
    230 427
    199 428
    224 429
    232 430
    225 431
    203 432
    209 433
    220 434
    208 435
    214 436
    205 437
    190 438
    200 439
    217 440
    194 441
    199 442
    223 443
    185 444
    197 445
    188 446
    204 447
    197 448
    198 449
    189 450
    224 451
    195 452
    203 453
    205 454
    207 455
    212 456
    242 457
    216 458
    223 459
    265 460
    256 461
    276 462
    251 463
    272 464
    287 465
    304 466
    317 467
    327 468
    354 469
    386 470
    391 471
    369 472
    405 473
    431 474
    480 475
    449 476
    476 477
    482 478
    505 479
    528 480
    550 481
    559 482
    563 483
    615 484
    548 485
    550 486
    545 487
    518 488
    545 489
    524 490
    466 491
    456 492
    421 493
    434 494
    436 495
    427 496
    372 497
    401 498
    379 499
    356 500
    362 501
    325 502
    360 503
    329 504
    334 505
    316 506
    308 507
    323 508
    291 509
    279 510
    307 511
    301 512
    285 513
    290 514
    247 515
    257 516
    260 517
    311 518
    265 519
    290 520
    278 521
    296 522
    262 523
    299 524
    286 525
    275 526
    287 527
    285 528
    269 529
    269 530
    271 531
    266 532
    270 533
    300 534
    260 535
    283 536
    318 537
    316 538
    326 539
    342 540
    320 541
    375 542
    344 543
    372 544
    395 545
    373 546
    419 547
    414 548
    385 549
    378 550
    438 551
    434 552
    433 553
    389 554
    395 555
    419 556
    449 557
    394 558
    381 559
    390 560
    360 561
    374 562
    363 563
    331 564
    318 565
    310 566
    322 567
    299 568
    275 569
    266 570
    333 571
    273 572
    258 573
    280 574
    264 575
    250 576
    252 577
    233 578
    265 579
    258 580
    223 581
    237 582
    211 583
    218 584
    244 585
    220 586
    229 587
    244 588
    215 589
    240 590
    210 591
    244 592
    226 593
    225 594
    209 595
    236 596
    230 597
    244 598
    245 599
    256 600
    222 601
    261 602
    242 603
    270 604
    264 605
    270 606
    291 607
    302 608
    257 609
    310 610
    314 611
    327 612
    343 613
    337 614
    342 615
    333 616
    382 617
    427 618
    363 619
    397 620
    396 621
    406 622
    402 623
    371 624
    403 625
    409 626
    395 627
    384 628
    343 629
    355 630
    341 631
    363 632
    357 633
    313 634
    296 635
    344 636
    312 637
    301 638
    272 639
    296 640
    307 641
    287 642
    325 643
    280 644
    280 645
    272 646
    272 647
    270 648
    245 649
    257 650
    246 651
    274 652
    276 653
    217 654
    245 655
    262 656
    280 657
    263 658
    250 659
    245 660
    260 661
    249 662
    231 663
    263 664
    286 665
    252 666
    237 667
    264 668
    266 669
    274 670
    265 671
    295 672
    268 673
    302 674
    286 675
    294 676
    323 677
    341 678
    303 679
    340 680
    345 681
    340 682
    353 683
    361 684
    350 685
    350 686
    358 687
    371 688
    374 689
    405 690
    359 691
    361 692
    375 693
    369 694
    375 695
    346 696
    369 697
    386 698
    372 699
    347 700
    333 701
    359 702
    332 703
    315 704
    283 705
    295 706
    320 707
    300 708
    281 709
    297 710
    273 711
    284 712
    267 713
    273 714
    278 715
    287 716
    296 717
    257 718
    251 719
    215 720
    253 721
    242 722
    253 723
    246 724
    249 725
    211 726
    239 727
    254 728
    261 729
    236 730
    239 731
    211 732
    253 733
    227 734
    238 735
    240 736
    251 737
    247 738
    261 739
    244 740
    253 741
    230 742
    248 743
    279 744
    284 745
    306 746
    275 747
    258 748
    284 749
    296 750
    293 751
    308 752
    318 753
    331 754
    319 755
    317 756
    342 757
    359 758
    330 759
    305 760
    324 761
    307 762
    327 763
    317 764
    328 765
    341 766
    294 767
    293 768
    301 769
    264 770
    257 771
    266 772
    281 773
    264 774
    279 775
    246 776
    257 777
    276 778
    250 779
    245 780
    230 781
    252 782
    236 783
    232 784
    222 785
    216 786
    253 787
    242 788
    213 789
    243 790
    203 791
    215 792
    201 793
    231 794
    223 795
    168 796
    215 797
    160 798
    219 799
    194 800
    200 801
    220 802
    171 803
    199 804
    200 805
    189 806
    224 807
    196 808
    227 809
    227 810
    211 811
    212 812
    214 813
    210 814
    216 815
    251 816
    207 817
    233 818
    241 819
    209 820
    241 821
    264 822
    250 823
    231 824
    248 825
    247 826
    271 827
    302 828
    240 829
    268 830
    294 831
    276 832
    270 833
    250 834
    283 835
    266 836
    229 837
    217 838
    244 839
    222 840
    254 841
    219 842
    241 843
    230 844
    208 845
    205 846
    195 847
    204 848
    242 849
    205 850
    206 851
    208 852
    203 853
    179 854
    192 855
    197 856
    184 857
    179 858
    176 859
    161 860
    164 861
    162 862
    173 863
    178 864
    191 865
    184 866
    167 867
    199 868
    173 869
    179 870
    156 871
    160 872
    172 873
    155 874
    181 875
    191 876
    166 877
    170 878
    182 879
    203 880
    164 881
    173 882
    185 883
    209 884
    189 885
    180 886
    193 887
    189 888
    192 889
    206 890
    214 891
    223 892
    236 893
    215 894
    224 895
    225 896
    213 897
    214 898
    233 899
    255 900
    221 901
    236 902
    205 903
    200 904
    211 905
    203 906
    224 907
    199 908
    191 909
    186 910
    177 911
    174 912
    194 913
    182 914
    182 915
    159 916
    186 917
    183 918
    194 919
    185 920
    182 921
    156 922
    173 923
    170 924
    153 925
    175 926
    177 927
    164 928
    147 929
    180 930
    160 931
    142 932
    151 933
    159 934
    145 935
    145 936
    148 937
    155 938
    158 939
    171 940
    156 941
    153 942
    127 943
    159 944
    141 945
    144 946
    163 947
    151 948
    163 949
    149 950
    141 951
    167 952
    149 953
    167 954
    187 955
    176 956
    172 957
    165 958
    170 959
    167 960
    173 961
    175 962
    149 963
    148 964
    214 965
    202 966
    196 967
    184 968
    167 969
    183 970
    185 971
    169 972
    182 973
    192 974
    154 975
    182 976
    154 977
    159 978
    149 979
    153 980
    141 981
    140 982
    154 983
    154 984
    131 985
    135 986
    130 987
    143 988
    155 989
    138 990
    144 991
    126 992
    119 993
    147 994
    144 995
    147 996
    124 997
    131 998
    130 999
    133 1000
    133 1001
    105 1002
    151 1003
    120 1004
    131 1005
    120 1006
    159 1007
    117 1008
    120 1009
    121 1010
    129 1011
    118 1012
    116 1013
    104 1014
    129 1015
    118 1016
    122 1017
    135 1018
    133 1019
    121 1020
    110 1021
    116 1022
    114 1023
    126 1024
    138 1025
    128 1026
    126 1027
    116 1028
    122 1029
    142 1030
    142 1031
    144 1032
    142 1033
    141 1034
    145 1035
    143 1036
    151 1037
    155 1038
    133 1039
    163 1040
    138 1041
    151 1042
    159 1043
    126 1044
    132 1045
    129 1046
    129 1047
    118 1048
    107 1049
    133 1050
    121 1051
    124 1052
    133 1053
    112 1054
    111 1055
    108 1056
    111 1057
    119 1058
    131 1059
     98 1060
     96 1061
    113 1062
    123 1063
    118 1064
    102 1065
     93 1066
    107 1067
     98 1068
     84 1069
    103 1070
     81 1071
     98 1072
     85 1073
     89 1074
     85 1075
    115 1076
    102 1077
     88 1078
    111 1079
    102 1080
     87 1081
     99 1082
     92 1083
    107 1084
    100 1085
    105 1086
     97 1087
     90 1088
     88 1089
     90 1090
    105 1091
    130 1092
     98 1093
     91 1094
    107 1095
     94 1096
    113 1097
     94 1098
    134 1099
     98 1100
    100 1101
    125 1102
    115 1103
    107 1104
    119 1105
    105 1106
    100 1107
     96 1108
    105 1109
     99 1110
     97 1111
    106 1112
     98 1113
    116 1114
     85 1115
    107 1116
    108 1117
     88 1118
     90 1119
     86 1120
     80 1121
     95 1122
     89 1123
    109 1124
     94 1125
     87 1126
     89 1127
     82 1128
     74 1129
     83 1130
     71 1131
     80 1132
     92 1133
     82 1134
     88 1135
     73 1136
     72 1137
     89 1138
     85 1139
     73 1140
     80 1141
     71 1142
     75 1143
     85 1144
     82 1145
     60 1146
     73 1147
     63 1148
     72 1149
     76 1150
     73 1151
     68 1152
     56 1153
     82 1154
     61 1155
     71 1156
     79 1157
     68 1158
     84 1159
     86 1160
     71 1161
     68 1162
     81 1163
     84 1164
     73 1165
     78 1166
     91 1167
     83 1168
     65 1169
     81 1170
     83 1171
     90 1172
     91 1173
     81 1174
     70 1175
     85 1176
     85 1177
     85 1178
     70 1179
     85 1180
     73 1181
     78 1182
     82 1183
     83 1184
     81 1185
     76 1186
     67 1187
     70 1188
     73 1189
     86 1190
     68 1191
     69 1192
     74 1193
     65 1194
     79 1195
     71 1196
     64 1197
     70 1198
     65 1199
     70 1200
     66 1201
     56 1202
     59 1203
     64 1204
     64 1205
     75 1206
     64 1207
     61 1208
     72 1209
     68 1210
     70 1211
     76 1212
     55 1213
     52 1214
     59 1215
     59 1216
     55 1217
     45 1218
     51 1219
     60 1220
     61 1221
     56 1222
     53 1223
     71 1224
     61 1225
     54 1226
     53 1227
     55 1228
     61 1229
     65 1230
     62 1231
     58 1232
     65 1233
     70 1234
     73 1235
     61 1236
     65 1237
     66 1238
     58 1239
     68 1240
     58 1241
     56 1242
     63 1243
     70 1244
     73 1245
     62 1246
     63 1247
     72 1248
     67 1249
     56 1250
     82 1251
     76 1252
     53 1253
     58 1254
     71 1255
     64 1256
     63 1257
     61 1258
     61 1259
     44 1260
     56 1261
     61 1262
     56 1263
     66 1264
     56 1265
     60 1266
     59 1267
     47 1268
     50 1269
     45 1270
     46 1271
     64 1272
     52 1273
     42 1274
     67 1275
     42 1276
     52 1277
     53 1278
     50 1279
     59 1280
     54 1281
     46 1282
     45 1283
     41 1284
     51 1285
     52 1286
     48 1287
     59 1288
     41 1289
     33 1290
     36 1291
     45 1292
     46 1293
     46 1294
     48 1295
     44 1296
     43 1297
     50 1298
     45 1299
     44 1300
     48 1301
     55 1302
     52 1303
     45 1304
     44 1305
     39 1306
     62 1307
     44 1308
     36 1309
     52 1310
     42 1311
     65 1312
     54 1313
     47 1314
     51 1315
     42 1316
     45 1317
     52 1318
     45 1319
     53 1320
     50 1321
     35 1322
     46 1323
     50 1324
     50 1325
     50 1326
     40 1327
     38 1328
     34 1329
     45 1330
     39 1331
     48 1332
     44 1333
     51 1334
     46 1335
     34 1336
     40 1337
     44 1338
     45 1339
     44 1340
     29 1341
     39 1342
     40 1343
     40 1344
     44 1345
     39 1346
     44 1347
     41 1348
     45 1349
     43 1350
     30 1351
     28 1352
     46 1353
     38 1354
     27 1355
     38 1356
     36 1357
     44 1358
     35 1359
     30 1360
     39 1361
     34 1362
     45 1363
     26 1364
     32 1365
     41 1366
     31 1367
     31 1368
     32 1369
     37 1370
     31 1371
     32 1372
     35 1373
     33 1374
     49 1375
     46 1376
     30 1377
     40 1378
     34 1379
     41 1380
     28 1381
     32 1382
     43 1383
     46 1384
     27 1385
     35 1386
     41 1387
     41 1388
     44 1389
     32 1390
     41 1391
     41 1392
     37 1393
     32 1394
     40 1395
     37 1396
     36 1397
     36 1398
     32 1399
     34 1400
     30 1401
     31 1402
     31 1403
     43 1404
     27 1405
     33 1406
     25 1407
     28 1408
     35 1409
     37 1410
     25 1411
     24 1412
     24 1413
     29 1414
     30 1415
     28 1416
     21 1417
     21 1418
     37 1419
     18 1420
     33 1421
     38 1422
     28 1423
     20 1424
     27 1425
     23 1426
     15 1427
     29 1428
     34 1429
     27 1430
     21 1431
     23 1432
     25 1433
     20 1434
     29 1435
     25 1436
     27 1437
     25 1438
     24 1439
     28 1440
     24 1441
     26 1442
     26 1443
     36 1444
     30 1445
     39 1446
     30 1447
     31 1448
     23 1449
     27 1450
     35 1451
     38 1452
     29 1453
     33 1454
     19 1455
     31 1456
     18 1457
     28 1458
     29 1459
     26 1460
     25 1461
     24 1462
     24 1463
     12 1464
     20 1465
     36 1466
     39 1467
     26 1468
     22 1469
     23 1470
     23 1471
     19 1472
     21 1473
     22 1474
     23 1475
     29 1476
     22 1477
     22 1478
     26 1479
     24 1480
     23 1481
     13 1482
     21 1483
     15 1484
     21 1485
     13 1486
     17 1487
      8 1488
     19 1489
     15 1490
     17 1491
     28 1492
     19 1493
     24 1494
     21 1495
     28 1496
     28 1497
     27 1498
     26 1499
     19 1500
     23 1501
     23 1502
     20 1503
     23 1504
     19 1505
     26 1506
     22 1507
     13 1508
     17 1509
     19 1510
     14 1511
     23 1512
     24 1513
     22 1514
     22 1515
     20 1516
     25 1517
     15 1518
     19 1519
     21 1520
     19 1521
     18 1522
     17 1523
     16 1524
     19 1525
     17 1526
     22 1527
     23 1528
     23 1529
     24 1530
     28 1531
     24 1532
     10 1533
     24 1534
     19 1535
     21 1536
     22 1537
     14 1538
     19 1539
     14 1540
     20 1541
     20 1542
     13 1543
     17 1544
     16 1545
     16 1546
     17 1547
     18 1548
     20 1549
      8 1550
     24 1551
     11 1552
     11 1553
      6 1554
     14 1555
     19 1556
     11 1557
     10 1558
     17 1559
     21 1560
     18 1561
     16 1562
     10 1563
     13 1564
     11 1565
     11 1566
      8 1567
     10 1568
     11 1569
     12 1570
     15 1571
     12 1572
      7 1573
     14 1574
      9 1575
      8 1576
     14 1577
     13 1578
     13 1579
     10 1580
     15 1581
     10 1582
     15 1583
      7 1584
     12 1585
     18 1586
     19 1587
     14 1588
     20 1589
     20 1590
     16 1591
     13 1592
     18 1593
     20 1594
     17 1595
     17 1596
      8 1597
     16 1598
     10 1599
     10 1600
      7 1601
     11 1602
     15 1603
      6 1604
     14 1605
     13 1606
     13 1607
     13 1608
      5 1609
     11 1610
     12 1611
     10 1612
     16 1613
      7 1614
     10 1615
     17 1616
      7 1617
      7 1618
      9 1619
     14 1620
     14 1621
      5 1622
      8 1623
     13 1624
     11 1625
      1 1626
      4 1627
      7 1628
      9 1629
      9 1630
      8 1631
      3 1632
      6 1633
      9 1634
      8 1635
     10 1636
     10 1637
      7 1638
     11 1639
      3 1640
      7 1641
      7 1642
      9 1643
     11 1644
      7 1645
     12 1646
      3 1647
     10 1648
      9 1649
      5 1650
     11 1651
      8 1652
     14 1653
     15 1654
     13 1655
      8 1656
     13 1657
      6 1658
      5 1659
     12 1660
      3 1661
      8 1662
     10 1663
      5 1664
      9 1665
      8 1666
      9 1667
     14 1668
     10 1669
      5 1670
      6 1671
      9 1672
      9 1673
      5 1674
      6 1675
      9 1676
     10 1677
     10 1678
      9 1679
     14 1680
      5 1681
      7 1682
      4 1683
      6 1684
      6 1685
      6 1686
      8 1687
      6 1688
     10 1689
     10 1690
     11 1691
     10 1692
      5 1693
     12 1694
      4 1695
     17 1696
      9 1697
     10 1698
      7 1699
      5 1700
      4 1701
      5 1702
      2 1703
     10 1704
     10 1705
      7 1706
      6 1707
      5 1708
      7 1709
      3 1710
      9 1711
      4 1712
      5 1713
      6 1714
      8 1715
      5 1716
      5 1717
      7 1718
     12 1719
      5 1720
      4 1721
      8 1722
      5 1723
      6 1724
      4 1725
      8 1726
      7 1727
      5 1728
      3 1729
      7 1730
      7 1731
      1 1732
      2 1733
      2 1734
      5 1735
      3 1736
      5 1737
      3 1738
      2 1739
      6 1740
      7 1741
      5 1742
      4 1743
      4 1744
      5 1745
      5 1746
      4 1747
      2 1748
      5 1749
      6 1750
      4 1751
      8 1752
      5 1753
      3 1754
      7 1755
      6 1756
      6 1757
      1 1758
      3 1759
      2 1760
      5 1761
      8 1762
      4 1763
      3 1764
      4 1765
      3 1766
      3 1767
      2 1768
      3 1769
      7 1770
      7 1772
      3 1773
      7 1774
      2 1775
      3 1776
      6 1777
      5 1778
      2 1779
      5 1780
      4 1781
      1 1782
      6 1783
      7 1784
      3 1785
      3 1786
      4 1787
      5 1788
      3 1789
      5 1790
      4 1791
      4 1792
      7 1793
      6 1794
      3 1795
      5 1796
      7 1797
      3 1798
      4 1799
      3 1800
      7 1801
      3 1802
      2 1804
      4 1805
      4 1806
      4 1807
      2 1808
      2 1809
      4 1810
      6 1811
      3 1812
      1 1813
      2 1814
      5 1815
      4 1816
      5 1817
      4 1818
      5 1819
      5 1820
      3 1821
      4 1822
      4 1823
      4 1824
      2 1825
      3 1827
      1 1828
      3 1829
      6 1830
      1 1831
      2 1833
      4 1834
      2 1835
      2 1836
      2 1837
      5 1838
      4 1839
      2 1840
      3 1841
      2 1842
      2 1843
      6 1844
      3 1845
      1 1846
      3 1847
      2 1848
      4 1849
      2 1850
      1 1851
      1 1852
      3 1853
      4 1855
      3 1856
      3 1857
      2 1858
      3 1859
      4 1860
      1 1861
      2 1862
      3 1863
      2 1864
      1 1866
      1 1867
      1 1868
      3 1869
      2 1870
      1 1871
      1 1872
      3 1873
      2 1874
      3 1875
      1 1876
      2 1877
      2 1878
      3 1879
      3 1880
      2 1881
      3 1882
      1 1883
      1 1884
      1 1885
      2 1887
      1 1888
      2 1889
      3 1890
      3 1891
      2 1892
      2 1893
      1 1894
      2 1895
      2 1896
      1 1897
      2 1898
      1 1899
      5 1900
      2 1902
      2 1903
      2 1905
      2 1906
      4 1907
      1 1908
      2 1909
      1 1910
      1 1912
      4 1913
      1 1914
      2 1915
      2 1916
      4 1917
      2 1918
      6 1919
      1 1920
      4 1921
      2 1922
      3 1923
      3 1924
      3 1925
      2 1926
      2 1927
      1 1928
      1 1929
      2 1930
      2 1932
      1 1933
      1 1934
      1 1936
      5 1937
      3 1938
      2 1939
      1 1943
      2 1946
      2 1947
      2 1948
      2 1949
      2 1950
      4 1951
      1 1953
      2 1955
      1 1956
      1 1957
      3 1958
      1 1960
      2 1961
      1 1962
      2 1963
      1 1964
      1 1965
      1 1966
      2 1967
      3 1968
      2 1969
      1 1970
      1 1971
      2 1972
      2 1973
      2 1975
      1 1977
      1 1978
      2 1979
      1 1982
      1 1983
      1 1985
      2 1986
      3 1987
      5 1989
      2 1990
      6 1991
      1 1993
      1 1994
      2 1995
      2 1997
      3 1998
      1 2000
      1 2001
      2 2002
      2 2003
      2 2004
      3 2005
      1 2006
      1 2007
      1 2008
      1 2009
      1 2010
      1 2013
      2 2015
      1 2016
      4 2017
      1 2018
      3 2019
      2 2021
      1 2022
      3 2023
      2 2024
      1 2027
      1 2028
      1 2029
      1 2030
      1 2032
      2 2033
      1 2034
      1 2035
      1 2036
      1 2037
      2 2039
      3 2040
      1 2041
      2 2043
      1 2044
      1 2045
      2 2047
      3 2048
      1 2049
      1 2050
      1 2052
      2 2055
      1 2057
      3 2058
      2 2059
      1 2061
      1 2063
      2 2064
      1 2065
      1 2066
      1 2067
      1 2068
      2 2070
      2 2071
      1 2074
      1 2075
      1 2076
      1 2077
      2 2080
      1 2081
      1 2085
      1 2086
      1 2087
      2 2088
      3 2092
      1 2094
      1 2096
      2 2097
      1 2098
      1 2099
      1 2101
      1 2104
      1 2105
      1 2106
      2 2107
      2 2112
      1 2113
      1 2114
      3 2115
      2 2117
      2 2120
      1 2124
      1 2127
      2 2128
      1 2129
      3 2131
      1 2132
      2 2133
      1 2135
      2 2137
      2 2138
      1 2142
      1 2143
      2 2144
      1 2146
      1 2149
      3 2150
      1 2151
      2 2152
      1 2153
      3 2155
      1 2156
      2 2157
      1 2162
      3 2163
      1 2168
      1 2169
      2 2170
      1 2171
      1 2172
      2 2173
      1 2175
      2 2177
      3 2180
      1 2181
      1 2182
      1 2184
      1 2185
      1 2186
      2 2187
      1 2190
      1 2191
      1 2194
      1 2195
      1 2199
      1 2202
      1 2207
      2 2209
      3 2211
      1 2212
      1 2213
      1 2214
      2 2217
      1 2218
      1 2220
      1 2223
      2 2224
      2 2227
      1 2228
      3 2229
      1 2230
      3 2232
      1 2233
      2 2235
      1 2241
      1 2243
      1 2244
      2 2249
      1 2251
      1 2252
      1 2255
      1 2257
      1 2260
      1 2261
      2 2262
      1 2263
      1 2264
      1 2266
      1 2267
      1 2268
      2 2269
      3 2270
      1 2278
      1 2279
      3 2280
      1 2281
      1 2282
      2 2284
      2 2285
      2 2289
      4 2292
      1 2293
      1 2301
      2 2305
      1 2308
      1 2315
      1 2324
      1 2331
      1 2336
      1 2339
      1 2341
      2 2342
      1 2345
      1 2347
      1 2350
      1 2351
      1 2352
      1 2353
      1 2355
      1 2357
      1 2358
      1 2360
      1 2361
      1 2363
      1 2365
      2 2367
      2 2370
      2 2373
      1 2374
      2 2375
      2 2378
      1 2380
      1 2381
      2 2382
      1 2383
      1 2392
      2 2395
      1 2396
      2 2397
      1 2398
      1 2399
      2 2400
      2 2401
      1 2408
      1 2409
      1 2415
      1 2416
      2 2417
      1 2418
      1 2419
      1 2423
      1 2424
      2 2426
      2 2431
      1 2439
      1 2440
      1 2450
      1 2452
      1 2454
      1 2464
      1 2465
      1 2469
      2 2473
      2 2474
      1 2480
      2 2482
      1 2484
      1 2486
      1 2488
      1 2490
      1 2491
      2 2492
      1 2498
      1 2501
      1 2502
      1 2509
      1 2513
      1 2514
      1 2519
      1 2521
      1 2523
      1 2524
      1 2526
      1 2530
      1 2534
      1 2535
      1 2546
      1 2548
      1 2549
      1 2551
      1 2555
      1 2565
      1 2568
      1 2572
      1 2573
      3 2579
      1 2581
      1 2587
      1 2588
      2 2594
      2 2599
      1 2602
      1 2606
      2 2607
      1 2613
      1 2614
      1 2622
      1 2625
      1 2626
      1 2629
      1 2632
      1 2633
      1 2640
      1 2648
      1 2662
      1 2672
      1 2676
      1 2677
      1 2680
      1 2681
      1 2705
      1 2708
      1 2725
      1 2730
      1 2731
      1 2736
      2 2737
      1 2751
      1 2752
      2 2761
      2 2762
      1 2763
      2 2769
      1 2770
      1 2771
      1 2783
      1 2794
      1 2795
      1 2800
      1 2814
      1 2816
      1 2822
      1 2829
      1 2830
      1 2831
      1 2834
      1 2836
      1 2839
      1 2863
      1 2885
      1 2901
      1 2904
      1 2922
      1 2956
      1 2958
      1 2960
      1 2962
      1 2993
      1 3014
      1 3030
      1 3063
      1 3108
      1 3112
      1 3151
      1 3157
      1 3180
      1 3206
      1 3209
      1 3215
      1 3236
      1 3272
      1 3319
      1 3329
      1 3392
      1 3399
      1 3402
      1 3404
      1 3422
      1 3453
      1 3478
      1 3511
      1 3542
      1 3617
      1 3671
      1 3854
      1 3895
      1 4112
      1 4232
      1 4325
      1 4489
      1 4604
      1 4770
      1 5240
      1 5697
      1 5786
      1 5957
      1 6142
      1 6170
      1 7026
      1 7249
      1 7904
      1 10796
---AAD-PGBENCH-LAG-US---
