pgbench (18.6 (Debian 18.6-1.pgdg13+2))
starting vacuum...end.
transaction type: <builtin: select only>
scaling factor: 1000
query mode: simple
number of clients: 8
number of threads: 8
maximum number of tries: 1
duration: 60 s
number of transactions actually processed: 1893344
number of failed transactions: 0 (0.000%)
latency average = 0.253 ms
initial connection time = 5.542 ms
tps = 31558.381608 (without initial connection time)
---AAD-PGBENCH-LATENCY-US---
rc=0
samples=37479
      1 204
      5 205
      3 206
      7 207
     11 208
     13 209
     14 210
     10 211
     14 212
     27 213
     64 214
     98 215
    124 216
    141 217
    149 218
    165 219
    167 220
    166 221
    202 222
    231 223
    414 224
    681 225
    917 226
   1066 227
   1259 228
   1315 229
   1520 230
   1581 231
   1669 232
   1756 233
   1648 234
   1590 235
   1335 236
   1288 237
   1178 238
   1000 239
    784 240
    678 241
    612 242
    408 243
    352 244
    365 245
    323 246
    254 247
    245 248
    249 249
    284 250
    265 251
    275 252
    314 253
    298 254
    269 255
    248 256
    330 257
    334 258
    417 259
    621 260
    874 261
    504 262
    381 263
    331 264
    254 265
    209 266
    216 267
    221 268
    209 269
    193 270
    145 271
    135 272
    109 273
    124 274
     96 275
    123 276
     96 277
     91 278
     77 279
     56 280
     72 281
     50 282
     34 283
     54 284
     46 285
     41 286
     27 287
     38 288
     39 289
     34 290
     35 291
     33 292
     32 293
     28 294
     28 295
     25 296
     29 297
     16 298
     38 299
     16 300
     28 301
     24 302
     26 303
     16 304
     15 305
     21 306
     15 307
     14 308
     14 309
     22 310
     20 311
     13 312
      9 313
     13 314
     19 315
     19 316
     18 317
     17 318
     13 319
     21 320
     14 321
     17 322
     17 323
     18 324
     16 325
     16 326
     19 327
     16 328
     17 329
     17 330
     18 331
     14 332
     13 333
     11 334
     15 335
     15 336
     19 337
     10 338
     10 339
      6 340
     13 341
     11 342
     11 343
     11 344
     11 345
     12 346
     18 347
     13 348
     10 349
      8 350
     16 351
     12 352
     16 353
     18 354
     13 355
     15 356
      9 357
      9 358
      8 359
     15 360
      8 361
      9 362
     16 363
     13 364
     14 365
     14 366
     10 367
      6 368
     16 369
     12 370
      7 371
     16 372
     13 373
     13 374
     11 375
     13 376
      8 377
      6 378
      8 379
      6 380
      4 381
     13 382
     11 383
     13 384
      9 385
     20 386
      9 387
      6 388
      3 389
      6 390
     15 391
      7 392
      9 393
      7 394
      6 395
     14 396
     13 397
      5 398
     13 399
     11 400
      8 401
     16 402
      9 403
      9 404
      5 405
      8 406
      9 407
      8 408
     10 409
      4 410
     10 411
      9 412
      6 413
      6 414
      8 415
      9 416
      8 417
      9 418
      8 419
     10 420
      4 421
      6 422
      8 423
      6 424
      9 425
      7 426
      9 427
      5 428
      8 429
     12 430
      8 431
      5 432
      6 433
      7 434
      8 435
      6 436
      8 437
      7 438
      5 439
      7 440
      8 441
     13 442
     10 443
      9 444
      4 445
      6 446
      4 447
      3 448
      7 449
      8 450
      5 451
      8 452
      8 453
     10 454
      6 455
      7 456
      4 457
     11 458
      1 459
      8 460
      5 461
     10 462
      8 463
      6 464
      4 465
      2 466
      7 467
      4 468
      7 469
      4 470
      9 471
      5 472
      3 473
      6 474
      8 475
     11 476
      4 477
      1 478
      3 479
      4 480
      4 481
      2 482
      2 483
      1 484
      5 485
      5 486
      8 487
      5 488
      6 489
      4 490
      5 491
      8 492
      7 493
      3 494
      5 495
      7 496
      7 497
      4 498
      4 499
      7 500
      4 501
      8 502
      5 503
      7 504
      7 505
      6 506
      6 507
      8 508
      9 509
      8 510
     10 511
      9 512
      9 513
      8 514
     12 515
      9 516
     14 517
     13 518
     14 519
     13 520
     20 521
     18 522
     20 523
     10 524
     17 525
     11 526
     10 527
     12 528
      6 529
      4 530
      8 531
      9 532
      2 533
      5 534
      3 535
      2 536
      5 537
      6 538
      1 539
      5 540
      1 541
      2 542
      2 543
      1 544
      3 545
      2 546
      1 548
      2 549
      1 550
      4 551
      2 552
      2 553
      2 554
      3 555
      1 557
      1 558
      4 559
      3 560
      4 561
      3 562
      3 563
      2 564
      4 565
      1 567
      4 568
      1 569
      2 570
      3 571
      2 572
      2 573
      2 574
      2 575
      2 577
      3 578
      1 580
      2 581
      1 582
      3 583
      1 585
      1 586
      4 591
      2 592
      2 593
      1 594
      1 595
      3 599
      1 600
      2 602
      3 604
      1 605
      3 607
      2 608
      2 609
      2 612
      2 613
      3 614
      2 615
      3 616
      1 617
      5 618
      4 620
      2 621
      1 622
      2 623
      1 625
      2 626
      1 627
      2 628
      2 629
      1 632
      1 633
      1 634
      1 641
      2 642
      3 643
      1 645
      1 648
      1 653
      1 654
      1 655
      1 656
      3 657
      1 659
      2 660
      1 661
      1 662
      1 663
      1 664
      1 666
      1 669
      1 670
      1 671
      1 675
      1 676
      2 678
      2 679
      2 682
      1 685
      1 686
      1 687
      1 688
      1 689
      1 694
      2 697
      1 705
      3 706
      1 711
      1 722
      1 724
      1 728
      1 731
      1 744
      1 747
      1 748
      1 749
      1 752
      1 754
      1 755
      1 757
      1 758
      1 760
      1 764
      2 779
      1 781
      1 782
      1 783
      1 797
      1 798
      1 804
      1 805
      1 822
      1 828
      1 846
      1 849
      1 884
      1 934
      1 937
      1 945
      1 956
      1 1009
      1 1096
      1 1099
      1 1106
      1 1233
---AAD-PGBENCH-LAG-US---
