pgbench (18.6 (Debian 18.6-1.pgdg13+2))
starting vacuum...end.
transaction type: <builtin: select only>
scaling factor: 1000
query mode: simple
number of clients: 256
number of threads: 16
maximum number of tries: 1
duration: 60 s
number of transactions actually processed: 8577768
number of failed transactions: 0 (0.000%)
latency average = 1.782 ms
initial connection time = 334.293 ms
tps = 143648.645670 (without initial connection time)
---AAD-PGBENCH-LATENCY-US---
rc=0
samples=172052
      1 259
      1 261
      1 262
      1 264
      1 267
      1 269
      4 271
      1 273
      1 274
      1 275
      1 276
      1 278
      1 279
      2 280
      1 281
      1 282
      1 283
      2 285
      1 286
      2 288
      1 289
      1 290
      1 291
      2 292
      2 293
      1 294
      1 295
      1 296
      1 297
      1 298
      2 299
      1 300
      1 301
      1 302
      4 305
      1 307
      1 309
      1 311
      3 312
      1 314
      1 315
      1 318
      1 319
      3 320
      5 321
      1 322
      4 323
      1 324
      1 325
      3 326
      8 327
      1 328
      7 330
      2 331
      4 333
      3 334
      6 335
      2 337
      6 338
      3 339
      7 340
      5 341
      7 342
      6 343
      3 344
      3 345
      3 346
      2 347
      9 348
      4 349
      3 350
      5 351
      3 352
      3 353
      7 354
      8 355
      8 356
      6 357
      6 358
      3 359
      6 360
      5 361
      1 362
      4 363
      6 364
      4 365
      8 366
      4 367
      9 368
      7 369
      7 370
      3 371
      6 372
      1 373
      6 374
      7 375
      5 376
      5 378
      9 379
      4 380
      5 381
      3 382
      7 383
      4 384
     11 385
      4 386
      5 387
      6 388
      5 389
      8 390
      5 391
      9 392
      7 393
     10 394
     11 395
      8 396
      9 397
      9 398
     17 399
      7 400
     13 401
     14 402
      9 403
     17 404
     12 405
     10 406
     10 407
     14 408
     13 409
     11 410
     16 411
     13 412
     18 413
     17 414
     17 415
     21 416
     21 417
     23 418
     17 419
     12 420
     12 421
     13 422
     21 423
     11 424
     13 425
     13 426
     17 427
     13 428
      7 429
     14 430
      9 431
      8 432
     13 433
      9 434
     11 435
     13 436
      9 437
     11 438
     14 439
      5 440
     17 441
     15 442
     10 443
     11 444
     10 445
      7 446
     13 447
     14 448
     18 449
     10 450
     15 451
     10 452
     14 453
     21 454
     20 455
      9 456
     21 457
     20 458
     17 459
     18 460
     16 461
     26 462
     20 463
     19 464
     22 465
     25 466
     22 467
     21 468
     27 469
     23 470
     30 471
     23 472
     23 473
     36 474
     25 475
     33 476
     36 477
     26 478
     25 479
     31 480
     36 481
     28 482
     24 483
     36 484
     26 485
     34 486
     33 487
     39 488
     27 489
     40 490
     26 491
     27 492
     21 493
     25 494
     43 495
     29 496
     27 497
     28 498
     22 499
     26 500
     31 501
     25 502
     28 503
     27 504
     24 505
     37 506
     27 507
     31 508
     22 509
     24 510
     15 511
     19 512
     29 513
     23 514
     27 515
     23 516
     19 517
     20 518
     21 519
     22 520
     30 521
     24 522
     24 523
     26 524
     22 525
     35 526
     15 527
     29 528
     20 529
     29 530
     25 531
     29 532
     34 533
     32 534
     31 535
     31 536
     23 537
     33 538
     30 539
     36 540
     24 541
     35 542
     37 543
     33 544
     36 545
     32 546
     22 547
     43 548
     33 549
     40 550
     40 551
     40 552
     44 553
     27 554
     35 555
     34 556
     32 557
     43 558
     26 559
     29 560
     38 561
     27 562
     26 563
     39 564
     24 565
     21 566
     33 567
     26 568
     37 569
     27 570
     32 571
     23 572
     18 573
     17 574
     20 575
     19 576
     31 577
     16 578
     15 579
     17 580
     19 581
     26 582
     13 583
     22 584
     20 585
     22 586
     22 587
     24 588
     16 589
     19 590
     20 591
     23 592
     17 593
     28 594
     26 595
     17 596
     26 597
     30 598
     22 599
     22 600
     18 601
     22 602
     18 603
     30 604
     31 605
     30 606
     20 607
     30 608
     18 609
     19 610
     21 611
     23 612
     22 613
     20 614
     24 615
     32 616
     25 617
     24 618
     22 619
     33 620
     32 621
     30 622
     25 623
     31 624
     27 625
     32 626
     24 627
     15 628
     19 629
     17 630
     12 631
     21 632
     24 633
     23 634
     14 635
     18 636
     23 637
     18 638
     15 639
     25 640
     24 641
     22 642
     14 643
     24 644
     15 645
     16 646
     20 647
     15 648
     19 649
     23 650
     17 651
     13 652
     16 653
     25 654
     15 655
     13 656
     19 657
     22 658
     13 659
     18 660
     15 661
     17 662
     16 663
     10 664
     14 665
     14 666
     19 667
     12 668
     16 669
     21 670
     16 671
     17 672
     12 673
     18 674
     13 675
     12 676
     22 677
     23 678
     23 679
     24 680
     16 681
     18 682
     28 683
     15 684
     21 685
     22 686
     20 687
     28 688
     32 689
     33 690
     21 691
     24 692
     19 693
     20 694
     23 695
     22 696
     17 697
     21 698
     18 699
     29 700
     22 701
     19 702
     23 703
     19 704
     19 705
     21 706
     16 707
     16 708
     20 709
     13 710
     20 711
     19 712
     17 713
     20 714
     16 715
     11 716
     19 717
     12 718
     14 719
     15 720
     16 721
     17 722
     17 723
     14 724
     17 725
     11 726
     20 727
     14 728
     17 729
     27 730
     18 731
     16 732
     12 733
     21 734
     18 735
     15 736
     14 737
     16 738
     16 739
     14 740
     11 741
     18 742
     20 743
     18 744
     25 745
     23 746
     23 747
     10 748
     29 749
     15 750
     23 751
     25 752
     22 753
     14 754
     25 755
     24 756
     25 757
     16 758
     22 759
     25 760
     28 761
     21 762
     25 763
     27 764
     25 765
     22 766
     23 767
     14 768
     22 769
     14 770
     23 771
     14 772
     21 773
     18 774
     23 775
     16 776
     20 777
     20 778
     15 779
     23 780
     26 781
     26 782
     14 783
     18 784
     13 785
     18 786
     15 787
     21 788
     12 789
     17 790
     17 791
      8 792
     18 793
     15 794
     15 795
     19 796
     14 797
     19 798
     17 799
     16 800
     13 801
     18 802
     15 803
     13 804
     21 805
     19 806
     19 807
     16 808
     25 809
     19 810
     21 811
     17 812
     22 813
     20 814
     20 815
     21 816
     16 817
     24 818
     13 819
     17 820
     26 821
     16 822
     22 823
     27 824
     30 825
     31 826
     17 827
     27 828
     25 829
     23 830
     25 831
     24 832
     34 833
     19 834
     29 835
     16 836
     21 837
     25 838
     23 839
     25 840
     15 841
     26 842
     25 843
     16 844
     14 845
     14 846
     23 847
     24 848
     17 849
     18 850
     19 851
     22 852
     19 853
     21 854
     22 855
     22 856
     21 857
     18 858
     21 859
     18 860
     17 861
     15 862
     24 863
     23 864
     15 865
     22 866
     22 867
     19 868
     17 869
     22 870
     16 871
     15 872
     14 873
     26 874
     19 875
     33 876
     24 877
     15 878
     17 879
     21 880
     18 881
     22 882
     19 883
     21 884
     19 885
     22 886
     15 887
     26 888
     19 889
     22 890
     14 891
     17 892
     27 893
     22 894
     17 895
     29 896
     23 897
     28 898
     27 899
     23 900
     18 901
     25 902
     21 903
     14 904
     29 905
     24 906
     23 907
     23 908
     29 909
     33 910
     24 911
     27 912
     28 913
     23 914
     16 915
     17 916
     28 917
     22 918
     18 919
     25 920
     27 921
     23 922
     30 923
     20 924
     23 925
     26 926
     18 927
     24 928
     20 929
     28 930
     28 931
     20 932
     12 933
     27 934
     19 935
     25 936
     26 937
     20 938
     26 939
     17 940
     28 941
     26 942
     22 943
     20 944
     28 945
     24 946
     19 947
     16 948
     28 949
     21 950
     30 951
     29 952
     23 953
     20 954
     35 955
     27 956
     27 957
     42 958
     24 959
     21 960
     36 961
     27 962
     35 963
     34 964
     28 965
     31 966
     31 967
     30 968
     25 969
     28 970
     34 971
     39 972
     35 973
     31 974
     21 975
     25 976
     25 977
     34 978
     23 979
     44 980
     20 981
     37 982
     49 983
     23 984
     34 985
     39 986
     22 987
     30 988
     21 989
     30 990
     24 991
     32 992
     26 993
     29 994
     33 995
     29 996
     22 997
     29 998
     30 999
     24 1000
     21 1001
     29 1002
     27 1003
     35 1004
     33 1005
     28 1006
     33 1007
     35 1008
     50 1009
     32 1010
     31 1011
     32 1012
     28 1013
     34 1014
     32 1015
     37 1016
     37 1017
     22 1018
     30 1019
     34 1020
     33 1021
     37 1022
     42 1023
     26 1024
     39 1025
     40 1026
     42 1027
     39 1028
     43 1029
     41 1030
     41 1031
     46 1032
     44 1033
     36 1034
     40 1035
     38 1036
     42 1037
     44 1038
     44 1039
     42 1040
     28 1041
     48 1042
     39 1043
     41 1044
     53 1045
     32 1046
     50 1047
     40 1048
     52 1049
     49 1050
     51 1051
     57 1052
     37 1053
     47 1054
     42 1055
     30 1056
     32 1057
     42 1058
     35 1059
     46 1060
     46 1061
     41 1062
     43 1063
     42 1064
     45 1065
     42 1066
     51 1067
     56 1068
     33 1069
     55 1070
     44 1071
     45 1072
     63 1073
     50 1074
     43 1075
     41 1076
     61 1077
     55 1078
     44 1079
     47 1080
     54 1081
     66 1082
     53 1083
     55 1084
     56 1085
     55 1086
     59 1087
     50 1088
     48 1089
     57 1090
     49 1091
     59 1092
     63 1093
     67 1094
     50 1095
     57 1096
     77 1097
     74 1098
     60 1099
     65 1100
     69 1101
     69 1102
     58 1103
     68 1104
     76 1105
     75 1106
     68 1107
     90 1108
     74 1109
     75 1110
     72 1111
     71 1112
     83 1113
     74 1114
     86 1115
     77 1116
     73 1117
     88 1118
     62 1119
     57 1120
     68 1121
     70 1122
     75 1123
     92 1124
     92 1125
     79 1126
     77 1127
    100 1128
     71 1129
     83 1130
     73 1131
     78 1132
     78 1133
     88 1134
     75 1135
     75 1136
     61 1137
     83 1138
     81 1139
     84 1140
     73 1141
     82 1142
     87 1143
     87 1144
     83 1145
     78 1146
     79 1147
     94 1148
     82 1149
    107 1150
    100 1151
     92 1152
    103 1153
    110 1154
     89 1155
    104 1156
    107 1157
     96 1158
    110 1159
    112 1160
     95 1161
    113 1162
    109 1163
    122 1164
    144 1165
    118 1166
    135 1167
    151 1168
    130 1169
    124 1170
    134 1171
    130 1172
    160 1173
    154 1174
    161 1175
    121 1176
    124 1177
    153 1178
    125 1179
    141 1180
    160 1181
    145 1182
    134 1183
    124 1184
    157 1185
    143 1186
    139 1187
    140 1188
    145 1189
    141 1190
    142 1191
    161 1192
    146 1193
    167 1194
    157 1195
    146 1196
    153 1197
    167 1198
    159 1199
    157 1200
    168 1201
    167 1202
    170 1203
    163 1204
    177 1205
    154 1206
    159 1207
    145 1208
    168 1209
    157 1210
    168 1211
    181 1212
    150 1213
    153 1214
    164 1215
    157 1216
    167 1217
    170 1218
    170 1219
    187 1220
    157 1221
    172 1222
    161 1223
    192 1224
    160 1225
    189 1226
    160 1227
    199 1228
    191 1229
    197 1230
    180 1231
    179 1232
    180 1233
    203 1234
    199 1235
    201 1236
    190 1237
    211 1238
    221 1239
    195 1240
    213 1241
    201 1242
    230 1243
    200 1244
    222 1245
    201 1246
    212 1247
    221 1248
    205 1249
    203 1250
    214 1251
    236 1252
    234 1253
    206 1254
    201 1255
    206 1256
    205 1257
    198 1258
    199 1259
    254 1260
    208 1261
    201 1262
    176 1263
    190 1264
    203 1265
    192 1266
    204 1267
    185 1268
    200 1269
    220 1270
    182 1271
    200 1272
    195 1273
    178 1274
    215 1275
    202 1276
    207 1277
    189 1278
    196 1279
    199 1280
    184 1281
    181 1282
    195 1283
    218 1284
    202 1285
    165 1286
    177 1287
    200 1288
    194 1289
    208 1290
    197 1291
    198 1292
    209 1293
    197 1294
    198 1295
    195 1296
    179 1297
    201 1298
    190 1299
    201 1300
    194 1301
    196 1302
    210 1303
    210 1304
    184 1305
    211 1306
    222 1307
    195 1308
    195 1309
    213 1310
    202 1311
    210 1312
    227 1313
    226 1314
    216 1315
    211 1316
    214 1317
    213 1318
    200 1319
    222 1320
    212 1321
    205 1322
    209 1323
    199 1324
    215 1325
    219 1326
    194 1327
    181 1328
    227 1329
    187 1330
    197 1331
    196 1332
    170 1333
    185 1334
    170 1335
    183 1336
    185 1337
    188 1338
    184 1339
    210 1340
    173 1341
    181 1342
    199 1343
    165 1344
    162 1345
    217 1346
    167 1347
    179 1348
    188 1349
    151 1350
    160 1351
    194 1352
    175 1353
    155 1354
    172 1355
    165 1356
    173 1357
    177 1358
    167 1359
    169 1360
    177 1361
    180 1362
    142 1363
    172 1364
    160 1365
    176 1366
    165 1367
    163 1368
    157 1369
    188 1370
    176 1371
    155 1372
    184 1373
    164 1374
    190 1375
    147 1376
    156 1377
    168 1378
    160 1379
    183 1380
    181 1381
    162 1382
    176 1383
    180 1384
    159 1385
    167 1386
    174 1387
    172 1388
    157 1389
    167 1390
    174 1391
    177 1392
    167 1393
    180 1394
    191 1395
    142 1396
    156 1397
    151 1398
    140 1399
    154 1400
    169 1401
    162 1402
    157 1403
    175 1404
    139 1405
    130 1406
    136 1407
    151 1408
    138 1409
    159 1410
    142 1411
    124 1412
    150 1413
    131 1414
    127 1415
    136 1416
    115 1417
    119 1418
    125 1419
    144 1420
    137 1421
    149 1422
    135 1423
    137 1424
    138 1425
    125 1426
    125 1427
    130 1428
    136 1429
    116 1430
    117 1431
    123 1432
    138 1433
    134 1434
    134 1435
    122 1436
    147 1437
    138 1438
    131 1439
    128 1440
    137 1441
    129 1442
    127 1443
    123 1444
    118 1445
    128 1446
    130 1447
    141 1448
    133 1449
    151 1450
    134 1451
    132 1452
    157 1453
    112 1454
    115 1455
    123 1456
    136 1457
    121 1458
    139 1459
    118 1460
    115 1461
    117 1462
    116 1463
    127 1464
    136 1465
    111 1466
    119 1467
    114 1468
    119 1469
    126 1470
    122 1471
    127 1472
    118 1473
    117 1474
    107 1475
    124 1476
     94 1477
    119 1478
    113 1479
    113 1480
    110 1481
    116 1482
    114 1483
    123 1484
    123 1485
    119 1486
    120 1487
     90 1488
    129 1489
    111 1490
    104 1491
    116 1492
    135 1493
    117 1494
     97 1495
    109 1496
    106 1497
    133 1498
     94 1499
     95 1500
    114 1501
    112 1502
    118 1503
    119 1504
    108 1505
    105 1506
    105 1507
     89 1508
    108 1509
    103 1510
     94 1511
    129 1512
    115 1513
    113 1514
    100 1515
    116 1516
    120 1517
    120 1518
    115 1519
    122 1520
     83 1521
    109 1522
    103 1523
    104 1524
    100 1525
    101 1526
     84 1527
     93 1528
    104 1529
    108 1530
    101 1531
    100 1532
     82 1533
    100 1534
     98 1535
    105 1536
    103 1537
     92 1538
     77 1539
    118 1540
    111 1541
     99 1542
     86 1543
    111 1544
     93 1545
     98 1546
     91 1547
    104 1548
     72 1549
     97 1550
     89 1551
     92 1552
    101 1553
     98 1554
     70 1555
     88 1556
     94 1557
     81 1558
     74 1559
     90 1560
     84 1561
     93 1562
    101 1563
     80 1564
     79 1565
     77 1566
     83 1567
    111 1568
     78 1569
     88 1570
     72 1571
     93 1572
     80 1573
    104 1574
     90 1575
     90 1576
     95 1577
     90 1578
     93 1579
     92 1580
     96 1581
     89 1582
     78 1583
    101 1584
     84 1585
     99 1586
     98 1587
     78 1588
     98 1589
     96 1590
     98 1591
     85 1592
     78 1593
    100 1594
     84 1595
     79 1596
     80 1597
     81 1598
     65 1599
     93 1600
     87 1601
     92 1602
     97 1603
     79 1604
     81 1605
     88 1606
     60 1607
     87 1608
     76 1609
     69 1610
     69 1611
     87 1612
     68 1613
     82 1614
     88 1615
     99 1616
     79 1617
     85 1618
     84 1619
     75 1620
     87 1621
     76 1622
     71 1623
     81 1624
     82 1625
     75 1626
     82 1627
     96 1628
     77 1629
     75 1630
     67 1631
     88 1632
     86 1633
     88 1634
     70 1635
     68 1636
     82 1637
     97 1638
     81 1639
     72 1640
     70 1641
     73 1642
     58 1643
     88 1644
     79 1645
     73 1646
     73 1647
     72 1648
     81 1649
     81 1650
     71 1651
     82 1652
     75 1653
     80 1654
     84 1655
     76 1656
     86 1657
     87 1658
     74 1659
     73 1660
     71 1661
     68 1662
     84 1663
     80 1664
     75 1665
     77 1666
     65 1667
     72 1668
     65 1669
     81 1670
     91 1671
     79 1672
     80 1673
     66 1674
     81 1675
     61 1676
     65 1677
     72 1678
     78 1679
     70 1680
     65 1681
     71 1682
     67 1683
     68 1684
     87 1685
     62 1686
     64 1687
     61 1688
     58 1689
     68 1690
     68 1691
     86 1692
     74 1693
     68 1694
     74 1695
     71 1696
     66 1697
     71 1698
     73 1699
     68 1700
     76 1701
     68 1702
     65 1703
     49 1704
     53 1705
     66 1706
     67 1707
     74 1708
     58 1709
     69 1710
     79 1711
     43 1712
     78 1713
     63 1714
     64 1715
     61 1716
     61 1717
     64 1718
     64 1719
     59 1720
     62 1721
     74 1722
     65 1723
     71 1724
     69 1725
     70 1726
     86 1727
     76 1728
     67 1729
     66 1730
     79 1731
     67 1732
     56 1733
     77 1734
     77 1735
     63 1736
     62 1737
     61 1738
     64 1739
     67 1740
     60 1741
     64 1742
     69 1743
     73 1744
     67 1745
     56 1746
     61 1747
     54 1748
     61 1749
     59 1750
     68 1751
     59 1752
     60 1753
     66 1754
     55 1755
     57 1756
     56 1757
     58 1758
     60 1759
     61 1760
     67 1761
     58 1762
     67 1763
     63 1764
     48 1765
     69 1766
     43 1767
     76 1768
     53 1769
     69 1770
     87 1771
     73 1772
     64 1773
     70 1774
     57 1775
     70 1776
     49 1777
     64 1778
     44 1779
     56 1780
     67 1781
     66 1782
     50 1783
     63 1784
     63 1785
     63 1786
     69 1787
     66 1788
     71 1789
     70 1790
     61 1791
     61 1792
     56 1793
     62 1794
     63 1795
     53 1796
     65 1797
     60 1798
     66 1799
     68 1800
     50 1801
     65 1802
     67 1803
     56 1804
     70 1805
     59 1806
     56 1807
     53 1808
     59 1809
     57 1810
     59 1811
     69 1812
     47 1813
     56 1814
     65 1815
     58 1816
     73 1817
     57 1818
     64 1819
     49 1820
     60 1821
     60 1822
     43 1823
     66 1824
     72 1825
     47 1826
     53 1827
     59 1828
     59 1829
     54 1830
     61 1831
     65 1832
     48 1833
     52 1834
     52 1835
     65 1836
     55 1837
     59 1838
     64 1839
     59 1840
     55 1841
     68 1842
     60 1843
     43 1844
     61 1845
     57 1846
     59 1847
     59 1848
     57 1849
     63 1850
     67 1851
     57 1852
     55 1853
     60 1854
     43 1855
     69 1856
     49 1857
     53 1858
     72 1859
     74 1860
     57 1861
     57 1862
     58 1863
     54 1864
     52 1865
     57 1866
     51 1867
     63 1868
     51 1869
     53 1870
     70 1871
     59 1872
     63 1873
     58 1874
     71 1875
     73 1876
     65 1877
     59 1878
     58 1879
     70 1880
     64 1881
     55 1882
     59 1883
     62 1884
     67 1885
     54 1886
     56 1887
     61 1888
     65 1889
     65 1890
     72 1891
     61 1892
     50 1893
     51 1894
     48 1895
     76 1896
     67 1897
     48 1898
     60 1899
     56 1900
     57 1901
     42 1902
     49 1903
     59 1904
     63 1905
     57 1906
     45 1907
     55 1908
     50 1909
     63 1910
     71 1911
     50 1912
     65 1913
     54 1914
     47 1915
     38 1916
     50 1917
     49 1918
     44 1919
     51 1920
     59 1921
     50 1922
     50 1923
     66 1924
     52 1925
     70 1926
     49 1927
     50 1928
     58 1929
     56 1930
     64 1931
     62 1932
     68 1933
     57 1934
     66 1935
     54 1936
     64 1937
     60 1938
     52 1939
     49 1940
     56 1941
     50 1942
     49 1943
     65 1944
     59 1945
     58 1946
     60 1947
     49 1948
     58 1949
     61 1950
     53 1951
     45 1952
     50 1953
     74 1954
     63 1955
     68 1956
     72 1957
     63 1958
     62 1959
     56 1960
     60 1961
     54 1962
     55 1963
     57 1964
     38 1965
     71 1966
     55 1967
     51 1968
     69 1969
     62 1970
     48 1971
     79 1972
     71 1973
     51 1974
     47 1975
     53 1976
     66 1977
     72 1978
     57 1979
     66 1980
     57 1981
     66 1982
     48 1983
     47 1984
     49 1985
     55 1986
     57 1987
     68 1988
     71 1989
     64 1990
     45 1991
     68 1992
     56 1993
     55 1994
     58 1995
     68 1996
     62 1997
     48 1998
     53 1999
     58 2000
     63 2001
     65 2002
     50 2003
     65 2004
     57 2005
     62 2006
     59 2007
     56 2008
     71 2009
     58 2010
     67 2011
     59 2012
     55 2013
     74 2014
     58 2015
     80 2016
     61 2017
     74 2018
     70 2019
     58 2020
     67 2021
     66 2022
     77 2023
     64 2024
     52 2025
     61 2026
     70 2027
     57 2028
     56 2029
     60 2030
     52 2031
     61 2032
     56 2033
     58 2034
     65 2035
     61 2036
     59 2037
     53 2038
     61 2039
     52 2040
     59 2041
     56 2042
     63 2043
     65 2044
     58 2045
     67 2046
     57 2047
     70 2048
     49 2049
     60 2050
     64 2051
     59 2052
     57 2053
     41 2054
     48 2055
     48 2056
     56 2057
     61 2058
     55 2059
     59 2060
     60 2061
     68 2062
     61 2063
     58 2064
     64 2065
     52 2066
     63 2067
     72 2068
     75 2069
     62 2070
     59 2071
     74 2072
     77 2073
     60 2074
     58 2075
     64 2076
     75 2077
     74 2078
     63 2079
     58 2080
     84 2081
     57 2082
     67 2083
     69 2084
     67 2085
     75 2086
     69 2087
     74 2088
     84 2089
     53 2090
     62 2091
     63 2092
     73 2093
     55 2094
     62 2095
     60 2096
     74 2097
     74 2098
     60 2099
     63 2100
     58 2101
     66 2102
     67 2103
     65 2104
     67 2105
     60 2106
     62 2107
     60 2108
     55 2109
     62 2110
     52 2111
     59 2112
     49 2113
     70 2114
     59 2115
     61 2116
     54 2117
     52 2118
     46 2119
     58 2120
     50 2121
     81 2122
     61 2123
     52 2124
     60 2125
     43 2126
     71 2127
     68 2128
     54 2129
     74 2130
     59 2131
     53 2132
     62 2133
     52 2134
     49 2135
     76 2136
     72 2137
     58 2138
     61 2139
     54 2140
     67 2141
     61 2142
     69 2143
     69 2144
     50 2145
     67 2146
     73 2147
     58 2148
     51 2149
     55 2150
     51 2151
     56 2152
     88 2153
     56 2154
     61 2155
     62 2156
     73 2157
     58 2158
     55 2159
     70 2160
     60 2161
     69 2162
     68 2163
     71 2164
     55 2165
     57 2166
     73 2167
     62 2168
     69 2169
     72 2170
     66 2171
     48 2172
     63 2173
     53 2174
     60 2175
     67 2176
     54 2177
     69 2178
     61 2179
     60 2180
     77 2181
     76 2182
     53 2183
     70 2184
     63 2185
     64 2186
     56 2187
     56 2188
     48 2189
     67 2190
     61 2191
     68 2192
     82 2193
     71 2194
     57 2195
     60 2196
     85 2197
     77 2198
     58 2199
     59 2200
     57 2201
     76 2202
     55 2203
     71 2204
     64 2205
     65 2206
     69 2207
     69 2208
     63 2209
     75 2210
     62 2211
     61 2212
     71 2213
     69 2214
     66 2215
     77 2216
     76 2217
     70 2218
     74 2219
     60 2220
     65 2221
     60 2222
     69 2223
     61 2224
     58 2225
     77 2226
     58 2227
     64 2228
     74 2229
     63 2230
     75 2231
     62 2232
     53 2233
     67 2234
     48 2235
     56 2236
     66 2237
     83 2238
     66 2239
     60 2240
     67 2241
     86 2242
     59 2243
     72 2244
     62 2245
     48 2246
     57 2247
     68 2248
     63 2249
     64 2250
     67 2251
     58 2252
     55 2253
     55 2254
     60 2255
     61 2256
     60 2257
     51 2258
     60 2259
     61 2260
     63 2261
     53 2262
     70 2263
     54 2264
     58 2265
     65 2266
     62 2267
     72 2268
     68 2269
     64 2270
     74 2271
     54 2272
     66 2273
     53 2274
     64 2275
     65 2276
     65 2277
     72 2278
     62 2279
     51 2280
     70 2281
     67 2282
     49 2283
     75 2284
     55 2285
     70 2286
     65 2287
     71 2288
     77 2289
     50 2290
     70 2291
     45 2292
     60 2293
     62 2294
     56 2295
     48 2296
     55 2297
     59 2298
     55 2299
     76 2300
     76 2301
     69 2302
     52 2303
     61 2304
     62 2305
     60 2306
     49 2307
     53 2308
     68 2309
     68 2310
     63 2311
     49 2312
     66 2313
     59 2314
     67 2315
     63 2316
     58 2317
     61 2318
     61 2319
     57 2320
     62 2321
     66 2322
     57 2323
     58 2324
     60 2325
     65 2326
     67 2327
     59 2328
     80 2329
     51 2330
     65 2331
     60 2332
     55 2333
     63 2334
     56 2335
     69 2336
     80 2337
     72 2338
     57 2339
     69 2340
     58 2341
     70 2342
     71 2343
     71 2344
     55 2345
     56 2346
     58 2347
     66 2348
     55 2349
     56 2350
     65 2351
     58 2352
     65 2353
     64 2354
     68 2355
     69 2356
     73 2357
     47 2358
     66 2359
     71 2360
     69 2361
     55 2362
     84 2363
     59 2364
     54 2365
     80 2366
     62 2367
     58 2368
     65 2369
     61 2370
     59 2371
     62 2372
     76 2373
     62 2374
     60 2375
     62 2376
     65 2377
     50 2378
     63 2379
     71 2380
     56 2381
     68 2382
     65 2383
     79 2384
     59 2385
     54 2386
     64 2387
     70 2388
     57 2389
     66 2390
     50 2391
     62 2392
     60 2393
     73 2394
     53 2395
     57 2396
     52 2397
     49 2398
     69 2399
     56 2400
     56 2401
     53 2402
     67 2403
     52 2404
     52 2405
     61 2406
     58 2407
     57 2408
     65 2409
     74 2410
     68 2411
     67 2412
     64 2413
     51 2414
     66 2415
     73 2416
     64 2417
     71 2418
     53 2419
     72 2420
     57 2421
     58 2422
     54 2423
     63 2424
     40 2425
     61 2426
     60 2427
     65 2428
     55 2429
     57 2430
     55 2431
     65 2432
     60 2433
     58 2434
     67 2435
     59 2436
     61 2437
     68 2438
     57 2439
     60 2440
     71 2441
     55 2442
     51 2443
     38 2444
     53 2445
     62 2446
     49 2447
     44 2448
     79 2449
     58 2450
     72 2451
     67 2452
     49 2453
     57 2454
     67 2455
     55 2456
     56 2457
     65 2458
     55 2459
     58 2460
     55 2461
     60 2462
     72 2463
     55 2464
     54 2465
     68 2466
     61 2467
     55 2468
     64 2469
     52 2470
     48 2471
     66 2472
     59 2473
     56 2474
     43 2475
     54 2476
     51 2477
     52 2478
     56 2479
     63 2480
     58 2481
     62 2482
     74 2483
     58 2484
     64 2485
     60 2486
     55 2487
     43 2488
     50 2489
     62 2490
     50 2491
     50 2492
     49 2493
     63 2494
     60 2495
     55 2496
     51 2497
     75 2498
     56 2499
     65 2500
     46 2501
     49 2502
     59 2503
     42 2504
     54 2505
     58 2506
     36 2507
     60 2508
     59 2509
     52 2510
     49 2511
     53 2512
     45 2513
     62 2514
     57 2515
     47 2516
     46 2517
     45 2518
     56 2519
     45 2520
     57 2521
     40 2522
     61 2523
     52 2524
     49 2525
     55 2526
     61 2527
     53 2528
     52 2529
     56 2530
     48 2531
     56 2532
     45 2533
     47 2534
     51 2535
     55 2536
     46 2537
     52 2538
     41 2539
     50 2540
     67 2541
     44 2542
     48 2543
     46 2544
     54 2545
     45 2546
     57 2547
     51 2548
     50 2549
     44 2550
     41 2551
     45 2552
     46 2553
     61 2554
     53 2555
     52 2556
     63 2557
     51 2558
     60 2559
     48 2560
     62 2561
     45 2562
     49 2563
     46 2564
     58 2565
     35 2566
     43 2567
     52 2568
     46 2569
     52 2570
     49 2571
     45 2572
     33 2573
     44 2574
     51 2575
     45 2576
     39 2577
     53 2578
     54 2579
     42 2580
     55 2581
     48 2582
     50 2583
     49 2584
     50 2585
     44 2586
     40 2587
     51 2588
     37 2589
     40 2590
     42 2591
     43 2592
     44 2593
     51 2594
     40 2595
     49 2596
     41 2597
     43 2598
     53 2599
     50 2600
     45 2601
     43 2602
     44 2603
     48 2604
     47 2605
     50 2606
     49 2607
     43 2608
     53 2609
     46 2610
     49 2611
     45 2612
     47 2613
     37 2614
     49 2615
     49 2616
     45 2617
     44 2618
     45 2619
     42 2620
     34 2621
     43 2622
     35 2623
     44 2624
     48 2625
     46 2626
     41 2627
     42 2628
     48 2629
     42 2630
     43 2631
     43 2632
     48 2633
     32 2634
     41 2635
     49 2636
     46 2637
     54 2638
     39 2639
     45 2640
     47 2641
     51 2642
     42 2643
     30 2644
     40 2645
     46 2646
     49 2647
     39 2648
     45 2649
     36 2650
     36 2651
     40 2652
     31 2653
     43 2654
     43 2655
     56 2656
     41 2657
     44 2658
     50 2659
     36 2660
     37 2661
     49 2662
     41 2663
     46 2664
     40 2665
     36 2666
     36 2667
     31 2668
     48 2669
     41 2670
     29 2671
     41 2672
     32 2673
     37 2674
     39 2675
     38 2676
     38 2677
     40 2678
     37 2679
     27 2680
     37 2681
     32 2682
     39 2683
     38 2684
     32 2685
     48 2686
     33 2687
     35 2688
     49 2689
     35 2690
     28 2691
     40 2692
     36 2693
     41 2694
     34 2695
     34 2696
     42 2697
     38 2698
     25 2699
     42 2700
     40 2701
     48 2702
     40 2703
     39 2704
     33 2705
     37 2706
     30 2707
     27 2708
     29 2709
     20 2710
     42 2711
     42 2712
     42 2713
     41 2714
     38 2715
     30 2716
     40 2717
     43 2718
     38 2719
     32 2720
     38 2721
     37 2722
     40 2723
     41 2724
     33 2725
     34 2726
     43 2727
     26 2728
     34 2729
     29 2730
     37 2731
     34 2732
     31 2733
     36 2734
     35 2735
     35 2736
     32 2737
     35 2738
     29 2739
     35 2740
     40 2741
     38 2742
     32 2743
     36 2744
     33 2745
     30 2746
     39 2747
     29 2748
     39 2749
     29 2750
     22 2751
     37 2752
     30 2753
     31 2754
     27 2755
     35 2756
     39 2757
     27 2758
     37 2759
     33 2760
     32 2761
     38 2762
     26 2763
     43 2764
     26 2765
     28 2766
     32 2767
     24 2768
     32 2769
     42 2770
     28 2771
     24 2772
     24 2773
     35 2774
     30 2775
     33 2776
     26 2777
     25 2778
     23 2779
     36 2780
     34 2781
     30 2782
     30 2783
     31 2784
     34 2785
     28 2786
     33 2787
     37 2788
     25 2789
     32 2790
     29 2791
     23 2792
     36 2793
     40 2794
     33 2795
     33 2796
     30 2797
     27 2798
     35 2799
     29 2800
     38 2801
     31 2802
     27 2803
     31 2804
     33 2805
     31 2806
     33 2807
     19 2808
     30 2809
     34 2810
     35 2811
     44 2812
     28 2813
     31 2814
     31 2815
     24 2816
     28 2817
     26 2818
     27 2819
     33 2820
     28 2821
     25 2822
     27 2823
     29 2824
     26 2825
     27 2826
     28 2827
     27 2828
     29 2829
     31 2830
     21 2831
     30 2832
     29 2833
     14 2834
     28 2835
     22 2836
     33 2837
     19 2838
     20 2839
     35 2840
     37 2841
     32 2842
     26 2843
     38 2844
     31 2845
     28 2846
     30 2847
     25 2848
     37 2849
     16 2850
     24 2851
     16 2852
     19 2853
     34 2854
     24 2855
     25 2856
     27 2857
     32 2858
     22 2859
     15 2860
     19 2861
     18 2862
     20 2863
     29 2864
     29 2865
     29 2866
     28 2867
     30 2868
     26 2869
     31 2870
     24 2871
     33 2872
     20 2873
     22 2874
     22 2875
     19 2876
     30 2877
     24 2878
     35 2879
     25 2880
     21 2881
     30 2882
     25 2883
     31 2884
     29 2885
     22 2886
     21 2887
     22 2888
     24 2889
     24 2890
     25 2891
     28 2892
     27 2893
     14 2894
     27 2895
     24 2896
     21 2897
     33 2898
     25 2899
     19 2900
     28 2901
     32 2902
     21 2903
     22 2904
     19 2905
     25 2906
     22 2907
     22 2908
     18 2909
     25 2910
     18 2911
     17 2912
     21 2913
     29 2914
     25 2915
     20 2916
     27 2917
     28 2918
     29 2919
     23 2920
     18 2921
     33 2922
     19 2923
     16 2924
     23 2925
     29 2926
     25 2927
     20 2928
     21 2929
     19 2930
     32 2931
     30 2932
     28 2933
     21 2934
     20 2935
     17 2936
     31 2937
     34 2938
     22 2939
     14 2940
     22 2941
     27 2942
     17 2943
     23 2944
     17 2945
     17 2946
     28 2947
     24 2948
     20 2949
     13 2950
     16 2951
     26 2952
     25 2953
     17 2954
     33 2955
     25 2956
     29 2957
     27 2958
     17 2959
     17 2960
     22 2961
     22 2962
     27 2963
     20 2964
     17 2965
     23 2966
     21 2967
     21 2968
     18 2969
     18 2970
     21 2971
     16 2972
     18 2973
     27 2974
     21 2975
     20 2976
     21 2977
     22 2978
     23 2979
     14 2980
     29 2981
     16 2982
     24 2983
     18 2984
     21 2985
     20 2986
     26 2987
     15 2988
     22 2989
     21 2990
     20 2991
     16 2992
     18 2993
     22 2994
     16 2995
     19 2996
     28 2997
     16 2998
     15 2999
     23 3000
     18 3001
     24 3002
     19 3003
     21 3004
     18 3005
     23 3006
     14 3007
     18 3008
     16 3009
     23 3010
     16 3011
     24 3012
     17 3013
     14 3014
     20 3015
     16 3016
     19 3017
     17 3018
     18 3019
     22 3020
     19 3021
     13 3022
     22 3023
      9 3024
     21 3025
     13 3026
     17 3027
     14 3028
     20 3029
     18 3030
     20 3031
     18 3032
     19 3033
     15 3034
     17 3035
     18 3036
     28 3037
     23 3038
     17 3039
     20 3040
     18 3041
     24 3042
     15 3043
     25 3044
     15 3045
     20 3046
     24 3047
     16 3048
     14 3049
     21 3050
     18 3051
     11 3052
     24 3053
     13 3054
     16 3055
     16 3056
     25 3057
     22 3058
     16 3059
     16 3060
     15 3061
     12 3062
     17 3063
     22 3064
     18 3065
     17 3066
     15 3067
     17 3068
     17 3069
     20 3070
     12 3071
     12 3072
     11 3073
     21 3074
     17 3075
     17 3076
     15 3077
      2 3078
     22 3079
     10 3080
     12 3081
     17 3082
     23 3083
     15 3084
     19 3085
     15 3086
     18 3087
     17 3088
     17 3089
     13 3090
     10 3091
     32 3092
     12 3093
     21 3094
     16 3095
     14 3096
     18 3097
     12 3098
     16 3099
     11 3100
     15 3101
     14 3102
     16 3103
     21 3104
     17 3105
     13 3106
     19 3107
     20 3108
     18 3109
     15 3110
     22 3111
     23 3112
     20 3113
     20 3114
     13 3115
     13 3116
     15 3117
     13 3118
     16 3119
     18 3120
     10 3121
     20 3122
     16 3123
     15 3124
     23 3125
     12 3126
     14 3127
     16 3128
     13 3129
     13 3130
     16 3131
     11 3132
     16 3133
     13 3134
     14 3135
     12 3136
     16 3137
     11 3138
     11 3139
     19 3140
     14 3141
      9 3142
     17 3143
     12 3144
      9 3145
     16 3146
     16 3147
     14 3148
      7 3149
     12 3150
     10 3151
     15 3152
     11 3153
     18 3154
     15 3155
     16 3156
     13 3157
     11 3158
     13 3159
     14 3160
     20 3161
     10 3162
      9 3163
     25 3164
     17 3165
     20 3166
     14 3167
     17 3168
     23 3169
     13 3170
      9 3171
     14 3172
      9 3173
     12 3174
     18 3175
      8 3176
     20 3177
     15 3178
     12 3179
     14 3180
     10 3181
     12 3182
     13 3183
     11 3184
     15 3185
     18 3186
     18 3187
     15 3188
     14 3189
      9 3190
     12 3191
      7 3192
      8 3193
     17 3194
      5 3195
     12 3196
      7 3197
     19 3198
      8 3199
     15 3200
     15 3201
     17 3202
      8 3203
     13 3204
     10 3205
     17 3206
     11 3207
     12 3208
     18 3209
     19 3210
     16 3211
     18 3212
      9 3213
     18 3214
     10 3215
      8 3216
     17 3217
      3 3218
     16 3219
     13 3220
     10 3221
     13 3222
     16 3223
     13 3224
     13 3225
     11 3226
     18 3227
     11 3228
      8 3229
     11 3230
      4 3231
      9 3232
     14 3233
      4 3234
     12 3235
     16 3236
     10 3237
     12 3238
      8 3239
     16 3240
     11 3241
     15 3242
     11 3243
     10 3244
      7 3245
     13 3246
      8 3247
      9 3248
     10 3249
     11 3250
      4 3251
      6 3252
     15 3253
      7 3254
      9 3255
      7 3256
     15 3257
      6 3258
     10 3259
     11 3260
     12 3261
      2 3262
     14 3263
     10 3264
     13 3265
     12 3266
     17 3267
     10 3268
     15 3269
     12 3270
     10 3271
     18 3272
      7 3273
     10 3274
      9 3275
      9 3276
     12 3277
     10 3278
     15 3279
     16 3280
     14 3281
      6 3282
     10 3283
      6 3284
      7 3285
      8 3286
     13 3287
      9 3288
      8 3289
     12 3290
      5 3291
      9 3292
      9 3293
      8 3294
      8 3295
      9 3296
     14 3297
      8 3298
     14 3299
     10 3300
     12 3301
      7 3302
     12 3303
      8 3304
     13 3305
      9 3306
      6 3307
      6 3308
     12 3309
     12 3310
     10 3311
     11 3312
     10 3313
      7 3314
     18 3315
      7 3316
     15 3317
      9 3318
     14 3319
      9 3320
     11 3321
      9 3322
      8 3323
     11 3324
     11 3325
     12 3326
     12 3327
      8 3328
      5 3329
     14 3330
     12 3331
     10 3332
     12 3333
     10 3334
      5 3335
     14 3336
     13 3337
     15 3338
      8 3339
      7 3340
      8 3341
      5 3342
     12 3343
      6 3344
      2 3345
     10 3346
      7 3347
     12 3348
     12 3349
      6 3350
     10 3351
     10 3352
      8 3353
      6 3354
     18 3355
     11 3356
      8 3357
     13 3358
      8 3359
      5 3360
      9 3361
      9 3362
      7 3363
      6 3364
      7 3365
      7 3366
      7 3367
      6 3368
      8 3369
      6 3370
      7 3371
     12 3372
     12 3373
      6 3374
      3 3375
     10 3376
      1 3377
     13 3378
      9 3379
      4 3380
     11 3381
      5 3382
     10 3383
      7 3384
      9 3385
      9 3386
      9 3387
     10 3388
      7 3389
     15 3390
      6 3391
      9 3392
      5 3393
     10 3394
      6 3395
      9 3396
      5 3397
     13 3398
      6 3399
     11 3400
      5 3401
      7 3402
      6 3403
      7 3404
     13 3405
     13 3406
      6 3407
      7 3408
      8 3409
      7 3410
      4 3411
      7 3412
     11 3413
      7 3414
      8 3415
      7 3416
      9 3417
      6 3418
      7 3419
      9 3420
      7 3421
      7 3422
      9 3423
     14 3424
      4 3425
     12 3426
     10 3427
     12 3428
     10 3429
      8 3430
     10 3431
      8 3432
      7 3433
     11 3434
     12 3435
      4 3436
      8 3437
      6 3438
      8 3439
      7 3440
     11 3441
      5 3442
     13 3443
     11 3444
      7 3445
      4 3446
      5 3447
     13 3448
      7 3449
     16 3450
      8 3451
     10 3452
      7 3453
      7 3454
      6 3455
      6 3456
      6 3457
     12 3458
      3 3459
      9 3460
      5 3461
      6 3462
     12 3463
      7 3464
     11 3465
      5 3466
      6 3467
     10 3468
      8 3469
      4 3470
      5 3471
      8 3472
      9 3473
      5 3474
      5 3475
      6 3476
      7 3477
      3 3478
      7 3479
      4 3480
      6 3481
      7 3482
      5 3483
      9 3484
      7 3485
      8 3486
      7 3487
      5 3488
      6 3489
      6 3490
      2 3491
      7 3492
      9 3493
      5 3494
      6 3495
      6 3496
      6 3497
      5 3498
      6 3499
      4 3500
      9 3501
     13 3502
      6 3503
      8 3504
      9 3505
     11 3506
      3 3507
      6 3508
     10 3509
      4 3510
      9 3511
      7 3512
      7 3514
      4 3515
      9 3516
      5 3517
      3 3518
      6 3519
      5 3520
     11 3521
      9 3522
      7 3523
      2 3524
      4 3525
      3 3526
      7 3527
      5 3528
      6 3529
      6 3530
      9 3531
      4 3532
      3 3533
      6 3534
      7 3535
      6 3536
     11 3537
      7 3538
      4 3539
      4 3540
      5 3541
      3 3542
      7 3543
      4 3544
      9 3545
      7 3546
      6 3547
      7 3548
     10 3549
      7 3550
      3 3551
      8 3552
      4 3553
      5 3554
      8 3555
      8 3556
      2 3557
      4 3558
      2 3559
      6 3560
      6 3561
      3 3562
      7 3563
      6 3564
      5 3565
      8 3566
     10 3567
      2 3568
      6 3569
      5 3570
      3 3571
      1 3572
      8 3573
      6 3574
      1 3575
      4 3576
     12 3577
      4 3578
      3 3579
      7 3580
      9 3581
      5 3582
      5 3583
      8 3584
      6 3585
      7 3586
      4 3587
      5 3588
      6 3589
      7 3590
      8 3591
      5 3592
      4 3593
      4 3594
      6 3595
      6 3596
      2 3597
      5 3598
      5 3599
      6 3600
      5 3601
      3 3602
      6 3603
      7 3604
      6 3605
      4 3606
      1 3607
      3 3608
      2 3609
      6 3610
      2 3611
      3 3612
      6 3613
      7 3614
      5 3615
      7 3616
      6 3617
      6 3618
      4 3619
      8 3620
      2 3621
      7 3622
      4 3623
      5 3624
     10 3625
      5 3626
      5 3627
      5 3628
      3 3629
      6 3630
      2 3631
      7 3632
      5 3633
      3 3634
      8 3635
      4 3636
     10 3637
      2 3638
      3 3639
      7 3640
      7 3641
      5 3642
      4 3643
     10 3644
      3 3645
      3 3646
      2 3647
      2 3648
      3 3649
      4 3650
      2 3651
      2 3652
      5 3653
      5 3654
      3 3655
      4 3656
      6 3657
      7 3658
      3 3659
      6 3660
      4 3661
      1 3662
     10 3663
      3 3664
      4 3665
      5 3666
      3 3667
      2 3668
      7 3669
      9 3670
      6 3671
      3 3672
      8 3673
      4 3674
      5 3675
      4 3676
      4 3677
      7 3678
      8 3679
      5 3680
      3 3681
      6 3682
      6 3683
      4 3684
      4 3685
      5 3686
      2 3687
      6 3688
      1 3689
      3 3690
      4 3691
      7 3692
      8 3693
      3 3694
      4 3695
      1 3696
      5 3697
      4 3698
      6 3699
      5 3700
      5 3701
      1 3702
      6 3703
      5 3704
      6 3705
      6 3706
      4 3707
      5 3708
      4 3709
      5 3710
      3 3711
      3 3712
      2 3713
      7 3714
      2 3715
      3 3716
      7 3717
      6 3718
      6 3719
      8 3720
      3 3721
      3 3722
      3 3723
      4 3724
      5 3725
      3 3726
      3 3727
      5 3728
      2 3729
      2 3730
      7 3731
      6 3732
      3 3733
      7 3734
      7 3735
      7 3736
      3 3737
      5 3738
      3 3739
      5 3740
      4 3741
      3 3742
      6 3743
      6 3744
      2 3745
      4 3746
      1 3747
      4 3748
      5 3749
      5 3750
      6 3751
      4 3752
      8 3753
      3 3754
      3 3755
      6 3756
      4 3757
      3 3758
      3 3760
      5 3761
      5 3762
      2 3763
      1 3764
      3 3765
      5 3766
      3 3767
      3 3768
      5 3770
      7 3771
      5 3772
      3 3773
      6 3774
      3 3775
      5 3777
      2 3778
      2 3779
      2 3780
      5 3781
      4 3782
      6 3783
      3 3784
      2 3785
      4 3786
      5 3787
      5 3788
      4 3789
      2 3790
      4 3791
      2 3792
      1 3793
      5 3794
      4 3795
      8 3796
      4 3797
      2 3798
      3 3799
      3 3800
      5 3801
      3 3802
      1 3803
      4 3804
      1 3805
      4 3806
      4 3807
      2 3808
      5 3809
      3 3810
      5 3811
      6 3812
      1 3813
      6 3814
      5 3815
      4 3816
      3 3817
      7 3818
      2 3819
      2 3820
      8 3821
      4 3822
      1 3823
      2 3824
      3 3825
      5 3826
      4 3827
      3 3828
      4 3829
      5 3830
      1 3831
      1 3832
      6 3833
      3 3834
      2 3835
      1 3836
      1 3837
      6 3838
      3 3839
      2 3840
      4 3841
      2 3842
      1 3843
      5 3844
      2 3845
      3 3846
      7 3847
      3 3848
      5 3849
      3 3850
      1 3851
      4 3852
      2 3853
      1 3854
      5 3855
      4 3856
      3 3857
      3 3858
      2 3859
      1 3861
      1 3862
      3 3863
      1 3864
      5 3865
      4 3866
      4 3867
      3 3868
      3 3869
      5 3870
      6 3871
      1 3872
      2 3873
      3 3874
      1 3875
      4 3876
      6 3877
      2 3878
      3 3879
      4 3880
      1 3882
      2 3883
      5 3884
      6 3885
      8 3886
      2 3887
      3 3888
      1 3889
      2 3890
      6 3891
      3 3893
      3 3894
      2 3895
      2 3896
      3 3897
      6 3898
      4 3899
      4 3900
      2 3901
      4 3902
      2 3903
      5 3904
      2 3905
      2 3906
      4 3907
      4 3908
      2 3909
      3 3910
      1 3912
      6 3913
      5 3914
      3 3915
      3 3916
      2 3917
      2 3918
      2 3919
      1 3920
      1 3921
      4 3922
      3 3923
      1 3924
      1 3926
      2 3927
      3 3928
      3 3929
      1 3930
      3 3931
      1 3932
      1 3933
      1 3934
      4 3936
      1 3937
      1 3939
      1 3940
      4 3941
      3 3942
      2 3943
      1 3944
      3 3945
      2 3946
      6 3947
      1 3948
      6 3949
      2 3950
      3 3951
      1 3952
      1 3953
      1 3954
      4 3955
      1 3956
      3 3957
      1 3958
      5 3959
      2 3961
      1 3962
      1 3963
      3 3964
      3 3965
      2 3966
      2 3967
      1 3968
      3 3969
      3 3970
      6 3971
      3 3972
      1 3974
      2 3975
      1 3976
      5 3977
      2 3978
      2 3979
      2 3980
      3 3982
      1 3983
      2 3984
      3 3985
      3 3986
      4 3988
      4 3989
      5 3990
      1 3991
      2 3992
      3 3993
      2 3994
      2 3995
      1 3996
      1 3997
      1 3998
      2 3999
      1 4000
      3 4002
      2 4003
      1 4004
      2 4005
      2 4006
      2 4007
      3 4008
      2 4009
      3 4010
      4 4011
      2 4012
      3 4013
      3 4014
      2 4015
      3 4016
      4 4018
      2 4019
      3 4020
      2 4021
      3 4022
      2 4023
      2 4024
      1 4025
      2 4026
      1 4027
      1 4028
      4 4029
      4 4030
      2 4031
      1 4032
      2 4033
      2 4034
      1 4035
      2 4036
      1 4037
      3 4038
      2 4039
      1 4041
      3 4042
      2 4043
      2 4046
      4 4047
      3 4048
      2 4049
      1 4050
      1 4051
      2 4052
      3 4053
      6 4054
      2 4055
      4 4056
      3 4057
      2 4058
      3 4059
      3 4060
      3 4061
      2 4062
      2 4063
      2 4065
      3 4066
      1 4067
      3 4068
      1 4069
      3 4070
      1 4071
      3 4072
      1 4073
      2 4074
      2 4075
      3 4076
      2 4077
      1 4078
      2 4079
      6 4080
      2 4081
      2 4082
      5 4083
      2 4085
      3 4086
      1 4087
      4 4088
      2 4089
      2 4090
      2 4091
      3 4092
      3 4093
      4 4094
      1 4095
      3 4096
      1 4097
      1 4098
      2 4099
      2 4100
      2 4101
      1 4102
      2 4104
      1 4105
      2 4106
      3 4107
      1 4108
      2 4109
      3 4110
      1 4111
      1 4112
      1 4113
      1 4114
      4 4115
      4 4116
      3 4117
      4 4118
      1 4119
      1 4120
      1 4121
      2 4122
      4 4124
      2 4125
      6 4126
      1 4127
      1 4128
      3 4129
      3 4130
      2 4131
      1 4132
      2 4133
      2 4135
      3 4136
      4 4137
      1 4138
      1 4139
      1 4141
      4 4142
      2 4145
      2 4146
      2 4147
      2 4148
      4 4149
      1 4150
      2 4151
      2 4153
      1 4154
      1 4155
      1 4156
      3 4157
      7 4158
      2 4160
      5 4161
      1 4163
      4 4164
      3 4166
      1 4167
      3 4168
      3 4169
      1 4171
      2 4172
      1 4173
      2 4174
      2 4175
      2 4176
      1 4177
      1 4178
      1 4179
      2 4180
      2 4181
      2 4183
      2 4185
      2 4186
      3 4187
      5 4188
      2 4189
      3 4190
      4 4191
      1 4192
      2 4193
      3 4194
      4 4195
      3 4196
      1 4197
      1 4198
      2 4199
      1 4200
      5 4201
      1 4202
      1 4203
      2 4204
      1 4206
      2 4207
      2 4208
      1 4209
      2 4210
      2 4212
      1 4213
      1 4214
      1 4215
      3 4216
      2 4218
      3 4219
      1 4220
      1 4222
      1 4224
      2 4225
      2 4226
      3 4227
      2 4228
      4 4229
      5 4232
      2 4233
      1 4234
      1 4235
      1 4236
      3 4237
      1 4238
      3 4239
      4 4240
      3 4241
      2 4242
      1 4244
      3 4245
      1 4247
      5 4248
      2 4250
      1 4251
      2 4252
      2 4253
      4 4254
      1 4255
      2 4256
      1 4257
      2 4258
      2 4259
      1 4260
      1 4261
      1 4262
      2 4266
      1 4268
      2 4270
      1 4271
      3 4272
      1 4274
      1 4276
      2 4280
      2 4281
      2 4282
      1 4283
      1 4284
      1 4286
      1 4287
      3 4289
      1 4292
      3 4293
      2 4295
      1 4296
      2 4297
      1 4299
      1 4300
      1 4301
      1 4302
      2 4303
      1 4306
      1 4307
      1 4308
      1 4309
      1 4310
      2 4312
      4 4313
      2 4314
      1 4319
      1 4320
      1 4322
      2 4323
      1 4324
      1 4325
      1 4328
      1 4329
      2 4330
      1 4332
      1 4333
      1 4334
      1 4339
      2 4340
      1 4341
      2 4342
      1 4343
      1 4344
      1 4345
      3 4346
      2 4347
      1 4348
      1 4349
      3 4350
      1 4351
      1 4352
      1 4353
      2 4354
      2 4355
      1 4356
      1 4357
      1 4358
      3 4361
      2 4362
      3 4363
      3 4365
      3 4366
      1 4367
      3 4368
      1 4369
      1 4370
      1 4371
      2 4372
      1 4375
      2 4380
      1 4382
      1 4383
      3 4385
      1 4388
      1 4389
      1 4391
      1 4393
      2 4394
      1 4395
      1 4396
      2 4397
      1 4399
      1 4400
      1 4401
      2 4404
      1 4405
      1 4406
      1 4407
      1 4409
      2 4410
      2 4411
      1 4412
      1 4414
      1 4415
      1 4417
      2 4418
      2 4419
      1 4421
      3 4422
      1 4424
      1 4426
      1 4429
      1 4431
      1 4433
      2 4434
      1 4436
      1 4438
      2 4439
      1 4442
      2 4444
      2 4445
      1 4446
      1 4447
      3 4448
      1 4450
      1 4452
      2 4456
      1 4458
      1 4460
      1 4462
      3 4463
      3 4466
      2 4468
      2 4469
      2 4471
      1 4474
      1 4475
      1 4476
      1 4477
      1 4482
      1 4486
      1 4487
      2 4489
      1 4491
      1 4492
      1 4493
      1 4496
      1 4498
      2 4500
      3 4502
      1 4505
      1 4506
      1 4507
      1 4509
      2 4510
      2 4511
      1 4513
      3 4514
      1 4517
      1 4518
      4 4521
      1 4522
      2 4523
      2 4524
      1 4525
      2 4526
      2 4527
      1 4529
      2 4532
      1 4534
      2 4538
      1 4541
      1 4544
      1 4545
      1 4546
      1 4547
      1 4548
      1 4550
      1 4551
      1 4552
      2 4553
      2 4555
      3 4556
      1 4558
      1 4559
      4 4560
      2 4561
      2 4562
      2 4563
      1 4565
      1 4566
      3 4567
      4 4568
      2 4571
      2 4573
      2 4576
      2 4577
      1 4581
      1 4582
      1 4583
      2 4585
      2 4587
      1 4589
      1 4591
      1 4592
      1 4593
      2 4594
      1 4595
      1 4596
      1 4597
      1 4599
      1 4600
      3 4601
      1 4603
      1 4605
      2 4607
      1 4608
      3 4610
      1 4611
      2 4613
      2 4614
      1 4619
      1 4620
      2 4622
      1 4624
      1 4625
      1 4626
      1 4631
      1 4632
      1 4633
      1 4634
      2 4636
      1 4637
      1 4639
      2 4647
      1 4648
      2 4649
      1 4654
      2 4656
      4 4659
      1 4660
      1 4661
      1 4662
      1 4663
      2 4664
      1 4668
      2 4670
      1 4671
      1 4672
      2 4675
      1 4677
      1 4678
      1 4679
      1 4681
      1 4682
      2 4683
      2 4686
      2 4691
      2 4695
      1 4697
      1 4698
      1 4701
      1 4703
      1 4704
      2 4705
      1 4707
      2 4708
      1 4709
      1 4714
      1 4716
      1 4719
      1 4720
      2 4721
      1 4722
      1 4723
      2 4725
      1 4726
      1 4727
      2 4729
      1 4731
      1 4732
      1 4733
      1 4734
      1 4735
      1 4736
      2 4737
      2 4738
      1 4739
      1 4740
      1 4741
      2 4743
      2 4746
      2 4747
      1 4748
      1 4750
      2 4751
      1 4754
      1 4755
      1 4757
      1 4759
      1 4760
      2 4761
      1 4764
      1 4767
      1 4768
      1 4772
      1 4773
      1 4774
      1 4775
      2 4777
      1 4779
      1 4780
      1 4781
      1 4782
      2 4784
      1 4786
      1 4787
      1 4790
      1 4791
      1 4792
      1 4793
      1 4796
      3 4797
      1 4800
      1 4801
      2 4802
      1 4806
      1 4808
      2 4809
      2 4814
      2 4815
      1 4816
      2 4819
      2 4821
      1 4830
      1 4833
      1 4834
      1 4838
      1 4840
      2 4841
      1 4845
      2 4846
      1 4847
      3 4852
      1 4853
      1 4855
      1 4856
      1 4860
      1 4862
      1 4863
      1 4865
      3 4872
      1 4873
      1 4876
      1 4877
      1 4878
      1 4879
      3 4880
      1 4883
      1 4886
      1 4888
      2 4890
      2 4891
      1 4892
      2 4894
      1 4898
      1 4900
      1 4902
      1 4903
      1 4904
      3 4907
      1 4908
      1 4909
      2 4910
      4 4911
      1 4912
      1 4913
      1 4915
      1 4917
      1 4923
      2 4924
      1 4925
      2 4931
      1 4936
      1 4937
      1 4939
      1 4940
      2 4941
      1 4944
      1 4945
      2 4947
      1 4948
      3 4949
      1 4950
      2 4955
      1 4959
      1 4963
      2 4965
      2 4968
      1 4970
      1 4972
      1 4976
      2 4977
      1 4978
      1 4981
      1 4985
      1 4989
      1 4990
      1 4992
      2 4993
      2 4994
      2 4995
      1 4996
      1 5000
      1 5001
      1 5003
      1 5012
      1 5016
      1 5025
      2 5026
      1 5027
      1 5028
      1 5031
      2 5033
      1 5035
      1 5036
      2 5038
      1 5041
      1 5042
      2 5043
      2 5046
      1 5047
      1 5052
      1 5055
      1 5062
      1 5063
      1 5066
      2 5070
      1 5075
      2 5077
      1 5078
      1 5079
      1 5080
      1 5082
      2 5083
      2 5084
      2 5087
      1 5089
      1 5093
      2 5095
      1 5096
      1 5098
      1 5100
      1 5101
      2 5102
      1 5103
      1 5106
      1 5120
      1 5121
      1 5122
      1 5123
      1 5124
      1 5126
      1 5128
      3 5129
      2 5132
      1 5134
      1 5135
      1 5139
      1 5142
      2 5143
      1 5145
      3 5148
      1 5149
      1 5151
      1 5152
      1 5153
      1 5154
      1 5155
      1 5157
      1 5158
      3 5170
      1 5171
      1 5174
      1 5178
      1 5181
      1 5182
      1 5183
      1 5184
      1 5189
      1 5191
      1 5193
      1 5196
      1 5201
      2 5204
      1 5205
      1 5206
      1 5208
      1 5209
      1 5213
      1 5215
      1 5216
      1 5219
      1 5222
      1 5225
      1 5227
      1 5230
      1 5231
      1 5232
      1 5234
      1 5236
      3 5238
      2 5239
      1 5241
      1 5242
      1 5243
      1 5245
      1 5247
      1 5250
      1 5251
      1 5256
      2 5257
      1 5258
      1 5260
      1 5268
      1 5270
      2 5271
      1 5272
      1 5274
      1 5275
      1 5277
      1 5278
      3 5282
      2 5286
      1 5290
      1 5293
      2 5294
      1 5295
      1 5299
      2 5300
      1 5303
      2 5305
      1 5306
      1 5314
      1 5318
      2 5321
      2 5324
      1 5325
      1 5328
      1 5333
      1 5336
      1 5338
      1 5341
      1 5345
      1 5350
      1 5355
      2 5365
      1 5370
      1 5375
      1 5377
      1 5383
      2 5384
      2 5388
      1 5389
      1 5390
      1 5393
      1 5398
      1 5403
      1 5408
      1 5409
      2 5411
      1 5412
      2 5414
      1 5418
      1 5425
      2 5427
      1 5432
      2 5436
      1 5437
      2 5438
      2 5439
      1 5440
      1 5443
      1 5444
      1 5446
      2 5447
      1 5449
      1 5450
      1 5456
      1 5459
      1 5462
      3 5466
      1 5468
      1 5473
      2 5475
      1 5477
      3 5478
      1 5485
      1 5487
      1 5488
      1 5489
      2 5492
      1 5493
      1 5509
      1 5512
      1 5520
      2 5521
      1 5522
      1 5524
      1 5535
      1 5537
      1 5543
      1 5544
      1 5549
      1 5550
      1 5554
      1 5556
      1 5563
      2 5564
      1 5567
      2 5570
      1 5573
      1 5576
      1 5584
      1 5594
      1 5598
      1 5600
      1 5604
      1 5610
      1 5615
      1 5617
      1 5618
      1 5621
      1 5622
      1 5628
      1 5630
      1 5634
      2 5636
      1 5638
      1 5640
      1 5644
      1 5647
      2 5656
      1 5660
      1 5661
      1 5664
      1 5672
      1 5674
      1 5677
      1 5679
      1 5685
      1 5687
      1 5689
      1 5690
      1 5691
      1 5705
      1 5709
      1 5714
      1 5718
      1 5721
      1 5725
      1 5727
      1 5729
      1 5732
      1 5733
      1 5736
      1 5740
      1 5744
      1 5745
      1 5747
      2 5755
      1 5756
      2 5759
      1 5771
      1 5785
      1 5786
      1 5788
      2 5789
      1 5791
      1 5794
      2 5797
      1 5798
      2 5802
      1 5804
      1 5806
      1 5815
      1 5820
      1 5824
      1 5835
      1 5839
      1 5840
      1 5842
      2 5844
      1 5847
      1 5851
      1 5852
      1 5853
      1 5858
      1 5864
      2 5870
      2 5871
      1 5872
      1 5873
      1 5877
      2 5878
      2 5879
      1 5880
      1 5883
      1 5886
      1 5890
      1 5893
      2 5898
      1 5903
      1 5904
      1 5906
      1 5907
      1 5909
      2 5910
      2 5912
      1 5919
      1 5921
      1 5927
      1 5942
      1 5945
      1 5949
      1 5954
      1 5958
      1 5961
      1 5967
      1 5970
      1 5973
      1 5981
      1 5984
      1 5997
      1 5998
      2 6002
      1 6003
      1 6004
      1 6013
      1 6017
      1 6020
      1 6021
      1 6023
      1 6024
      1 6025
      1 6032
      1 6036
      1 6047
      1 6049
      1 6050
      1 6051
      1 6052
      1 6060
      1 6067
      1 6068
      3 6076
      1 6077
      1 6078
      1 6080
      1 6083
      1 6084
      1 6088
      1 6093
      1 6097
      2 6099
      1 6102
      1 6106
      1 6107
      1 6114
      1 6123
      1 6125
      1 6133
      1 6134
      1 6137
      1 6147
      1 6155
      1 6164
      1 6168
      1 6169
      1 6175
      1 6180
      1 6193
      1 6207
      1 6215
      1 6218
      1 6224
      1 6239
      1 6240
      1 6249
      3 6251
      1 6252
      1 6254
      1 6256
      1 6257
      1 6271
      1 6275
      1 6280
      1 6281
      1 6284
      2 6287
      1 6289
      1 6294
      1 6295
      1 6299
      1 6307
      2 6316
      1 6319
      1 6321
      1 6328
      1 6339
      1 6343
      2 6349
      1 6350
      1 6358
      1 6369
      1 6371
      1 6373
      1 6386
      1 6387
      1 6390
      1 6399
      1 6402
      1 6411
      1 6416
      1 6418
      1 6427
      1 6428
      1 6432
      1 6442
      1 6446
      1 6452
      1 6454
      1 6457
      1 6459
      1 6462
      1 6463
      1 6466
      1 6468
      2 6478
      1 6479
      1 6482
      1 6490
      1 6494
      1 6508
      1 6515
      2 6518
      1 6525
      1 6529
      1 6530
      1 6534
      1 6537
      2 6539
      1 6540
      1 6543
      1 6545
      1 6555
      1 6558
      1 6564
      2 6567
      1 6579
      1 6580
      1 6583
      1 6586
      1 6589
      1 6593
      1 6598
      1 6601
      1 6608
      1 6609
      1 6612
      1 6614
      1 6620
      1 6626
      1 6631
      1 6633
      1 6636
      1 6642
      1 6646
      2 6647
      1 6653
      1 6655
      1 6661
      1 6667
      1 6669
      1 6679
      1 6681
      1 6683
      1 6711
      2 6713
      1 6715
      1 6717
      1 6723
      1 6731
      1 6742
      1 6744
      1 6753
      1 6754
      1 6762
      1 6783
      1 6784
      1 6788
      1 6801
      1 6804
      1 6805
      1 6810
      1 6817
      1 6819
      1 6839
      1 6843
      1 6844
      1 6846
      1 6856
      1 6857
      1 6859
      1 6868
      1 6870
      1 6882
      1 6911
      1 6912
      1 6916
      1 6923
      1 6929
      1 6931
      1 6937
      1 6940
      1 6949
      1 6952
      1 6982
      1 6988
      1 6990
      3 6996
      1 7004
      1 7007
      1 7011
      2 7016
      1 7032
      1 7035
      1 7039
      1 7042
      1 7061
      1 7062
      1 7065
      1 7066
      1 7080
      1 7113
      1 7123
      1 7124
      1 7130
      1 7131
      1 7142
      1 7148
      1 7168
      1 7182
      1 7220
      1 7222
      1 7239
      1 7243
      1 7245
      1 7246
      1 7247
      1 7291
      1 7304
      1 7322
      1 7327
      1 7334
      1 7354
      1 7361
      1 7369
      1 7370
      1 7371
      2 7374
      1 7380
      1 7400
      1 7408
      1 7438
      1 7452
      1 7462
      2 7464
      1 7471
      1 7476
      1 7480
      1 7489
      1 7496
      1 7497
      1 7503
      1 7509
      1 7524
      1 7529
      2 7538
      1 7556
      1 7557
      1 7566
      1 7585
      1 7605
      1 7606
      1 7629
      1 7633
      1 7688
      1 7702
      1 7709
      1 7713
      1 7722
      1 7760
      1 7761
      1 7762
      1 7796
      1 7809
      1 7817
      1 7826
      1 7831
      1 7835
      1 7840
      1 7844
      1 7880
      1 7909
      2 7915
      1 7930
      1 7933
      1 7952
      1 7960
      1 7968
      1 7971
      1 7998
      1 8005
      1 8024
      1 8057
      1 8096
      1 8126
      1 8139
      1 8166
      1 8190
      1 8207
      1 8254
      1 8289
      1 8296
      1 8351
      1 8378
      1 8417
      1 8418
      1 8587
      1 8620
      1 8635
      1 8674
      1 8692
      1 8774
      1 8798
      1 8849
      1 8872
      1 8873
      1 8903
      1 8931
      1 9018
      1 9276
      1 9487
      1 9494
      1 9532
      1 9646
      1 10019
      1 10020
      1 10239
      1 10288
      1 10412
      1 10614
      1 11759
      1 11924
      1 11930
      1 12093
      1 12415
      1 12704
      1 13153
      1 13874
---AAD-PGBENCH-LAG-US---
