pgbench (18.6 (Debian 18.6-1.pgdg13+2))
starting vacuum...end.
transaction type: <builtin: select only>
scaling factor: 1000
query mode: simple
number of clients: 64
number of threads: 16
maximum number of tries: 1
duration: 60 s
number of transactions actually processed: 9324069
number of failed transactions: 0 (0.000%)
latency average = 0.411 ms
initial connection time = 111.566 ms
tps = 155688.571862 (without initial connection time)
---AAD-PGBENCH-LATENCY-US---
rc=0
samples=186186
      1 227
      1 232
      1 233
      3 234
      1 235
      4 236
      4 237
      2 238
      7 239
      8 240
      5 241
      5 242
     14 243
     13 244
      9 245
     13 246
     19 247
     25 248
     18 249
     23 250
     31 251
     32 252
     36 253
     46 254
     55 255
     53 256
     63 257
     69 258
     90 259
     92 260
    103 261
    127 262
    120 263
    119 264
    181 265
    158 266
    193 267
    216 268
    239 269
    247 270
    258 271
    275 272
    289 273
    308 274
    342 275
    349 276
    352 277
    394 278
    379 279
    380 280
    394 281
    373 282
    349 283
    384 284
    348 285
    368 286
    327 287
    350 288
    328 289
    333 290
    332 291
    342 292
    313 293
    338 294
    317 295
    325 296
    316 297
    314 298
    321 299
    317 300
    300 301
    327 302
    338 303
    342 304
    367 305
    321 306
    343 307
    337 308
    355 309
    355 310
    385 311
    416 312
    397 313
    390 314
    400 315
    423 316
    402 317
    441 318
    401 319
    442 320
    458 321
    507 322
    514 323
    503 324
    545 325
    585 326
    610 327
    638 328
    711 329
    700 330
    786 331
    835 332
    917 333
    988 334
   1062 335
   1100 336
   1145 337
   1282 338
   1372 339
   1405 340
   1422 341
   1622 342
   1660 343
   1709 344
   1836 345
   1925 346
   1738 347
   1660 348
   1628 349
   1547 350
   1393 351
   1408 352
   1336 353
   1285 354
   1152 355
   1124 356
   1113 357
    993 358
    937 359
    973 360
    891 361
    842 362
    759 363
    841 364
    782 365
    753 366
    728 367
    694 368
    671 369
    654 370
    647 371
    663 372
    622 373
    576 374
    597 375
    575 376
    591 377
    544 378
    524 379
    572 380
    549 381
    541 382
    548 383
    545 384
    518 385
    506 386
    493 387
    514 388
    517 389
    515 390
    590 391
    587 392
    530 393
    597 394
    612 395
    616 396
    640 397
    670 398
    730 399
    722 400
    750 401
    761 402
    866 403
    869 404
    916 405
   1024 406
    970 407
   1022 408
   1070 409
   1059 410
   1181 411
   1260 412
   1175 413
   1269 414
   1307 415
   1198 416
   1122 417
   1101 418
   1103 419
   1064 420
   1064 421
    999 422
    885 423
    876 424
    923 425
    842 426
    809 427
    852 428
    761 429
    727 430
    680 431
    708 432
    686 433
    701 434
    626 435
    677 436
    637 437
    678 438
    612 439
    586 440
    614 441
    589 442
    552 443
    522 444
    541 445
    543 446
    516 447
    499 448
    482 449
    512 450
    523 451
    529 452
    543 453
    509 454
    511 455
    474 456
    561 457
    510 458
    493 459
    511 460
    545 461
    522 462
    516 463
    518 464
    519 465
    592 466
    611 467
    632 468
    633 469
    655 470
    649 471
    643 472
    706 473
    747 474
    729 475
    765 476
    773 477
    805 478
    777 479
    840 480
    765 481
    850 482
    879 483
    832 484
    735 485
    748 486
    727 487
    713 488
    706 489
    620 490
    600 491
    612 492
    542 493
    571 494
    532 495
    540 496
    508 497
    481 498
    420 499
    436 500
    400 501
    401 502
    329 503
    379 504
    338 505
    346 506
    330 507
    297 508
    290 509
    294 510
    299 511
    289 512
    271 513
    293 514
    289 515
    245 516
    254 517
    257 518
    235 519
    258 520
    221 521
    223 522
    230 523
    236 524
    228 525
    248 526
    183 527
    192 528
    203 529
    207 530
    213 531
    209 532
    175 533
    203 534
    207 535
    229 536
    208 537
    205 538
    229 539
    221 540
    227 541
    215 542
    224 543
    191 544
    225 545
    219 546
    211 547
    204 548
    217 549
    205 550
    204 551
    199 552
    196 553
    210 554
    194 555
    203 556
    182 557
    196 558
    164 559
    175 560
    166 561
    155 562
    165 563
    132 564
    137 565
    145 566
    154 567
    106 568
    105 569
    112 570
    108 571
    118 572
    120 573
    106 574
     97 575
     89 576
     83 577
     98 578
     82 579
     99 580
     94 581
     76 582
     88 583
     83 584
     85 585
     75 586
     68 587
     55 588
     72 589
     78 590
     65 591
     87 592
     74 593
     75 594
     60 595
     75 596
     68 597
     70 598
     53 599
     54 600
     55 601
     65 602
     58 603
     80 604
     70 605
     61 606
     67 607
     72 608
     57 609
     69 610
     70 611
     57 612
     63 613
     59 614
     80 615
     81 616
     49 617
     61 618
     79 619
     61 620
     52 621
     68 622
     48 623
     58 624
     38 625
     49 626
     46 627
     54 628
     55 629
     39 630
     44 631
     54 632
     47 633
     48 634
     45 635
     46 636
     44 637
     41 638
     45 639
     40 640
     35 641
     46 642
     40 643
     28 644
     43 645
     30 646
     37 647
     27 648
     30 649
     33 650
     26 651
     35 652
     31 653
     23 654
     27 655
     31 656
     22 657
     37 658
     25 659
     15 660
     24 661
     19 662
     25 663
     23 664
     29 665
     20 666
     18 667
     21 668
     24 669
     20 670
     33 671
     18 672
     28 673
     21 674
     23 675
     20 676
     21 677
     15 678
     25 679
     17 680
     29 681
     16 682
     15 683
     20 684
     29 685
     22 686
     19 687
     27 688
     22 689
     26 690
     23 691
     30 692
     12 693
     20 694
     21 695
     19 696
     16 697
     17 698
     14 699
     22 700
     18 701
     17 702
     11 703
      8 704
      9 705
     12 706
      9 707
     12 708
     15 709
      9 710
     13 711
      8 712
     16 713
     10 714
     14 715
      7 716
     10 717
     15 718
      3 719
      8 720
     14 721
     11 722
     14 723
      6 724
     10 725
     11 726
     10 727
      9 728
      7 729
      8 730
      7 731
      8 732
      3 733
     11 734
      8 735
      6 736
     10 737
      7 738
      4 739
     13 740
     11 741
      5 742
      5 743
      5 744
     10 745
      9 746
      7 747
      3 748
     13 749
      7 750
      4 751
     12 752
      6 753
      8 754
      3 755
     14 756
      7 757
     10 758
      9 759
      9 760
      7 761
      5 762
      5 763
      4 764
      7 765
      2 766
      6 767
      7 768
      3 769
      4 770
      3 771
      5 772
      5 773
      3 774
      4 775
      8 776
      5 777
      7 778
     10 779
      5 780
      4 781
      2 782
      6 783
      4 784
      4 785
      4 786
      2 787
      4 788
      4 789
      2 790
      5 791
      2 792
      7 793
      4 794
      3 795
      4 796
      4 797
      6 798
      5 799
      3 800
      3 801
      1 802
      4 803
      6 804
      2 805
      4 806
      2 807
      3 808
      4 809
      3 811
      3 812
      3 813
      1 814
      3 815
      3 816
      2 817
      4 818
      5 819
      7 820
      2 821
      5 822
      3 824
      2 825
      2 826
      1 828
      5 829
      3 830
      1 831
      2 833
      1 834
      3 835
      1 836
      1 837
      2 839
      2 840
      2 841
      2 842
      1 843
      3 844
      3 845
      4 846
      1 847
      1 848
      2 849
      1 851
      1 856
      3 857
      2 858
      1 859
      1 861
      2 863
      1 864
      1 866
      1 867
      2 869
      1 870
      1 872
      1 873
      2 874
      1 877
      1 879
      1 881
      1 882
      1 883
      2 884
      1 886
      2 887
      2 888
      1 889
      1 890
      1 892
      2 895
      4 896
      1 899
      3 900
      3 901
      3 902
      1 903
      1 906
      1 915
      1 917
      2 920
      1 922
      1 924
      1 925
      1 926
      1 934
      1 935
      1 937
      3 939
      2 942
      1 944
      2 949
      1 950
      1 951
      1 952
      1 956
      1 959
      2 966
      1 970
      1 971
      1 973
      2 989
      1 990
      1 996
      1 997
      1 1005
      2 1009
      1 1017
      1 1018
      2 1019
      1 1029
      1 1031
      1 1034
      1 1038
      1 1039
      1 1061
      1 1062
      2 1068
      1 1071
      1 1073
      1 1076
      1 1084
      1 1095
      1 1105
      1 1107
      1 1109
      1 1127
      1 1132
      1 1149
      2 1154
      1 1155
      1 1157
      1 1218
      1 1245
      1 1310
      1 1314
      1 1341
      1 1442
      1 1507
      1 1575
      1 1805
      1 1863
      1 2864
      1 3098
      1 4143
      1 4565
---AAD-PGBENCH-LAG-US---
