pgbench (18.6 (Debian 18.6-1.pgdg13+2))
starting vacuum...end.
transaction type: <builtin: select only>
scaling factor: 1000
query mode: simple
number of clients: 128
number of threads: 16
maximum number of tries: 1
duration: 60 s
number of transactions actually processed: 10131989
number of failed transactions: 0 (0.000%)
latency average = 0.754 ms
initial connection time = 323.830 ms
tps = 169763.522273 (without initial connection time)
---AAD-PGBENCH-LATENCY-US---
rc=0
samples=203169
      1 237
      1 245
      1 247
      2 248
      1 249
      3 250
      3 251
      1 252
      1 253
      3 254
      3 255
      2 256
      3 257
      5 258
      5 259
      6 260
      4 261
     10 262
     12 263
      4 264
      7 265
      6 266
     10 267
     17 268
     18 269
     20 270
     20 271
     25 272
     13 273
     19 274
     14 275
     21 276
     29 277
     28 278
     14 279
     24 280
     18 281
     15 282
     20 283
     22 284
     27 285
     21 286
     21 287
     21 288
     25 289
     22 290
     21 291
     35 292
     26 293
     21 294
     33 295
     27 296
     27 297
     20 298
     19 299
     18 300
     16 301
     26 302
     31 303
     19 304
     19 305
     28 306
     27 307
     15 308
     28 309
     31 310
     27 311
     28 312
     26 313
     28 314
     38 315
     27 316
     37 317
     33 318
     23 319
     44 320
     34 321
     44 322
     45 323
     31 324
     49 325
     42 326
     63 327
     55 328
     66 329
     74 330
     56 331
     77 332
     74 333
     95 334
     92 335
    111 336
     93 337
     94 338
     93 339
    107 340
    121 341
    125 342
    125 343
    126 344
    129 345
    118 346
    136 347
    123 348
    119 349
    122 350
    103 351
    109 352
    119 353
     98 354
    101 355
    101 356
     86 357
     81 358
     94 359
     80 360
     78 361
     89 362
     78 363
     76 364
     73 365
     79 366
     76 367
     79 368
     61 369
     81 370
     70 371
     52 372
     67 373
     66 374
     76 375
     73 376
     60 377
     77 378
     73 379
     75 380
     79 381
     80 382
     82 383
     73 384
     76 385
     86 386
     82 387
    103 388
     92 389
     83 390
     96 391
    119 392
    114 393
    124 394
    124 395
    133 396
    126 397
    157 398
    161 399
    168 400
    159 401
    170 402
    197 403
    213 404
    197 405
    253 406
    229 407
    224 408
    242 409
    265 410
    279 411
    254 412
    271 413
    300 414
    285 415
    268 416
    301 417
    284 418
    317 419
    251 420
    247 421
    273 422
    235 423
    264 424
    242 425
    243 426
    230 427
    245 428
    230 429
    229 430
    212 431
    191 432
    211 433
    215 434
    226 435
    214 436
    201 437
    189 438
    211 439
    172 440
    192 441
    217 442
    179 443
    189 444
    208 445
    205 446
    181 447
    196 448
    213 449
    195 450
    179 451
    206 452
    242 453
    189 454
    219 455
    231 456
    217 457
    232 458
    217 459
    253 460
    261 461
    257 462
    277 463
    253 464
    320 465
    290 466
    338 467
    356 468
    365 469
    337 470
    401 471
    450 472
    458 473
    448 474
    457 475
    502 476
    509 477
    477 478
    533 479
    561 480
    594 481
    575 482
    628 483
    603 484
    598 485
    555 486
    525 487
    542 488
    493 489
    511 490
    497 491
    498 492
    431 493
    447 494
    457 495
    442 496
    387 497
    449 498
    436 499
    367 500
    362 501
    362 502
    344 503
    334 504
    322 505
    330 506
    324 507
    308 508
    289 509
    298 510
    309 511
    296 512
    324 513
    309 514
    270 515
    286 516
    292 517
    292 518
    280 519
    283 520
    263 521
    247 522
    290 523
    280 524
    252 525
    256 526
    295 527
    290 528
    281 529
    287 530
    270 531
    300 532
    286 533
    279 534
    278 535
    297 536
    330 537
    323 538
    373 539
    325 540
    346 541
    370 542
    387 543
    414 544
    419 545
    410 546
    431 547
    441 548
    406 549
    438 550
    464 551
    464 552
    456 553
    441 554
    430 555
    418 556
    435 557
    409 558
    408 559
    433 560
    347 561
    382 562
    359 563
    334 564
    330 565
    313 566
    321 567
    332 568
    310 569
    321 570
    285 571
    299 572
    284 573
    275 574
    280 575
    270 576
    257 577
    285 578
    256 579
    248 580
    259 581
    233 582
    231 583
    253 584
    231 585
    234 586
    222 587
    254 588
    242 589
    227 590
    254 591
    242 592
    235 593
    263 594
    226 595
    234 596
    262 597
    250 598
    278 599
    250 600
    261 601
    252 602
    276 603
    248 604
    261 605
    275 606
    325 607
    327 608
    286 609
    303 610
    363 611
    346 612
    336 613
    353 614
    375 615
    382 616
    379 617
    335 618
    379 619
    377 620
    369 621
    344 622
    444 623
    361 624
    416 625
    371 626
    371 627
    384 628
    369 629
    385 630
    334 631
    357 632
    308 633
    332 634
    321 635
    318 636
    305 637
    311 638
    297 639
    310 640
    311 641
    288 642
    308 643
    287 644
    272 645
    278 646
    276 647
    255 648
    296 649
    265 650
    259 651
    273 652
    248 653
    278 654
    245 655
    287 656
    276 657
    260 658
    256 659
    268 660
    242 661
    229 662
    254 663
    248 664
    270 665
    257 666
    264 667
    268 668
    261 669
    285 670
    254 671
    296 672
    307 673
    312 674
    297 675
    317 676
    309 677
    320 678
    377 679
    357 680
    328 681
    329 682
    361 683
    362 684
    341 685
    379 686
    401 687
    390 688
    382 689
    411 690
    352 691
    405 692
    406 693
    381 694
    383 695
    351 696
    355 697
    401 698
    378 699
    331 700
    327 701
    323 702
    326 703
    351 704
    314 705
    342 706
    306 707
    273 708
    308 709
    272 710
    275 711
    267 712
    264 713
    284 714
    258 715
    255 716
    268 717
    235 718
    251 719
    247 720
    263 721
    240 722
    268 723
    239 724
    262 725
    215 726
    264 727
    235 728
    233 729
    263 730
    279 731
    251 732
    265 733
    250 734
    252 735
    247 736
    253 737
    224 738
    245 739
    254 740
    258 741
    254 742
    281 743
    260 744
    258 745
    267 746
    266 747
    279 748
    292 749
    303 750
    314 751
    321 752
    320 753
    289 754
    312 755
    314 756
    333 757
    312 758
    317 759
    331 760
    334 761
    306 762
    322 763
    333 764
    345 765
    304 766
    324 767
    273 768
    272 769
    312 770
    279 771
    304 772
    267 773
    288 774
    262 775
    246 776
    263 777
    257 778
    263 779
    244 780
    231 781
    231 782
    211 783
    217 784
    250 785
    216 786
    219 787
    219 788
    203 789
    213 790
    215 791
    194 792
    223 793
    194 794
    191 795
    203 796
    231 797
    185 798
    198 799
    230 800
    202 801
    222 802
    203 803
    182 804
    199 805
    171 806
    213 807
    229 808
    228 809
    224 810
    204 811
    217 812
    205 813
    218 814
    207 815
    240 816
    223 817
    250 818
    252 819
    234 820
    233 821
    239 822
    264 823
    245 824
    240 825
    273 826
    254 827
    275 828
    283 829
    253 830
    282 831
    265 832
    317 833
    234 834
    248 835
    266 836
    240 837
    253 838
    268 839
    250 840
    228 841
    239 842
    228 843
    213 844
    237 845
    183 846
    214 847
    212 848
    198 849
    188 850
    201 851
    177 852
    185 853
    185 854
    183 855
    183 856
    168 857
    202 858
    184 859
    190 860
    178 861
    156 862
    175 863
    160 864
    178 865
    185 866
    159 867
    191 868
    168 869
    203 870
    175 871
    170 872
    174 873
    180 874
    195 875
    173 876
    163 877
    172 878
    185 879
    158 880
    157 881
    164 882
    176 883
    185 884
    197 885
    184 886
    193 887
    200 888
    210 889
    229 890
    209 891
    198 892
    223 893
    196 894
    215 895
    205 896
    219 897
    223 898
    224 899
    224 900
    214 901
    238 902
    211 903
    221 904
    211 905
    199 906
    205 907
    217 908
    228 909
    201 910
    174 911
    166 912
    177 913
    169 914
    201 915
    165 916
    179 917
    186 918
    169 919
    183 920
    193 921
    152 922
    165 923
    173 924
    172 925
    160 926
    164 927
    164 928
    155 929
    134 930
    139 931
    160 932
    163 933
    142 934
    147 935
    165 936
    145 937
    153 938
    155 939
    152 940
    157 941
    127 942
    142 943
    163 944
    144 945
    137 946
    147 947
    138 948
    144 949
    175 950
    153 951
    164 952
    153 953
    148 954
    148 955
    150 956
    164 957
    176 958
    179 959
    193 960
    180 961
    178 962
    172 963
    184 964
    177 965
    173 966
    206 967
    201 968
    162 969
    175 970
    174 971
    192 972
    170 973
    186 974
    189 975
    170 976
    166 977
    175 978
    170 979
    158 980
    161 981
    161 982
    120 983
    146 984
    154 985
    152 986
    132 987
    162 988
    116 989
    150 990
    134 991
    149 992
    119 993
    143 994
    134 995
    143 996
    118 997
    134 998
    123 999
    124 1000
    126 1001
    117 1002
    116 1003
    113 1004
    140 1005
    111 1006
    113 1007
    109 1008
    121 1009
    122 1010
    113 1011
    133 1012
    118 1013
    104 1014
    117 1015
    114 1016
    137 1017
    121 1018
    129 1019
    137 1020
    127 1021
    124 1022
    109 1023
    127 1024
    135 1025
    139 1026
    132 1027
    125 1028
    137 1029
    138 1030
    135 1031
    138 1032
    141 1033
    145 1034
    148 1035
    135 1036
    152 1037
    143 1038
    132 1039
    137 1040
    131 1041
    125 1042
    129 1043
    135 1044
    147 1045
    120 1046
    137 1047
    117 1048
    132 1049
     85 1050
    118 1051
    123 1052
    128 1053
    117 1054
    105 1055
    131 1056
    126 1057
    127 1058
    115 1059
    105 1060
    107 1061
     92 1062
    102 1063
    113 1064
    103 1065
    117 1066
     97 1067
     93 1068
    102 1069
    101 1070
    102 1071
    102 1072
     96 1073
     92 1074
    111 1075
     92 1076
     81 1077
     98 1078
    101 1079
    106 1080
     74 1081
     74 1082
     92 1083
     97 1084
     94 1085
     97 1086
     81 1087
    104 1088
     86 1089
     94 1090
     95 1091
     90 1092
    105 1093
     93 1094
    112 1095
    108 1096
    106 1097
     89 1098
    123 1099
    104 1100
    111 1101
    112 1102
    106 1103
    111 1104
    101 1105
    109 1106
    111 1107
     85 1108
     85 1109
    124 1110
    112 1111
    111 1112
     99 1113
     84 1114
    114 1115
     96 1116
     93 1117
     99 1118
    101 1119
     98 1120
    105 1121
     93 1122
     92 1123
     85 1124
     90 1125
     75 1126
     92 1127
     93 1128
     91 1129
     97 1130
     90 1131
     72 1132
     70 1133
     80 1134
     82 1135
     89 1136
     63 1137
     87 1138
     95 1139
     62 1140
     89 1141
     84 1142
     72 1143
     76 1144
     72 1145
     72 1146
     72 1147
     69 1148
     74 1149
     71 1150
     71 1151
     74 1152
     66 1153
     72 1154
     72 1155
     91 1156
     62 1157
     68 1158
     68 1159
     67 1160
     74 1161
     70 1162
     84 1163
     74 1164
     90 1165
     82 1166
     84 1167
     65 1168
     71 1169
     75 1170
     80 1171
     83 1172
     93 1173
     61 1174
     90 1175
     88 1176
     86 1177
     69 1178
     77 1179
     75 1180
     62 1181
     81 1182
     62 1183
     69 1184
     82 1185
     82 1186
     59 1187
     67 1188
     68 1189
     57 1190
     63 1191
     63 1192
     83 1193
     68 1194
     49 1195
     56 1196
     71 1197
     75 1198
     70 1199
     49 1200
     61 1201
     68 1202
     60 1203
     53 1204
     61 1205
     69 1206
     68 1207
     59 1208
     61 1209
     55 1210
     56 1211
     64 1212
     63 1213
     68 1214
     66 1215
     44 1216
     52 1217
     50 1218
     56 1219
     56 1220
     54 1221
     72 1222
     36 1223
     64 1224
     55 1225
     43 1226
     63 1227
     53 1228
     68 1229
     61 1230
     74 1231
     64 1232
     61 1233
     53 1234
     48 1235
     76 1236
     66 1237
     70 1238
     71 1239
     53 1240
     60 1241
     61 1242
     62 1243
     59 1244
     75 1245
     48 1246
     54 1247
     66 1248
     67 1249
     64 1250
     62 1251
     66 1252
     68 1253
     67 1254
     57 1255
     51 1256
     60 1257
     55 1258
     38 1259
     65 1260
     64 1261
     38 1262
     60 1263
     37 1264
     58 1265
     45 1266
     48 1267
     35 1268
     49 1269
     67 1270
     52 1271
     57 1272
     46 1273
     43 1274
     43 1275
     60 1276
     45 1277
     46 1278
     49 1279
     43 1280
     45 1281
     38 1282
     43 1283
     49 1284
     31 1285
     47 1286
     44 1287
     48 1288
     47 1289
     46 1290
     45 1291
     51 1292
     51 1293
     42 1294
     48 1295
     36 1296
     38 1297
     60 1298
     45 1299
     49 1300
     60 1301
     49 1302
     36 1303
     50 1304
     46 1305
     45 1306
     47 1307
     65 1308
     50 1309
     50 1310
     52 1311
     45 1312
     50 1313
     63 1314
     59 1315
     49 1316
     54 1317
     48 1318
     49 1319
     38 1320
     42 1321
     42 1322
     48 1323
     46 1324
     46 1325
     41 1326
     43 1327
     40 1328
     54 1329
     45 1330
     39 1331
     45 1332
     49 1333
     43 1334
     41 1335
     36 1336
     41 1337
     41 1338
     33 1339
     37 1340
     34 1341
     28 1342
     39 1343
     30 1344
     30 1345
     36 1346
     31 1347
     37 1348
     38 1349
     30 1350
     32 1351
     29 1352
     31 1353
     43 1354
     31 1355
     22 1356
     32 1357
     47 1358
     33 1359
     39 1360
     39 1361
     36 1362
     36 1363
     33 1364
     34 1365
     39 1366
     30 1367
     40 1368
     36 1369
     35 1370
     32 1371
     30 1372
     45 1373
     30 1374
     35 1375
     27 1376
     35 1377
     38 1378
     35 1379
     36 1380
     35 1381
     35 1382
     38 1383
     46 1384
     30 1385
     39 1386
     38 1387
     30 1388
     40 1389
     36 1390
     40 1391
     40 1392
     33 1393
     42 1394
     26 1395
     37 1396
     25 1397
     38 1398
     33 1399
     43 1400
     32 1401
     29 1402
     25 1403
     29 1404
     30 1405
     32 1406
     36 1407
     27 1408
     27 1409
     25 1410
     28 1411
     22 1412
     29 1413
     29 1414
     29 1415
     33 1416
     25 1417
     33 1418
     27 1419
     26 1420
     19 1421
     28 1422
     28 1423
     26 1424
     27 1425
     23 1426
     23 1427
     20 1428
     33 1429
     30 1430
     31 1431
     29 1432
     16 1433
     21 1434
     19 1435
     21 1436
     22 1437
     29 1438
     24 1439
     34 1440
     16 1441
     29 1442
     28 1443
     22 1444
     37 1445
     30 1446
     16 1447
     42 1448
     17 1449
     25 1450
     37 1451
     20 1452
     32 1453
     34 1454
     21 1455
     32 1456
     21 1457
     28 1458
     21 1459
     22 1460
     24 1461
     19 1462
     27 1463
     31 1464
     23 1465
     33 1466
     25 1467
     25 1468
     14 1469
     23 1470
     23 1471
     31 1472
     18 1473
     24 1474
     28 1475
     15 1476
     18 1477
     21 1478
     26 1479
     21 1480
     23 1481
     22 1482
     18 1483
     18 1484
     19 1485
     19 1486
     22 1487
     19 1488
     25 1489
     19 1490
     19 1491
     18 1492
      9 1493
     21 1494
     27 1495
     15 1496
     20 1497
     16 1498
     18 1499
     17 1500
     12 1501
     22 1502
      7 1503
     17 1504
     17 1505
     14 1506
     16 1507
     21 1508
     20 1509
     24 1510
     16 1511
     17 1512
     14 1513
     19 1514
     26 1515
     19 1516
     20 1517
     16 1518
     19 1519
     27 1520
     24 1521
     19 1522
     27 1523
     23 1524
     20 1525
     20 1526
     21 1527
     20 1528
     16 1529
     14 1530
     14 1531
     22 1532
     26 1533
     17 1534
     20 1535
     14 1536
     14 1537
     16 1538
     13 1539
     20 1540
     17 1541
     18 1542
     16 1543
     17 1544
     13 1545
     10 1546
      9 1547
     13 1548
     15 1549
     14 1550
     16 1551
     15 1552
     20 1553
     16 1554
      8 1555
      9 1556
     20 1557
     14 1558
     14 1559
     14 1560
     14 1561
     13 1562
     13 1563
     12 1564
     13 1565
     11 1566
      9 1567
     14 1568
     22 1569
     11 1570
     19 1571
     14 1572
      8 1573
     20 1574
     13 1575
     12 1576
     11 1577
     14 1578
     15 1579
     13 1580
     11 1581
      7 1582
     13 1583
     14 1584
     16 1585
     10 1586
     10 1587
     22 1588
     11 1589
     11 1590
     10 1591
     13 1592
     12 1593
      9 1594
     13 1595
     15 1596
      7 1597
     17 1598
      9 1599
     11 1600
      9 1601
     13 1602
     14 1603
     17 1604
      9 1605
     13 1606
      7 1607
     14 1608
     16 1609
     12 1610
     10 1611
     17 1612
      8 1613
      4 1614
     11 1615
     11 1616
      7 1617
     10 1618
      4 1619
      7 1620
      9 1621
      7 1622
     12 1623
      7 1624
     10 1625
      4 1626
      9 1627
      5 1628
      8 1629
     10 1630
     10 1631
      6 1632
     16 1633
      8 1634
      9 1635
     12 1636
     14 1637
      9 1638
     11 1639
     13 1640
      6 1641
      4 1642
     11 1643
      7 1644
      7 1645
      8 1646
      2 1647
      7 1648
      4 1649
     10 1650
      6 1651
      6 1652
      9 1653
     16 1654
     13 1655
      7 1656
      6 1657
      9 1658
      9 1659
      2 1660
     17 1661
      7 1662
      5 1663
      9 1664
     10 1665
      7 1666
      8 1667
      8 1668
      6 1669
     11 1670
     12 1671
     12 1672
      7 1673
      6 1674
      6 1675
      9 1676
      6 1677
     11 1678
     13 1679
      4 1680
      6 1681
      5 1682
      8 1683
      9 1684
     10 1685
      6 1686
      5 1687
      6 1688
      9 1689
      7 1690
      6 1691
      6 1692
      6 1693
      7 1694
     10 1695
      2 1696
      2 1697
      4 1698
      6 1699
      9 1700
      2 1701
      7 1702
     12 1703
      6 1704
      3 1705
      5 1706
      5 1707
      7 1708
      4 1709
      3 1710
      8 1711
      5 1712
      3 1713
      5 1714
     10 1715
      6 1716
      5 1717
      7 1718
      1 1719
      7 1720
      7 1721
      3 1722
      2 1723
      6 1724
      9 1725
      9 1726
      6 1727
      7 1728
      3 1729
      6 1730
      8 1731
      7 1732
      7 1733
      4 1734
      4 1735
      6 1736
      7 1737
      7 1738
      1 1739
      3 1740
      7 1741
      3 1742
      1 1743
      7 1744
      2 1745
      8 1746
     10 1747
      4 1748
      4 1749
      6 1750
      4 1751
     10 1752
      5 1753
      6 1754
      4 1755
      3 1756
      5 1757
      2 1758
      6 1759
      4 1760
      6 1761
      6 1762
      3 1763
      2 1764
      3 1765
      6 1766
      2 1767
      2 1768
      1 1769
      6 1770
      4 1771
      5 1772
      8 1773
      2 1774
      4 1775
      5 1776
      4 1777
      4 1778
      5 1779
      1 1780
      4 1781
      2 1782
      2 1783
      4 1784
      5 1785
      3 1786
      4 1787
      3 1788
      3 1789
      8 1790
      5 1791
      2 1792
      6 1793
      5 1794
      8 1795
      5 1796
      4 1797
      3 1798
      6 1799
      2 1800
      7 1801
      8 1802
      5 1803
      2 1804
      4 1805
      1 1806
      3 1807
      5 1808
      5 1809
      4 1810
      5 1811
      3 1812
      5 1813
      5 1814
      3 1815
      2 1816
      4 1817
      1 1818
      2 1819
      2 1820
      5 1821
      2 1822
      4 1823
      4 1824
      1 1825
      3 1826
      1 1827
      7 1828
      3 1829
      6 1830
      2 1831
      7 1832
      2 1833
      1 1834
      1 1835
      3 1836
      5 1837
      5 1838
      3 1839
      4 1840
      3 1841
      3 1842
      1 1843
      1 1844
      4 1845
      4 1846
      1 1847
      1 1848
      1 1849
      1 1851
      3 1852
      2 1853
      6 1854
      2 1855
      5 1857
      4 1858
      6 1860
      4 1861
      2 1862
      3 1863
      3 1864
      3 1865
      3 1866
      3 1867
      1 1868
      3 1869
      2 1870
      4 1871
      2 1872
      2 1874
      2 1875
      4 1876
      2 1877
      3 1878
      5 1879
      5 1880
      1 1881
      3 1882
      4 1883
      1 1884
      3 1885
      2 1887
      1 1888
      2 1890
      3 1891
      6 1894
      2 1895
      3 1896
      4 1897
      3 1898
      3 1899
      4 1900
      4 1901
      1 1902
      1 1903
      2 1904
      2 1905
      1 1906
      2 1907
      2 1908
      2 1909
      3 1910
      3 1911
      4 1912
      5 1913
      1 1914
      2 1915
      1 1916
      3 1917
      2 1918
      2 1920
      2 1921
      2 1922
      3 1923
      2 1925
      1 1927
      2 1928
      4 1929
      2 1930
      2 1931
      2 1932
      5 1933
      2 1934
      2 1935
      5 1936
      3 1938
      4 1939
      3 1940
      3 1941
      2 1942
      4 1943
      1 1944
      5 1945
      2 1946
      2 1947
      1 1949
      4 1950
      2 1953
      1 1954
      3 1955
      1 1957
      3 1959
      4 1960
      1 1962
      2 1964
      1 1965
      2 1967
      1 1968
      2 1970
      3 1971
      4 1973
      1 1974
      2 1975
      1 1976
      1 1977
      2 1978
      1 1979
      3 1980
      3 1981
      2 1982
      1 1983
      2 1984
      1 1985
      1 1986
      1 1987
      2 1988
      2 1989
      1 1990
      1 1992
      1 1994
      1 1995
      1 1996
      1 1998
      3 1999
      1 2001
      2 2003
      1 2004
      1 2005
      2 2006
      1 2007
      2 2010
      2 2011
      3 2012
      3 2013
      1 2015
      4 2016
      1 2017
      4 2021
      3 2022
      2 2023
      2 2024
      1 2025
      3 2026
      1 2027
      1 2029
      2 2031
      1 2033
      2 2034
      1 2036
      2 2038
      2 2039
      2 2042
      1 2043
      3 2044
      1 2046
      1 2047
      1 2048
      2 2049
      3 2051
      2 2052
      2 2055
      2 2057
      2 2060
      1 2061
      1 2065
      3 2066
      1 2069
      1 2071
      2 2072
      1 2073
      1 2075
      1 2078
      3 2080
      2 2081
      3 2083
      1 2084
      2 2085
      1 2087
      1 2089
      1 2092
      1 2095
      1 2096
      1 2097
      1 2098
      1 2099
      1 2100
      2 2102
      3 2106
      1 2109
      2 2112
      1 2115
      1 2118
      1 2124
      1 2125
      1 2126
      1 2127
      1 2128
      1 2129
      2 2131
      2 2135
      3 2136
      1 2138
      3 2140
      2 2141
      1 2143
      1 2145
      1 2146
      2 2147
      1 2151
      4 2153
      1 2156
      1 2158
      1 2160
      4 2164
      2 2165
      1 2166
      1 2168
      1 2170
      2 2171
      2 2172
      1 2174
      2 2175
      2 2176
      1 2177
      1 2179
      2 2180
      1 2183
      1 2186
      1 2189
      1 2190
      1 2193
      1 2194
      1 2195
      1 2196
      1 2199
      2 2200
      1 2202
      2 2203
      1 2204
      1 2205
      1 2207
      2 2209
      1 2210
      1 2217
      2 2218
      1 2219
      1 2220
      1 2221
      1 2222
      1 2225
      2 2227
      2 2229
      1 2230
      1 2233
      1 2234
      2 2236
      1 2239
      1 2241
      1 2242
      1 2243
      3 2246
      1 2248
      1 2252
      2 2253
      1 2256
      2 2257
      1 2258
      2 2259
      2 2261
      1 2263
      1 2265
      2 2266
      1 2268
      1 2271
      3 2272
      1 2276
      1 2280
      1 2281
      1 2285
      1 2287
      3 2289
      1 2297
      1 2299
      1 2301
      1 2302
      2 2307
      2 2309
      1 2313
      1 2315
      1 2316
      1 2317
      1 2319
      1 2323
      2 2325
      1 2326
      1 2327
      2 2328
      1 2333
      1 2337
      1 2338
      1 2343
      1 2347
      1 2350
      1 2351
      1 2363
      1 2365
      1 2366
      1 2367
      1 2368
      1 2370
      1 2373
      1 2378
      1 2380
      1 2384
      1 2388
      1 2393
      3 2398
      2 2400
      1 2401
      1 2405
      1 2407
      1 2411
      1 2415
      2 2417
      1 2419
      1 2420
      1 2421
      2 2422
      1 2423
      1 2426
      1 2428
      1 2431
      1 2438
      2 2439
      1 2440
      1 2443
      1 2446
      1 2449
      2 2451
      1 2454
      1 2455
      1 2463
      1 2464
      1 2465
      1 2466
      1 2470
      1 2472
      1 2475
      2 2476
      2 2482
      1 2486
      1 2487
      2 2492
      1 2500
      2 2502
      1 2503
      1 2504
      1 2506
      1 2509
      1 2511
      2 2512
      1 2513
      1 2522
      1 2533
      1 2534
      1 2535
      2 2538
      1 2539
      1 2542
      1 2545
      1 2547
      1 2551
      1 2555
      1 2558
      1 2560
      3 2561
      1 2563
      1 2574
      1 2575
      1 2578
      1 2580
      1 2584
      1 2586
      2 2587
      1 2593
      1 2595
      2 2596
      1 2606
      1 2607
      1 2610
      1 2613
      1 2614
      1 2615
      1 2618
      2 2619
      2 2620
      1 2621
      1 2624
      1 2626
      1 2629
      1 2630
      1 2632
      1 2633
      1 2634
      1 2644
      1 2658
      1 2662
      1 2677
      1 2687
      1 2695
      1 2700
      1 2707
      1 2709
      1 2712
      1 2723
      1 2725
      1 2737
      1 2754
      1 2756
      1 2757
      1 2758
      1 2762
      1 2763
      1 2765
      2 2766
      2 2769
      1 2771
      1 2778
      1 2787
      1 2806
      1 2817
      1 2818
      1 2820
      1 2823
      1 2824
      1 2825
      1 2833
      1 2839
      2 2840
      1 2848
      2 2851
      1 2853
      1 2855
      1 2856
      1 2875
      2 2884
      1 2904
      1 2907
      1 2932
      1 2935
      1 2966
      1 2997
      1 3008
      1 3031
      1 3032
      1 3042
      1 3044
      1 3046
      1 3077
      1 3083
      1 3096
      1 3101
      1 3102
      1 3188
      1 3192
      1 3217
      1 3263
      1 3286
      1 3358
      1 3366
      1 3367
      1 3368
      1 3441
      1 3468
      1 3494
      1 3553
      1 3611
      1 3640
      1 3985
      1 4036
      1 4043
      1 4212
      1 4231
      1 4267
      1 4504
      1 4772
      1 4835
      1 4863
      1 4870
      1 5433
      1 6220
      1 6916
      1 7473
      1 7783
      1 7881
      1 8634
      1 9070
      1 11435
      1 21016
      1 24414
---AAD-PGBENCH-LAG-US---
