pgbench (18.6 (Debian 18.6-1.pgdg13+2))
starting vacuum...end.
transaction type: <builtin: select only>
scaling factor: 1000
query mode: simple
number of clients: 128
number of threads: 16
maximum number of tries: 1
duration: 480 s
number of transactions actually processed: 95365487
number of failed transactions: 0 (0.000%)
latency average = 0.454 ms
latency stddev = 0.126 ms
rate limit schedule lag: avg 0.057 (max 8.412) ms
initial connection time = 277.886 ms
tps = 198781.209457 (without initial connection time)
---AAD-PGBENCH-LATENCY-US---
rc=0
samples=1906475
      1 235
      1 237
      1 242
      3 243
      4 244
      8 245
      6 246
      6 247
      9 248
     18 249
     17 250
     18 251
     23 252
     41 253
     50 254
     42 255
     58 256
     74 257
     80 258
    116 259
    108 260
    135 261
    153 262
    182 263
    207 264
    240 265
    279 266
    316 267
    360 268
    402 269
    452 270
    531 271
    597 272
    620 273
    672 274
    754 275
    763 276
    896 277
    920 278
   1038 279
   1071 280
   1182 281
   1206 282
   1270 283
   1358 284
   1457 285
   1555 286
   1713 287
   1626 288
   1809 289
   1828 290
   1926 291
   2115 292
   2133 293
   2269 294
   2308 295
   2412 296
   2566 297
   2619 298
   2729 299
   2905 300
   2993 301
   3229 302
   3341 303
   3489 304
   3554 305
   3815 306
   3813 307
   4042 308
   4403 309
   4556 310
   4724 311
   4778 312
   5005 313
   5138 314
   5408 315
   5587 316
   5845 317
   6019 318
   6217 319
   6449 320
   6587 321
   6760 322
   7054 323
   7453 324
   7747 325
   8091 326
   8165 327
   8682 328
   8869 329
   9011 330
   9367 331
   9887 332
  10226 333
  10445 334
  10781 335
  11039 336
  11446 337
  11950 338
  12204 339
  12737 340
  13056 341
  13189 342
  13757 343
  13732 344
  14049 345
  14126 346
  14622 347
  14357 348
  14468 349
  14761 350
  14662 351
  14272 352
  14694 353
  14422 354
  14439 355
  14284 356
  14200 357
  14089 358
  14048 359
  13943 360
  13922 361
  13615 362
  13614 363
  13669 364
  13591 365
  13516 366
  13407 367
  13589 368
  13282 369
  13411 370
  13450 371
  13071 372
  13203 373
  13134 374
  13096 375
  13126 376
  13406 377
  13379 378
  13203 379
  13071 380
  13116 381
  13222 382
  12960 383
  13096 384
  13145 385
  12893 386
  13018 387
  12783 388
  12658 389
  12565 390
  12697 391
  12856 392
  12733 393
  12572 394
  12374 395
  12604 396
  12628 397
  12761 398
  12652 399
  12706 400
  12716 401
  12550 402
  12871 403
  12712 404
  12850 405
  12772 406
  12713 407
  12913 408
  12961 409
  12875 410
  12920 411
  12795 412
  12833 413
  12607 414
  12515 415
  12465 416
  12339 417
  11997 418
  11566 419
  11410 420
  11104 421
  10887 422
  10648 423
  10397 424
   9982 425
   9899 426
   9705 427
   9211 428
   8971 429
   8879 430
   8445 431
   8298 432
   8115 433
   7923 434
   7771 435
   7556 436
   7377 437
   7174 438
   7034 439
   7009 440
   6676 441
   6609 442
   6605 443
   6303 444
   6281 445
   6068 446
   6111 447
   5894 448
   5640 449
   5681 450
   5426 451
   5369 452
   5394 453
   5263 454
   5133 455
   4855 456
   4881 457
   4925 458
   4797 459
   4747 460
   4566 461
   4494 462
   4423 463
   4463 464
   4327 465
   4270 466
   4256 467
   4081 468
   4204 469
   4096 470
   4061 471
   4013 472
   4006 473
   3851 474
   3837 475
   3822 476
   3749 477
   3684 478
   3732 479
   3679 480
   3571 481
   3410 482
   3425 483
   3387 484
   3355 485
   3129 486
   3155 487
   3113 488
   2864 489
   2852 490
   2854 491
   2679 492
   2527 493
   2574 494
   2423 495
   2320 496
   2267 497
   2106 498
   2095 499
   2018 500
   1933 501
   1873 502
   1856 503
   1820 504
   1664 505
   1641 506
   1598 507
   1555 508
   1502 509
   1421 510
   1401 511
   1323 512
   1346 513
   1278 514
   1276 515
   1252 516
   1154 517
   1162 518
   1156 519
   1099 520
   1049 521
   1131 522
   1074 523
   1045 524
   1033 525
    934 526
    918 527
    856 528
    898 529
    843 530
    834 531
    789 532
    837 533
    797 534
    811 535
    801 536
    759 537
    749 538
    756 539
    674 540
    738 541
    714 542
    734 543
    664 544
    636 545
    659 546
    616 547
    591 548
    666 549
    629 550
    634 551
    614 552
    560 553
    590 554
    537 555
    461 556
    511 557
    482 558
    465 559
    454 560
    467 561
    417 562
    404 563
    403 564
    394 565
    377 566
    353 567
    341 568
    322 569
    312 570
    303 571
    330 572
    306 573
    289 574
    273 575
    252 576
    260 577
    242 578
    253 579
    223 580
    235 581
    227 582
    186 583
    226 584
    195 585
    214 586
    208 587
    192 588
    197 589
    197 590
    188 591
    148 592
    161 593
    168 594
    159 595
    156 596
    140 597
    140 598
    146 599
    167 600
    158 601
    136 602
    125 603
    138 604
    144 605
    128 606
    128 607
    146 608
    125 609
    120 610
    143 611
    138 612
    134 613
    143 614
    133 615
    129 616
    115 617
    137 618
    122 619
    120 620
    124 621
    110 622
    120 623
    113 624
    111 625
    119 626
    104 627
     93 628
    100 629
     92 630
     86 631
    104 632
     91 633
     89 634
     90 635
     72 636
     79 637
     87 638
     61 639
     65 640
     65 641
     64 642
     76 643
     59 644
     85 645
     54 646
     41 647
     63 648
     67 649
     49 650
     59 651
     48 652
     48 653
     47 654
     39 655
     35 656
     38 657
     44 658
     41 659
     53 660
     43 661
     42 662
     42 663
     32 664
     50 665
     39 666
     39 667
     39 668
     42 669
     40 670
     40 671
     28 672
     55 673
     28 674
     42 675
     40 676
     42 677
     32 678
     30 679
     44 680
     41 681
     42 682
     42 683
     33 684
     54 685
     52 686
     46 687
     39 688
     32 689
     51 690
     43 691
     55 692
     42 693
     41 694
     34 695
     40 696
     32 697
     35 698
     31 699
     32 700
     45 701
     34 702
     30 703
     29 704
     32 705
     24 706
     20 707
     29 708
     28 709
     31 710
     32 711
     25 712
     32 713
     42 714
     19 715
     15 716
     24 717
     28 718
     22 719
     16 720
     18 721
     17 722
     19 723
     22 724
     23 725
     22 726
     22 727
     21 728
     22 729
     28 730
     23 731
     14 732
     21 733
     16 734
     18 735
     21 736
     27 737
     11 738
     27 739
     13 740
     18 741
     16 742
     19 743
     21 744
     24 745
     17 746
     32 747
     21 748
     20 749
     18 750
     20 751
     29 752
     21 753
     25 754
     19 755
     16 756
     18 757
     21 758
     21 759
     28 760
     18 761
     25 762
     30 763
     22 764
     30 765
     25 766
     19 767
     25 768
     21 769
     13 770
     16 771
     13 772
     18 773
     17 774
     21 775
     23 776
     23 777
     20 778
     20 779
     17 780
     21 781
     21 782
     14 783
     15 784
     18 785
     13 786
     12 787
     18 788
     21 789
     13 790
     12 791
     21 792
     12 793
     20 794
     13 795
      9 796
     16 797
     20 798
     12 799
     20 800
     12 801
     13 802
     15 803
     12 804
     12 805
     16 806
     24 807
     11 808
     15 809
     13 810
     17 811
     19 812
     23 813
     18 814
     13 815
      8 816
     12 817
     12 818
      9 819
     13 820
     17 821
     17 822
     23 823
     19 824
     12 825
     15 826
     18 827
     16 828
     13 829
     13 830
     17 831
     21 832
     24 833
     18 834
     20 835
     14 836
     16 837
     14 838
     12 839
     11 840
     17 841
     18 842
     14 843
     20 844
      9 845
     14 846
     18 847
     15 848
      8 849
     12 850
      9 851
     11 852
     10 853
      8 854
     11 855
     19 856
     17 857
     12 858
     17 859
      8 860
     14 861
     12 862
     11 863
      5 864
      7 865
      8 866
     22 867
     14 868
     16 869
     15 870
     13 871
     15 872
      9 873
      7 874
     10 875
     18 876
     13 877
     14 878
     16 879
     15 880
      7 881
     14 882
      8 883
      7 884
     22 885
     18 886
     10 887
     12 888
     20 889
     14 890
     10 891
     18 892
     18 893
     17 894
     16 895
     23 896
     18 897
     13 898
     14 899
     12 900
     19 901
     15 902
     15 903
     14 904
     21 905
     11 906
     12 907
     17 908
     14 909
     14 910
     16 911
     16 912
     16 913
     16 914
     12 915
     11 916
     16 917
      9 918
     12 919
     15 920
     14 921
     12 922
     10 923
     13 924
     14 925
     12 926
     11 927
     15 928
     15 929
     13 930
     12 931
     14 932
      6 933
      9 934
     11 935
     14 936
     14 937
     11 938
     12 939
     10 940
     13 941
     12 942
     18 943
     12 944
     10 945
      3 946
     16 947
     17 948
     15 949
     12 950
     12 951
      7 952
     16 953
     11 954
     10 955
     10 956
     14 957
     13 958
     10 959
     13 960
      9 961
      9 962
     20 963
     16 964
      9 965
     14 966
     12 967
     19 968
     12 969
     14 970
     17 971
     18 972
     17 973
     12 974
     10 975
     14 976
     18 977
     15 978
     13 979
      9 980
     14 981
     18 982
     16 983
      8 984
     11 985
     16 986
     12 987
     10 988
      7 989
     12 990
     11 991
     13 992
     11 993
      8 994
      9 995
     13 996
     11 997
     10 998
     13 999
      7 1000
     12 1001
     15 1002
     10 1003
     10 1004
     15 1005
     11 1006
     15 1007
     12 1008
     11 1009
     13 1010
      8 1011
     17 1012
     10 1013
     14 1014
     13 1015
     12 1016
     13 1017
     12 1018
      6 1019
     12 1020
     15 1021
     16 1022
     12 1023
      4 1024
      7 1025
     11 1026
      9 1027
     11 1028
     11 1029
     11 1030
     15 1031
      9 1032
     11 1033
     14 1034
     21 1035
     15 1036
     11 1037
      9 1038
     12 1039
     13 1040
     10 1041
     12 1042
     11 1043
     13 1044
      8 1045
     10 1046
     17 1047
     11 1048
     12 1049
     14 1050
     17 1051
     11 1052
     14 1053
     18 1054
     13 1055
      9 1056
      9 1057
      6 1058
     14 1059
     12 1060
     13 1061
      9 1062
      9 1063
     11 1064
     14 1065
     10 1066
     11 1067
     14 1068
     14 1069
     10 1070
     12 1071
     17 1072
     12 1073
      7 1074
     10 1075
     12 1076
     15 1077
     10 1078
     11 1079
     13 1080
     11 1081
     16 1082
      8 1083
      8 1084
     13 1085
      9 1086
     11 1087
     10 1088
     10 1089
     12 1090
     15 1091
      9 1092
      6 1093
      4 1094
      9 1095
      5 1096
     17 1097
     11 1098
     12 1099
     13 1100
     10 1101
     12 1102
     13 1103
     11 1104
     12 1105
     15 1106
     14 1107
      9 1108
     16 1109
      5 1110
     18 1111
     19 1112
     13 1113
      3 1114
     16 1115
     20 1116
      5 1117
     10 1118
     15 1119
     11 1120
     12 1121
     15 1122
     16 1123
      7 1124
     13 1125
     13 1126
     16 1127
     12 1128
     13 1129
     12 1130
      5 1131
      9 1132
     19 1133
      7 1134
     11 1135
      9 1136
     11 1137
     10 1138
      8 1139
     15 1140
      6 1141
      6 1142
     10 1143
      8 1144
     13 1145
     21 1146
     12 1147
      8 1148
     11 1149
     13 1150
      9 1151
     13 1152
     11 1153
     13 1154
      5 1155
      8 1156
      7 1157
      8 1158
     10 1159
     11 1160
     15 1161
     21 1162
      8 1163
     14 1164
     10 1165
     13 1166
     11 1167
     18 1168
     13 1169
     14 1170
      8 1171
      5 1172
     17 1173
      6 1174
      8 1175
     10 1176
     13 1177
     15 1178
     10 1179
      4 1180
      7 1181
      8 1182
     12 1183
     12 1184
     13 1185
      9 1186
     13 1187
      7 1188
     10 1189
      9 1190
     13 1191
      6 1192
     10 1193
     19 1194
     13 1195
      9 1196
     13 1197
     14 1198
     16 1199
      4 1200
     11 1201
     14 1202
     16 1203
     10 1204
     11 1205
     14 1206
      9 1207
      9 1208
     13 1209
      8 1210
     12 1211
     13 1212
      5 1213
     10 1214
     12 1215
     12 1216
     11 1217
     19 1218
     12 1219
     12 1220
     14 1221
     12 1222
     18 1223
      9 1224
     13 1225
     17 1226
     10 1227
     10 1228
     10 1229
     16 1230
     15 1231
     15 1232
      5 1233
     10 1234
      9 1235
     11 1236
     12 1237
     14 1238
     14 1239
     12 1240
     19 1241
     13 1242
     14 1243
     16 1244
     13 1245
     15 1246
     11 1247
     10 1248
     12 1249
     15 1250
     12 1251
      6 1252
     12 1253
      4 1254
     16 1255
     17 1256
     14 1257
     15 1258
     12 1259
      8 1260
     13 1261
      6 1262
     14 1263
      9 1264
     13 1265
     11 1266
      8 1267
     19 1268
     10 1269
     11 1270
     10 1271
     10 1272
      8 1273
     10 1274
     11 1275
     11 1276
     15 1277
     14 1278
      6 1279
      9 1280
     17 1281
     13 1282
     15 1283
     10 1284
      6 1285
     11 1286
     10 1287
     14 1288
     12 1289
     15 1290
     15 1291
     12 1292
     12 1293
     14 1294
     11 1295
     13 1296
     12 1297
     17 1298
     11 1299
     17 1300
     14 1301
      6 1302
     16 1303
     11 1304
     13 1305
      8 1306
     13 1307
     14 1308
     18 1309
     11 1310
     11 1311
      8 1312
     15 1313
     12 1314
      9 1315
     15 1316
     16 1317
      9 1318
     12 1319
     13 1320
     17 1321
     12 1322
      8 1323
     13 1324
     16 1325
     17 1326
     16 1327
      7 1328
     16 1329
     12 1330
     10 1331
     14 1332
      9 1333
     11 1334
      4 1335
     13 1336
     22 1337
      4 1338
     11 1339
     14 1340
     18 1341
      7 1342
     14 1343
      9 1344
     16 1345
     12 1346
     12 1347
     10 1348
     13 1349
     13 1350
      8 1351
     18 1352
     14 1353
     17 1354
     12 1355
     14 1356
      8 1357
     20 1358
     10 1359
      7 1360
     17 1361
     12 1362
     20 1363
     13 1364
     14 1365
     18 1366
      5 1367
     20 1368
      8 1369
     11 1370
     15 1371
     14 1372
     21 1373
     13 1374
     14 1375
     18 1376
     11 1377
     11 1378
     17 1379
     14 1380
     19 1381
     19 1382
     14 1383
     21 1384
     17 1385
     16 1386
     20 1387
      8 1388
     10 1389
     18 1390
     20 1391
     11 1392
     22 1393
     17 1394
     12 1395
     16 1396
     18 1397
     14 1398
     12 1399
     17 1400
     21 1401
     17 1402
     16 1403
     13 1404
     19 1405
     13 1406
     15 1407
     12 1408
     22 1409
     14 1410
     19 1411
     17 1412
     16 1413
     16 1414
     16 1415
     13 1416
     22 1417
     19 1418
     14 1419
     16 1420
     13 1421
     20 1422
     12 1423
     11 1424
     15 1425
     16 1426
     15 1427
     19 1428
     18 1429
     20 1430
     16 1431
     23 1432
     18 1433
     22 1434
     28 1435
     21 1436
     19 1437
     18 1438
     22 1439
     21 1440
     16 1441
     19 1442
     22 1443
     16 1444
     19 1445
     16 1446
     20 1447
     15 1448
     21 1449
      9 1450
     20 1451
     23 1452
     17 1453
     22 1454
     20 1455
     26 1456
     19 1457
     18 1458
     20 1459
     27 1460
     19 1461
     28 1462
     19 1463
     20 1464
     29 1465
     15 1466
     26 1467
     21 1468
     23 1469
     19 1470
     27 1471
     14 1472
     26 1473
     20 1474
     21 1475
     27 1476
     20 1477
     18 1478
     19 1479
     19 1480
     23 1481
     19 1482
     15 1483
     13 1484
     17 1485
     24 1486
     20 1487
     19 1488
     12 1489
     25 1490
     22 1491
     14 1492
     21 1493
     23 1494
     12 1495
     20 1496
     18 1497
     21 1498
     14 1499
     19 1500
     22 1501
     26 1502
     18 1503
     21 1504
     14 1505
     15 1506
     17 1507
     15 1508
     16 1509
     24 1510
     14 1511
     23 1512
     17 1513
     16 1514
     20 1515
     21 1516
     29 1517
     15 1518
     15 1519
     16 1520
     15 1521
     15 1522
     12 1523
     16 1524
     19 1525
     25 1526
     19 1527
     17 1528
     24 1529
     15 1530
     23 1531
     23 1532
     11 1533
     18 1534
     22 1535
     19 1536
     20 1537
     13 1538
     10 1539
     16 1540
     11 1541
     18 1542
     14 1543
     11 1544
     12 1545
     11 1546
     13 1547
     13 1548
     18 1549
     21 1550
     18 1551
     14 1552
     11 1553
     11 1554
     15 1555
     12 1556
     12 1557
     13 1558
     10 1559
     13 1560
      8 1561
      9 1562
     14 1563
     12 1564
     14 1565
     14 1566
     12 1567
      9 1568
      9 1569
     17 1570
     15 1571
     10 1572
     12 1573
     20 1574
     15 1575
     10 1576
     17 1577
      7 1578
      8 1579
     13 1580
      9 1581
      9 1582
     12 1583
      7 1584
     11 1585
      9 1586
     17 1587
     15 1588
     11 1589
      9 1590
      9 1591
     10 1592
      7 1593
     11 1594
     12 1595
     11 1596
     10 1597
     11 1598
      8 1599
      6 1600
      4 1601
      7 1602
     13 1603
     11 1604
      8 1605
      9 1606
     10 1607
     11 1608
     12 1609
      7 1610
      8 1611
     12 1612
      8 1613
      8 1614
      7 1615
      4 1616
      6 1617
      4 1618
      5 1619
      4 1620
      2 1621
     10 1622
      7 1623
      6 1624
      5 1625
      8 1626
      4 1627
     11 1628
      7 1629
      7 1630
      8 1631
      6 1632
      4 1633
      3 1634
      3 1635
      5 1636
      8 1637
      5 1638
      6 1639
      5 1640
      2 1641
      5 1642
      8 1643
      4 1644
      8 1645
      3 1646
      5 1647
      5 1648
      6 1649
      6 1650
      6 1651
      6 1652
      5 1653
      3 1654
      6 1655
      6 1656
      4 1657
      5 1658
      5 1659
      1 1660
      1 1661
      5 1662
      5 1663
      9 1664
      5 1665
      4 1666
      4 1667
      3 1668
      7 1669
      3 1670
      3 1671
      4 1672
      3 1673
      5 1674
      8 1675
      3 1676
      3 1677
      3 1678
      3 1679
      3 1680
      1 1681
      5 1682
      1 1683
      2 1684
      3 1685
      3 1686
      4 1687
      1 1688
      3 1689
      1 1690
      7 1691
      3 1692
      4 1693
      3 1695
      2 1696
      3 1697
      8 1698
      2 1699
      2 1700
      2 1701
      2 1702
      1 1703
      6 1704
      3 1706
      2 1707
      4 1708
      3 1710
      3 1713
      3 1715
      4 1716
      1 1717
      1 1718
      6 1719
      1 1720
      4 1721
      2 1722
      1 1723
      2 1724
      4 1725
      1 1726
      2 1727
      3 1728
      4 1729
      2 1730
      1 1731
      5 1733
      2 1734
      4 1735
      4 1736
      1 1737
      1 1738
      4 1739
      1 1740
      2 1741
      1 1742
      2 1743
      1 1744
      1 1745
      2 1746
      3 1747
      1 1750
      2 1751
      1 1753
      3 1754
      2 1755
      2 1757
      2 1758
      2 1759
      3 1762
      2 1763
      6 1765
      3 1767
      1 1768
      2 1770
      1 1771
      3 1772
      5 1773
      1 1774
      1 1776
      1 1777
      1 1778
      1 1780
      3 1781
      2 1783
      1 1785
      1 1787
      2 1789
      2 1790
      1 1793
      1 1794
      1 1795
      3 1797
      3 1798
      1 1799
      1 1800
      2 1801
      1 1803
      1 1804
      2 1805
      1 1806
      2 1807
      1 1808
      2 1809
      2 1811
      2 1812
      1 1813
      3 1814
      1 1815
      4 1816
      2 1818
      1 1821
      1 1822
      2 1823
      1 1826
      1 1828
      2 1831
      1 1832
      2 1833
      1 1834
      1 1835
      2 1836
      3 1838
      2 1839
      1 1840
      2 1842
      1 1847
      1 1848
      1 1853
      1 1854
      1 1858
      2 1861
      2 1862
      1 1863
      1 1866
      1 1869
      2 1870
      1 1872
      1 1873
      1 1874
      1 1881
      1 1884
      1 1885
      1 1888
      1 1889
      1 1893
      1 1896
      2 1898
      2 1903
      1 1905
      1 1910
      1 1911
      1 1912
      1 1916
      1 1920
      1 1921
      1 1923
      2 1925
      1 1926
      1 1927
      2 1931
      1 1933
      1 1936
      1 1937
      1 1938
      1 1939
      1 1945
      1 1952
      1 1953
      1 1958
      1 1959
      2 1962
      1 1963
      1 1965
      1 1974
      1 1977
      1 1993
      1 1999
      1 2000
      2 2011
      1 2014
      2 2015
      1 2024
      1 2029
      1 2032
      1 2039
      1 2042
      1 2046
      1 2058
      1 2065
      1 2077
      1 2079
      1 2081
      1 2083
      1 2085
      1 2087
      1 2099
      1 2102
      1 2108
      1 2112
      1 2125
      1 2126
      1 2136
      1 2143
      1 2144
      1 2157
      1 2162
      1 2167
      1 2174
      2 2182
      2 2186
      1 2196
      1 2200
      1 2215
      2 2216
      1 2233
      1 2249
      1 2253
      2 2271
      1 2289
      1 2295
      1 2317
      1 2333
      1 2350
      1 2357
      1 2372
      1 2386
      1 2413
      1 2415
      1 2420
      1 2431
      1 2448
      1 2455
      1 2473
      1 2485
      1 2489
      1 2490
      1 2508
      1 2520
      1 2571
      1 2573
      1 2615
      1 2618
      1 2688
      1 2696
      1 2734
      1 2752
      1 2756
      1 2767
      1 2768
      1 2813
      1 2849
      1 2963
      1 2970
      1 2994
      1 3026
      1 3115
      1 3384
      1 3448
      1 4113
      1 4597
      1 4660
      1 4727
      1 4943
      1 24393
---AAD-PGBENCH-LAG-US---
  34333 0
  29455 1
  26177 2
  24527 3
  23906 4
  23322 5
  22127 6
  21637 7
  21313 8
  20393 9
  20142 10
  19556 11
  19441 12
  19248 13
  19174 14
  18905 15
  19129 16
  18836 17
  19016 18
  18778 19
  18687 20
  18598 21
  18576 22
  18292 23
  18534 24
  18424 25
  18330 26
  18591 27
  18069 28
  18564 29
  18166 30
  18189 31
  18304 32
  18138 33
  18090 34
  17497 35
  17321 36
  17153 37
  16958 38
  16646 39
  16767 40
  16467 41
  16425 42
  16456 43
  16054 44
  15964 45
  15583 46
  15393 47
  15220 48
  15326 49
  14678 50
  14196 51
  13312 52
  12394 53
  12157 54
  22624 55
  39867 56
  23583 57
  18430 58
  18054 59
  17133 60
  20823 61
  40046 62
  54029 63
  65784 64
  57847 65
  30851 66
  24111 67
  25728 68
  25620 69
  26304 70
  25212 71
  24208 72
  20483 73
  14602 74
  12177 75
  10884 76
   9693 77
   9191 78
   8962 79
   7649 80
   6174 81
   5630 82
   4976 83
   4528 84
   4086 85
   3680 86
   3398 87
   3110 88
   2812 89
   2689 90
   2499 91
   2398 92
   2307 93
   2310 94
   2154 95
   2064 96
   1919 97
   2004 98
   1923 99
   1822 100
   1840 101
   1727 102
   1752 103
   1694 104
   1702 105
   1597 106
   1660 107
   1619 108
   1558 109
   1675 110
   1585 111
   1545 112
   1613 113
   1528 114
   1518 115
   1477 116
   1364 117
   1570 118
   1476 119
   1384 120
   1398 121
   1365 122
   1389 123
   1346 124
   1333 125
   1298 126
   1358 127
   1348 128
   1338 129
   1279 130
   1320 131
   1220 132
   1257 133
   1323 134
   1257 135
   1268 136
   1279 137
   1219 138
   1190 139
   1218 140
   1214 141
   1213 142
   1126 143
   1124 144
   1115 145
   1136 146
   1168 147
   1087 148
   1090 149
   1118 150
   1082 151
   1100 152
   1102 153
    981 154
   1020 155
    954 156
   1015 157
    975 158
   1004 159
    902 160
    978 161
    992 162
    951 163
    925 164
    911 165
    903 166
    899 167
    901 168
    859 169
    890 170
    892 171
    827 172
    873 173
    823 174
    815 175
    854 176
    792 177
    782 178
    732 179
    757 180
    787 181
    789 182
    778 183
    761 184
    721 185
    732 186
    750 187
    702 188
    734 189
    646 190
    662 191
    694 192
    725 193
    649 194
    668 195
    619 196
    646 197
    699 198
    611 199
    582 200
    579 201
    575 202
    634 203
    585 204
    541 205
    572 206
    525 207
    600 208
    543 209
    526 210
    511 211
    538 212
    511 213
    523 214
    479 215
    499 216
    495 217
    494 218
    496 219
    486 220
    461 221
    450 222
    483 223
    430 224
    424 225
    436 226
    413 227
    416 228
    393 229
    400 230
    396 231
    385 232
    412 233
    390 234
    369 235
    404 236
    361 237
    378 238
    382 239
    360 240
    367 241
    347 242
    353 243
    314 244
    343 245
    305 246
    313 247
    302 248
    307 249
    304 250
    322 251
    303 252
    288 253
    269 254
    282 255
    292 256
    299 257
    263 258
    261 259
    263 260
    277 261
    251 262
    262 263
    255 264
    250 265
    233 266
    241 267
    215 268
    206 269
    234 270
    226 271
    200 272
    218 273
    219 274
    194 275
    189 276
    216 277
    234 278
    179 279
    195 280
    197 281
    196 282
    187 283
    175 284
    174 285
    183 286
    155 287
    164 288
    184 289
    172 290
    154 291
    154 292
    146 293
    153 294
    127 295
    136 296
    142 297
    162 298
    154 299
    156 300
    135 301
    149 302
    138 303
    119 304
    133 305
    123 306
    120 307
    123 308
    117 309
    115 310
    132 311
    111 312
    113 313
    106 314
    115 315
    121 316
    123 317
    113 318
    110 319
     96 320
    110 321
    114 322
    110 323
     95 324
    102 325
     84 326
     91 327
     86 328
     83 329
     98 330
     91 331
     92 332
     89 333
     88 334
     80 335
     94 336
    103 337
     95 338
     84 339
     72 340
     80 341
    117 342
     71 343
     90 344
     91 345
     69 346
     57 347
     78 348
    101 349
     65 350
     76 351
     72 352
     63 353
     74 354
     74 355
     78 356
     85 357
     82 358
     58 359
     61 360
     61 361
     54 362
     62 363
     40 364
     69 365
     72 366
     61 367
     50 368
     63 369
     55 370
     70 371
     54 372
     56 373
     53 374
     63 375
     55 376
     56 377
     45 378
     58 379
     56 380
     57 381
     36 382
     45 383
     59 384
     40 385
     47 386
     53 387
     54 388
     57 389
     54 390
     44 391
     41 392
     52 393
     63 394
     42 395
     36 396
     49 397
     53 398
     36 399
     55 400
     46 401
     30 402
     40 403
     48 404
     43 405
     45 406
     37 407
     37 408
     45 409
     43 410
     45 411
     58 412
     44 413
     35 414
     33 415
     37 416
     32 417
     45 418
     44 419
     39 420
     31 421
     39 422
     29 423
     42 424
     53 425
     43 426
     32 427
     34 428
     36 429
     46 430
     37 431
     41 432
     22 433
     32 434
     25 435
     30 436
     21 437
     34 438
     33 439
     31 440
     36 441
     29 442
     29 443
     32 444
     30 445
     26 446
     35 447
     37 448
     26 449
     28 450
     35 451
     27 452
     26 453
     38 454
     24 455
     33 456
     34 457
     31 458
     30 459
     25 460
     21 461
     27 462
     24 463
     25 464
     24 465
     20 466
     24 467
     17 468
     18 469
     29 470
     20 471
     22 472
     30 473
     20 474
     24 475
     23 476
     26 477
     31 478
     29 479
     23 480
     24 481
     23 482
     27 483
     18 484
     32 485
     30 486
     24 487
     22 488
     22 489
     23 490
     22 491
     18 492
     21 493
     20 494
     22 495
     23 496
     17 497
     17 498
     34 499
     19 500
     21 501
     19 502
     24 503
     24 504
     17 505
     18 506
     27 507
     14 508
     22 509
     14 510
     20 511
     22 512
     17 513
     20 514
     20 515
     23 516
     22 517
     12 518
     20 519
     14 520
     21 521
     21 522
     14 523
     24 524
     16 525
     19 526
     12 527
     20 528
     20 529
     19 530
     21 531
     14 532
      9 533
     23 534
     23 535
     19 536
     20 537
     12 538
     22 539
     20 540
     20 541
     19 542
     17 543
     17 544
     21 545
     23 546
     13 547
     12 548
     17 549
     22 550
     18 551
     19 552
     14 553
     16 554
     25 555
     16 556
     28 557
     16 558
     18 559
     23 560
     22 561
     11 562
     13 563
     22 564
     15 565
     22 566
     31 567
     17 568
     24 569
     21 570
     15 571
     19 572
     17 573
     19 574
     14 575
     13 576
     15 577
     19 578
     14 579
     13 580
     10 581
     12 582
     13 583
     17 584
     23 585
     28 586
     18 587
     13 588
     13 589
     12 590
     29 591
     13 592
     19 593
     14 594
     17 595
     13 596
     16 597
     15 598
     17 599
     18 600
     15 601
     14 602
     15 603
      9 604
     13 605
     12 606
     18 607
     12 608
     16 609
     19 610
     17 611
      9 612
     10 613
     13 614
     16 615
     16 616
     17 617
     13 618
     13 619
     10 620
     15 621
     13 622
     13 623
     15 624
     14 625
     11 626
     11 627
     13 628
     17 629
     14 630
     17 631
     10 632
     10 633
     11 634
     19 635
     15 636
     23 637
     16 638
     15 639
      9 640
     14 641
     21 642
     13 643
     13 644
     15 645
     18 646
      8 647
     18 648
      9 649
     15 650
     13 651
     17 652
     13 653
     11 654
      9 655
     13 656
     15 657
     16 658
     13 659
     11 660
      5 661
     14 662
      8 663
     18 664
     11 665
      6 666
     13 667
     15 668
     13 669
     11 670
     20 671
     22 672
      9 673
     10 674
     13 675
     19 676
      9 677
     11 678
     10 679
     12 680
     19 681
     15 682
     16 683
     12 684
     16 685
     11 686
     13 687
     16 688
     20 689
     14 690
     13 691
     11 692
     10 693
      5 694
     16 695
     18 696
     14 697
     13 698
      6 699
      5 700
      9 701
     12 702
      9 703
     10 704
      6 705
     10 706
      9 707
     16 708
     12 709
     13 710
     13 711
     12 712
     16 713
     13 714
      9 715
     14 716
      8 717
      7 718
     11 719
      7 720
     12 721
     11 722
     15 723
      9 724
      9 725
      8 726
      6 727
     16 728
     14 729
     10 730
      9 731
     12 732
     13 733
      9 734
     11 735
     14 736
     16 737
     13 738
     13 739
     18 740
     14 741
     14 742
      8 743
     13 744
      9 745
     11 746
     10 747
     14 748
      9 749
      7 750
     15 751
      7 752
     11 753
      5 754
     13 755
     14 756
     12 757
     10 758
     10 759
     18 760
     11 761
     14 762
      9 763
     12 764
      8 765
     16 766
     12 767
      8 768
      9 769
     21 770
     10 771
     13 772
     12 773
      3 774
     14 775
     11 776
      9 777
     10 778
     13 779
     13 780
     13 781
     16 782
     13 783
      9 784
     12 785
     12 786
     13 787
     15 788
      6 789
     11 790
     10 791
     10 792
     10 793
     12 794
      5 795
     13 796
      9 797
      8 798
      9 799
     11 800
     10 801
      8 802
     12 803
      8 804
     14 805
     12 806
      9 807
     10 808
      7 809
      7 810
     12 811
     13 812
     13 813
     10 814
      7 815
     14 816
     12 817
     12 818
     11 819
      6 820
      7 821
     13 822
      9 823
     14 824
     11 825
      8 826
      6 827
     10 828
      7 829
      8 830
     12 831
     14 832
     11 833
      4 834
     10 835
     11 836
     15 837
     13 838
     12 839
     15 840
     10 841
     15 842
     10 843
     14 844
     20 845
     17 846
     13 847
     14 848
     14 849
     12 850
     17 851
     13 852
     10 853
      8 854
      7 855
     11 856
      6 857
     10 858
      8 859
      9 860
     10 861
     12 862
      8 863
     12 864
     12 865
     15 866
      9 867
      8 868
      7 869
      9 870
     12 871
      9 872
      7 873
     11 874
      7 875
     15 876
     10 877
      8 878
     13 879
      9 880
     11 881
     14 882
     12 883
      6 884
      9 885
     12 886
     12 887
      5 888
     10 889
     13 890
     10 891
     13 892
     11 893
      6 894
      9 895
      7 896
      7 897
     17 898
      8 899
     11 900
     18 901
      8 902
     11 903
     13 904
      9 905
      5 906
     14 907
     16 908
      9 909
      8 910
     12 911
     13 912
     14 913
     13 914
     13 915
     10 916
      9 917
      8 918
      9 919
      8 920
     12 921
      9 922
     14 923
      6 924
     14 925
      8 926
      8 927
     16 928
     11 929
      6 930
      6 931
     12 932
     19 933
      6 934
      6 935
      7 936
      7 937
     14 938
      9 939
     11 940
      5 941
      5 942
      7 943
     10 944
      6 945
      9 946
      7 947
      9 948
      9 949
     13 950
     11 951
      8 952
      5 953
      5 954
     10 955
     11 956
     11 957
      9 958
      8 959
     12 960
     11 961
      7 962
      7 963
      6 964
     10 965
     11 966
     12 967
     11 968
      8 969
     13 970
     12 971
     12 972
      7 973
      8 974
      6 975
      7 976
      6 977
      7 978
      8 979
      9 980
     10 981
      8 982
      5 983
      4 984
      7 985
     13 986
      9 987
     10 988
      7 989
     11 990
      5 991
      7 992
      9 993
      4 994
     13 995
      9 996
     11 997
      8 998
      7 999
      7 1000
      8 1001
      4 1002
      8 1003
      1 1004
      5 1005
      6 1006
      7 1007
      9 1008
     13 1009
      6 1010
      6 1011
      5 1012
      7 1013
     10 1014
     10 1015
      4 1016
      7 1017
     10 1018
      8 1019
      5 1020
     11 1021
     14 1022
     12 1023
      5 1024
      2 1025
      7 1026
      8 1027
      7 1028
     11 1029
      8 1030
     10 1031
     11 1032
     10 1033
      9 1034
     11 1035
      7 1036
      8 1037
      6 1038
      6 1039
     11 1040
     12 1041
      8 1042
     11 1043
      7 1044
      8 1045
     10 1046
      8 1047
     12 1048
      6 1049
      7 1050
      1 1051
     12 1052
      6 1053
      7 1054
     14 1055
     11 1056
     12 1057
     12 1058
      7 1059
      2 1060
     13 1061
     11 1062
      8 1063
      9 1064
      3 1065
      7 1066
      8 1067
      5 1068
      2 1069
      7 1070
      5 1071
      3 1072
      9 1073
      2 1074
      8 1075
      9 1076
      7 1077
      4 1078
      8 1079
      4 1080
     10 1081
      6 1082
      8 1083
      7 1084
      2 1085
      7 1086
     10 1087
      3 1088
      9 1089
      9 1090
      9 1091
      5 1092
      9 1093
      7 1094
      5 1095
      6 1096
      4 1097
      2 1098
      9 1099
      5 1100
     13 1101
      6 1102
      6 1103
      8 1104
      6 1105
      8 1106
      4 1107
     10 1108
      3 1109
     11 1110
      6 1111
      5 1112
     13 1113
      8 1114
     11 1115
      4 1116
      6 1117
      9 1118
      7 1119
      6 1120
      4 1121
      7 1122
      5 1123
      5 1124
      4 1125
      7 1126
      8 1127
      3 1128
      5 1129
      5 1130
      2 1131
     11 1132
     12 1133
      7 1134
      6 1135
      8 1136
      4 1137
      6 1138
      3 1139
      6 1140
      7 1141
      8 1142
      8 1143
      4 1144
      9 1145
      6 1146
     12 1147
     10 1148
      6 1149
      6 1150
      4 1151
      2 1152
      4 1153
      5 1154
      3 1155
      7 1156
      3 1157
      9 1158
      8 1159
      3 1160
      5 1161
      5 1162
      9 1163
      8 1164
      2 1165
      7 1166
      6 1167
      6 1168
      5 1169
      5 1170
      4 1171
      5 1172
      2 1173
      4 1174
      4 1175
      6 1176
      5 1177
      9 1178
      6 1179
      3 1180
      5 1181
      3 1182
      2 1183
      8 1184
      8 1185
      1 1186
      1 1187
      4 1188
      4 1189
      4 1190
      6 1191
      4 1192
      5 1193
      6 1194
      6 1195
      2 1196
      6 1197
      5 1198
      6 1199
     12 1200
      4 1201
      2 1202
      5 1203
      4 1204
      8 1205
      5 1206
      4 1207
      7 1208
      3 1209
      8 1210
      5 1211
      2 1212
      5 1213
      9 1214
      5 1215
      3 1216
      4 1217
      6 1218
      5 1219
      5 1220
      2 1221
      8 1222
      4 1223
      2 1224
      5 1225
      3 1226
      2 1227
      5 1228
      3 1229
      4 1230
      6 1231
      4 1232
      2 1233
      3 1234
      5 1235
      3 1236
      3 1237
      6 1238
      2 1239
      4 1240
      6 1241
      7 1242
      1 1243
      2 1244
      5 1245
      5 1246
      4 1247
      7 1248
      6 1249
      4 1250
      9 1251
      2 1252
      2 1253
      1 1254
      6 1255
      1 1256
      4 1257
      4 1258
      3 1259
      2 1260
      7 1261
      5 1262
      4 1263
      3 1264
      2 1265
      3 1266
      6 1267
      4 1268
      2 1269
      4 1270
      5 1271
      5 1273
      1 1274
      2 1275
      3 1276
      2 1277
      2 1278
      6 1279
      4 1280
      2 1281
      2 1282
      2 1283
      1 1284
      8 1285
      3 1286
      3 1287
      6 1288
      2 1289
      2 1290
      6 1291
      4 1292
      3 1293
      6 1294
      3 1295
      1 1296
      3 1297
      3 1298
      4 1299
      3 1300
      1 1301
      2 1302
      1 1303
      2 1304
      3 1305
      1 1306
      4 1307
      3 1308
      1 1309
      2 1310
      4 1311
      2 1312
      5 1313
      2 1314
      2 1315
      3 1316
      2 1317
      4 1318
      2 1319
      2 1320
      4 1321
      1 1323
      2 1324
      2 1325
      2 1326
      3 1327
      6 1328
      3 1329
      4 1330
      2 1331
      3 1332
      4 1333
      1 1334
      6 1335
      1 1336
      3 1337
      3 1338
      1 1339
      1 1340
      1 1341
      2 1342
      1 1343
      2 1344
      4 1345
      3 1346
      3 1347
      5 1348
      3 1349
      3 1350
      5 1351
      5 1352
      2 1353
      2 1354
      1 1355
      5 1357
      2 1358
      3 1360
      1 1361
      3 1362
      4 1363
      3 1364
      4 1365
      2 1366
      1 1367
      2 1370
      2 1372
      1 1373
      1 1374
      1 1375
      3 1376
      4 1377
      3 1378
      3 1379
      1 1380
      2 1381
      3 1383
      2 1384
      1 1385
      2 1386
      3 1387
      4 1388
      1 1389
      4 1390
      2 1391
      1 1392
      1 1393
      3 1394
      4 1395
      3 1397
      3 1398
      3 1399
      2 1400
      3 1401
      2 1402
      2 1404
      3 1405
      2 1406
      4 1410
      3 1411
      1 1412
      1 1413
      4 1414
      2 1415
      5 1416
      3 1417
      1 1418
      2 1419
      1 1420
      2 1422
      2 1423
      1 1424
      2 1425
      3 1426
      2 1427
      2 1428
      1 1430
      2 1431
      1 1433
      2 1435
      1 1436
      2 1437
      2 1439
      1 1440
      1 1441
      5 1442
      3 1445
      1 1446
      2 1447
      2 1448
      4 1449
      1 1450
      1 1453
      1 1455
      1 1456
      1 1458
      4 1459
      1 1460
      2 1462
      1 1463
      3 1464
      1 1466
      2 1468
      3 1469
      2 1470
      1 1474
      1 1475
      2 1477
      4 1478
      2 1479
      2 1480
      2 1482
      1 1483
      2 1484
      1 1485
      3 1486
      2 1487
      3 1488
      1 1489
      1 1490
      1 1492
      2 1493
      1 1494
      1 1495
      1 1496
      3 1497
      4 1498
      2 1499
      1 1501
      2 1502
      2 1503
      1 1504
      3 1505
      1 1507
      1 1508
      4 1509
      2 1510
      1 1512
      1 1513
      1 1514
      4 1516
      1 1517
      1 1518
      2 1519
      1 1520
      1 1521
      2 1522
      2 1523
      1 1525
      2 1526
      3 1527
      1 1528
      2 1529
      1 1530
      2 1531
      2 1533
      1 1539
      1 1540
      2 1541
      1 1542
      2 1543
      1 1547
      3 1548
      1 1550
      1 1551
      1 1552
      3 1554
      1 1555
      3 1559
      1 1561
      1 1562
      1 1566
      1 1570
      3 1573
      2 1575
      2 1577
      1 1578
      2 1582
      1 1583
      2 1584
      1 1585
      1 1586
      1 1587
      2 1590
      1 1592
      1 1593
      1 1596
      1 1597
      3 1599
      3 1600
      1 1601
      1 1603
      1 1604
      2 1608
      2 1609
      1 1613
      1 1614
      2 1615
      1 1616
      1 1618
      1 1619
      2 1620
      1 1624
      1 1625
      1 1626
      1 1629
      2 1630
      1 1635
      1 1638
      2 1639
      1 1642
      1 1643
      1 1644
      1 1647
      1 1648
      1 1653
      1 1656
      2 1658
      1 1660
      1 1661
      1 1664
      2 1666
      1 1672
      1 1675
      1 1680
      2 1681
      1 1682
      1 1683
      1 1688
      1 1691
      1 1701
      1 1702
      2 1703
      1 1707
      1 1714
      1 1715
      3 1719
      1 1724
      2 1726
      1 1729
      2 1730
      1 1732
      1 1734
      1 1737
      1 1740
      1 1744
      1 1748
      1 1749
      1 1753
      2 1755
      2 1756
      2 1762
      1 1764
      1 1766
      1 1768
      1 1772
      1 1774
      1 1777
      1 1786
      1 1787
      1 1792
      1 1794
      1 1795
      1 1808
      1 1811
      1 1816
      1 1818
      1 1819
      1 1823
      2 1831
      2 1833
      1 1836
      1 1846
      2 1860
      1 1862
      1 1866
      1 1867
      1 1869
      1 1871
      1 1873
      1 1877
      2 1879
      1 1884
      1 1891
      1 1892
      1 1895
      1 1896
      1 1903
      1 1911
      1 1912
      1 1915
      1 1916
      1 1920
      1 1933
      1 1942
      1 1955
      2 1957
      1 1962
      1 1972
      1 1983
      2 1994
      1 1995
      1 2000
      1 2004
      1 2010
      1 2013
      1 2014
      1 2017
      1 2019
      1 2023
      1 2026
      1 2027
      1 2033
      1 2036
      1 2046
      1 2049
      1 2055
      1 2067
      1 2074
      1 2075
      1 2089
      1 2100
      1 2110
      1 2113
      1 2131
      1 2140
      1 2144
      1 2148
      1 2152
      1 2157
      1 2176
      1 2182
      1 2185
      2 2187
      1 2194
      1 2197
      1 2215
      1 2225
      1 2227
      1 2229
      1 2230
      1 2233
      1 2256
      1 2263
      1 2276
      1 2277
      1 2304
      1 2315
      1 2372
      1 2376
      1 2377
      1 2389
      1 2404
      1 2406
      1 2431
      1 2440
      1 2452
      1 2463
      1 2472
      1 2482
      1 2550
      1 2590
      1 2602
      1 2653
      1 2675
      1 2723
      1 2739
      1 2853
      1 2901
      1 2913
      1 2950
      1 3318
      1 3482
      1 3691
      1 3716
      1 3911
      1 6867
      1 7742
