pgbench (18.6 (Debian 18.6-1.pgdg13+2))
starting vacuum...end.
transaction type: <builtin: select only>
scaling factor: 1000
query mode: simple
number of clients: 128
number of threads: 16
maximum number of tries: 1
duration: 480 s
number of transactions actually processed: 95351416
number of failed transactions: 0 (0.000%)
latency average = 0.461 ms
latency stddev = 0.444 ms
rate limit schedule lag: avg 0.063 (max 48.514) ms
initial connection time = 270.757 ms
tps = 198756.461717 (without initial connection time)
---AAD-PGBENCH-LATENCY-US---
rc=0
samples=1906234
      1 238
      1 241
      1 242
      1 243
      5 244
      6 245
      6 246
      8 247
     11 248
     14 249
     28 250
     20 251
     26 252
     36 253
     36 254
     50 255
     57 256
     68 257
     82 258
    105 259
    122 260
    145 261
    150 262
    206 263
    228 264
    229 265
    289 266
    317 267
    355 268
    420 269
    480 270
    470 271
    528 272
    600 273
    667 274
    670 275
    769 276
    846 277
    918 278
    962 279
   1114 280
   1092 281
   1125 282
   1207 283
   1313 284
   1339 285
   1455 286
   1556 287
   1627 288
   1671 289
   1750 290
   1840 291
   1974 292
   2039 293
   2117 294
   2167 295
   2366 296
   2390 297
   2515 298
   2651 299
   2739 300
   2902 301
   3093 302
   3246 303
   3339 304
   3438 305
   3581 306
   3768 307
   4027 308
   4287 309
   4355 310
   4521 311
   4695 312
   4855 313
   5020 314
   5132 315
   5466 316
   5594 317
   5717 318
   5968 319
   6280 320
   6404 321
   6708 322
   6965 323
   7303 324
   7315 325
   7679 326
   7978 327
   8399 328
   8427 329
   8923 330
   9192 331
   9627 332
   9854 333
  10215 334
  10614 335
  11011 336
  11477 337
  11777 338
  12122 339
  12375 340
  12682 341
  12941 342
  13436 343
  13493 344
  13896 345
  13993 346
  14037 347
  14390 348
  14339 349
  14469 350
  14441 351
  14470 352
  14414 353
  14472 354
  14391 355
  14207 356
  14047 357
  14139 358
  14047 359
  14061 360
  13659 361
  13624 362
  13671 363
  13486 364
  13539 365
  13603 366
  13546 367
  13653 368
  13272 369
  13257 370
  13279 371
  13074 372
  13429 373
  13331 374
  13434 375
  13350 376
  13268 377
  13378 378
  13326 379
  13464 380
  13139 381
  13034 382
  13150 383
  13079 384
  13021 385
  13090 386
  12979 387
  12903 388
  12685 389
  12849 390
  12883 391
  12542 392
  12834 393
  12644 394
  12723 395
  12687 396
  12769 397
  12896 398
  12978 399
  12700 400
  12661 401
  12887 402
  12918 403
  12841 404
  12997 405
  13099 406
  13306 407
  13281 408
  13310 409
  13144 410
  13197 411
  13000 412
  12844 413
  13085 414
  12813 415
  12534 416
  12387 417
  12211 418
  11924 419
  11552 420
  11485 421
  11095 422
  10767 423
  10720 424
  10273 425
   9916 426
   9688 427
   9473 428
   9188 429
   8967 430
   8660 431
   8393 432
   8132 433
   7852 434
   7804 435
   7844 436
   7476 437
   7402 438
   6995 439
   7014 440
   6730 441
   6693 442
   6503 443
   6473 444
   6234 445
   6164 446
   6001 447
   5932 448
   5842 449
   5647 450
   5495 451
   5479 452
   5426 453
   5089 454
   5202 455
   5126 456
   5058 457
   4939 458
   4802 459
   4793 460
   4700 461
   4519 462
   4424 463
   4436 464
   4326 465
   4259 466
   4319 467
   4123 468
   4163 469
   4063 470
   4074 471
   4037 472
   3873 473
   3978 474
   3867 475
   3936 476
   3896 477
   3826 478
   3633 479
   3715 480
   3663 481
   3517 482
   3502 483
   3477 484
   3459 485
   3264 486
   3114 487
   2986 488
   3032 489
   2907 490
   2844 491
   2779 492
   2613 493
   2570 494
   2484 495
   2351 496
   2241 497
   2196 498
   2152 499
   2003 500
   1912 501
   1920 502
   1873 503
   1756 504
   1722 505
   1606 506
   1573 507
   1574 508
   1510 509
   1420 510
   1493 511
   1318 512
   1326 513
   1305 514
   1237 515
   1267 516
   1234 517
   1180 518
   1135 519
   1100 520
   1096 521
   1033 522
   1024 523
    971 524
    974 525
    960 526
    895 527
    896 528
    814 529
    852 530
    795 531
    803 532
    763 533
    795 534
    781 535
    739 536
    723 537
    748 538
    761 539
    726 540
    700 541
    689 542
    693 543
    679 544
    663 545
    649 546
    688 547
    653 548
    611 549
    582 550
    627 551
    581 552
    609 553
    559 554
    592 555
    569 556
    543 557
    454 558
    472 559
    473 560
    443 561
    438 562
    427 563
    412 564
    403 565
    376 566
    383 567
    342 568
    338 569
    345 570
    338 571
    332 572
    261 573
    285 574
    276 575
    288 576
    259 577
    241 578
    247 579
    229 580
    215 581
    233 582
    219 583
    195 584
    235 585
    207 586
    172 587
    180 588
    184 589
    184 590
    170 591
    179 592
    163 593
    158 594
    170 595
    143 596
    156 597
    155 598
    139 599
    151 600
    141 601
    132 602
    140 603
    145 604
    137 605
    133 606
    132 607
    127 608
    128 609
    135 610
    117 611
    123 612
    122 613
    127 614
    106 615
    130 616
    128 617
    112 618
    117 619
    120 620
    125 621
    104 622
    111 623
    106 624
    111 625
    115 626
     99 627
    104 628
     93 629
     92 630
     87 631
     78 632
     93 633
     84 634
     79 635
     82 636
     77 637
     76 638
     60 639
     78 640
     64 641
     69 642
     51 643
     59 644
     57 645
     52 646
     58 647
     63 648
     51 649
     56 650
     56 651
     50 652
     59 653
     68 654
     41 655
     58 656
     47 657
     52 658
     44 659
     44 660
     36 661
     43 662
     42 663
     42 664
     37 665
     41 666
     46 667
     25 668
     46 669
     37 670
     33 671
     39 672
     35 673
     27 674
     38 675
     39 676
     34 677
     32 678
     43 679
     43 680
     39 681
     24 682
     31 683
     42 684
     52 685
     35 686
     31 687
     32 688
     37 689
     38 690
     40 691
     41 692
     45 693
     43 694
     36 695
     43 696
     29 697
     32 698
     44 699
     27 700
     26 701
     38 702
     24 703
     25 704
     21 705
     29 706
     31 707
     30 708
     25 709
     30 710
     46 711
     27 712
     26 713
     36 714
     15 715
     17 716
     19 717
     21 718
     27 719
     25 720
     26 721
     23 722
     17 723
     26 724
     15 725
     23 726
     18 727
     26 728
     15 729
     18 730
     21 731
     18 732
     17 733
     23 734
     20 735
     11 736
     20 737
     26 738
     23 739
     19 740
     16 741
     19 742
     17 743
     13 744
     21 745
     14 746
     20 747
     23 748
     22 749
     19 750
     14 751
     25 752
     18 753
     21 754
     12 755
     19 756
     21 757
     20 758
     24 759
     24 760
     24 761
     21 762
     18 763
     18 764
     23 765
     23 766
     28 767
     25 768
     28 769
     16 770
     20 771
     16 772
     12 773
     22 774
     14 775
     21 776
     19 777
     16 778
     18 779
     15 780
     20 781
     26 782
     11 783
     17 784
     13 785
     11 786
     16 787
     16 788
     24 789
     10 790
     14 791
     19 792
     23 793
      9 794
     19 795
     14 796
     16 797
     13 798
     15 799
     14 800
     13 801
      8 802
      9 803
     13 804
     11 805
     14 806
     16 807
     13 808
     13 809
     16 810
     11 811
     10 812
     12 813
     13 814
     15 815
     19 816
     13 817
     13 818
     24 819
     15 820
     14 821
     21 822
     15 823
     14 824
     12 825
     21 826
     20 827
     17 828
     11 829
     22 830
     16 831
     24 832
     16 833
     20 834
     19 835
     14 836
     16 837
     15 838
     21 839
     18 840
     18 841
     20 842
     14 843
     17 844
     16 845
     12 846
     15 847
     13 848
     24 849
     13 850
     13 851
     14 852
     11 853
     12 854
     12 855
     16 856
     15 857
     10 858
     14 859
     11 860
     18 861
     11 862
      5 863
     11 864
     10 865
     11 866
     16 867
     15 868
     16 869
     11 870
     14 871
     16 872
      8 873
     12 874
     12 875
     14 876
     11 877
     14 878
     15 879
     20 880
     16 881
     19 882
      9 883
     20 884
     16 885
     12 886
     17 887
     11 888
     14 889
     13 890
     14 891
     14 892
     13 893
     22 894
     19 895
     11 896
     10 897
     11 898
     13 899
      9 900
     24 901
     21 902
     15 903
     18 904
     18 905
     10 906
     18 907
     10 908
     15 909
     18 910
     14 911
     16 912
     10 913
      8 914
     13 915
     14 916
     10 917
      8 918
      8 919
     14 920
     11 921
     13 922
     20 923
     13 924
     11 925
     20 926
     10 927
     11 928
     16 929
     10 930
     14 931
      9 932
     11 933
      9 934
     17 935
      7 936
     13 937
     13 938
      6 939
     12 940
     10 941
     15 942
     10 943
     12 944
     10 945
     10 946
     13 947
     11 948
      9 949
     16 950
      6 951
     13 952
     13 953
     14 954
     12 955
     19 956
     10 957
     20 958
     18 959
     12 960
     16 961
     15 962
      8 963
     14 964
     16 965
     17 966
     14 967
      8 968
     13 969
     11 970
     11 971
     15 972
     16 973
      7 974
     12 975
     11 976
     11 977
      9 978
      7 979
     11 980
     16 981
     12 982
     11 983
      8 984
     12 985
     13 986
     16 987
      7 988
      6 989
     14 990
     17 991
     13 992
     12 993
      9 994
     17 995
      9 996
     12 997
      7 998
     11 999
     13 1000
     16 1001
      6 1002
     13 1003
     15 1004
     16 1005
     10 1006
     15 1007
      9 1008
      9 1009
     13 1010
     11 1011
     13 1012
     10 1013
     10 1014
     13 1015
      8 1016
     18 1017
     10 1018
     13 1019
     10 1020
     13 1021
     11 1022
     14 1023
     15 1024
     11 1025
     11 1026
     11 1027
      8 1028
     12 1029
     14 1030
     15 1031
     12 1032
     12 1033
      9 1034
     13 1035
     10 1036
      8 1037
     12 1038
     13 1039
     13 1040
      6 1041
      9 1042
      9 1043
     13 1044
     13 1045
     13 1046
     11 1047
     16 1048
      9 1049
     13 1050
      8 1051
      6 1052
     14 1053
     10 1054
     12 1055
     10 1056
      9 1057
      8 1058
      8 1059
     16 1060
     11 1061
     12 1062
     15 1063
      8 1064
      9 1065
     12 1066
     15 1067
      8 1068
     13 1069
     15 1070
     13 1071
      8 1072
      9 1073
     15 1074
      7 1075
     17 1076
     13 1077
      9 1078
     15 1079
      9 1080
      6 1081
      9 1082
      5 1083
     15 1084
      6 1085
     20 1086
     12 1087
     19 1088
     16 1089
     10 1090
     12 1091
     12 1092
      6 1093
     11 1094
     10 1095
     10 1096
     10 1097
      9 1098
     13 1099
      9 1100
     13 1101
     12 1102
     14 1103
     12 1104
     13 1105
     19 1106
     15 1107
      8 1108
     13 1109
     14 1110
      7 1111
      9 1112
      9 1113
     15 1114
     14 1115
     19 1116
     15 1117
      9 1118
     13 1119
     10 1120
     15 1121
      9 1122
     20 1123
     17 1124
     14 1125
     12 1126
      9 1127
     18 1128
     10 1129
     13 1130
     14 1131
     17 1132
     15 1133
      9 1134
      9 1135
      8 1136
     16 1137
     13 1138
     14 1139
      9 1140
     11 1141
      9 1142
     17 1143
     16 1144
      8 1145
     14 1146
      8 1147
      9 1148
     13 1149
      6 1150
     13 1151
     10 1152
      9 1153
      9 1154
     12 1155
     16 1156
     15 1157
     18 1158
      8 1159
     15 1160
     16 1161
      9 1162
     11 1163
      9 1164
     13 1165
     11 1166
      9 1167
     10 1168
      5 1169
     12 1170
     10 1171
      5 1172
     11 1173
     14 1174
     12 1175
     13 1176
     11 1177
     15 1178
     18 1179
     14 1180
     13 1181
     14 1182
     15 1183
     19 1184
     13 1185
     15 1186
     19 1187
     10 1188
     14 1189
     15 1190
     15 1191
      9 1192
      7 1193
     10 1194
     15 1195
     14 1196
     10 1197
      7 1198
     10 1199
     14 1200
     11 1201
      7 1202
     12 1203
     13 1204
     12 1205
     10 1206
     11 1207
      9 1208
     10 1209
     10 1210
     11 1211
     11 1212
     16 1213
     11 1214
     11 1215
     11 1216
     16 1217
     10 1218
     17 1219
     14 1220
     16 1221
     11 1222
      9 1223
     10 1224
     15 1225
     13 1226
     10 1227
     14 1228
     17 1229
     12 1230
     21 1231
     13 1232
      9 1233
     13 1234
      8 1235
     13 1236
     13 1237
     12 1238
     16 1239
     13 1240
      8 1241
     18 1242
     12 1243
     11 1244
     14 1245
     22 1246
     15 1247
     11 1248
     12 1249
     16 1250
     17 1251
     19 1252
     13 1253
     14 1254
     11 1255
     12 1256
     14 1257
     11 1258
      6 1259
     14 1260
     18 1261
     10 1262
     12 1263
     19 1264
      8 1265
     15 1266
     12 1267
      2 1268
     11 1269
     12 1270
     15 1271
      9 1272
     15 1273
      6 1274
     14 1275
     13 1276
     11 1277
     15 1278
     18 1279
     15 1280
     12 1281
     14 1282
     15 1283
     12 1284
     14 1285
     15 1286
     16 1287
     15 1288
     10 1289
      7 1290
     11 1291
     10 1292
     15 1293
      8 1294
     12 1295
     15 1296
      7 1297
     11 1298
     16 1299
      9 1300
     15 1301
     12 1302
     15 1303
     14 1304
     17 1305
     11 1306
     13 1307
     17 1308
     11 1309
     14 1310
     13 1311
     15 1312
     15 1313
     16 1314
      7 1315
     16 1316
      9 1317
     19 1318
     10 1319
     11 1320
     19 1321
     13 1322
     14 1323
      9 1324
     16 1325
     18 1326
     11 1327
     17 1328
     13 1329
     15 1330
     11 1331
     18 1332
     17 1333
      9 1334
     12 1335
      8 1336
      5 1337
     11 1338
     11 1339
     12 1340
     13 1341
     16 1342
      6 1343
     14 1344
     18 1345
     19 1346
     16 1347
     12 1348
     11 1349
     10 1350
     12 1351
      5 1352
     12 1353
     15 1354
     13 1355
     14 1356
      8 1357
     12 1358
     11 1359
     22 1360
     15 1361
     11 1362
     12 1363
     17 1364
     16 1365
     13 1366
     19 1367
     17 1368
     22 1369
     21 1370
     16 1371
     12 1372
     14 1373
     20 1374
      5 1375
     19 1376
     13 1377
     17 1378
     19 1379
     12 1380
      9 1381
     11 1382
     22 1383
     14 1384
     14 1385
     18 1386
     12 1387
     11 1388
     14 1389
     21 1390
     18 1391
     15 1392
     18 1393
     17 1394
     18 1395
     19 1396
     11 1397
     13 1398
     16 1399
     18 1400
     18 1401
     12 1402
     11 1403
     14 1404
     19 1405
     14 1406
     18 1407
     15 1408
     16 1409
      7 1410
     16 1411
     21 1412
     15 1413
     17 1414
     20 1415
     21 1416
     22 1417
     20 1418
     22 1419
     26 1420
     20 1421
     16 1422
     16 1423
     17 1424
     20 1425
     20 1426
     11 1427
     12 1428
     12 1429
     26 1430
     16 1431
     12 1432
     15 1433
     21 1434
     20 1435
     17 1436
     26 1437
     23 1438
     14 1439
     26 1440
     18 1441
     18 1442
     23 1443
     26 1444
     19 1445
     21 1446
     20 1447
     24 1448
     24 1449
     23 1450
     11 1451
     19 1452
     24 1453
     21 1454
     20 1455
     18 1456
     22 1457
     19 1458
     20 1459
     20 1460
     30 1461
     28 1462
     18 1463
     18 1464
     19 1465
     24 1466
     24 1467
     24 1468
     27 1469
     11 1470
     21 1471
     16 1472
     26 1473
     27 1474
     20 1475
     18 1476
     15 1477
     13 1478
     15 1479
     20 1480
     13 1481
     17 1482
     19 1483
     25 1484
     21 1485
     18 1486
     17 1487
     20 1488
     15 1489
     12 1490
     22 1491
     21 1492
     17 1493
     13 1494
     14 1495
     23 1496
     24 1497
     20 1498
     16 1499
     21 1500
     21 1501
     23 1502
     22 1503
      6 1504
     22 1505
     20 1506
     12 1507
     20 1508
     22 1509
     24 1510
     20 1511
     24 1512
     18 1513
     22 1514
     29 1515
     12 1516
     14 1517
     12 1518
     20 1519
     16 1520
     22 1521
     22 1522
     12 1523
     14 1524
     22 1525
     17 1526
     19 1527
     15 1528
     13 1529
     19 1530
     17 1531
     20 1532
     21 1533
     15 1534
     20 1535
     22 1536
     17 1537
     15 1538
     23 1539
      7 1540
     14 1541
     13 1542
     18 1543
     21 1544
     11 1545
     14 1546
     16 1547
     12 1548
     12 1549
     12 1550
     14 1551
     10 1552
     17 1553
     13 1554
     21 1555
     12 1556
      9 1557
     13 1558
      2 1559
      8 1560
     15 1561
     17 1562
      8 1563
     10 1564
     11 1565
     12 1566
     13 1567
      8 1568
     10 1569
     14 1570
     15 1571
      5 1572
     11 1573
     11 1574
     10 1575
     24 1576
      9 1577
     15 1578
     11 1579
     13 1580
     11 1581
     12 1582
     13 1583
     10 1584
     10 1585
      3 1586
      6 1587
      8 1588
      4 1589
      8 1590
     13 1591
     17 1592
      8 1593
      8 1594
      7 1595
      8 1596
      9 1597
      5 1598
     15 1599
      6 1600
      8 1601
     12 1602
     12 1603
      9 1604
      7 1605
     10 1606
      6 1607
      5 1608
      8 1609
      7 1610
      5 1611
     10 1612
      5 1613
      9 1614
     13 1615
      6 1616
      6 1617
      7 1618
      7 1619
      5 1620
      9 1621
      9 1622
      8 1623
      2 1624
      4 1625
      5 1626
      8 1627
      6 1628
     10 1629
     10 1630
      7 1631
      8 1632
     11 1633
      3 1634
      7 1635
      5 1636
      6 1637
      3 1638
      5 1639
      3 1640
      3 1641
      3 1642
      5 1643
      6 1644
      4 1645
      2 1646
      5 1647
     12 1648
      7 1649
      1 1650
      6 1651
      4 1652
      5 1653
      5 1654
      5 1655
      6 1656
      3 1657
      6 1658
      2 1659
      2 1660
      6 1661
      4 1662
      3 1663
      2 1664
      4 1665
      2 1666
      6 1667
      7 1668
      2 1669
      6 1670
      9 1671
      2 1672
      5 1673
      4 1674
      3 1675
      4 1676
      5 1677
      3 1678
      2 1679
      1 1680
      1 1681
      4 1682
      3 1683
      6 1684
      4 1685
      1 1686
      5 1687
      3 1688
      1 1690
      2 1691
      3 1692
      3 1694
      2 1695
      2 1696
      6 1697
      2 1698
      3 1699
      2 1700
      2 1701
      3 1702
      2 1703
      2 1706
      3 1707
      4 1708
      6 1709
      2 1710
      3 1711
      1 1712
      1 1713
      1 1714
      2 1715
      2 1716
      1 1717
      3 1718
      2 1719
      3 1720
      1 1721
      7 1722
      1 1723
      1 1724
      3 1726
      3 1727
      2 1728
      2 1729
      2 1730
      5 1732
      2 1733
      3 1734
      1 1735
      1 1736
      3 1737
      1 1739
      3 1740
      1 1741
      4 1742
      2 1743
      1 1746
      1 1747
      2 1749
      2 1750
      1 1751
      1 1752
      3 1755
      2 1756
      1 1757
      1 1758
      4 1759
      1 1761
      1 1763
      2 1764
      1 1765
      1 1766
      2 1768
      6 1769
      1 1770
      1 1772
      2 1773
      1 1774
      3 1775
      1 1776
      1 1777
      2 1778
      1 1780
      1 1782
      2 1783
      1 1784
      1 1786
      2 1787
      3 1789
      1 1790
      2 1791
      3 1792
      1 1795
      1 1796
      2 1797
      2 1798
      1 1799
      1 1800
      1 1801
      1 1802
      1 1804
      1 1805
      1 1810
      1 1811
      1 1813
      1 1816
      1 1821
      3 1822
      1 1825
      1 1831
      1 1832
      1 1833
      1 1834
      2 1835
      2 1838
      2 1839
      1 1842
      1 1843
      1 1845
      1 1850
      1 1853
      1 1856
      1 1857
      1 1858
      1 1859
      1 1860
      1 1861
      1 1863
      2 1866
      1 1872
      1 1873
      1 1874
      4 1876
      1 1877
      1 1879
      1 1880
      1 1881
      1 1885
      1 1888
      1 1889
      1 1893
      1 1895
      1 1896
      1 1897
      1 1905
      1 1908
      1 1914
      1 1917
      1 1919
      2 1920
      1 1921
      2 1924
      1 1927
      2 1929
      1 1932
      1 1937
      2 1943
      1 1946
      1 1954
      3 1955
      1 1957
      1 1959
      1 1963
      1 1967
      1 1969
      1 1971
      1 1972
      1 1973
      1 1975
      1 1978
      1 1980
      1 1983
      1 1987
      1 1991
      2 1994
      1 1995
      1 2002
      1 2003
      1 2014
      1 2015
      2 2018
      1 2020
      1 2032
      1 2033
      1 2034
      1 2042
      1 2051
      2 2052
      2 2057
      1 2058
      1 2065
      1 2066
      1 2072
      1 2075
      1 2082
      1 2094
      1 2095
      1 2101
      1 2107
      1 2110
      1 2115
      1 2153
      1 2158
      1 2159
      1 2182
      1 2189
      1 2210
      1 2220
      1 2222
      2 2227
      1 2229
      1 2236
      1 2242
      1 2248
      1 2257
      1 2269
      1 2334
      1 2348
      1 2349
      1 2364
      1 2381
      1 2421
      1 2425
      1 2431
      1 2436
      1 2457
      1 2459
      1 2496
      1 2499
      1 2503
      1 2566
      1 2588
      1 2668
      1 2669
      1 2693
      1 2711
      1 2719
      1 2729
      1 2737
      1 2769
      1 2777
      1 2959
      1 2984
      1 3153
      1 3196
      1 3208
      1 3215
      1 3232
      1 3258
      1 3948
      1 4038
      1 4258
      1 5604
      1 6424
      1 6749
      1 10266
      1 20548
      1 23606
      1 24209
      1 28559
      1 47172
      1 57055
---AAD-PGBENCH-LAG-US---
  34234 0
  29509 1
  26222 2
  24705 3
  23744 4
  23164 5
  21815 6
  21654 7
  20767 8
  20812 9
  20167 10
  19942 11
  19382 12
  19329 13
  19255 14
  18823 15
  18971 16
  18815 17
  18756 18
  18791 19
  18427 20
  18534 21
  18597 22
  18804 23
  18673 24
  18409 25
  18368 26
  18226 27
  18452 28
  18224 29
  18125 30
  18187 31
  17934 32
  18048 33
  17941 34
  17597 35
  17187 36
  17101 37
  17076 38
  16873 39
  16827 40
  16470 41
  16495 42
  16064 43
  15810 44
  15709 45
  15688 46
  15348 47
  15336 48
  15212 49
  14697 50
  14018 51
  13112 52
  12490 53
  12201 54
  21915 55
  40619 56
  24480 57
  18917 58
  17874 59
  17003 60
  21141 61
  38408 62
  52569 63
  64922 64
  58252 65
  32105 66
  24645 67
  25674 68
  25253 69
  26324 70
  25560 71
  23971 72
  20759 73
  14528 74
  12226 75
  10716 76
   9864 77
   9323 78
   8932 79
   7749 80
   6418 81
   5686 82
   5187 83
   4481 84
   4034 85
   3788 86
   3404 87
   3087 88
   2924 89
   2731 90
   2595 91
   2401 92
   2353 93
   2228 94
   1922 95
   2120 96
   1955 97
   1942 98
   1834 99
   1825 100
   1763 101
   1759 102
   1785 103
   1651 104
   1697 105
   1618 106
   1587 107
   1664 108
   1557 109
   1575 110
   1599 111
   1546 112
   1557 113
   1543 114
   1488 115
   1533 116
   1475 117
   1492 118
   1412 119
   1436 120
   1458 121
   1414 122
   1381 123
   1417 124
   1299 125
   1336 126
   1295 127
   1258 128
   1296 129
   1386 130
   1332 131
   1344 132
   1279 133
   1301 134
   1253 135
   1181 136
   1289 137
   1263 138
   1205 139
   1233 140
   1180 141
   1175 142
   1182 143
   1158 144
   1115 145
   1103 146
   1154 147
   1161 148
   1102 149
   1064 150
   1119 151
   1087 152
    989 153
   1072 154
   1013 155
   1010 156
    981 157
    960 158
   1001 159
    988 160
   1028 161
    965 162
    938 163
    962 164
    910 165
    881 166
    909 167
    936 168
    900 169
    882 170
    881 171
    849 172
    834 173
    853 174
    873 175
    841 176
    766 177
    818 178
    794 179
    776 180
    789 181
    802 182
    768 183
    745 184
    707 185
    726 186
    735 187
    719 188
    688 189
    723 190
    722 191
    671 192
    674 193
    694 194
    680 195
    638 196
    660 197
    600 198
    662 199
    582 200
    607 201
    609 202
    580 203
    612 204
    573 205
    544 206
    539 207
    585 208
    564 209
    522 210
    574 211
    506 212
    581 213
    524 214
    514 215
    502 216
    424 217
    471 218
    498 219
    469 220
    445 221
    442 222
    471 223
    460 224
    449 225
    413 226
    426 227
    409 228
    404 229
    394 230
    426 231
    378 232
    392 233
    390 234
    371 235
    376 236
    373 237
    365 238
    332 239
    365 240
    375 241
    356 242
    354 243
    338 244
    323 245
    313 246
    331 247
    316 248
    344 249
    333 250
    333 251
    313 252
    299 253
    304 254
    286 255
    263 256
    255 257
    246 258
    262 259
    272 260
    237 261
    257 262
    263 263
    241 264
    255 265
    235 266
    252 267
    254 268
    225 269
    238 270
    235 271
    262 272
    206 273
    225 274
    200 275
    226 276
    186 277
    182 278
    211 279
    176 280
    201 281
    173 282
    167 283
    182 284
    182 285
    158 286
    184 287
    181 288
    169 289
    156 290
    167 291
    166 292
    187 293
    159 294
    141 295
    168 296
    161 297
    170 298
    137 299
    147 300
    145 301
    142 302
    130 303
    139 304
    108 305
    149 306
    124 307
    121 308
    110 309
    120 310
    125 311
    132 312
    114 313
    130 314
    118 315
    112 316
    110 317
    113 318
     91 319
    112 320
    149 321
     98 322
     99 323
    107 324
    107 325
     99 326
     93 327
    117 328
    103 329
     93 330
     75 331
     99 332
     89 333
     93 334
     90 335
     86 336
     81 337
     88 338
     95 339
     83 340
     77 341
     80 342
     72 343
     75 344
     85 345
     86 346
     79 347
     91 348
     73 349
     61 350
     70 351
     64 352
     69 353
     78 354
     82 355
     72 356
     57 357
     69 358
     80 359
     65 360
     60 361
     60 362
     69 363
     55 364
     58 365
     61 366
     63 367
     58 368
     59 369
     61 370
     54 371
     58 372
     63 373
     42 374
     40 375
     49 376
     56 377
     49 378
     53 379
     50 380
     57 381
     48 382
     43 383
     47 384
     46 385
     40 386
     38 387
     46 388
     35 389
     46 390
     50 391
     56 392
     46 393
     50 394
     48 395
     49 396
     38 397
     47 398
     32 399
     37 400
     38 401
     37 402
     34 403
     49 404
     49 405
     36 406
     59 407
     29 408
     38 409
     37 410
     38 411
     34 412
     40 413
     48 414
     21 415
     46 416
     44 417
     34 418
     42 419
     31 420
     33 421
     34 422
     34 423
     41 424
     31 425
     29 426
     28 427
     34 428
     26 429
     34 430
     39 431
     26 432
     34 433
     37 434
     30 435
     41 436
     27 437
     32 438
     45 439
     31 440
     29 441
     26 442
     33 443
     29 444
     29 445
     17 446
     32 447
     22 448
     40 449
     41 450
     40 451
     26 452
     30 453
     24 454
     27 455
     32 456
     27 457
     32 458
     26 459
     21 460
     24 461
     28 462
     20 463
     19 464
     30 465
     26 466
     28 467
     24 468
     23 469
     35 470
     29 471
     18 472
     29 473
     21 474
     21 475
     19 476
     39 477
     25 478
     23 479
     27 480
     30 481
     24 482
     18 483
     14 484
     24 485
     28 486
     25 487
     23 488
     23 489
     31 490
     14 491
     24 492
     27 493
     33 494
     20 495
     18 496
     22 497
     28 498
     22 499
     26 500
     13 501
     22 502
     18 503
     20 504
     17 505
     18 506
     20 507
     24 508
     26 509
     19 510
     23 511
     20 512
     16 513
     20 514
     21 515
     21 516
     21 517
     21 518
     30 519
     26 520
     15 521
     17 522
     23 523
     20 524
     28 525
     17 526
     23 527
     17 528
     17 529
     18 530
     13 531
      8 532
     18 533
     26 534
     23 535
     14 536
     25 537
     20 538
     21 539
     16 540
     26 541
     29 542
     22 543
     19 544
     18 545
     24 546
     12 547
     17 548
     19 549
     26 550
     24 551
     18 552
     24 553
     11 554
     17 555
     14 556
     19 557
     14 558
     11 559
     17 560
     11 561
     13 562
     14 563
     17 564
     17 565
     16 566
     15 567
     14 568
     16 569
     18 570
     23 571
     14 572
     18 573
     20 574
      6 575
     14 576
     14 577
     22 578
      9 579
     26 580
     11 581
     18 582
     21 583
     20 584
     17 585
     14 586
     16 587
     14 588
     10 589
     16 590
      9 591
     13 592
     17 593
     10 594
     16 595
     17 596
     14 597
      7 598
     13 599
     13 600
     13 601
     13 602
     17 603
     11 604
     15 605
     11 606
     15 607
     10 608
      7 609
     15 610
      8 611
      9 612
     12 613
     20 614
     15 615
     11 616
     14 617
      8 618
     17 619
     11 620
     18 621
     17 622
     11 623
      9 624
     11 625
     17 626
      6 627
     20 628
     11 629
     14 630
     16 631
     12 632
     13 633
     18 634
     12 635
     15 636
     19 637
     21 638
     13 639
     12 640
     12 641
     14 642
     18 643
     14 644
     18 645
     11 646
     15 647
     18 648
     11 649
     14 650
     17 651
     16 652
     20 653
      9 654
      9 655
     15 656
     16 657
      6 658
     22 659
     10 660
     10 661
     14 662
     13 663
     10 664
      7 665
     19 666
     15 667
      9 668
     10 669
     14 670
     13 671
     12 672
     17 673
     11 674
     15 675
     13 676
     16 677
      7 678
     14 679
     16 680
     20 681
     10 682
     14 683
     16 684
     12 685
     14 686
      9 687
      8 688
      5 689
     10 690
     12 691
     10 692
     11 693
     13 694
     17 695
     14 696
     12 697
      8 698
     17 699
      7 700
      9 701
      7 702
     17 703
     19 704
     12 705
     17 706
     17 707
     11 708
     17 709
     19 710
     14 711
      9 712
     13 713
     11 714
     14 715
     11 716
     16 717
     11 718
     11 719
     13 720
      8 721
      9 722
     12 723
     13 724
     13 725
     11 726
     11 727
      8 728
     15 729
     14 730
     15 731
     11 732
     14 733
     12 734
      8 735
     14 736
     10 737
     12 738
      6 739
      8 740
     17 741
     10 742
      9 743
      9 744
     15 745
      4 746
     11 747
     13 748
     11 749
     10 750
     13 751
      9 752
     13 753
     10 754
     14 755
     11 756
     10 757
     14 758
     13 759
      8 760
      7 761
     13 762
     14 763
      8 764
     16 765
     17 766
      8 767
     15 768
     17 769
      8 770
     16 771
     14 772
     15 773
     17 774
     15 775
     18 776
      7 777
     12 778
      9 779
     12 780
     10 781
     13 782
     11 783
     12 784
     12 785
      8 786
     17 787
      9 788
     14 789
     10 790
      8 791
     11 792
     10 793
     10 794
      8 795
     11 796
     10 797
     14 798
     10 799
     18 800
      9 801
      9 802
      9 803
      9 804
      8 805
      7 806
     11 807
      7 808
      7 809
      5 810
     14 811
     12 812
     12 813
     14 814
     11 815
      5 816
     10 817
     17 818
      6 819
      8 820
      5 821
     10 822
     12 823
     14 824
      9 825
      9 826
      7 827
     12 828
      8 829
      9 830
     10 831
     14 832
      6 833
     11 834
      9 835
      7 836
     11 837
     10 838
     14 839
      7 840
     12 841
     13 842
     10 843
     10 844
     10 845
     17 846
      4 847
     14 848
     10 849
      8 850
      9 851
      8 852
     11 853
     11 854
      8 855
     11 856
      5 857
      7 858
     12 859
     11 860
      9 861
     18 862
     11 863
     10 864
      8 865
     18 866
     14 867
     12 868
      7 869
      8 870
      6 871
      3 872
      8 873
      8 874
     10 875
      8 876
     11 877
     11 878
     12 879
      8 880
     10 881
     11 882
     13 883
      7 884
      9 885
      8 886
     10 887
     13 888
      8 889
     12 890
     10 891
      9 892
      7 893
      9 894
      7 895
      7 896
      7 897
     11 898
     13 899
      8 900
     15 901
      6 902
     12 903
     11 904
     16 905
      8 906
     10 907
     12 908
     10 909
     11 910
     14 911
     10 912
      9 913
     11 914
      6 915
     14 916
     10 917
     15 918
     13 919
     11 920
     13 921
      9 922
      5 923
     10 924
     12 925
      9 926
     13 927
     13 928
     17 929
      8 930
      9 931
      9 932
     11 933
     11 934
      5 935
     11 936
      7 937
      8 938
     14 939
     12 940
     13 941
     12 942
     13 943
     10 944
     10 945
      8 946
     11 947
     12 948
      5 949
      9 950
     11 951
     10 952
      6 953
     12 954
      8 955
      9 956
     11 957
      7 958
     10 959
      9 960
     10 961
     12 962
      9 963
      8 964
     11 965
     10 966
     13 967
     12 968
     14 969
      6 970
      9 971
     15 972
      7 973
     11 974
      6 975
      7 976
      7 977
      7 978
     12 979
      6 980
      8 981
      7 982
      5 983
      6 984
      8 985
     10 986
     10 987
     12 988
      7 989
     13 990
      6 991
     14 992
      6 993
     11 994
      9 995
      3 996
     11 997
     11 998
      5 999
      6 1000
      5 1001
     13 1002
     10 1003
      6 1004
     15 1005
     10 1006
     10 1007
      6 1008
      8 1009
     11 1010
      8 1011
     13 1012
      9 1013
      5 1014
      8 1015
      4 1016
      9 1017
     12 1018
      5 1019
      7 1020
      8 1021
     11 1022
     14 1023
      7 1024
      8 1025
     10 1026
     10 1027
     11 1028
     10 1029
     13 1030
      6 1031
     10 1032
      3 1033
      5 1034
      5 1035
      6 1036
      4 1037
      6 1038
      7 1039
      8 1040
      6 1041
      8 1042
      9 1043
      3 1044
      5 1045
      7 1046
      8 1047
      7 1048
      3 1049
      9 1050
     12 1051
      7 1052
      5 1053
      5 1054
      8 1055
      7 1056
      7 1057
     10 1058
     10 1059
      8 1060
      7 1061
     11 1062
      7 1063
      7 1064
     10 1065
      4 1066
      7 1067
      9 1068
      3 1069
      5 1070
      9 1071
      4 1072
      7 1073
     15 1074
     12 1075
      4 1076
      6 1077
      4 1078
      3 1079
      7 1080
     12 1081
     10 1082
      6 1083
      4 1084
      5 1085
      1 1086
      7 1087
      4 1088
      6 1089
      7 1090
      7 1091
     15 1092
      8 1093
      4 1094
      8 1095
     11 1096
      2 1097
     11 1098
      6 1099
     10 1100
     10 1101
      6 1102
      9 1103
      6 1104
      6 1105
      3 1106
      7 1107
      1 1108
      8 1109
     11 1110
      3 1111
      2 1112
      8 1113
      7 1114
      5 1115
      7 1116
      7 1117
      9 1118
      5 1119
      5 1120
      8 1121
     11 1122
     11 1123
      7 1124
      7 1125
      9 1126
      8 1127
      6 1128
      4 1129
      7 1130
      9 1131
      9 1132
      9 1133
     11 1134
     12 1135
      5 1136
      7 1137
      5 1138
      9 1139
      9 1140
      6 1141
      9 1142
      8 1143
      9 1144
      6 1145
      6 1146
     11 1147
      2 1148
      4 1149
      6 1150
      5 1151
      1 1152
      7 1153
      9 1154
      7 1155
      8 1156
      7 1157
      5 1158
      4 1159
      7 1160
     12 1161
     10 1162
      3 1163
      2 1164
      4 1166
      5 1167
      7 1168
      9 1169
      2 1170
      6 1171
      6 1172
      7 1173
      4 1174
      6 1175
      8 1176
      7 1177
      2 1178
      3 1179
      1 1180
      5 1181
      8 1182
      6 1183
      8 1184
      3 1185
      5 1186
      7 1187
      4 1188
      3 1189
      6 1190
      4 1191
      5 1192
      7 1193
      3 1194
      4 1195
      4 1196
      5 1197
      7 1198
      9 1199
      6 1200
      6 1201
      9 1202
      2 1203
      2 1204
      3 1205
      1 1206
      1 1207
      7 1208
      3 1209
      5 1210
      6 1211
      2 1212
      4 1213
      2 1214
      5 1215
      4 1216
      4 1217
      3 1218
      6 1219
      9 1220
      2 1221
      6 1222
      7 1223
      2 1224
      3 1225
      2 1226
      4 1227
      6 1228
      8 1229
      7 1230
      2 1231
      6 1232
      3 1233
      4 1234
      4 1235
      2 1236
      4 1237
      5 1238
      5 1239
      2 1240
      3 1241
      1 1242
      5 1243
      8 1244
      3 1245
      1 1246
      3 1247
      5 1248
      2 1249
      7 1250
      3 1251
      2 1252
      4 1253
      3 1254
      5 1255
      4 1256
      3 1257
      2 1258
      3 1259
      7 1260
      5 1261
      4 1262
      5 1263
      2 1264
      3 1265
      8 1266
      7 1267
      5 1268
      2 1269
      2 1270
      3 1271
      2 1272
      4 1273
      3 1274
      1 1275
      2 1276
      3 1277
      2 1278
      8 1279
      3 1280
      4 1281
      1 1282
      5 1283
      2 1284
      3 1285
      4 1286
      3 1287
      4 1288
      4 1289
     10 1290
      4 1291
      3 1292
      3 1293
      2 1294
      2 1295
      2 1296
      1 1297
      6 1298
      3 1299
      3 1300
      5 1301
      3 1302
      3 1303
      4 1304
      2 1305
      9 1306
      3 1307
      2 1308
      2 1309
      1 1310
      4 1311
      1 1312
      1 1313
      3 1314
      2 1315
      5 1316
      4 1317
      2 1318
      2 1319
      1 1320
      6 1321
      4 1322
      5 1323
      4 1324
      2 1325
      2 1326
      7 1327
      3 1328
      2 1329
      4 1330
      1 1331
      4 1332
      2 1333
      3 1334
      3 1335
      2 1336
      3 1337
      1 1338
      2 1339
      2 1340
      2 1341
      2 1342
      5 1343
      4 1344
      2 1345
      3 1346
      3 1347
      1 1348
      2 1349
      2 1350
      6 1352
      2 1353
      1 1354
      3 1355
      1 1356
      2 1357
      2 1358
      5 1359
      3 1360
      4 1361
      2 1362
      2 1363
      2 1364
      3 1365
      4 1366
      2 1367
      1 1368
      1 1369
      4 1370
      3 1371
      3 1372
      1 1373
      3 1374
      3 1375
      3 1376
      4 1377
      2 1378
      2 1379
      1 1380
      5 1381
      2 1382
      2 1383
      6 1384
      6 1385
      2 1386
      2 1387
      2 1388
      2 1389
      5 1390
      1 1392
      1 1393
      1 1394
      1 1395
      1 1396
      1 1397
      2 1399
      1 1400
      3 1401
      2 1403
      4 1405
      1 1406
      2 1407
      2 1408
      2 1409
      3 1410
      1 1411
      2 1412
      2 1413
      4 1415
      2 1416
      1 1418
      3 1419
      2 1420
      3 1421
      2 1423
      2 1424
      1 1425
      3 1426
      2 1427
      4 1428
      2 1429
      1 1431
      3 1432
      4 1433
      2 1434
      1 1435
      3 1436
      2 1437
      4 1438
      3 1440
      1 1441
      1 1442
      1 1444
      1 1445
      3 1446
      1 1447
      4 1449
      4 1450
      2 1452
      1 1453
      2 1454
      4 1455
      1 1456
      1 1457
      2 1458
      2 1459
      1 1460
      2 1462
      3 1464
      1 1465
      1 1466
      2 1467
      2 1468
      1 1469
      2 1470
      2 1471
      2 1472
      1 1474
      3 1475
      3 1476
      1 1477
      1 1478
      1 1479
      2 1480
      1 1482
      1 1485
      2 1486
      3 1489
      1 1490
      4 1492
      3 1493
      2 1494
      3 1496
      2 1498
      1 1499
      1 1501
      2 1502
      1 1503
      1 1504
      1 1506
      1 1507
      1 1508
      1 1509
      4 1511
      3 1512
      3 1513
      1 1515
      1 1517
      1 1518
      1 1519
      1 1522
      3 1525
      1 1526
      1 1527
      2 1528
      3 1529
      1 1533
      1 1534
      1 1535
      2 1537
      1 1539
      1 1541
      2 1542
      1 1546
      1 1548
      1 1551
      2 1552
      2 1554
      2 1555
      1 1557
      1 1559
      3 1560
      3 1562
      1 1563
      3 1564
      1 1566
      2 1567
      1 1568
      1 1569
      1 1570
      1 1573
      2 1574
      2 1575
      2 1576
      2 1577
      1 1578
      2 1579
      1 1581
      2 1582
      3 1584
      2 1585
      2 1586
      2 1589
      2 1590
      1 1591
      1 1593
      1 1595
      1 1597
      2 1598
      1 1600
      1 1602
      1 1603
      1 1604
      1 1606
      4 1608
      1 1610
      3 1611
      1 1613
      1 1617
      1 1618
      2 1621
      1 1622
      1 1627
      1 1631
      2 1637
      1 1638
      1 1641
      1 1644
      2 1647
      3 1650
      2 1651
      2 1653
      2 1655
      2 1659
      3 1665
      1 1668
      2 1669
      3 1671
      1 1674
      1 1677
      1 1678
      1 1687
      1 1689
      3 1690
      1 1691
      1 1695
      1 1699
      1 1700
      1 1701
      2 1702
      1 1708
      1 1709
      1 1710
      3 1712
      1 1713
      2 1716
      1 1717
      1 1720
      1 1721
      1 1724
      1 1726
      1 1729
      2 1731
      1 1732
      1 1737
      1 1740
      2 1743
      2 1744
      1 1746
      1 1747
      1 1750
      3 1751
      2 1752
      1 1754
      1 1755
      1 1757
      2 1759
      1 1760
      1 1762
      1 1764
      1 1765
      1 1771
      1 1773
      2 1779
      2 1785
      1 1798
      1 1800
      1 1801
      2 1802
      1 1803
      1 1805
      1 1807
      1 1816
      1 1827
      1 1832
      1 1836
      2 1839
      1 1842
      2 1845
      1 1856
      2 1857
      1 1858
      2 1860
      1 1864
      1 1870
      2 1871
      2 1873
      1 1876
      3 1884
      1 1888
      1 1890
      1 1892
      1 1895
      1 1904
      1 1905
      1 1909
      1 1920
      1 1928
      1 1934
      1 1942
      1 1946
      1 1947
      1 1948
      1 1956
      1 1958
      2 1964
      1 1972
      1 1974
      1 1978
      1 1987
      1 1995
      3 2017
      1 2041
      1 2053
      1 2059
      1 2067
      1 2081
      1 2089
      1 2097
      1 2108
      1 2110
      1 2113
      1 2125
      1 2140
      1 2147
      1 2185
      1 2186
      1 2191
      1 2200
      1 2217
      1 2255
      2 2261
      1 2282
      1 2285
      1 2303
      1 2308
      1 2311
      1 2324
      1 2328
      1 2369
      1 2375
      1 2389
      1 2393
      1 2415
      1 2425
      1 2435
      1 2445
      1 2464
      1 2469
      1 2534
      1 2587
      1 2606
      1 2608
      1 2635
      1 2650
      1 2653
      1 2689
      1 2721
      1 2748
      1 2788
      1 2796
      1 2841
      1 2849
      1 2861
      1 2885
      1 2890
      1 2917
      1 2941
      1 2951
      1 3010
      1 3014
      1 3032
      1 3091
      1 3092
      1 3142
      1 3152
      1 3172
      1 3178
      1 3227
      1 3235
      1 3244
      1 3249
      1 3257
      1 3342
      1 3391
      1 3399
      1 3450
      1 3456
      1 3472
      1 3493
      1 3496
      1 3625
      1 3632
      1 3654
      1 3660
      1 3698
      1 3733
      1 3740
      1 3768
      1 3816
      1 3870
      1 3878
      1 3901
      1 3930
      1 3933
      1 3936
      1 3941
      1 3948
      1 3967
      2 3975
      1 3995
      1 4043
      1 4061
      1 4065
      1 4072
      1 4095
      2 4131
      1 4141
      1 4169
      1 4176
      1 4184
      1 4200
      1 4222
      1 4225
      1 4228
      1 4238
      1 4243
      1 4259
      1 4263
      1 4264
      1 4276
      1 4284
      1 4333
      1 4341
      1 4349
      1 4390
      1 4391
      1 4409
      1 4421
      1 4432
      1 4441
      1 4443
      1 4457
      1 4474
      1 4487
      1 4527
      1 4532
      1 4540
      1 4562
      1 4579
      1 4586
      1 4633
      1 4683
      1 4715
      1 4718
      1 4730
      1 4737
      1 4762
      1 4767
      1 4769
      1 4937
      2 4944
      1 4991
      1 4998
      1 5023
      1 5051
      1 5063
      1 5066
      1 5087
      2 5184
      1 5191
      1 5194
      1 5195
      1 5200
      1 5220
      1 5265
      1 5268
      1 5276
      1 5321
      1 5370
      1 5396
      1 5407
      1 5434
      1 5445
      1 5463
      1 5479
      1 5486
      1 5492
      1 5504
      1 5507
      1 5518
      1 5524
      2 5547
      1 5611
      1 5672
      1 5705
      1 5721
      1 5753
      1 5788
      1 5792
      1 5795
      1 5815
      1 5820
      1 5854
      1 5878
      1 5891
      1 5917
      1 5929
      1 5965
      1 6047
      1 6061
      1 6075
      1 6079
      1 6084
      2 6085
      1 6113
      1 6115
      1 6127
      1 6178
      1 6220
      1 6234
      1 6238
      1 6246
      1 6247
      1 6282
      1 6286
      1 6396
      1 6431
      1 6459
      1 6481
      1 6494
      1 6509
      1 6580
      1 6585
      1 6588
      1 6623
      1 6668
      1 6720
      1 6755
      1 6784
      2 6846
      1 6848
      1 6854
      1 7001
      1 7010
      1 7026
      1 7076
      1 7158
      1 7166
      1 7206
      1 7290
      1 7422
      1 7624
      1 7675
      1 7746
      1 7761
      1 7909
      1 7923
      1 7944
      1 7978
      1 8012
      1 8045
      1 8051
      1 8053
      1 8161
      1 8164
      1 8167
      1 8266
      1 8302
      1 8375
      1 8430
      1 8576
      1 8613
      1 8634
      1 8672
      1 8693
      1 8694
      1 8734
      1 8856
      1 8875
      1 8889
      1 8907
      1 8979
      1 9183
      1 9204
      1 9310
      1 9374
      1 9502
      1 9660
      1 9758
      1 9869
      1 9881
      1 9961
      1 10129
      1 10288
      1 10358
      1 10429
      1 10437
      1 10469
      1 10522
      1 10612
      1 10808
      1 10844
      1 10862
      1 11142
      1 11217
      1 11444
      1 11483
      1 11499
      1 11521
      1 11528
      1 11544
      1 11562
      1 11759
      1 11832
      1 11888
      1 11984
      1 12064
      1 12090
      1 12111
      1 12151
      1 12175
      2 12225
      1 12370
      1 12460
      1 12515
      1 12550
      1 12577
      1 12583
      1 12635
      1 12639
      1 12738
      1 12772
      1 12830
      1 12921
      1 13010
      1 13111
      1 13246
      1 13434
      1 13546
      1 13674
      1 13693
      1 14094
      1 14110
      1 14116
      1 14197
      1 14199
      1 14218
      1 14234
      1 14291
      1 14316
      1 14344
      1 14393
      1 14402
      1 14414
      1 14539
      1 14599
      1 14614
      1 14721
      1 14801
      1 14882
      1 14932
      1 14973
      1 15037
      1 15084
      1 15214
      1 15304
      1 15478
      1 15554
      1 15658
      1 15777
      1 15894
      1 15954
      1 16092
      1 16148
      1 16237
      1 16263
      1 16281
      1 16550
      1 16781
      1 16973
      1 17064
      1 17083
      1 17176
      1 17295
      1 17524
      1 17562
      1 17596
      1 17685
      1 17706
      1 17771
      1 17899
      1 18101
      1 18103
      1 18264
      1 18280
      1 18338
      1 18397
      1 18429
      1 18628
      1 18683
      1 18713
      1 18759
      1 18772
      1 18959
      1 19117
      1 19195
      1 19254
      1 19291
      1 19362
      1 19478
      1 19551
      1 19552
      1 19605
      1 19763
      1 19828
      1 20107
      1 20121
      1 20137
      1 20273
      1 20291
      1 20292
      1 20329
      1 20391
      1 20560
      1 20578
      1 20599
      1 20603
      1 21043
      1 21102
      1 21197
      1 21265
      1 21349
      1 21482
      1 21570
      1 21667
      1 21705
      1 21717
      1 21807
      1 21867
      1 21877
      1 21969
      1 22022
      1 22225
      1 22331
      1 22414
      1 22425
      1 22469
      1 22504
      1 22515
      1 22519
      1 22610
      1 22619
      1 22700
      1 22738
      1 22758
      1 22787
      1 22795
      1 22808
      1 23031
      1 23110
      1 23186
      1 23243
      1 23274
      1 23556
      1 23612
      1 23669
      1 23719
      1 23826
      1 24058
      1 24223
      1 24425
      1 24442
      2 24619
      1 24746
      1 24839
      1 25066
      1 25087
      1 25248
      1 25448
      1 25453
      1 25480
      1 25928
      1 25971
      1 26032
      1 26467
      1 26689
      1 27016
      1 27091
      1 27192
      1 27209
      1 27369
      1 27535
      1 27558
      1 27637
      1 27754
      1 27939
      1 28078
      1 28437
      1 28463
      1 28697
      1 28889
      1 28977
      1 29056
      1 29377
      1 29472
      1 29649
      1 29709
      1 29830
      1 29947
      1 30323
      1 30396
      1 30437
      1 30819
      1 30893
      1 30959
      1 30963
      1 30968
      1 30971
      1 30974
      1 31044
      1 31314
      1 31529
      1 31601
      1 31673
      1 31700
      1 31710
      1 31975
      1 32031
      1 32041
      1 32077
      1 32172
      1 32461
      1 32625
      1 32704
      1 32782
      1 32802
      1 33020
      1 33052
      1 33362
      1 33514
      1 33568
      1 33904
      1 34421
      1 34464
      1 34481
      1 34585
      1 34648
      1 34789
      1 34849
      1 34908
      1 34912
      1 35018
      1 35045
      1 35053
      1 35163
      1 35164
      1 35403
      1 35501
      1 35754
      1 35846
      1 35860
      1 35890
      1 35903
      1 35907
      1 35933
      1 35957
      1 35964
      1 35976
      1 36230
      1 36345
      1 36373
      1 36446
      1 36604
      1 36625
      1 36654
      1 37053
      1 37087
      1 37101
      1 37121
      2 37141
      1 37211
      1 37219
      1 37336
      1 37358
      1 37516
      1 37617
      1 37776
      1 38074
      1 38129
      1 38266
      1 38360
      1 38376
      1 38438
      1 38443
      1 38467
      1 38543
      1 38671
      1 38743
      1 38761
      1 38832
      1 38881
      1 38915
      1 38986
      1 39086
      1 39484
      1 39620
      1 39638
      1 39679
      1 39695
      1 39734
      1 39735
      1 39791
      1 40010
      1 40083
      1 40235
      1 40354
      1 40379
      1 40805
      1 40821
      1 40826
      1 40844
      1 41092
      1 41379
      1 41400
      2 41455
      1 41478
      1 41506
      1 41599
      1 41687
      1 41926
      1 41983
      1 42061
      1 42094
      1 42155
      1 42196
      1 42243
      1 42252
      1 42344
      1 42396
      1 42407
      1 42431
      1 42563
      1 42773
      1 42796
      1 42855
      1 43119
      1 43359
      1 43436
      1 43568
      1 43669
      1 43758
      1 43918
      1 43931
      1 43973
      1 43980
      1 44298
      1 44380
      1 44897
      1 44969
      1 45108
      1 45363
      1 45432
      1 45754
      1 47858
      1 48157
