pgbench (18.6 (Debian 18.6-1.pgdg13+2))
starting vacuum...end.
transaction type: <builtin: select only>
scaling factor: 1000
query mode: simple
number of clients: 256
number of threads: 16
maximum number of tries: 1
duration: 60 s
number of transactions actually processed: 12871375
number of failed transactions: 0 (0.000%)
latency average = 1.189 ms
initial connection time = 447.105 ms
tps = 215309.625743 (without initial connection time)
---AAD-PGBENCH-LATENCY-US---
rc=0
samples=257828
      1 146
      1 149
      1 153
      1 156
      1 160
      1 167
      2 169
      1 170
      1 171
      2 172
      3 174
      1 176
      3 177
      2 180
      2 181
      3 182
      2 183
      1 184
      1 185
      2 186
      4 187
      1 188
      6 189
      6 190
      2 191
      6 192
      7 193
      5 194
     11 195
      9 196
     11 197
      8 198
      6 199
      4 200
      2 201
      9 202
      9 203
      8 204
     11 205
      8 206
     14 207
     14 208
     11 209
     21 210
     14 211
     10 212
      9 213
     14 214
      9 215
     12 216
     13 217
     14 218
      7 219
     13 220
     11 221
     10 222
     12 223
     12 224
      6 225
     10 226
      7 227
     10 228
      6 229
     10 230
      8 231
     10 232
     11 233
      3 234
     11 235
     11 236
     14 237
      6 238
     13 239
     11 240
      9 241
      6 242
      7 243
      4 244
     15 245
     12 246
     16 247
     11 248
     11 249
     10 250
     12 251
     15 252
     20 253
      8 254
     12 255
     16 256
     22 257
     14 258
     15 259
     21 260
     20 261
     27 262
     29 263
     38 264
     41 265
     27 266
     42 267
     38 268
     41 269
     40 270
     41 271
     43 272
     37 273
     43 274
     38 275
     58 276
     54 277
     31 278
     44 279
     35 280
     37 281
     44 282
     31 283
     37 284
     34 285
     37 286
     34 287
     39 288
     31 289
     31 290
     31 291
     40 292
     20 293
     29 294
     19 295
     19 296
     22 297
     26 298
     13 299
     31 300
     19 301
     18 302
     22 303
     12 304
     16 305
     21 306
     20 307
     27 308
     27 309
     23 310
     15 311
     19 312
     19 313
     28 314
     19 315
     21 316
     16 317
     23 318
     30 319
     27 320
     37 321
     40 322
     32 323
     21 324
     30 325
     45 326
     43 327
     48 328
     50 329
     38 330
     48 331
     48 332
     59 333
     68 334
     63 335
     71 336
     59 337
     68 338
     75 339
     64 340
     80 341
     73 342
     78 343
     73 344
     87 345
     73 346
     75 347
     72 348
     80 349
     68 350
     69 351
     70 352
     56 353
     65 354
     62 355
     62 356
     41 357
     57 358
     37 359
     52 360
     45 361
     51 362
     43 363
     38 364
     25 365
     38 366
     48 367
     28 368
     31 369
     35 370
     30 371
     29 372
     32 373
     33 374
     37 375
     28 376
     28 377
     36 378
     29 379
     25 380
     32 381
     33 382
     28 383
     31 384
     34 385
     28 386
     33 387
     29 388
     39 389
     33 390
     37 391
     41 392
     44 393
     48 394
     45 395
     54 396
     56 397
     48 398
     61 399
     69 400
     58 401
     70 402
     63 403
     63 404
     74 405
     66 406
     85 407
     85 408
     90 409
     97 410
     98 411
     86 412
     97 413
     99 414
    101 415
    104 416
     89 417
     80 418
     76 419
     72 420
     79 421
     61 422
     62 423
     72 424
     60 425
     62 426
     55 427
     73 428
     53 429
     73 430
     51 431
     56 432
     45 433
     46 434
     50 435
     46 436
     46 437
     52 438
     37 439
     45 440
     28 441
     38 442
     35 443
     37 444
     43 445
     43 446
     36 447
     42 448
     44 449
     42 450
     34 451
     38 452
     46 453
     37 454
     42 455
     43 456
     29 457
     39 458
     57 459
     40 460
     45 461
     51 462
     54 463
     60 464
     62 465
     67 466
     51 467
     59 468
     56 469
     75 470
     61 471
     72 472
     72 473
     91 474
     76 475
     79 476
     98 477
     91 478
    102 479
     90 480
    108 481
     83 482
     96 483
     88 484
    114 485
     97 486
     90 487
     81 488
     75 489
     67 490
     73 491
     70 492
     72 493
     68 494
     67 495
     81 496
     56 497
     61 498
     81 499
     63 500
     80 501
     60 502
     65 503
     49 504
     54 505
     49 506
     54 507
     58 508
     48 509
     57 510
     52 511
     36 512
     52 513
     47 514
     43 515
     48 516
     44 517
     50 518
     50 519
     58 520
     50 521
     46 522
     52 523
     68 524
     47 525
     58 526
     60 527
     50 528
     69 529
     58 530
     68 531
     60 532
     61 533
     62 534
     62 535
     60 536
     73 537
     75 538
     79 539
     66 540
     91 541
     95 542
     86 543
     90 544
     84 545
     94 546
    104 547
    115 548
     99 549
     96 550
     98 551
    116 552
    113 553
     91 554
     89 555
     74 556
     79 557
     87 558
     84 559
     78 560
     88 561
     91 562
    104 563
     88 564
     70 565
     74 566
     72 567
     82 568
     66 569
     62 570
     81 571
     66 572
     80 573
     76 574
     81 575
     69 576
     81 577
     71 578
     72 579
     73 580
     54 581
     69 582
     79 583
     67 584
     71 585
     76 586
     68 587
     76 588
     77 589
     75 590
     88 591
     87 592
     80 593
     80 594
     95 595
     84 596
     98 597
     93 598
     92 599
     66 600
     87 601
     92 602
     82 603
    101 604
     94 605
    106 606
    102 607
    125 608
    122 609
    116 610
    136 611
    132 612
    113 613
    123 614
    116 615
    116 616
    152 617
    138 618
    138 619
    135 620
    139 621
    146 622
    132 623
    146 624
    116 625
    136 626
    112 627
    141 628
    124 629
    136 630
    121 631
     95 632
    114 633
    125 634
    132 635
    117 636
    119 637
    115 638
    122 639
    131 640
    122 641
    132 642
    136 643
    118 644
    125 645
    120 646
    124 647
    125 648
    118 649
    132 650
    137 651
    115 652
    135 653
    113 654
    132 655
    155 656
    127 657
    147 658
    153 659
    167 660
    177 661
    150 662
    141 663
    146 664
    127 665
    168 666
    162 667
    173 668
    167 669
    136 670
    145 671
    171 672
    196 673
    142 674
    162 675
    197 676
    180 677
    196 678
    205 679
    192 680
    186 681
    219 682
    188 683
    210 684
    216 685
    179 686
    208 687
    193 688
    184 689
    205 690
    179 691
    192 692
    204 693
    242 694
    209 695
    207 696
    220 697
    207 698
    239 699
    209 700
    199 701
    218 702
    209 703
    216 704
    215 705
    207 706
    204 707
    217 708
    172 709
    224 710
    218 711
    212 712
    198 713
    216 714
    232 715
    213 716
    228 717
    222 718
    190 719
    219 720
    240 721
    218 722
    212 723
    229 724
    232 725
    226 726
    240 727
    239 728
    210 729
    222 730
    232 731
    236 732
    259 733
    254 734
    247 735
    257 736
    267 737
    259 738
    288 739
    257 740
    255 741
    295 742
    286 743
    309 744
    291 745
    293 746
    238 747
    301 748
    299 749
    273 750
    274 751
    309 752
    312 753
    307 754
    308 755
    301 756
    327 757
    325 758
    329 759
    324 760
    298 761
    323 762
    328 763
    287 764
    308 765
    303 766
    303 767
    327 768
    278 769
    301 770
    317 771
    290 772
    308 773
    304 774
    322 775
    305 776
    294 777
    277 778
    299 779
    314 780
    292 781
    264 782
    301 783
    299 784
    331 785
    299 786
    268 787
    305 788
    326 789
    268 790
    281 791
    292 792
    308 793
    297 794
    323 795
    305 796
    334 797
    298 798
    311 799
    323 800
    283 801
    308 802
    335 803
    302 804
    383 805
    335 806
    335 807
    321 808
    319 809
    356 810
    342 811
    325 812
    350 813
    340 814
    336 815
    346 816
    356 817
    376 818
    353 819
    390 820
    385 821
    381 822
    391 823
    399 824
    372 825
    392 826
    378 827
    396 828
    369 829
    381 830
    362 831
    375 832
    390 833
    379 834
    372 835
    397 836
    356 837
    341 838
    350 839
    342 840
    378 841
    338 842
    366 843
    389 844
    350 845
    322 846
    354 847
    366 848
    358 849
    336 850
    350 851
    319 852
    363 853
    337 854
    371 855
    316 856
    305 857
    361 858
    300 859
    359 860
    317 861
    344 862
    379 863
    358 864
    333 865
    354 866
    326 867
    342 868
    353 869
    348 870
    377 871
    346 872
    321 873
    324 874
    358 875
    349 876
    351 877
    333 878
    378 879
    325 880
    358 881
    368 882
    361 883
    366 884
    365 885
    341 886
    340 887
    334 888
    348 889
    381 890
    369 891
    357 892
    357 893
    349 894
    363 895
    370 896
    354 897
    353 898
    338 899
    356 900
    380 901
    356 902
    326 903
    354 904
    339 905
    375 906
    343 907
    337 908
    306 909
    320 910
    337 911
    313 912
    314 913
    341 914
    330 915
    339 916
    341 917
    349 918
    320 919
    318 920
    322 921
    309 922
    320 923
    290 924
    280 925
    320 926
    323 927
    304 928
    326 929
    304 930
    311 931
    316 932
    294 933
    307 934
    307 935
    299 936
    301 937
    266 938
    313 939
    279 940
    265 941
    292 942
    284 943
    293 944
    300 945
    294 946
    312 947
    293 948
    320 949
    302 950
    320 951
    289 952
    323 953
    309 954
    300 955
    279 956
    283 957
    288 958
    286 959
    310 960
    318 961
    310 962
    320 963
    304 964
    283 965
    318 966
    293 967
    306 968
    274 969
    310 970
    268 971
    292 972
    287 973
    289 974
    269 975
    292 976
    294 977
    301 978
    284 979
    289 980
    273 981
    284 982
    273 983
    266 984
    255 985
    256 986
    280 987
    252 988
    265 989
    267 990
    258 991
    266 992
    246 993
    302 994
    275 995
    249 996
    243 997
    246 998
    257 999
    265 1000
    262 1001
    271 1002
    271 1003
    236 1004
    246 1005
    259 1006
    238 1007
    236 1008
    250 1009
    225 1010
    263 1011
    269 1012
    252 1013
    236 1014
    227 1015
    247 1016
    265 1017
    255 1018
    260 1019
    256 1020
    227 1021
    255 1022
    251 1023
    243 1024
    261 1025
    259 1026
    258 1027
    235 1028
    234 1029
    261 1030
    257 1031
    239 1032
    243 1033
    258 1034
    237 1035
    258 1036
    247 1037
    251 1038
    250 1039
    245 1040
    251 1041
    255 1042
    229 1043
    218 1044
    250 1045
    217 1046
    222 1047
    227 1048
    226 1049
    267 1050
    210 1051
    220 1052
    216 1053
    236 1054
    205 1055
    242 1056
    208 1057
    234 1058
    222 1059
    224 1060
    239 1061
    200 1062
    209 1063
    213 1064
    233 1065
    213 1066
    226 1067
    196 1068
    212 1069
    221 1070
    201 1071
    229 1072
    213 1073
    196 1074
    200 1075
    188 1076
    216 1077
    204 1078
    208 1079
    242 1080
    197 1081
    193 1082
    200 1083
    186 1084
    222 1085
    183 1086
    203 1087
    200 1088
    200 1089
    184 1090
    222 1091
    225 1092
    180 1093
    198 1094
    186 1095
    180 1096
    191 1097
    197 1098
    207 1099
    219 1100
    195 1101
    176 1102
    196 1103
    233 1104
    210 1105
    210 1106
    212 1107
    196 1108
    209 1109
    195 1110
    179 1111
    224 1112
    186 1113
    166 1114
    227 1115
    200 1116
    168 1117
    192 1118
    196 1119
    182 1120
    195 1121
    184 1122
    193 1123
    191 1124
    181 1125
    188 1126
    179 1127
    174 1128
    193 1129
    193 1130
    183 1131
    167 1132
    177 1133
    207 1134
    172 1135
    169 1136
    190 1137
    195 1138
    174 1139
    183 1140
    177 1141
    176 1142
    175 1143
    165 1144
    172 1145
    173 1146
    158 1147
    171 1148
    184 1149
    184 1150
    180 1151
    166 1152
    162 1153
    161 1154
    156 1155
    196 1156
    178 1157
    166 1158
    144 1159
    165 1160
    160 1161
    172 1162
    168 1163
    149 1164
    176 1165
    147 1166
    179 1167
    169 1168
    171 1169
    181 1170
    173 1171
    178 1172
    160 1173
    178 1174
    155 1175
    180 1176
    177 1177
    159 1178
    172 1179
    155 1180
    154 1181
    158 1182
    162 1183
    172 1184
    159 1185
    156 1186
    146 1187
    155 1188
    176 1189
    150 1190
    150 1191
    165 1192
    160 1193
    164 1194
    159 1195
    174 1196
    145 1197
    153 1198
    126 1199
    146 1200
    139 1201
    131 1202
    154 1203
    137 1204
    142 1205
    153 1206
    158 1207
    155 1208
    163 1209
    152 1210
    146 1211
    145 1212
    145 1213
    139 1214
    141 1215
    150 1216
    144 1217
    120 1218
    165 1219
    182 1220
    144 1221
    151 1222
    151 1223
    159 1224
    137 1225
    133 1226
    141 1227
    130 1228
    143 1229
    126 1230
    130 1231
    131 1232
    134 1233
    133 1234
    148 1235
    151 1236
    144 1237
    137 1238
    124 1239
    139 1240
    152 1241
    142 1242
    137 1243
    139 1244
    155 1245
    141 1246
    116 1247
    147 1248
    120 1249
    128 1250
    134 1251
    148 1252
    133 1253
    140 1254
    137 1255
    147 1256
    138 1257
    125 1258
    133 1259
    142 1260
    152 1261
    134 1262
    127 1263
    133 1264
    134 1265
    132 1266
    134 1267
    130 1268
    130 1269
    138 1270
    125 1271
    149 1272
    164 1273
    127 1274
    161 1275
    129 1276
    160 1277
    127 1278
    149 1279
    124 1280
    118 1281
    133 1282
    147 1283
    137 1284
    140 1285
    139 1286
    151 1287
    139 1288
    142 1289
    130 1290
    135 1291
    134 1292
    150 1293
    128 1294
    142 1295
    131 1296
    128 1297
    130 1298
    133 1299
    144 1300
     93 1301
    136 1302
    151 1303
    118 1304
    135 1305
    125 1306
    136 1307
    132 1308
    119 1309
    137 1310
    119 1311
    124 1312
    123 1313
    129 1314
    136 1315
    135 1316
    126 1317
    115 1318
    128 1319
    130 1320
    132 1321
    148 1322
    119 1323
    109 1324
    127 1325
    127 1326
    131 1327
    119 1328
    132 1329
    116 1330
    129 1331
    120 1332
    126 1333
    136 1334
    117 1335
    113 1336
    127 1337
    101 1338
    129 1339
    147 1340
    141 1341
    115 1342
    128 1343
    108 1344
    105 1345
    112 1346
    128 1347
    142 1348
    118 1349
    107 1350
    109 1351
    118 1352
    128 1353
    114 1354
    110 1355
    117 1356
    112 1357
    115 1358
    126 1359
    114 1360
    109 1361
    134 1362
    122 1363
    106 1364
    114 1365
    125 1366
    137 1367
    120 1368
    128 1369
    101 1370
    127 1371
    128 1372
    119 1373
    112 1374
    121 1375
    135 1376
    126 1377
    113 1378
    116 1379
    112 1380
    126 1381
    113 1382
    122 1383
    131 1384
    127 1385
    112 1386
    114 1387
    115 1388
    128 1389
    120 1390
     99 1391
    125 1392
    133 1393
    129 1394
    133 1395
    117 1396
     97 1397
    123 1398
    110 1399
    121 1400
    123 1401
    119 1402
    107 1403
    113 1404
    125 1405
    113 1406
    134 1407
    115 1408
    125 1409
    112 1410
    124 1411
     97 1412
    113 1413
    103 1414
    119 1415
    115 1416
    113 1417
    115 1418
    105 1419
    104 1420
     98 1421
     99 1422
    115 1423
    112 1424
    115 1425
    116 1426
    118 1427
     98 1428
    122 1429
    120 1430
    123 1431
    131 1432
    112 1433
    103 1434
    114 1435
    115 1436
    111 1437
    122 1438
    114 1439
    114 1440
    114 1441
    111 1442
    114 1443
    112 1444
    106 1445
    107 1446
    117 1447
    117 1448
    114 1449
    112 1450
    133 1451
    133 1452
    123 1453
    122 1454
    119 1455
    110 1456
     97 1457
    120 1458
    131 1459
    121 1460
    110 1461
    130 1462
    108 1463
    121 1464
     94 1465
    111 1466
     98 1467
    117 1468
    112 1469
    103 1470
    120 1471
    105 1472
    100 1473
    122 1474
     97 1475
    107 1476
    113 1477
    110 1478
    107 1479
    106 1480
    105 1481
    102 1482
    121 1483
    104 1484
    114 1485
    124 1486
    102 1487
    110 1488
    114 1489
    119 1490
     96 1491
     99 1492
     91 1493
    105 1494
    122 1495
    107 1496
    113 1497
    103 1498
     96 1499
     85 1500
     94 1501
    117 1502
    106 1503
    100 1504
    102 1505
    112 1506
    102 1507
    103 1508
    103 1509
     94 1510
    117 1511
     84 1512
    104 1513
    126 1514
    120 1515
     99 1516
    111 1517
    103 1518
     92 1519
     98 1520
    107 1521
    114 1522
    118 1523
    105 1524
    106 1525
    119 1526
    106 1527
     93 1528
    114 1529
    102 1530
    116 1531
    120 1532
    107 1533
    110 1534
    108 1535
    110 1536
    108 1537
     96 1538
    100 1539
    105 1540
    111 1541
    101 1542
    100 1543
    111 1544
     98 1545
     98 1546
    117 1547
     98 1548
    113 1549
     98 1550
     98 1551
    108 1552
     94 1553
     90 1554
     91 1555
    107 1556
    101 1557
     96 1558
    106 1559
     84 1560
     85 1561
     96 1562
     88 1563
    110 1564
     88 1565
    104 1566
     92 1567
    108 1568
    108 1569
     96 1570
    106 1571
    101 1572
     97 1573
     93 1574
     89 1575
     93 1576
     87 1577
    105 1578
     97 1579
    108 1580
     90 1581
    107 1582
     90 1583
     81 1584
     85 1585
     70 1586
    104 1587
    102 1588
    116 1589
    101 1590
    105 1591
     92 1592
    104 1593
    110 1594
     95 1595
    103 1596
     99 1597
    105 1598
    108 1599
     85 1600
    103 1601
     92 1602
     95 1603
     93 1604
     93 1605
    101 1606
     87 1607
     81 1608
    111 1609
     92 1610
    112 1611
     95 1612
     91 1613
    111 1614
     82 1615
     92 1616
     97 1617
     91 1618
     86 1619
    114 1620
     94 1621
     94 1622
     81 1623
     83 1624
    103 1625
    105 1626
     87 1627
     98 1628
     77 1629
     92 1630
     82 1631
    100 1632
     88 1633
     76 1634
     95 1635
     72 1636
     74 1637
     75 1638
     95 1639
     80 1640
    109 1641
     92 1642
     99 1643
     88 1644
     99 1645
     72 1646
     77 1647
     91 1648
     63 1649
     84 1650
     83 1651
     79 1652
     85 1653
     80 1654
     97 1655
     99 1656
     81 1657
     84 1658
     85 1659
     80 1660
     98 1661
    100 1662
     92 1663
     90 1664
    100 1665
     76 1666
     86 1667
     84 1668
     99 1669
     83 1670
     89 1671
     70 1672
     92 1673
     90 1674
     74 1675
     79 1676
     86 1677
     88 1678
     70 1679
     99 1680
     77 1681
     80 1682
     65 1683
     82 1684
     87 1685
     88 1686
     79 1687
     69 1688
     88 1689
     82 1690
     78 1691
     91 1692
     78 1693
     86 1694
     77 1695
     80 1696
     78 1697
     78 1698
     73 1699
     83 1700
     76 1701
     71 1702
     74 1703
     73 1704
     69 1705
     66 1706
     78 1707
     77 1708
     83 1709
     72 1710
     72 1711
     88 1712
     73 1713
     83 1714
     81 1715
     80 1716
     82 1717
     69 1718
     70 1719
     74 1720
     74 1721
     87 1722
     70 1723
     76 1724
     61 1725
     86 1726
     86 1727
     80 1728
     65 1729
     70 1730
     79 1731
     81 1732
     94 1733
     80 1734
     88 1735
     65 1736
     91 1737
     72 1738
     89 1739
     76 1740
     68 1741
     83 1742
     84 1743
     67 1744
     64 1745
     81 1746
     80 1747
     69 1748
     80 1749
     70 1750
     64 1751
     59 1752
     63 1753
     72 1754
     58 1755
     69 1756
     70 1757
     59 1758
     76 1759
     71 1760
     70 1761
     69 1762
     64 1763
     61 1764
     69 1765
     77 1766
     61 1767
     56 1768
     59 1769
     69 1770
     68 1771
     67 1772
     66 1773
     80 1774
     68 1775
     80 1776
     70 1777
     76 1778
     49 1779
     62 1780
     65 1781
     75 1782
     63 1783
     60 1784
     74 1785
     80 1786
     67 1787
     64 1788
     77 1789
     65 1790
     79 1791
     67 1792
     49 1793
     72 1794
     58 1795
     61 1796
     56 1797
     66 1798
     66 1799
     67 1800
     67 1801
     57 1802
     75 1803
     75 1804
     66 1805
     48 1806
     68 1807
     58 1808
     52 1809
     67 1810
     70 1811
     73 1812
     64 1813
     66 1814
     56 1815
     70 1816
     57 1817
     70 1818
     63 1819
     73 1820
     59 1821
     47 1822
     74 1823
     75 1824
     54 1825
     68 1826
     47 1827
     61 1828
     61 1829
     55 1830
     60 1831
     56 1832
     63 1833
     43 1834
     55 1835
     56 1836
     54 1837
     53 1838
     47 1839
     69 1840
     62 1841
     59 1842
     74 1843
     57 1844
     61 1845
     52 1846
     61 1847
     61 1848
     49 1849
     60 1850
     57 1851
     51 1852
     40 1853
     51 1854
     49 1855
     48 1856
     57 1857
     55 1858
     61 1859
     57 1860
     45 1861
     66 1862
     54 1863
     62 1864
     60 1865
     65 1866
     56 1867
     49 1868
     46 1869
     65 1870
     55 1871
     63 1872
     52 1873
     57 1874
     55 1875
     52 1876
     54 1877
     65 1878
     64 1879
     45 1880
     50 1881
     64 1882
     72 1883
     49 1884
     47 1885
     63 1886
     64 1887
     48 1888
     57 1889
     54 1890
     55 1891
     62 1892
     65 1893
     45 1894
     56 1895
     49 1896
     53 1897
     59 1898
     52 1899
     49 1900
     61 1901
     58 1902
     45 1903
     55 1904
     43 1905
     49 1906
     62 1907
     51 1908
     48 1909
     48 1910
     44 1911
     42 1912
     60 1913
     49 1914
     56 1915
     51 1916
     47 1917
     53 1918
     46 1919
     58 1920
     44 1921
     61 1922
     45 1923
     51 1924
     46 1925
     50 1926
     41 1927
     36 1928
     46 1929
     54 1930
     47 1931
     37 1932
     56 1933
     47 1934
     37 1935
     59 1936
     38 1937
     46 1938
     43 1939
     43 1940
     43 1941
     60 1942
     54 1943
     47 1944
     53 1945
     40 1946
     40 1947
     54 1948
     38 1949
     34 1950
     53 1951
     49 1952
     41 1953
     37 1954
     32 1955
     52 1956
     31 1957
     44 1958
     53 1959
     44 1960
     38 1961
     26 1962
     49 1963
     48 1964
     49 1965
     37 1966
     43 1967
     39 1968
     53 1969
     34 1970
     41 1971
     32 1972
     53 1973
     42 1974
     45 1975
     42 1976
     44 1977
     35 1978
     34 1979
     42 1980
     50 1981
     53 1982
     36 1983
     45 1984
     43 1985
     39 1986
     41 1987
     45 1988
     40 1989
     41 1990
     54 1991
     38 1992
     45 1993
     42 1994
     37 1995
     39 1996
     44 1997
     43 1998
     42 1999
     38 2000
     47 2001
     44 2002
     33 2003
     47 2004
     33 2005
     39 2006
     36 2007
     40 2008
     38 2009
     43 2010
     31 2011
     44 2012
     30 2013
     39 2014
     33 2015
     39 2016
     35 2017
     25 2018
     45 2019
     37 2020
     35 2021
     34 2022
     46 2023
     35 2024
     33 2025
     35 2026
     40 2027
     31 2028
     25 2029
     30 2030
     34 2031
     23 2032
     35 2033
     28 2034
     32 2035
     29 2036
     35 2037
     34 2038
     24 2039
     28 2040
     34 2041
     32 2042
     35 2043
     31 2044
     33 2045
     32 2046
     32 2047
     24 2048
     31 2049
     38 2050
     34 2051
     37 2052
     25 2053
     37 2054
     42 2055
     28 2056
     29 2057
     38 2058
     31 2059
     38 2060
     32 2061
     33 2062
     30 2063
     36 2064
     34 2065
     32 2066
     35 2067
     28 2068
     34 2069
     35 2070
     36 2071
     22 2072
     25 2073
     29 2074
     23 2075
     30 2076
     35 2077
     33 2078
     27 2079
     36 2080
     35 2081
     43 2082
     34 2083
     35 2084
     29 2085
     37 2086
     32 2087
     25 2088
     26 2089
     37 2090
     29 2091
     32 2092
     31 2093
     27 2094
     19 2095
     36 2096
     30 2097
     29 2098
     28 2099
     27 2100
     33 2101
     31 2102
     32 2103
     22 2104
     35 2105
     22 2106
     23 2107
     25 2108
     20 2109
     30 2110
     32 2111
     26 2112
     43 2113
     33 2114
     31 2115
     28 2116
     25 2117
     23 2118
     29 2119
     25 2120
     30 2121
     30 2122
     29 2123
     34 2124
     30 2125
     25 2126
     40 2127
     31 2128
     28 2129
     28 2130
     32 2131
     33 2132
     25 2133
     17 2134
     28 2135
     28 2136
     26 2137
     25 2138
     30 2139
     22 2140
     24 2141
     37 2142
     24 2143
     24 2144
     23 2145
     29 2146
     32 2147
     27 2148
     17 2149
     30 2150
     32 2151
     33 2152
     21 2153
     21 2154
     29 2155
     32 2156
     22 2157
     36 2158
     29 2159
     40 2160
     22 2161
     20 2162
     22 2163
     32 2164
     26 2165
     34 2166
     22 2167
     20 2168
     22 2169
     25 2170
     21 2171
     26 2172
     27 2173
     18 2174
     26 2175
     20 2176
     24 2177
     25 2178
     23 2179
     23 2180
     18 2181
     30 2182
     20 2183
     25 2184
     34 2185
     19 2186
     20 2187
     13 2188
     17 2189
     20 2190
     22 2191
     23 2192
     27 2193
     26 2194
     18 2195
     19 2196
     18 2197
     17 2198
     25 2199
     24 2200
     20 2201
     25 2202
     25 2203
     22 2204
     19 2205
     16 2206
     25 2207
     27 2208
     27 2209
     25 2210
     23 2211
     23 2212
     23 2213
     30 2214
     31 2215
     24 2216
     18 2217
     12 2218
     20 2219
     22 2220
     23 2221
     24 2222
     14 2223
     20 2224
     16 2225
     35 2226
     22 2227
     24 2228
     19 2229
     25 2230
     22 2231
     19 2232
     22 2233
     16 2234
     18 2235
     17 2236
     21 2237
     19 2238
     14 2239
     15 2240
     19 2241
     19 2242
     19 2243
     20 2244
     12 2245
     20 2246
     16 2247
     29 2248
     14 2249
     21 2250
     16 2251
     17 2252
     18 2253
     18 2254
     18 2255
     23 2256
     14 2257
     19 2258
     24 2259
     17 2260
     15 2261
     19 2262
     16 2263
     17 2264
     21 2265
     16 2266
     20 2267
     18 2268
     16 2269
     15 2270
     20 2271
     20 2272
     22 2273
     18 2274
     18 2275
     11 2276
     21 2277
     18 2278
     17 2279
     18 2280
     23 2281
     12 2282
      8 2283
     16 2284
     15 2285
     25 2286
     15 2287
     19 2288
     18 2289
     12 2290
     26 2291
     20 2292
     12 2293
     16 2294
     14 2295
     17 2296
     17 2297
     21 2298
     22 2299
     18 2300
     16 2301
     11 2302
     16 2303
     12 2304
     27 2305
     17 2306
     13 2307
     14 2308
     19 2309
     16 2310
     15 2311
     18 2312
     20 2313
     13 2314
     15 2315
      7 2316
     16 2317
     19 2318
     14 2319
     14 2320
      9 2321
     16 2322
     10 2323
     11 2324
     17 2325
     12 2326
      9 2327
     18 2328
     18 2329
     13 2330
     15 2331
     13 2332
     14 2333
     19 2334
     12 2335
     20 2336
     15 2337
      9 2338
     16 2339
     13 2340
     19 2341
      7 2342
     11 2343
     12 2344
     13 2345
     14 2346
     15 2347
     13 2348
     21 2349
     10 2350
     15 2351
     11 2352
     19 2353
     14 2354
     19 2355
     11 2356
     18 2357
     11 2358
     18 2359
     17 2360
     17 2361
     13 2362
     13 2363
      9 2364
     12 2365
     14 2366
     11 2367
     13 2368
      7 2369
     11 2370
     18 2371
     17 2372
     16 2373
     14 2374
     13 2375
     13 2376
     13 2377
     13 2378
     12 2379
     15 2380
     15 2381
      8 2382
     17 2383
     14 2384
     11 2385
     17 2386
     16 2387
     13 2388
     10 2389
     12 2390
      8 2391
     16 2392
      8 2393
     14 2394
      5 2395
      9 2396
      8 2397
     12 2398
      9 2399
     12 2400
     15 2401
     13 2402
      9 2403
     14 2404
      8 2405
     13 2406
     10 2407
     14 2408
     12 2409
     10 2410
      9 2411
     10 2412
     13 2413
     12 2414
     13 2415
     12 2416
     11 2417
     12 2418
     12 2419
     10 2420
     11 2421
     14 2422
     17 2423
      9 2424
     10 2425
      8 2426
     11 2427
     19 2428
     12 2429
      9 2430
      9 2431
      9 2432
     11 2433
      8 2434
      6 2435
      9 2436
     14 2437
      8 2438
      8 2439
      7 2440
      7 2441
      5 2442
     10 2443
      7 2444
      8 2445
     12 2446
     13 2447
      8 2448
      9 2449
     14 2450
     10 2451
     11 2452
      7 2453
     16 2454
     13 2455
     11 2456
      7 2457
      7 2458
     12 2459
     12 2460
     11 2461
      5 2462
     13 2463
     15 2464
     12 2465
     12 2466
      7 2467
     14 2468
      8 2469
      5 2470
      7 2471
     16 2472
     11 2473
     11 2474
     10 2475
      4 2476
     15 2477
      4 2478
      6 2479
     10 2480
      6 2481
     12 2482
      9 2483
      8 2484
     10 2485
     10 2486
      8 2487
     11 2488
     13 2489
     10 2490
     17 2491
     16 2492
      7 2493
      8 2494
      7 2495
      4 2496
     10 2497
      7 2498
     16 2499
      6 2500
     14 2501
      5 2502
     10 2503
      3 2504
      4 2505
      5 2506
     11 2507
      7 2508
      7 2509
     10 2510
      8 2511
      7 2512
     12 2513
      8 2514
      9 2515
     10 2516
     14 2517
      6 2518
      7 2519
      9 2520
      4 2521
      4 2522
      8 2523
     10 2524
      8 2525
      9 2526
      7 2527
      6 2528
      9 2529
      3 2530
      6 2531
      8 2532
      6 2533
      4 2534
     11 2535
      9 2536
      7 2537
      8 2538
     14 2539
      7 2540
      3 2541
     11 2542
      7 2543
      9 2544
      9 2545
     11 2546
      5 2547
      7 2548
     13 2549
      6 2550
      8 2551
      1 2552
      7 2553
      9 2554
      5 2555
      8 2556
      7 2557
      8 2558
     10 2559
      7 2560
      3 2561
     10 2562
      4 2563
      6 2564
      7 2565
      5 2566
      6 2567
      5 2568
      6 2569
      5 2570
     10 2571
      5 2572
     13 2573
      9 2574
      4 2575
      4 2576
      3 2577
      8 2578
      6 2579
      9 2580
      7 2581
      6 2582
     15 2583
      7 2584
      4 2585
      8 2586
      7 2587
      4 2588
      7 2589
      5 2590
      7 2591
     11 2592
      8 2593
      5 2594
      5 2595
      8 2596
      6 2597
      4 2598
      8 2599
      4 2600
      8 2601
      4 2602
      6 2603
      1 2604
      3 2605
      5 2606
      5 2607
      4 2608
      4 2609
      8 2610
      9 2611
      5 2612
      7 2613
      7 2614
      5 2615
      6 2616
      4 2617
      6 2618
      6 2619
      6 2620
      5 2621
      6 2622
      9 2623
      8 2624
     10 2625
      5 2626
      6 2627
      8 2628
     10 2629
      6 2630
      7 2631
      7 2632
      2 2633
      9 2634
     10 2635
      8 2636
      3 2637
      7 2638
      4 2639
      4 2640
      2 2641
      5 2642
      6 2643
      5 2644
      6 2645
      6 2646
      8 2647
      3 2648
      4 2649
      7 2650
      7 2651
      5 2652
      4 2653
      4 2654
      5 2655
      6 2656
      2 2657
      2 2658
      7 2659
      6 2660
      7 2661
      4 2662
      6 2663
      8 2664
      8 2665
      5 2666
      7 2667
      6 2668
      6 2669
      6 2670
      4 2671
     12 2672
      1 2673
      6 2674
      7 2675
      1 2676
      6 2677
      1 2678
      3 2679
      5 2680
      4 2681
      2 2682
      6 2683
      6 2684
      1 2685
      3 2686
      4 2688
      2 2689
      2 2690
      5 2691
      5 2692
      6 2693
      5 2694
      6 2695
      4 2696
      7 2697
     10 2698
      8 2699
      5 2700
      5 2701
      5 2702
      3 2703
      3 2704
      8 2705
      7 2706
      5 2707
      3 2708
      5 2709
      4 2710
      4 2711
      7 2712
      6 2713
     10 2714
      3 2715
      7 2716
      4 2717
      4 2718
      8 2719
      5 2720
      6 2721
      3 2722
      6 2723
      8 2724
      7 2725
      6 2726
      7 2727
      5 2728
      2 2729
      3 2730
      4 2731
      6 2732
      5 2733
      2 2734
      3 2735
      6 2736
      6 2737
      6 2738
      9 2739
      4 2740
      1 2741
      3 2742
      2 2743
      2 2744
      7 2745
      5 2746
      6 2747
      1 2748
      3 2749
      5 2750
      4 2751
      3 2752
      3 2753
      4 2754
      4 2755
      5 2756
      3 2757
      1 2758
      5 2759
      3 2760
      3 2761
      1 2762
      2 2763
      2 2764
      2 2765
      8 2766
      3 2767
      3 2768
      7 2769
      4 2770
      4 2771
      6 2772
      5 2773
      3 2774
      3 2775
      9 2776
      6 2777
      3 2778
      3 2779
      1 2780
      4 2781
      3 2782
      3 2783
      4 2784
      2 2785
      5 2786
      8 2787
      6 2788
      4 2789
      2 2790
      6 2791
      6 2792
      5 2793
      5 2794
      1 2795
      1 2796
      2 2797
      3 2798
      4 2799
      2 2800
      3 2801
      5 2802
      5 2803
      3 2804
      7 2805
      3 2806
      5 2807
      5 2808
      6 2809
      5 2810
      2 2812
      3 2813
      3 2814
      1 2815
      3 2816
      2 2817
      1 2818
      3 2819
      1 2820
      3 2821
      2 2822
      4 2823
      6 2824
      8 2825
      2 2826
      2 2827
      4 2828
      3 2829
      1 2830
      5 2831
      2 2832
      9 2833
      6 2834
      4 2835
      5 2836
      2 2837
      3 2838
      1 2839
      8 2840
      5 2841
      4 2842
      4 2843
      4 2845
      1 2846
      3 2847
      4 2848
      5 2849
      1 2850
      6 2851
      5 2852
      1 2853
      4 2854
      6 2855
      2 2856
      3 2857
      2 2858
      5 2859
      2 2860
      2 2861
      5 2862
      3 2863
      5 2864
      5 2865
      2 2866
      4 2867
      1 2868
      3 2869
      3 2870
      2 2871
      7 2872
      1 2873
      5 2874
      4 2875
      3 2876
      2 2877
      1 2878
      2 2879
      4 2880
      2 2881
      2 2882
      5 2883
      4 2884
      4 2885
      1 2886
      2 2887
      2 2888
      5 2889
      6 2890
      3 2891
      6 2892
      2 2893
      3 2894
      3 2895
      4 2896
      2 2897
      6 2898
      4 2899
      2 2900
      5 2901
      2 2902
      1 2903
      3 2904
      3 2905
      2 2906
      1 2907
      3 2909
      5 2910
      1 2911
      2 2912
      1 2913
      5 2914
      2 2915
      6 2916
      3 2917
      4 2918
      3 2919
      1 2921
      4 2922
      5 2923
      3 2924
      5 2925
      8 2926
      3 2927
      2 2928
      2 2929
      1 2930
      2 2931
      2 2932
      1 2934
      3 2935
      2 2936
      2 2937
      1 2938
      5 2939
      1 2940
      6 2941
      2 2942
      3 2943
      2 2944
      1 2945
      2 2946
      3 2947
      3 2948
      1 2949
      2 2950
      1 2951
      1 2952
      3 2953
      3 2954
      6 2955
      2 2956
      2 2957
      5 2958
      4 2959
      4 2961
      2 2962
      1 2963
      1 2964
      5 2965
      1 2966
      4 2967
      1 2969
      1 2970
      1 2971
      5 2972
      3 2973
      2 2974
      3 2975
      5 2976
      1 2977
      1 2978
      1 2979
      3 2980
      3 2981
      1 2982
      3 2983
      2 2984
      1 2985
      2 2986
      1 2987
      2 2988
      1 2989
      2 2990
      2 2992
      2 2994
      1 2995
      3 2996
      1 2997
      5 2998
      6 2999
      2 3000
      2 3001
      2 3002
      4 3004
      1 3005
      4 3006
      1 3007
      3 3008
      2 3009
      3 3010
      3 3011
      1 3012
      1 3013
      1 3014
      2 3015
      3 3016
      4 3017
      7 3018
      3 3019
      2 3020
      7 3023
      4 3024
      1 3025
      3 3027
      4 3028
      2 3029
      2 3030
      2 3031
      3 3032
      3 3034
      1 3035
      5 3036
      2 3037
      3 3039
      3 3040
      4 3041
      1 3042
      4 3043
      6 3044
      1 3045
      5 3047
      2 3048
      3 3049
      1 3050
      2 3051
      3 3053
      1 3054
      1 3055
      2 3056
      2 3057
      3 3059
      4 3060
      1 3061
      1 3062
      2 3063
      6 3064
      2 3065
      4 3066
      4 3067
      3 3068
      2 3069
      5 3070
      1 3071
      2 3072
      2 3073
      2 3074
      6 3075
      4 3076
      2 3077
      1 3078
      1 3079
      1 3080
      2 3081
      3 3082
      3 3083
      4 3084
      1 3085
      4 3086
      3 3087
      1 3088
      4 3090
      3 3091
      2 3092
      5 3093
      3 3094
      3 3096
      2 3097
      3 3098
      2 3099
      2 3100
      2 3102
      1 3104
      2 3105
      2 3106
      1 3107
      3 3108
      3 3109
      3 3110
      1 3111
      1 3112
      3 3114
      2 3115
      6 3117
      2 3118
      2 3119
      5 3120
      1 3121
      2 3123
      1 3124
      1 3125
      1 3126
      5 3127
      1 3129
      2 3131
      2 3132
      2 3133
      3 3134
      2 3135
      2 3136
      2 3137
      2 3138
      2 3139
      1 3140
      4 3141
      1 3144
      3 3145
      4 3147
      1 3148
      2 3149
      3 3151
      2 3152
      3 3153
      2 3154
      3 3155
      2 3156
      1 3158
      2 3159
      2 3160
      1 3161
      1 3162
      2 3163
      3 3164
      2 3165
      1 3166
      2 3167
      2 3168
      3 3169
      2 3172
      2 3173
      2 3174
      4 3175
      6 3176
      2 3177
      1 3178
      1 3179
      2 3180
      2 3181
      1 3183
      3 3184
      5 3185
      2 3186
      4 3187
      2 3188
      2 3190
      1 3191
      1 3192
      2 3194
      1 3195
      1 3196
      1 3197
      3 3198
      3 3199
      2 3200
      2 3201
      1 3202
      1 3203
      2 3204
      1 3205
      3 3206
      2 3207
      1 3208
      2 3209
      3 3210
      2 3211
      4 3212
      2 3216
      3 3217
      7 3218
      2 3221
      4 3222
      2 3223
      4 3224
      1 3225
      1 3226
      2 3227
      3 3228
      4 3229
      2 3230
      3 3231
      2 3232
      5 3233
      1 3234
      3 3235
      2 3237
      3 3238
      4 3240
      1 3241
      3 3242
      1 3244
      1 3245
      4 3246
      1 3247
      2 3248
      1 3249
      4 3250
      2 3252
      3 3253
      6 3254
      3 3255
      1 3256
      3 3258
      3 3260
      3 3261
      1 3263
      3 3265
      1 3266
      2 3267
      2 3268
      3 3269
      5 3270
      2 3271
      1 3272
      4 3273
      2 3274
      1 3275
      1 3276
      3 3277
      2 3278
      2 3280
      3 3281
      2 3282
      4 3283
      2 3284
      3 3285
      2 3286
      3 3287
      2 3288
      2 3290
      1 3291
      2 3293
      1 3299
      1 3300
      2 3301
      2 3302
      3 3304
      2 3305
      3 3306
      1 3307
      2 3308
      1 3309
      2 3312
      3 3313
      2 3314
      2 3315
      1 3316
      3 3317
      1 3318
      3 3319
      3 3320
      1 3322
      2 3325
      2 3326
      1 3327
      1 3328
      1 3329
      2 3330
      2 3331
      4 3334
      2 3335
      1 3336
      2 3337
      1 3338
      1 3339
      1 3340
      1 3341
      2 3342
      2 3343
      1 3344
      3 3345
      1 3346
      1 3347
      2 3348
      2 3349
      3 3350
      4 3352
      4 3353
      3 3355
      1 3356
      2 3358
      2 3361
      1 3362
      3 3363
      2 3364
      4 3366
      1 3367
      2 3368
      1 3369
      1 3370
      2 3371
      2 3372
      1 3373
      2 3374
      2 3376
      2 3377
      3 3378
      1 3379
      2 3380
      2 3381
      3 3382
      2 3383
      2 3384
      2 3385
      4 3387
      3 3389
      2 3390
      3 3391
      2 3392
      2 3394
      2 3395
      2 3397
      5 3398
      2 3399
      1 3400
      1 3401
      2 3403
      1 3404
      1 3407
      1 3408
      3 3409
      3 3410
      1 3412
      1 3414
      3 3415
      4 3416
      1 3417
      1 3418
      2 3419
      1 3420
      3 3422
      3 3424
      1 3425
      2 3426
      2 3428
      1 3429
      2 3431
      1 3433
      2 3435
      2 3437
      1 3438
      1 3439
      2 3440
      1 3441
      1 3443
      2 3444
      4 3445
      1 3446
      3 3448
      1 3450
      1 3451
      3 3453
      1 3454
      1 3455
      1 3456
      1 3458
      1 3460
      3 3461
      2 3462
      4 3464
      2 3465
      1 3466
      5 3467
      3 3468
      1 3470
      1 3472
      4 3473
      2 3474
      1 3478
      1 3480
      1 3482
      2 3483
      2 3484
      1 3486
      3 3487
      2 3488
      1 3489
      1 3490
      3 3491
      2 3492
      2 3494
      3 3496
      4 3497
      2 3498
      3 3500
      1 3502
      2 3503
      1 3504
      2 3506
      1 3507
      3 3508
      3 3509
      1 3510
      1 3511
      1 3512
      1 3514
      1 3515
      3 3516
      4 3517
      1 3518
      2 3519
      3 3520
      1 3522
      4 3523
      4 3525
      4 3526
      2 3527
      2 3528
      2 3530
      1 3532
      1 3533
      3 3534
      2 3535
      3 3536
      2 3537
      1 3538
      2 3539
      1 3540
      1 3541
      2 3543
      1 3546
      1 3547
      1 3548
      2 3550
      1 3552
      3 3554
      1 3555
      4 3556
      1 3557
      3 3558
      3 3559
      2 3563
      1 3564
      2 3565
      1 3566
      1 3567
      1 3569
      4 3570
      2 3571
      1 3572
      2 3573
      1 3574
      1 3575
      2 3576
      1 3577
      3 3578
      1 3579
      1 3581
      1 3582
      2 3583
      1 3585
      1 3586
      2 3587
      1 3588
      1 3589
      1 3592
      1 3594
      1 3596
      1 3597
      1 3598
      1 3599
      1 3600
      2 3601
      2 3603
      4 3604
      1 3605
      2 3606
      6 3607
      1 3608
      2 3609
      1 3610
      1 3611
      1 3612
      2 3614
      1 3616
      1 3617
      2 3621
      1 3622
      2 3623
      2 3624
      2 3625
      1 3627
      1 3629
      2 3630
      2 3631
      1 3633
      2 3634
      2 3635
      4 3636
      1 3637
      1 3638
      2 3639
      3 3641
      2 3642
      2 3643
      1 3645
      2 3646
      2 3648
      1 3650
      1 3651
      1 3652
      1 3653
      1 3654
      2 3656
      1 3657
      1 3658
      2 3659
      1 3661
      4 3662
      1 3664
      2 3665
      2 3666
      2 3667
      2 3668
      3 3669
      1 3670
      1 3671
      1 3673
      3 3674
      3 3675
      2 3679
      1 3680
      3 3681
      2 3682
      3 3683
      2 3684
      3 3685
      1 3688
      1 3689
      1 3690
      1 3691
      1 3692
      1 3693
      1 3694
      2 3695
      3 3696
      3 3697
      4 3698
      2 3699
      2 3700
      3 3701
      1 3702
      3 3703
      1 3704
      1 3705
      1 3707
      3 3708
      1 3710
      2 3711
      1 3712
      1 3713
      2 3714
      1 3716
      1 3717
      1 3718
      3 3719
      1 3721
      3 3722
      2 3724
      4 3725
      1 3726
      3 3727
      2 3729
      3 3730
      3 3731
      1 3733
      2 3734
      2 3736
      1 3737
      2 3738
      2 3739
      1 3740
      1 3741
      2 3742
      2 3743
      3 3744
      1 3745
      2 3746
      1 3747
      1 3748
      2 3749
      3 3750
      3 3752
      1 3757
      1 3758
      3 3759
      1 3760
      1 3762
      2 3763
      3 3764
      4 3766
      1 3769
      3 3773
      1 3774
      1 3775
      1 3776
      3 3778
      1 3779
      2 3781
      1 3784
      1 3785
      2 3786
      2 3787
      1 3788
      3 3789
      2 3791
      2 3795
      1 3796
      1 3797
      2 3800
      1 3802
      5 3803
      1 3804
      3 3807
      2 3808
      1 3809
      2 3810
      1 3811
      1 3813
      1 3814
      1 3815
      2 3818
      2 3819
      2 3820
      1 3821
      2 3822
      2 3824
      2 3826
      1 3827
      2 3829
      4 3832
      2 3833
      3 3835
      1 3836
      1 3837
      1 3838
      3 3839
      1 3843
      1 3846
      3 3847
      1 3848
      4 3850
      2 3852
      1 3853
      1 3854
      4 3857
      4 3858
      1 3859
      2 3864
      1 3866
      2 3868
      1 3871
      1 3872
      1 3873
      6 3874
      2 3875
      2 3876
      1 3877
      1 3879
      1 3882
      2 3885
      2 3886
      2 3889
      1 3891
      1 3892
      2 3893
      1 3894
      1 3896
      1 3899
      1 3901
      1 3902
      2 3903
      1 3904
      3 3906
      1 3907
      2 3908
      2 3909
      1 3911
      2 3914
      1 3917
      4 3921
      1 3922
      1 3926
      2 3927
      3 3928
      2 3929
      1 3930
      2 3931
      2 3933
      2 3934
      1 3935
      2 3936
      2 3937
      1 3939
      1 3941
      3 3942
      2 3943
      3 3944
      1 3945
      2 3946
      2 3947
      2 3949
      1 3950
      1 3951
      2 3952
      3 3957
      2 3958
      2 3959
      3 3960
      1 3961
      2 3962
      2 3963
      2 3964
      1 3965
      1 3966
      1 3968
      1 3972
      2 3973
      2 3974
      1 3975
      2 3976
      4 3977
      1 3978
      1 3979
      1 3980
      1 3981
      1 3983
      2 3984
      1 3988
      1 3989
      2 3993
      1 3994
      1 3995
      2 3997
      1 4001
      1 4002
      1 4003
      1 4004
      2 4006
      2 4007
      1 4009
      1 4011
      3 4013
      1 4014
      1 4018
      1 4019
      5 4020
      1 4021
      4 4022
      1 4023
      1 4024
      2 4027
      2 4028
      1 4030
      1 4032
      1 4033
      1 4037
      1 4038
      2 4040
      1 4041
      1 4042
      1 4043
      1 4045
      1 4047
      2 4048
      1 4049
      2 4051
      1 4052
      3 4053
      2 4054
      1 4055
      1 4056
      1 4059
      1 4060
      2 4061
      2 4062
      2 4063
      1 4065
      2 4066
      1 4067
      4 4069
      1 4071
      1 4077
      1 4079
      4 4081
      1 4082
      2 4085
      2 4086
      1 4087
      1 4088
      1 4089
      4 4091
      1 4092
      3 4093
      1 4094
      1 4095
      1 4096
      2 4097
      1 4098
      1 4102
      1 4103
      1 4105
      1 4107
      1 4109
      1 4110
      1 4111
      1 4112
      1 4113
      1 4114
      2 4115
      4 4116
      1 4118
      1 4119
      2 4120
      1 4122
      1 4123
      1 4125
      1 4126
      1 4127
      1 4131
      2 4133
      1 4135
      1 4136
      1 4138
      2 4139
      1 4140
      1 4141
      1 4143
      2 4145
      1 4146
      3 4149
      2 4154
      1 4155
      2 4156
      2 4158
      2 4160
      2 4162
      1 4163
      1 4164
      1 4165
      1 4168
      2 4170
      1 4173
      1 4174
      1 4177
      2 4178
      1 4180
      1 4181
      3 4182
      1 4186
      1 4188
      1 4189
      1 4191
      2 4192
      1 4193
      2 4195
      1 4196
      2 4198
      1 4201
      3 4205
      1 4206
      2 4207
      1 4212
      1 4215
      1 4218
      1 4219
      3 4221
      1 4222
      1 4223
      1 4224
      1 4225
      1 4226
      1 4227
      1 4228
      2 4229
      1 4230
      1 4231
      1 4235
      1 4240
      1 4241
      1 4242
      1 4243
      1 4244
      1 4246
      2 4247
      1 4248
      2 4249
      1 4251
      2 4253
      2 4255
      2 4256
      1 4257
      2 4258
      1 4259
      1 4264
      2 4266
      1 4269
      1 4270
      1 4271
      1 4273
      2 4276
      3 4277
      1 4278
      1 4282
      1 4283
      1 4285
      2 4286
      1 4287
      1 4288
      1 4292
      1 4293
      1 4294
      3 4296
      1 4298
      1 4300
      1 4301
      1 4307
      1 4309
      1 4310
      2 4311
      1 4312
      2 4313
      1 4314
      1 4315
      1 4316
      1 4317
      3 4319
      1 4320
      1 4321
      1 4322
      1 4323
      4 4325
      1 4329
      1 4331
      2 4333
      3 4336
      4 4338
      2 4340
      2 4342
      2 4345
      2 4346
      1 4348
      3 4349
      3 4353
      2 4354
      1 4355
      1 4358
      1 4359
      2 4362
      1 4363
      1 4365
      1 4367
      1 4369
      1 4370
      1 4374
      2 4375
      2 4376
      1 4379
      2 4381
      3 4383
      1 4384
      1 4387
      2 4388
      1 4389
      1 4391
      2 4392
      1 4393
      1 4394
      1 4396
      1 4397
      2 4400
      1 4402
      2 4403
      1 4408
      1 4411
      1 4415
      2 4416
      2 4417
      1 4418
      2 4419
      1 4423
      3 4425
      1 4426
      1 4429
      1 4431
      1 4433
      1 4435
      1 4438
      1 4439
      2 4441
      1 4442
      4 4444
      1 4445
      2 4446
      1 4447
      1 4450
      1 4451
      1 4452
      2 4453
      1 4457
      2 4458
      1 4461
      1 4465
      1 4468
      1 4471
      2 4475
      1 4476
      1 4480
      2 4481
      2 4483
      1 4484
      3 4489
      1 4491
      1 4492
      4 4495
      2 4496
      2 4497
      1 4498
      2 4499
      1 4500
      1 4501
      1 4502
      2 4503
      1 4506
      2 4507
      1 4508
      2 4510
      1 4511
      1 4514
      1 4515
      1 4516
      2 4518
      1 4519
      1 4524
      2 4525
      1 4528
      1 4529
      2 4530
      1 4531
      1 4532
      1 4533
      1 4534
      1 4535
      1 4537
      2 4539
      1 4540
      3 4542
      1 4543
      1 4544
      1 4547
      1 4548
      1 4552
      2 4553
      2 4554
      3 4555
      1 4557
      1 4558
      1 4562
      1 4563
      1 4565
      1 4566
      1 4573
      1 4576
      1 4577
      1 4584
      1 4585
      1 4589
      1 4591
      1 4597
      1 4598
      1 4599
      2 4600
      1 4603
      2 4604
      1 4605
      1 4608
      1 4610
      1 4611
      1 4613
      1 4614
      1 4617
      1 4618
      1 4619
      1 4623
      1 4627
      1 4631
      1 4633
      1 4636
      1 4638
      2 4641
      1 4643
      1 4646
      1 4648
      1 4659
      2 4663
      1 4664
      1 4666
      1 4667
      1 4669
      1 4672
      3 4673
      2 4676
      2 4677
      2 4679
      1 4687
      4 4691
      1 4692
      1 4694
      1 4695
      2 4697
      1 4699
      2 4701
      2 4702
      1 4703
      2 4707
      2 4709
      1 4710
      2 4713
      1 4714
      1 4716
      1 4719
      1 4720
      3 4723
      1 4724
      1 4726
      1 4727
      1 4728
      1 4729
      1 4736
      2 4739
      1 4741
      1 4744
      2 4746
      2 4749
      1 4751
      1 4752
      2 4755
      1 4756
      2 4760
      1 4764
      1 4765
      2 4766
      2 4768
      1 4769
      1 4771
      1 4773
      2 4775
      1 4781
      1 4782
      1 4785
      3 4786
      1 4790
      1 4791
      1 4793
      1 4794
      1 4796
      2 4797
      2 4798
      2 4799
      3 4800
      4 4802
      1 4804
      1 4806
      1 4808
      1 4810
      3 4811
      1 4812
      1 4814
      1 4815
      1 4817
      1 4818
      2 4819
      1 4822
      2 4823
      1 4825
      1 4828
      1 4829
      1 4831
      1 4832
      1 4837
      1 4838
      2 4839
      3 4841
      1 4842
      1 4846
      1 4848
      2 4850
      2 4851
      2 4862
      2 4865
      1 4866
      1 4867
      1 4868
      1 4871
      2 4873
      2 4879
      1 4880
      1 4881
      1 4882
      1 4884
      1 4886
      1 4897
      1 4899
      1 4900
      1 4904
      1 4908
      2 4909
      1 4911
      2 4913
      2 4914
      2 4917
      1 4919
      2 4920
      1 4924
      1 4927
      1 4934
      1 4937
      1 4938
      2 4939
      1 4943
      1 4944
      1 4945
      1 4947
      1 4950
      1 4953
      1 4954
      1 4955
      1 4959
      2 4963
      1 4972
      1 4974
      1 4977
      1 4988
      1 4992
      1 4994
      3 4997
      1 5000
      1 5001
      1 5002
      2 5005
      1 5007
      2 5020
      1 5022
      1 5025
      1 5030
      2 5032
      1 5033
      1 5035
      1 5037
      3 5038
      1 5042
      1 5043
      1 5046
      1 5049
      1 5050
      1 5051
      1 5052
      1 5053
      1 5060
      1 5063
      1 5065
      1 5067
      1 5069
      1 5070
      1 5071
      1 5072
      1 5074
      2 5076
      1 5083
      1 5092
      1 5099
      1 5100
      2 5101
      1 5102
      2 5103
      1 5106
      1 5113
      1 5117
      1 5125
      1 5127
      1 5129
      1 5131
      2 5133
      1 5139
      2 5140
      1 5141
      1 5142
      1 5152
      1 5153
      2 5154
      1 5155
      2 5158
      1 5160
      1 5163
      1 5165
      1 5167
      1 5174
      3 5181
      1 5183
      1 5184
      1 5185
      1 5191
      1 5193
      1 5200
      1 5202
      1 5204
      1 5206
      1 5208
      2 5213
      1 5218
      2 5219
      1 5220
      1 5221
      1 5222
      1 5223
      2 5224
      1 5227
      1 5228
      1 5229
      2 5230
      1 5233
      1 5236
      1 5240
      1 5241
      1 5242
      1 5243
      1 5244
      1 5252
      2 5254
      1 5255
      1 5258
      1 5263
      2 5264
      1 5266
      2 5267
      2 5268
      1 5269
      1 5270
      1 5271
      1 5272
      1 5274
      2 5276
      1 5279
      2 5280
      1 5281
      2 5287
      1 5289
      2 5290
      1 5293
      1 5296
      1 5298
      2 5303
      1 5304
      1 5308
      1 5309
      1 5312
      1 5314
      2 5318
      1 5325
      1 5327
      1 5330
      1 5339
      2 5342
      1 5347
      3 5357
      1 5359
      1 5360
      1 5366
      1 5369
      1 5372
      1 5375
      1 5377
      1 5378
      1 5380
      1 5381
      1 5382
      1 5392
      1 5394
      2 5395
      2 5396
      1 5397
      1 5398
      1 5399
      1 5409
      1 5410
      1 5415
      1 5418
      1 5422
      1 5423
      2 5425
      1 5431
      2 5432
      1 5434
      1 5436
      1 5437
      1 5442
      1 5449
      1 5461
      1 5463
      2 5466
      1 5469
      1 5470
      1 5472
      2 5474
      1 5479
      2 5486
      1 5488
      1 5490
      1 5493
      1 5495
      1 5500
      1 5502
      1 5503
      1 5505
      3 5506
      1 5509
      1 5512
      1 5513
      1 5514
      1 5515
      1 5516
      2 5520
      1 5535
      1 5536
      1 5543
      1 5545
      1 5551
      2 5552
      2 5555
      1 5559
      1 5560
      1 5563
      1 5564
      2 5571
      2 5572
      1 5577
      1 5579
      1 5580
      1 5581
      2 5590
      1 5595
      1 5596
      1 5602
      1 5603
      1 5609
      1 5614
      1 5616
      2 5618
      1 5622
      1 5625
      1 5627
      1 5628
      1 5632
      1 5644
      1 5645
      1 5651
      1 5653
      1 5655
      1 5660
      1 5663
      1 5664
      1 5678
      1 5680
      1 5681
      1 5683
      1 5685
      2 5686
      1 5696
      1 5697
      1 5700
      1 5708
      1 5709
      1 5717
      1 5723
      4 5726
      1 5732
      1 5735
      1 5739
      1 5746
      1 5747
      1 5749
      2 5757
      1 5758
      1 5764
      2 5769
      1 5772
      1 5777
      1 5780
      1 5784
      1 5785
      1 5788
      1 5790
      1 5793
      2 5799
      1 5801
      1 5802
      1 5803
      1 5804
      2 5805
      1 5810
      1 5811
      1 5813
      1 5815
      1 5819
      1 5820
      1 5822
      1 5825
      1 5826
      1 5828
      1 5829
      1 5835
      1 5838
      1 5839
      1 5841
      2 5848
      1 5856
      2 5857
      1 5863
      1 5865
      1 5875
      1 5877
      1 5885
      1 5896
      1 5897
      1 5901
      1 5903
      1 5909
      1 5912
      1 5915
      2 5920
      1 5923
      1 5926
      1 5929
      1 5933
      1 5936
      1 5937
      1 5941
      1 5942
      1 5949
      1 5950
      1 5954
      1 5955
      1 5957
      1 5960
      1 5961
      1 5965
      1 5967
      2 5969
      1 5976
      1 5985
      2 5996
      1 6006
      3 6008
      1 6011
      1 6014
      1 6017
      1 6018
      1 6021
      1 6023
      1 6028
      2 6029
      1 6030
      3 6032
      1 6041
      1 6042
      1 6044
      1 6047
      1 6052
      1 6058
      2 6060
      1 6064
      1 6070
      1 6075
      1 6079
      1 6081
      1 6082
      1 6096
      1 6101
      1 6104
      1 6106
      1 6113
      1 6114
      1 6127
      1 6130
      1 6150
      1 6153
      1 6155
      1 6161
      1 6171
      1 6183
      1 6188
      1 6196
      1 6198
      1 6201
      1 6204
      1 6207
      1 6217
      1 6233
      1 6237
      1 6238
      1 6239
      1 6242
      1 6245
      1 6246
      1 6265
      1 6267
      1 6268
      1 6273
      2 6277
      2 6280
      1 6288
      1 6299
      1 6305
      1 6309
      1 6312
      3 6328
      1 6331
      1 6336
      1 6337
      1 6338
      1 6344
      1 6352
      1 6354
      1 6359
      1 6363
      2 6364
      2 6366
      1 6374
      1 6376
      1 6384
      1 6401
      1 6411
      1 6424
      1 6428
      1 6442
      1 6448
      1 6450
      1 6462
      1 6470
      1 6479
      1 6482
      1 6490
      1 6491
      1 6496
      1 6502
      1 6514
      1 6515
      1 6516
      1 6517
      1 6518
      1 6523
      1 6524
      1 6525
      1 6541
      1 6544
      1 6545
      1 6555
      1 6561
      1 6571
      2 6576
      1 6577
      1 6583
      2 6587
      1 6608
      1 6617
      1 6630
      2 6631
      2 6649
      1 6657
      1 6659
      1 6662
      1 6669
      1 6680
      1 6688
      1 6689
      1 6690
      1 6693
      1 6694
      1 6698
      1 6705
      1 6707
      1 6717
      1 6726
      1 6737
      1 6738
      1 6741
      1 6742
      1 6744
      1 6752
      2 6753
      1 6755
      1 6756
      1 6757
      1 6762
      1 6773
      1 6792
      2 6795
      1 6803
      1 6805
      1 6811
      1 6812
      1 6816
      1 6817
      1 6828
      1 6831
      1 6840
      1 6841
      1 6842
      1 6848
      2 6851
      1 6861
      1 6870
      1 6871
      1 6876
      1 6877
      1 6886
      1 6887
      1 6891
      1 6893
      1 6894
      1 6910
      1 6927
      1 6929
      1 6933
      1 6948
      2 6959
      1 6972
      1 6983
      1 6986
      1 7016
      1 7019
      1 7031
      1 7055
      1 7056
      2 7057
      1 7062
      1 7090
      1 7092
      1 7095
      1 7110
      1 7115
      1 7124
      1 7126
      1 7135
      1 7140
      1 7160
      1 7162
      1 7183
      1 7184
      1 7189
      1 7205
      1 7206
      1 7212
      1 7222
      1 7232
      1 7237
      1 7249
      1 7273
      1 7285
      1 7287
      1 7308
      1 7313
      1 7314
      1 7321
      1 7328
      1 7338
      1 7341
      1 7345
      1 7347
      1 7349
      1 7350
      1 7353
      2 7359
      1 7361
      1 7376
      2 7394
      2 7404
      1 7408
      1 7412
      1 7419
      1 7422
      1 7425
      1 7443
      1 7446
      1 7448
      1 7451
      1 7454
      1 7457
      1 7460
      1 7463
      1 7479
      1 7499
      1 7508
      1 7517
      1 7520
      1 7523
      1 7528
      1 7530
      1 7539
      1 7542
      1 7543
      1 7544
      1 7545
      1 7548
      1 7574
      2 7593
      1 7599
      1 7615
      1 7625
      1 7627
      1 7635
      1 7637
      1 7655
      1 7661
      1 7662
      1 7668
      1 7679
      1 7685
      1 7692
      2 7712
      1 7725
      1 7727
      1 7735
      1 7750
      1 7759
      1 7767
      1 7771
      2 7782
      1 7790
      1 7793
      1 7794
      1 7804
      1 7812
      1 7828
      1 7839
      1 7845
      1 7851
      1 7852
      1 7868
      1 7880
      1 7883
      1 7884
      1 7907
      1 7911
      1 7916
      1 7922
      1 7930
      1 7935
      1 7941
      1 7947
      2 7963
      1 7964
      1 7974
      1 7978
      1 8037
      1 8043
      1 8055
      1 8065
      1 8088
      1 8107
      1 8120
      1 8151
      1 8176
      1 8198
      1 8211
      1 8215
      1 8227
      2 8232
      1 8261
      1 8271
      2 8291
      1 8294
      1 8313
      1 8314
      1 8319
      1 8320
      1 8328
      1 8339
      1 8343
      1 8358
      1 8362
      1 8363
      2 8372
      1 8375
      1 8412
      1 8422
      1 8430
      1 8473
      1 8478
      1 8480
      1 8494
      1 8513
      1 8528
      1 8538
      1 8540
      1 8542
      1 8556
      1 8561
      1 8588
      1 8611
      1 8616
      1 8625
      1 8649
      1 8677
      1 8696
      2 8708
      1 8729
      1 8735
      1 8774
      1 8775
      1 8794
      1 8803
      1 8804
      1 8844
      1 8848
      1 8852
      1 8870
      1 8877
      1 8895
      1 8900
      1 8911
      1 8929
      1 9029
      1 9058
      1 9070
      1 9073
      1 9083
      1 9085
      2 9096
      1 9106
      1 9140
      1 9153
      1 9156
      1 9163
      1 9200
      1 9239
      1 9244
      1 9248
      1 9270
      1 9282
      1 9303
      1 9304
      1 9305
      1 9323
      1 9350
      1 9360
      1 9371
      1 9405
      1 9417
      1 9450
      1 9456
      1 9489
      1 9530
      1 9552
      1 9565
      1 9572
      1 9582
      1 9621
      1 9631
      1 9638
      1 9685
      1 9709
      1 9750
      1 9760
      1 9762
      1 9773
      1 9783
      1 9844
      1 9879
      1 9882
      2 9894
      1 9909
      1 9914
      1 9921
      2 9937
      1 9940
      1 9968
      1 9972
      1 9977
      1 9979
      1 10036
      1 10047
      1 10067
      1 10079
      1 10115
      1 10122
      1 10152
      1 10156
      1 10190
      2 10191
      1 10211
      1 10238
      1 10244
      1 10268
      1 10285
      1 10308
      1 10354
      1 10368
      1 10377
      1 10435
      1 10450
      1 10488
      1 10490
      1 10493
      1 10517
      1 10542
      1 10592
      1 10617
      1 10645
      1 10666
      1 10704
      1 10707
      1 10718
      1 10741
      1 10760
      1 10803
      1 10885
      1 10895
      1 10938
      1 10951
      1 10987
      1 11005
      1 11012
      1 11090
      1 11108
      1 11165
      1 11170
      1 11191
      1 11248
      1 11254
      1 11372
      1 11406
      1 11424
      1 11444
      1 11458
      1 11476
      1 11485
      1 11554
      1 11581
      1 11604
      1 11630
      1 11633
      1 11637
      1 11663
      1 11700
      1 11704
      1 11758
      1 11793
      1 11800
      1 11848
      1 11875
      1 11878
      1 11938
      1 11951
      1 11952
      1 11967
      1 12003
      1 12050
      1 12073
      1 12088
      1 12089
      1 12117
      1 12120
      1 12184
      1 12187
      1 12189
      1 12205
      1 12218
      1 12223
      1 12265
      1 12267
      1 12268
      1 12285
      1 12318
      1 12322
      1 12328
      1 12329
      1 12338
      1 12346
      1 12349
      1 12375
      1 12394
      1 12404
      1 12420
      1 12501
      1 12507
      1 12510
      1 12526
      1 12543
      1 12556
      1 12558
      1 12564
      1 12597
      1 12636
      1 12665
      1 12666
      1 12712
      1 12714
      1 12734
      1 12779
      1 12783
      1 12819
      1 12843
      1 12873
      1 12926
      1 12940
      1 12971
      1 12975
      1 12982
      1 13006
      1 13024
      1 13048
      1 13079
      1 13115
      1 13119
      1 13120
      1 13164
      1 13267
      1 13307
      1 13342
      1 13449
      1 13467
      1 13469
      1 13485
      1 13490
      1 13496
      1 13503
      1 13513
      1 13531
      1 13533
      1 13549
      1 13562
      1 13571
      1 13584
      1 13614
      1 13629
      1 13693
      1 13696
      1 13701
      1 13747
      1 13789
      1 13794
      1 13823
      1 13862
      1 13896
      1 13996
      1 14012
      1 14074
      1 14088
      1 14091
      1 14105
      1 14110
      1 14215
      1 14294
      1 14332
      1 14406
      1 14492
      1 14589
      1 14605
      1 14629
      1 14630
      1 14672
      1 14685
      1 14694
      1 14699
      1 14781
      1 14798
      1 14836
      1 14863
      1 14866
      1 14996
      1 15075
      1 15077
      1 15250
      1 15258
      1 15260
      1 15275
      1 15283
      1 15294
      1 15303
      1 15352
      1 15357
      1 15423
      1 15492
      1 15505
      1 15519
      1 15529
      1 15534
      1 15558
      1 15628
      1 15655
      1 15659
      1 15674
      1 15697
      1 15779
      1 15840
      1 15898
      1 15964
      1 15974
      1 16029
      1 16056
      1 16064
      1 16097
      1 16219
      1 16230
      1 16301
      1 16327
      1 16342
      1 16372
      1 16378
      1 16384
      1 16406
      1 16421
      1 16441
      1 16509
      1 16521
      1 16574
      1 16595
      1 16605
      1 16642
      2 16669
      1 16792
      1 16796
      1 16841
      1 16849
      1 16857
      1 16912
      1 16924
      1 16925
      1 16936
      1 16984
      1 17042
      1 17076
      1 17224
      1 17289
      1 17290
      1 17319
      1 17322
      1 17385
      1 17425
      1 17470
      1 17490
      1 17498
      1 17548
      1 17622
      1 17659
      1 17700
      1 17707
      1 17803
      1 17848
      1 17852
      1 17857
      1 17868
      1 17947
      1 17995
      1 18100
      1 18343
      1 18597
      1 18757
      1 18866
      1 19013
      1 19034
      1 19067
      1 19126
      1 19139
      1 19195
      1 19204
      1 19463
      1 19479
      1 19482
      1 19577
      1 19587
      1 19742
      1 19748
      1 19768
      1 19847
      1 19944
      1 19955
      1 20020
      1 20073
      1 20131
      1 20305
      1 20332
      1 20412
      1 20518
      1 20533
      1 20562
      1 20645
      1 20650
      1 20675
      1 20678
      1 20705
      1 20729
      1 20734
      1 20782
      1 20893
      1 20954
      1 21013
      1 21202
      1 21217
      1 21223
      1 21285
      1 21336
      1 21383
      1 21476
      1 21490
      1 21503
      1 21519
      1 21522
      1 21671
      1 21730
      1 21835
      1 21857
      1 21935
      1 21940
      1 22025
      1 22155
      1 22387
      1 22424
      1 22459
      1 22492
      1 22514
      1 22529
      1 22627
      1 22708
      1 22712
      1 22897
      1 23009
      1 23012
      1 23017
      1 23024
      1 23182
      1 23277
      1 23334
      1 23611
      1 23630
      1 23648
      1 23674
      1 23683
      1 23889
      1 23957
      1 24082
      1 24163
      1 24234
      1 24577
      1 24584
      1 24608
      1 24700
      1 24729
      1 24731
      1 24760
      1 24861
      1 24925
      1 24987
      1 24998
      1 25014
      1 25024
      1 25048
      1 25181
      1 25330
      1 25469
      1 25478
      1 25590
      1 25670
      1 26070
      1 26120
      1 26154
      1 26181
      1 26249
      1 26317
      1 26735
      1 26752
      1 26916
      1 26928
      1 26979
      1 27049
      1 27594
      1 27661
      1 27769
      1 27868
      1 27870
      1 27877
      1 28006
      1 28118
      1 28215
      1 28358
      1 28588
      1 28644
      1 28824
      1 28902
      1 29295
      1 29435
      1 29444
      1 29527
      1 29615
      1 29864
      1 29985
      1 30376
      1 30593
      1 30647
      1 31012
      1 31036
      1 31046
      1 31233
      1 31531
      1 31616
      1 31992
      1 32061
      1 32098
      1 32290
      1 32618
      1 32841
      1 33230
      1 33254
      1 33408
      1 34129
      1 34873
      1 34986
      1 35040
      1 35410
      1 35516
      1 35669
      1 35904
      1 35926
      1 36354
      1 36907
      1 37253
      1 37894
      1 38224
      1 38298
      1 38500
      1 38675
      1 38980
      1 41823
      1 41994
      1 44702
      1 47808
      1 48864
      1 48936
      1 50958
      1 58654
      1 62289
      1 62485
---AAD-PGBENCH-LAG-US---
