pgbench (18.6 (Debian 18.6-1.pgdg13+2))
starting vacuum...end.
transaction type: <builtin: select only>
scaling factor: 1000
query mode: simple
number of clients: 64
number of threads: 16
maximum number of tries: 1
duration: 60 s
number of transactions actually processed: 13493652
number of failed transactions: 0 (0.000%)
latency average = 0.284 ms
initial connection time = 84.706 ms
tps = 225101.398334 (without initial connection time)
---AAD-PGBENCH-LATENCY-US---
rc=0
samples=270236
      1 122
      1 124
      2 125
      1 126
      3 127
      1 128
      4 129
      6 130
      8 131
     13 132
     16 133
      6 134
     21 135
     20 136
     29 137
     31 138
     47 139
     42 140
     45 141
     48 142
     56 143
     59 144
     71 145
     70 146
     86 147
     87 148
     89 149
     82 150
    117 151
     89 152
    116 153
    111 154
    115 155
    147 156
     84 157
    128 158
    126 159
    137 160
    165 161
    146 162
    148 163
    150 164
    151 165
    176 166
    177 167
    189 168
    206 169
    205 170
    185 171
    195 172
    202 173
    258 174
    246 175
    280 176
    276 177
    318 178
    303 179
    335 180
    378 181
    406 182
    414 183
    462 184
    502 185
    554 186
    615 187
    675 188
    729 189
    820 190
    913 191
    991 192
   1049 193
   1161 194
   1221 195
   1300 196
   1438 197
   1622 198
   1670 199
   1837 200
   2000 201
   2064 202
   2255 203
   2279 204
   2434 205
   2585 206
   2616 207
   2606 208
   2680 209
   2497 210
   2556 211
   2336 212
   2288 213
   2197 214
   2080 215
   2027 216
   2019 217
   1836 218
   1741 219
   1591 220
   1495 221
   1391 222
   1390 223
   1271 224
   1243 225
   1184 226
   1154 227
   1062 228
   1040 229
    966 230
    974 231
    897 232
    853 233
    840 234
    871 235
    852 236
    811 237
    831 238
    797 239
    778 240
    781 241
    806 242
    810 243
    756 244
    719 245
    755 246
    755 247
    797 248
    792 249
    845 250
    829 251
    885 252
    934 253
    927 254
    995 255
   1102 256
   1083 257
   1184 258
   1255 259
   1365 260
   1410 261
   1524 262
   1698 263
   1821 264
   1848 265
   2040 266
   2136 267
   2216 268
   2379 269
   2492 270
   2603 271
   2769 272
   2900 273
   2878 274
   3004 275
   3057 276
   3082 277
   2838 278
   2734 279
   2601 280
   2412 281
   2371 282
   2184 283
   2011 284
   1886 285
   1816 286
   1644 287
   1546 288
   1523 289
   1343 290
   1295 291
   1219 292
   1177 293
   1064 294
   1046 295
    897 296
    862 297
    934 298
    856 299
    815 300
    765 301
    757 302
    648 303
    663 304
    657 305
    610 306
    653 307
    642 308
    622 309
    633 310
    618 311
    596 312
    590 313
    596 314
    615 315
    608 316
    610 317
    608 318
    626 319
    638 320
    649 321
    674 322
    660 323
    690 324
    682 325
    727 326
    757 327
    775 328
    859 329
    935 330
    934 331
   1012 332
    995 333
   1067 334
   1139 335
   1170 336
   1261 337
   1276 338
   1395 339
   1363 340
   1405 341
   1530 342
   1500 343
   1541 344
   1515 345
   1488 346
   1377 347
   1400 348
   1303 349
   1244 350
   1102 351
   1110 352
   1036 353
    943 354
    874 355
    882 356
    796 357
    715 358
    690 359
    622 360
    612 361
    535 362
    526 363
    482 364
    431 365
    458 366
    431 367
    382 368
    374 369
    359 370
    327 371
    285 372
    352 373
    277 374
    272 375
    290 376
    254 377
    247 378
    278 379
    225 380
    241 381
    230 382
    248 383
    229 384
    229 385
    235 386
    243 387
    226 388
    225 389
    208 390
    242 391
    219 392
    240 393
    205 394
    231 395
    273 396
    226 397
    284 398
    235 399
    273 400
    273 401
    276 402
    282 403
    329 404
    337 405
    355 406
    313 407
    323 408
    380 409
    351 410
    355 411
    345 412
    373 413
    372 414
    373 415
    387 416
    328 417
    343 418
    297 419
    277 420
    263 421
    240 422
    238 423
    222 424
    234 425
    195 426
    186 427
    197 428
    163 429
    168 430
    156 431
    133 432
    140 433
    134 434
    127 435
    114 436
    103 437
     92 438
     93 439
     81 440
     98 441
     94 442
     85 443
     80 444
     75 445
     79 446
     68 447
     56 448
     60 449
     66 450
     55 451
     50 452
     59 453
     64 454
     51 455
     71 456
     74 457
     68 458
     50 459
     54 460
     41 461
     68 462
     61 463
     63 464
     64 465
     63 466
     58 467
     58 468
     64 469
     70 470
     74 471
     72 472
     70 473
     51 474
     73 475
     84 476
     69 477
     81 478
     77 479
     79 480
     82 481
     94 482
     66 483
     84 484
     91 485
     81 486
     72 487
     84 488
     74 489
     53 490
     65 491
     69 492
     51 493
     64 494
     50 495
     42 496
     41 497
     32 498
     56 499
     30 500
     42 501
     32 502
     27 503
     21 504
     28 505
     25 506
     37 507
     25 508
     23 509
     23 510
     15 511
     22 512
     22 513
     22 514
     14 515
     19 516
     15 517
     19 518
     21 519
     19 520
     18 521
      9 522
     14 523
     24 524
     11 525
     24 526
     17 527
     15 528
     24 529
     21 530
     13 531
      9 532
     15 533
     17 534
     10 535
     17 536
     16 537
     18 538
     19 539
     17 540
     24 541
     18 542
     21 543
     13 544
     16 545
     20 546
     19 547
     18 548
     30 549
     17 550
     24 551
     17 552
     19 553
     17 554
     18 555
     21 556
     32 557
     18 558
     26 559
     21 560
     19 561
     18 562
     21 563
      8 564
     11 565
     18 566
      8 567
      8 568
     16 569
     11 570
     10 571
     14 572
      8 573
     11 574
      8 575
      4 576
     10 577
      6 578
      3 579
      6 580
      3 581
      4 582
      6 583
      5 584
      4 585
      3 586
      7 587
      7 588
      5 589
      7 590
      5 591
      2 592
      5 593
      8 594
      6 595
      2 596
      4 597
      8 598
      4 599
     11 600
      8 601
      9 602
      3 603
      9 604
      6 605
      8 606
      5 607
      4 608
      7 609
      8 610
     10 611
      4 612
      8 613
      6 614
      5 615
      9 616
      5 617
      6 618
      8 619
     11 620
      9 621
      5 622
      4 623
      7 624
      6 625
      6 626
      5 627
      7 628
      5 629
      7 630
      4 631
      6 632
      6 633
      5 634
      3 635
      8 636
     10 637
      2 638
      5 639
      5 640
      6 641
      2 642
      1 643
      5 644
      2 645
      5 646
      1 647
      5 648
      1 649
      4 650
      3 651
      2 652
      4 653
      3 654
      2 655
      1 656
      2 657
      1 658
      2 660
      2 661
      2 662
      2 663
      2 664
      6 665
      5 666
      2 667
      1 668
      1 669
      4 671
      2 672
      3 673
      5 674
      3 675
      2 677
      4 679
      2 680
      2 681
      2 682
      2 683
      3 684
      2 685
      3 686
      4 687
      4 688
      4 689
      3 690
      5 691
      6 692
      6 693
      3 694
      6 695
      3 697
      3 698
      1 699
      1 700
      3 701
      5 702
      3 703
      4 704
      3 705
      1 706
      3 707
      1 708
      2 709
      2 710
      3 711
      4 712
      2 713
      1 714
      2 715
      1 716
      2 717
      2 719
      1 720
      1 721
      2 722
      3 723
      2 725
      3 726
      5 728
      4 729
      2 730
      1 732
      4 733
      2 735
      1 738
      1 739
      5 740
      2 741
      5 742
      2 743
      2 745
      3 746
      1 747
      3 748
      3 749
      1 750
      5 751
      4 752
      2 753
      2 754
      4 755
      3 756
      2 757
      2 758
      4 759
      4 760
      2 761
      2 762
      3 763
      2 764
      7 765
      1 766
      2 767
      1 768
      2 769
      2 770
      1 771
      2 772
      2 773
      3 774
      2 775
      1 776
      1 777
      2 778
      2 779
      3 780
      1 781
      1 782
      2 785
      3 786
      2 787
      1 788
      4 789
      1 790
      6 792
      1 793
      1 796
      2 798
      2 799
      3 802
      2 804
      1 805
      1 806
      1 807
      1 810
      3 811
      1 812
      1 813
      3 815
      2 816
      2 817
      2 819
      2 820
      3 821
      3 822
      2 823
      5 824
      2 825
      3 826
      2 827
      3 828
      6 829
      2 830
      2 831
      2 832
      4 833
      4 834
      1 835
      3 836
      2 838
      1 839
      2 840
      2 841
      2 842
      2 843
      1 844
      1 845
      3 846
      1 847
      1 848
      1 850
      3 851
      1 852
      2 853
      3 854
      1 855
      1 860
      2 861
      2 862
      3 863
      1 866
      1 867
      3 868
      2 871
      1 872
      1 873
      2 874
      2 877
      1 878
      1 879
      4 880
      2 881
      1 883
      4 884
      3 886
      1 887
      3 888
      4 889
      1 890
      2 891
      5 895
      1 896
      2 897
      1 898
      2 899
      4 900
      2 901
      2 902
      3 903
      6 904
      4 905
      2 907
      1 908
      1 910
      1 911
      1 912
      2 913
      2 914
      2 917
      1 918
      3 919
      4 920
      1 921
      1 924
      2 925
      1 926
      2 927
      1 934
      2 935
      1 937
      5 940
      1 941
      2 943
      2 946
      2 947
      1 948
      2 949
      3 950
      1 952
      2 953
      2 954
      1 955
      3 957
      2 958
      1 959
      2 960
      1 961
      1 962
      2 963
      2 964
      1 965
      1 966
      3 967
      4 968
      7 969
      3 970
      2 972
      1 973
      3 974
      2 975
      4 976
      2 977
      1 978
      2 979
      1 980
      2 981
      1 983
      2 984
      1 985
      1 986
      2 987
      2 988
      1 989
      3 990
      2 991
      1 992
      1 993
      1 994
      1 995
      4 997
      1 998
      2 999
      3 1000
      2 1001
      1 1002
      1 1003
      3 1004
      2 1006
      1 1007
      1 1009
      2 1010
      1 1011
      4 1012
      1 1014
      3 1016
      3 1017
      1 1018
      1 1019
      2 1020
      2 1021
      1 1023
      1 1024
      3 1025
      3 1026
      1 1027
      1 1031
      2 1032
      2 1033
      2 1034
      1 1035
      4 1036
      5 1037
      2 1038
      3 1039
      2 1040
      1 1041
      2 1042
      4 1043
      2 1045
      4 1046
      1 1047
      4 1049
      1 1050
      3 1051
      4 1052
      1 1058
      2 1059
      1 1060
      4 1061
      1 1062
      1 1066
      1 1068
      2 1069
      1 1071
      2 1072
      1 1073
      2 1075
      1 1078
      1 1079
      1 1080
      3 1082
      3 1084
      2 1085
      4 1086
      2 1087
      3 1088
      1 1089
      3 1093
      3 1094
      2 1095
      1 1096
      2 1097
      2 1098
      1 1099
      4 1100
      3 1101
      3 1102
      4 1103
      5 1104
      1 1105
      1 1107
      2 1108
      1 1109
      2 1110
      1 1111
      2 1112
      3 1113
      3 1114
      3 1115
      2 1116
      3 1117
      1 1118
      2 1119
      2 1120
      2 1121
      3 1122
      1 1123
      1 1124
      2 1125
      2 1126
      4 1127
      2 1128
      7 1129
      3 1131
      1 1132
      1 1133
      1 1134
      1 1135
      4 1136
      1 1139
      4 1140
      1 1141
      1 1142
      2 1143
      1 1144
      2 1146
      2 1147
      1 1148
      2 1149
      1 1150
      3 1152
      1 1153
      1 1154
      1 1155
      2 1156
      1 1157
      1 1158
      3 1159
      2 1160
      1 1161
      1 1162
      1 1163
      2 1165
      1 1166
      5 1167
      1 1168
      4 1170
      4 1171
      2 1173
      1 1174
      1 1175
      4 1176
      3 1177
      1 1178
      3 1179
      3 1180
      2 1181
      4 1182
      3 1183
      1 1184
      5 1185
      3 1186
      2 1187
      3 1188
      4 1189
      1 1191
      3 1192
      6 1193
      1 1194
      5 1195
      2 1197
      3 1198
      1 1200
      2 1202
      2 1203
      1 1204
      1 1205
      1 1206
      2 1208
      2 1210
      2 1213
      2 1215
      1 1216
      1 1217
      4 1218
      2 1219
      3 1221
      4 1222
      4 1223
      3 1224
      2 1225
      4 1226
      1 1227
      2 1228
      7 1230
      3 1231
      2 1232
      3 1233
      4 1235
      1 1237
      3 1238
      4 1239
      4 1240
      4 1241
      3 1242
      2 1243
      2 1244
      3 1245
      1 1246
      3 1247
      1 1248
      3 1249
      2 1250
      5 1251
      3 1252
      4 1253
      3 1255
      3 1256
      5 1257
      4 1258
      1 1260
      3 1261
      2 1262
      4 1264
      6 1265
      2 1266
      2 1267
      1 1268
      3 1269
      2 1270
      1 1271
      3 1272
      2 1273
      2 1274
      2 1275
      1 1276
      3 1277
      3 1278
      1 1279
      1 1281
      1 1282
      3 1283
      2 1284
      3 1285
      3 1286
      1 1287
      1 1288
      2 1289
      1 1290
      3 1291
      2 1292
      1 1293
      3 1294
      3 1295
      2 1296
      2 1297
      2 1298
      1 1300
      3 1301
      2 1302
      1 1303
      2 1304
      3 1306
      2 1307
      4 1308
      3 1309
      1 1310
      4 1311
      2 1312
      5 1313
      1 1314
      4 1315
      3 1316
      1 1317
      2 1318
      4 1319
      1 1320
      7 1321
      4 1322
      3 1323
      3 1324
      3 1325
      1 1326
      1 1328
      2 1329
      3 1330
      3 1331
      3 1332
      2 1333
      2 1334
      1 1335
      7 1336
      1 1337
      1 1341
      1 1342
      3 1343
      2 1344
      3 1345
      3 1346
      3 1348
      1 1349
      2 1351
      3 1352
      2 1353
      1 1354
      2 1355
      1 1356
      2 1357
      2 1358
      4 1359
      1 1360
      4 1361
      4 1362
      2 1364
      1 1365
      1 1366
      2 1367
      2 1368
      2 1370
      3 1371
      1 1372
      2 1373
      2 1375
      3 1376
      4 1377
      3 1378
      1 1379
      3 1380
      4 1381
      2 1382
      3 1383
      2 1384
      1 1385
      4 1386
      1 1390
      1 1392
      2 1394
      4 1395
      2 1396
      3 1398
      2 1399
      1 1401
      2 1402
      4 1403
      1 1404
      3 1405
      4 1406
      1 1407
      2 1408
      1 1409
      2 1410
      2 1411
      3 1412
      1 1413
      2 1414
      3 1415
      2 1417
      3 1418
      2 1421
      1 1424
      1 1425
      1 1426
      2 1427
      2 1429
      2 1430
      1 1433
      3 1434
      4 1435
      2 1436
      4 1437
      1 1438
      2 1439
      2 1441
      1 1443
      1 1444
      2 1445
      2 1446
      1 1447
      2 1448
      1 1450
      1 1451
      2 1452
      2 1453
      1 1454
      3 1455
      4 1457
      1 1458
      5 1459
      2 1460
      2 1462
      1 1463
      1 1464
      1 1465
      1 1466
      1 1467
      4 1468
      3 1469
      4 1472
      5 1474
      1 1475
      2 1476
      1 1477
      3 1478
      2 1479
      1 1482
      1 1483
      1 1484
      1 1485
      1 1487
      2 1493
      2 1494
      1 1495
      2 1497
      1 1499
      1 1500
      1 1501
      3 1502
      2 1503
      1 1506
      1 1508
      1 1512
      5 1513
      2 1514
      1 1515
      1 1518
      1 1520
      1 1528
      1 1529
      1 1531
      1 1532
      2 1533
      1 1534
      1 1535
      1 1543
      1 1548
      1 1550
      1 1551
      1 1553
      2 1554
      1 1566
      1 1569
      1 1579
      1 1581
      1 1587
      1 1588
      1 1591
      1 1593
      1 1595
      1 1596
      1 1599
      1 1601
      1 1603
      1 1604
      1 1605
      1 1606
      1 1609
      1 1614
      1 1616
      1 1617
      1 1620
      2 1631
      1 1633
      1 1636
      1 1640
      1 1649
      1 1651
      1 1665
      1 1725
      1 1739
      1 1741
      1 1766
      1 1887
      1 2021
      1 2120
      1 2345
      1 2459
      1 2530
---AAD-PGBENCH-LAG-US---
