pgbench (18.6 (Debian 18.6-1.pgdg13+2))
starting vacuum...end.
transaction type: <builtin: select only>
scaling factor: 1000
query mode: simple
number of clients: 32
number of threads: 16
maximum number of tries: 1
duration: 60 s
number of transactions actually processed: 8754146
number of failed transactions: 0 (0.000%)
latency average = 0.219 ms
initial connection time = 8.170 ms
tps = 145908.267232 (without initial connection time)
---AAD-PGBENCH-LATENCY-US---
rc=0
samples=175981
      4 124
      6 125
     15 126
     22 127
     29 128
     41 129
     65 130
     62 131
     79 132
     96 133
    125 134
    178 135
    178 136
    250 137
    317 138
    359 139
    378 140
    429 141
    558 142
    585 143
    595 144
    670 145
    729 146
    759 147
    849 148
    850 149
   1006 150
   1052 151
    998 152
   1096 153
   1098 154
   1031 155
   1041 156
    997 157
    963 158
    910 159
    840 160
    800 161
    818 162
    704 163
    627 164
    641 165
    628 166
    537 167
    559 168
    546 169
    531 170
    478 171
    460 172
    496 173
    466 174
    505 175
    482 176
    489 177
    533 178
    540 179
    506 180
    557 181
    542 182
    611 183
    635 184
    638 185
    722 186
    753 187
    882 188
    885 189
    924 190
   1075 191
   1168 192
   1278 193
   1302 194
   1474 195
   1647 196
   1778 197
   1976 198
   2090 199
   2359 200
   2388 201
   2708 202
   3074 203
   3289 204
   3505 205
   4147 206
   4264 207
   4126 208
   3462 209
   3188 210
   3078 211
   2756 212
   2526 213
   2431 214
   2338 215
   2084 216
   2041 217
   1831 218
   1736 219
   1571 220
   1507 221
   1348 222
   1309 223
   1203 224
   1191 225
   1078 226
   1060 227
    976 228
    916 229
    840 230
    857 231
    841 232
    803 233
    769 234
    717 235
    711 236
    685 237
    717 238
    679 239
    669 240
    589 241
    646 242
    604 243
    604 244
    610 245
    601 246
    653 247
    640 248
    655 249
    660 250
    662 251
    679 252
    735 253
    705 254
    727 255
    763 256
    874 257
    834 258
    930 259
    984 260
   1022 261
    959 262
    993 263
   1048 264
   1094 265
   1065 266
   1124 267
   1018 268
   1110 269
   1100 270
   1142 271
   1058 272
   1041 273
   1015 274
   1033 275
   1074 276
    944 277
    828 278
    826 279
    750 280
    644 281
    584 282
    546 283
    551 284
    486 285
    425 286
    383 287
    358 288
    312 289
    285 290
    275 291
    264 292
    259 293
    222 294
    192 295
    195 296
    160 297
    165 298
    179 299
    139 300
    146 301
    135 302
    136 303
    141 304
    122 305
    125 306
    115 307
    118 308
    108 309
    107 310
     88 311
     84 312
     91 313
     79 314
     82 315
     93 316
     96 317
     85 318
     81 319
     79 320
     64 321
     78 322
     67 323
     65 324
     77 325
     87 326
     87 327
     74 328
     64 329
     74 330
     74 331
     70 332
     88 333
     73 334
     61 335
     77 336
     57 337
     64 338
     68 339
     63 340
     56 341
     61 342
     72 343
     43 344
     49 345
     49 346
     54 347
     47 348
     42 349
     35 350
     32 351
     32 352
     30 353
     41 354
     26 355
     23 356
     24 357
     26 358
     18 359
     26 360
     21 361
     19 362
     28 363
     21 364
     14 365
     25 366
     21 367
     24 368
     14 369
     15 370
     10 371
     14 372
     16 373
      9 374
      9 375
     13 376
     15 377
     13 378
     12 379
     13 380
     15 381
      9 382
     13 383
      8 384
      8 385
      5 386
     11 387
     10 388
      7 389
     15 390
      6 391
     13 392
     14 393
     13 394
     10 395
      6 396
      5 397
     12 398
      1 399
      7 400
      4 401
      8 402
     10 403
      9 404
      9 405
      7 406
      9 407
      6 408
      5 409
     13 410
      7 411
      5 412
     10 413
      6 414
      7 415
      5 416
      3 417
      6 418
      5 419
      6 420
      4 421
      3 422
      3 423
      7 424
      3 425
      5 426
      4 427
      4 428
      3 429
      3 430
      4 431
      4 432
      3 433
      3 435
      3 436
      1 437
      3 438
      3 440
      1 441
      1 442
      1 443
      2 444
      1 445
      3 446
      1 447
      1 448
      3 449
      2 451
      1 453
      3 454
      2 456
      1 459
      1 460
      2 463
      1 464
      1 465
      1 466
      1 467
      2 470
      2 471
      1 474
      2 476
      1 477
      1 479
      1 482
      1 483
      1 484
      2 485
      3 486
      1 487
      3 490
      2 491
      3 492
      4 493
      1 494
      3 495
      4 496
      3 497
      1 498
      3 499
      4 500
      2 501
      5 502
      7 503
      6 504
     10 505
      8 506
     11 507
      7 508
      9 509
     12 510
      6 511
     13 512
      9 513
     23 514
     15 515
     13 516
      8 517
     13 518
     20 519
     10 520
     10 521
      9 522
     12 523
      3 524
     10 525
     10 526
      6 527
      2 528
      3 529
      1 530
      3 531
      4 532
      1 538
      2 539
      3 540
      1 541
      4 542
      1 545
      1 546
      1 547
      1 549
      1 552
      2 553
      1 555
      1 558
      1 562
      1 568
      1 569
      1 577
      2 580
      1 587
      2 590
      1 594
      1 600
      1 604
      2 618
      1 619
      1 627
      1 635
      1 636
      1 638
      1 659
      1 666
      1 669
      1 670
      1 674
      2 686
      1 689
      1 693
      3 694
      1 695
      1 698
      1 702
      2 707
      1 724
      2 729
      1 730
      1 743
      1 746
      1 747
      1 753
      1 766
      1 767
      1 768
      1 773
      2 780
      1 781
      1 795
      1 798
      1 806
      1 813
      1 819
      1 829
      1 833
      1 835
      1 837
      1 839
      1 842
      1 844
      1 848
      1 849
      2 852
      1 856
      1 868
      1 869
      1 878
      1 888
      1 894
      1 901
      1 903
      1 912
      1 915
      1 938
      1 939
      1 943
      1 953
      1 956
      1 962
      1 971
      1 973
      1 982
      1 984
      1 990
      1 991
      2 992
      1 993
      1 999
      1 1010
      1 1016
      1 1020
      1 1033
      1 1034
      1 1035
      2 1037
      2 1038
      1 1040
      1 1042
      3 1044
      1 1046
      1 1047
      2 1048
      1 1055
      2 1056
      1 1062
      1 1067
      2 1068
      1 1071
      1 1081
      1 1082
      1 1083
      1 1089
      1 1110
      1 1114
      1 1116
      1 1117
      2 1125
      1 1129
      1 1130
      1 1131
      1 1132
      1 1133
      1 1136
      1 1139
      1 1140
      2 1146
      1 1149
      1 1166
      1 1174
      1 1175
      1 1177
      1 1178
      1 1186
      1 1187
      1 1190
      1 1192
      1 1193
      1 1195
      1 1199
      1 1200
      1 1201
      1 1204
      1 1217
      2 1218
      1 1220
      1 1222
      1 1224
      1 1231
      1 1242
      1 1244
      1 1247
      2 1248
      3 1250
      1 1256
      1 1266
      1 1269
      2 1270
      1 1279
      1 1280
      1 1282
      1 1288
      1 1291
      1 1294
      1 1296
      1 1297
      1 1299
      2 1300
      1 1302
      1 1306
      1 1308
      1 1310
      2 1311
      2 1315
      1 1318
      1 1319
      1 1320
      1 1331
      1 1335
      1 1336
      1 1340
      1 1342
      2 1346
      1 1353
      2 1365
      1 1379
      1 1444
      1 1453
      1 1561
---AAD-PGBENCH-LAG-US---
