pgbench (18.6 (Debian 18.6-1.pgdg13+2))
starting vacuum...end.
transaction type: <builtin: select only>
scaling factor: 1000
query mode: simple
number of clients: 16
number of threads: 16
maximum number of tries: 1
duration: 60 s
number of transactions actually processed: 5866671
number of failed transactions: 0 (0.000%)
latency average = 0.164 ms
initial connection time = 6.095 ms
tps = 97786.751854 (without initial connection time)
---AAD-PGBENCH-LATENCY-US---
rc=0
samples=117305
      1 119
      1 120
      3 121
     10 122
      8 123
     14 124
     33 125
     58 126
     74 127
     79 128
    124 129
    148 130
    193 131
    214 132
    274 133
    409 134
    495 135
    687 136
    894 137
   1075 138
   1217 139
   1230 140
   1446 141
   1599 142
   1827 143
   2052 144
   2393 145
   2774 146
   3060 147
   3496 148
   3941 149
   4469 150
   4591 151
   4979 152
   5146 153
   5258 154
   4721 155
   4435 156
   4129 157
   3841 158
   3352 159
   2990 160
   2606 161
   2358 162
   2113 163
   1748 164
   1515 165
   1348 166
   1211 167
   1065 168
    911 169
    840 170
    720 171
    679 172
    602 173
    522 174
    488 175
    426 176
    379 177
    390 178
    315 179
    298 180
    287 181
    289 182
    244 183
    256 184
    228 185
    207 186
    243 187
    235 188
    252 189
    248 190
    259 191
    246 192
    307 193
    327 194
    354 195
    412 196
    434 197
    425 198
    510 199
    484 200
    563 201
    584 202
    644 203
    699 204
    715 205
    731 206
    776 207
    741 208
    544 209
    501 210
    453 211
    391 212
    358 213
    308 214
    284 215
    257 216
    252 217
    187 218
    213 219
    155 220
    138 221
    131 222
    119 223
    109 224
     93 225
    108 226
     84 227
     75 228
     64 229
     75 230
     76 231
     58 232
     69 233
     53 234
     56 235
     48 236
     59 237
     38 238
     28 239
     38 240
     37 241
     37 242
     42 243
     39 244
     36 245
     32 246
     34 247
     20 248
     23 249
     27 250
     20 251
     27 252
     28 253
     11 254
     23 255
     17 256
     27 257
     24 258
     23 259
     19 260
     20 261
     14 262
     11 263
     26 264
     17 265
     23 266
     20 267
     19 268
     24 269
     21 270
     25 271
     18 272
     25 273
     19 274
     16 275
     19 276
     14 277
     11 278
     22 279
     17 280
     18 281
     21 282
     15 283
     15 284
     26 285
     27 286
     25 287
     20 288
     29 289
     26 290
     32 291
     23 292
     27 293
     36 294
     26 295
     31 296
     24 297
     34 298
     29 299
     32 300
     25 301
     26 302
     28 303
     23 304
     23 305
     17 306
     11 307
     18 308
     13 309
     18 310
     19 311
     20 312
     12 313
      7 314
      7 315
      7 316
     12 317
      5 318
     11 319
      5 320
      7 321
      7 322
      6 323
      6 324
      6 325
      2 326
      8 327
      6 328
      2 329
      2 330
      6 331
      2 332
      3 333
      3 334
      3 335
      2 336
      4 337
      1 339
      2 340
      2 341
      2 342
      1 343
      2 344
      1 345
      1 346
      4 347
      2 348
      1 349
      2 351
      2 352
      1 353
      2 356
      2 357
      3 358
      3 359
      2 362
      2 364
      2 365
      1 366
      2 367
      5 368
      1 370
      1 372
      1 375
      1 381
      2 383
      1 387
      4 388
      1 390
      1 393
      1 399
      1 401
      1 405
      2 410
      1 413
      1 415
      1 420
      1 425
      1 434
      1 442
      1 445
      1 450
      1 453
      1 461
      1 469
      2 470
      1 510
      1 711
      1 819
      1 950
      1 1156
---AAD-PGBENCH-LAG-US---
