pgbench (18.6 (Debian 18.6-1.pgdg13+2))
starting vacuum...end.
transaction type: <builtin: select only>
scaling factor: 1000
query mode: simple
number of clients: 8
number of threads: 8
maximum number of tries: 1
duration: 60 s
number of transactions actually processed: 1620596
number of failed transactions: 0 (0.000%)
latency average = 0.296 ms
initial connection time = 5.265 ms
tps = 27012.048827 (without initial connection time)
---AAD-PGBENCH-LATENCY-US---
rc=0
samples=32504
      2 228
      3 229
      2 230
      7 231
      4 232
      7 233
      9 234
      5 235
      8 236
     32 237
     36 238
     42 239
     69 240
     75 241
     97 242
     80 243
     97 244
    111 245
    103 246
    121 247
    140 248
    175 249
    345 250
    539 251
    644 252
    702 253
    648 254
    622 255
    580 256
    568 257
    506 258
    572 259
    641 260
    692 261
    701 262
    617 263
    556 264
    576 265
    539 266
    556 267
    591 268
    712 269
    743 270
    628 271
    559 272
    550 273
    632 274
    714 275
    668 276
    610 277
    478 278
    508 279
    370 280
    383 281
    349 282
    317 283
    280 284
    291 285
    231 286
    249 287
    206 288
    195 289
    218 290
    185 291
    182 292
    168 293
    169 294
    154 295
    165 296
    149 297
    138 298
    137 299
    147 300
    137 301
    148 302
    136 303
    157 304
    127 305
    142 306
    131 307
    125 308
    122 309
    125 310
    127 311
     99 312
    122 313
    117 314
    120 315
    121 316
    113 317
    144 318
    130 319
    124 320
    116 321
    122 322
    146 323
    137 324
    142 325
    127 326
    158 327
    170 328
    163 329
    183 330
    170 331
    149 332
    126 333
    136 334
     93 335
    115 336
     91 337
     93 338
     88 339
     88 340
     72 341
     60 342
     63 343
     54 344
     55 345
     51 346
     53 347
     45 348
     40 349
     46 350
     33 351
     26 352
     25 353
     29 354
     24 355
     29 356
     31 357
     29 358
     21 359
     33 360
     13 361
     25 362
     16 363
     21 364
     22 365
     21 366
     35 367
     20 368
     16 369
     18 370
     18 371
     17 372
     19 373
     23 374
     13 375
     23 376
     18 377
     15 378
     23 379
     21 380
     23 381
     14 382
     12 383
     15 384
     19 385
     16 386
     15 387
     23 388
     25 389
     17 390
     19 391
     16 392
     14 393
     12 394
     17 395
     18 396
     13 397
     15 398
     13 399
     10 400
     18 401
     20 402
     13 403
     13 404
     19 405
     13 406
     11 407
     18 408
     18 409
     21 410
     12 411
      9 412
     20 413
      9 414
      8 415
     18 416
      8 417
     15 418
     19 419
      8 420
      6 421
     12 422
     17 423
      8 424
     18 425
     16 426
      9 427
     15 428
     16 429
     18 430
     11 431
      8 432
      9 433
      8 434
     11 435
     11 436
      6 437
     10 438
     14 439
      8 440
     10 441
     15 442
     12 443
     15 444
      9 445
      8 446
      9 447
      4 448
     16 449
     18 450
      9 451
      7 452
     13 453
      4 454
      8 455
     16 456
      5 457
     11 458
     12 459
      6 460
      8 461
     10 462
     11 463
      6 464
     18 465
      5 466
     19 467
      8 468
     10 469
      8 470
      7 471
      7 472
      9 473
      4 474
     17 475
      8 476
      7 477
     12 478
     11 479
      5 480
     11 481
      7 482
     11 483
      6 484
      6 485
      3 486
      5 487
      5 488
      7 489
     11 490
      6 491
     11 492
      7 493
      6 494
      5 495
      5 496
      2 497
     10 498
     11 499
      3 500
     10 501
      6 502
      5 503
      9 504
      8 505
      8 506
      5 507
      9 508
      6 509
      3 510
     11 511
      9 512
     12 513
      9 514
      9 515
      6 516
      4 517
      5 518
      6 519
      7 520
      5 521
      5 522
      6 523
      9 524
      5 525
      4 526
      9 527
      5 528
      3 529
      2 530
      6 531
      5 532
      4 533
      3 534
      3 535
      8 536
      4 537
      2 538
      8 539
      8 540
     11 541
      5 542
      8 543
      7 544
      5 545
      4 546
      7 547
      8 548
      5 549
      3 550
      2 551
      5 552
      5 553
      7 554
      3 555
      5 556
      3 557
      3 558
      6 559
      4 560
      3 561
      5 562
      6 563
      5 564
      4 565
      4 566
      4 567
      1 568
      5 569
      3 570
      3 571
      6 572
      7 573
      6 574
      2 575
      1 576
      3 577
      2 578
      2 579
      1 580
      5 581
      4 582
      5 583
      4 584
      2 585
      1 586
      5 587
      3 588
      3 589
      2 590
      5 591
      4 592
      5 593
      5 594
      4 595
      3 596
      1 597
      4 598
      3 599
      1 601
      2 602
      3 604
      2 605
      2 606
      1 607
      1 608
      1 609
      2 610
      2 611
      4 612
      3 613
      2 615
      3 616
      4 618
      2 619
      1 620
      4 621
      1 622
      4 623
      1 624
      3 625
      4 627
      2 628
      4 629
      5 630
      4 631
      1 632
      2 633
      3 634
      1 636
      1 637
      3 639
      5 640
      1 642
      2 643
      2 645
      1 646
      3 647
      1 648
      1 649
      2 651
      4 652
      1 653
      3 654
      5 655
      1 656
      2 657
      4 658
      3 659
      2 661
      1 662
      1 663
      3 664
      1 665
      2 666
      1 667
      1 668
      1 670
      1 671
      2 672
      2 674
      1 675
      4 676
      2 678
      1 680
      2 681
      1 683
      3 684
      1 686
      1 687
      4 688
      2 689
      2 690
      1 691
      3 692
      1 695
      2 697
      1 699
      2 702
      1 703
      1 706
      3 708
      1 710
      1 711
      1 712
      1 714
      1 717
      1 720
      2 722
      1 724
      2 725
      1 726
      1 727
      1 728
      2 729
      2 732
      1 733
      1 736
      1 737
      1 739
      2 740
      2 743
      1 745
      2 746
      2 747
      1 748
      1 750
      1 751
      1 752
      1 753
      1 754
      1 755
      2 757
      2 758
      1 759
      3 760
      2 762
      2 764
      1 765
      1 771
      1 773
      2 777
      2 784
      1 789
      1 792
      1 797
      1 798
      1 800
      1 803
      1 806
      1 807
      1 809
      1 811
      1 816
      1 821
      1 823
      1 830
      1 835
      1 840
      1 844
      1 852
      1 858
      2 861
      1 866
      1 874
      2 878
      1 889
      1 898
      1 899
      1 901
      1 904
      1 906
      1 908
      1 913
      1 915
      1 917
      1 918
      1 920
      1 922
      1 923
      1 927
      1 944
      1 946
      1 947
      2 959
      2 973
      2 976
      1 981
      2 987
      1 1008
      1 1009
      1 1012
      1 1017
      3 1025
      1 1033
      1 1039
      1 1042
      1 1065
      1 1077
      1 1084
      1 1102
      1 1108
      1 1122
      1 1132
      1 1135
      1 1143
      2 1155
      1 1199
      1 1226
      2 1241
      1 1277
      1 1298
      1 1320
      1 1343
      1 1363
      1 1417
      1 1452
      1 1487
      1 1498
      1 1601
      1 1623
      1 1924
---AAD-PGBENCH-LAG-US---
