pgbench (18.6 (Debian 18.6-1.pgdg13+2))
starting vacuum...end.
transaction type: <builtin: select only>
scaling factor: 1000
query mode: simple
number of clients: 128
number of threads: 16
maximum number of tries: 1
duration: 60 s
number of transactions actually processed: 9996192
number of failed transactions: 0 (0.000%)
latency average = 0.765 ms
initial connection time = 273.921 ms
tps = 167329.322808 (without initial connection time)
---AAD-PGBENCH-LATENCY-US---
rc=0
samples=199879
      2 288
      1 294
      1 296
      1 297
      2 298
      2 299
      2 301
      2 302
      1 303
      2 304
      1 307
      2 308
      3 309
      3 311
      1 312
      3 313
      3 314
      1 315
      4 316
      4 317
      5 318
      2 319
      5 320
      3 321
      5 322
      7 323
      5 324
      7 325
      2 326
      4 327
     10 328
      6 329
      8 330
      7 331
     14 332
     10 333
     14 334
     14 335
     18 336
     24 337
     17 338
     24 339
     17 340
     16 341
     25 342
     27 343
     34 344
     28 345
     34 346
     32 347
     35 348
     22 349
     25 350
     31 351
     38 352
     28 353
     33 354
     29 355
     20 356
     18 357
     23 358
     19 359
     29 360
     23 361
     22 362
     38 363
     27 364
     32 365
     34 366
     22 367
     21 368
     37 369
     32 370
     32 371
     30 372
     28 373
     37 374
     37 375
     34 376
     32 377
     33 378
     30 379
     36 380
     35 381
     27 382
     39 383
     29 384
     54 385
     47 386
     52 387
     40 388
     37 389
     52 390
     47 391
     53 392
     65 393
     65 394
     74 395
     73 396
     68 397
     71 398
     97 399
     83 400
     99 401
    123 402
    105 403
    135 404
    132 405
    117 406
    176 407
    139 408
    157 409
    181 410
    170 411
    186 412
    187 413
    188 414
    212 415
    177 416
    204 417
    183 418
    190 419
    209 420
    213 421
    165 422
    145 423
    153 424
    185 425
    126 426
    158 427
    152 428
    149 429
    153 430
    150 431
    151 432
    140 433
    125 434
    131 435
    151 436
    157 437
    128 438
    139 439
    133 440
    139 441
    139 442
    123 443
    163 444
    130 445
    138 446
    139 447
    119 448
    151 449
    152 450
    164 451
    142 452
    163 453
    143 454
    148 455
    172 456
    170 457
    145 458
    166 459
    189 460
    192 461
    195 462
    210 463
    212 464
    207 465
    255 466
    207 467
    236 468
    278 469
    286 470
    293 471
    277 472
    314 473
    333 474
    385 475
    359 476
    354 477
    391 478
    372 479
    433 480
    378 481
    405 482
    451 483
    429 484
    438 485
    402 486
    388 487
    426 488
    389 489
    366 490
    386 491
    359 492
    351 493
    354 494
    341 495
    329 496
    331 497
    339 498
    296 499
    274 500
    304 501
    271 502
    294 503
    279 504
    265 505
    258 506
    273 507
    250 508
    270 509
    254 510
    264 511
    256 512
    275 513
    246 514
    248 515
    279 516
    233 517
    252 518
    266 519
    227 520
    240 521
    249 522
    249 523
    243 524
    260 525
    246 526
    239 527
    286 528
    277 529
    273 530
    298 531
    250 532
    308 533
    286 534
    329 535
    321 536
    338 537
    347 538
    391 539
    375 540
    387 541
    397 542
    420 543
    435 544
    409 545
    481 546
    437 547
    464 548
    503 549
    515 550
    498 551
    522 552
    560 553
    512 554
    492 555
    508 556
    497 557
    482 558
    434 559
    476 560
    494 561
    418 562
    447 563
    416 564
    410 565
    414 566
    400 567
    369 568
    414 569
    392 570
    372 571
    414 572
    366 573
    309 574
    373 575
    354 576
    361 577
    343 578
    347 579
    367 580
    336 581
    354 582
    327 583
    367 584
    354 585
    337 586
    383 587
    326 588
    383 589
    378 590
    365 591
    374 592
    313 593
    370 594
    341 595
    370 596
    353 597
    413 598
    359 599
    375 600
    381 601
    429 602
    427 603
    430 604
    411 605
    445 606
    478 607
    483 608
    440 609
    514 610
    511 611
    527 612
    522 613
    544 614
    566 615
    562 616
    603 617
    599 618
    593 619
    611 620
    632 621
    638 622
    657 623
    642 624
    613 625
    628 626
    579 627
    590 628
    523 629
    546 630
    519 631
    556 632
    538 633
    516 634
    475 635
    464 636
    505 637
    467 638
    489 639
    454 640
    471 641
    399 642
    394 643
    432 644
    422 645
    436 646
    402 647
    406 648
    416 649
    423 650
    389 651
    375 652
    392 653
    372 654
    381 655
    370 656
    372 657
    358 658
    368 659
    367 660
    361 661
    374 662
    334 663
    403 664
    356 665
    366 666
    375 667
    388 668
    354 669
    400 670
    363 671
    386 672
    418 673
    405 674
    376 675
    420 676
    416 677
    426 678
    418 679
    467 680
    468 681
    447 682
    435 683
    448 684
    511 685
    474 686
    476 687
    523 688
    510 689
    490 690
    478 691
    486 692
    481 693
    479 694
    464 695
    419 696
    450 697
    441 698
    429 699
    409 700
    391 701
    419 702
    386 703
    392 704
    340 705
    365 706
    327 707
    314 708
    328 709
    320 710
    300 711
    317 712
    343 713
    348 714
    294 715
    293 716
    265 717
    278 718
    288 719
    279 720
    281 721
    248 722
    234 723
    299 724
    288 725
    241 726
    245 727
    242 728
    250 729
    242 730
    250 731
    263 732
    253 733
    252 734
    243 735
    261 736
    223 737
    233 738
    250 739
    257 740
    273 741
    235 742
    251 743
    249 744
    269 745
    239 746
    264 747
    276 748
    284 749
    274 750
    269 751
    275 752
    296 753
    297 754
    294 755
    300 756
    276 757
    290 758
    281 759
    322 760
    279 761
    299 762
    287 763
    291 764
    266 765
    259 766
    246 767
    256 768
    269 769
    235 770
    264 771
    225 772
    224 773
    242 774
    210 775
    244 776
    222 777
    201 778
    221 779
    235 780
    210 781
    182 782
    184 783
    218 784
    200 785
    201 786
    188 787
    201 788
    172 789
    180 790
    157 791
    191 792
    213 793
    184 794
    190 795
    155 796
    173 797
    169 798
    184 799
    161 800
    156 801
    161 802
    159 803
    156 804
    174 805
    188 806
    169 807
    185 808
    176 809
    169 810
    181 811
    180 812
    206 813
    196 814
    176 815
    186 816
    190 817
    188 818
    199 819
    172 820
    182 821
    186 822
    202 823
    214 824
    198 825
    212 826
    232 827
    205 828
    218 829
    211 830
    203 831
    206 832
    202 833
    217 834
    220 835
    166 836
    212 837
    197 838
    192 839
    176 840
    194 841
    176 842
    168 843
    170 844
    168 845
    151 846
    164 847
    185 848
    157 849
    151 850
    150 851
    173 852
    161 853
    146 854
    150 855
    131 856
    158 857
    154 858
    143 859
    150 860
    145 861
    152 862
    140 863
    134 864
    133 865
    137 866
    124 867
    142 868
    141 869
    140 870
    119 871
    136 872
    142 873
    138 874
    129 875
    137 876
    133 877
    142 878
    118 879
    146 880
    134 881
    134 882
    154 883
    174 884
    161 885
    177 886
    166 887
    171 888
    155 889
    150 890
    179 891
    182 892
    182 893
    164 894
    177 895
    183 896
    182 897
    198 898
    186 899
    180 900
    162 901
    166 902
    179 903
    142 904
    169 905
    179 906
    156 907
    182 908
    153 909
    168 910
    160 911
    158 912
    162 913
    151 914
    126 915
    137 916
    141 917
    155 918
    139 919
    168 920
    137 921
    138 922
    141 923
    131 924
    126 925
    102 926
    118 927
    151 928
    101 929
    151 930
    126 931
    147 932
    130 933
    128 934
    121 935
    119 936
    131 937
    109 938
    119 939
    132 940
    126 941
    130 942
    145 943
    119 944
    130 945
    149 946
    119 947
    122 948
    148 949
    128 950
    127 951
    138 952
    130 953
    134 954
    120 955
    152 956
    164 957
    148 958
    124 959
    142 960
    150 961
    147 962
    150 963
    162 964
    162 965
    155 966
    155 967
    163 968
    161 969
    148 970
    164 971
    158 972
    148 973
    161 974
    168 975
    149 976
    154 977
    145 978
    143 979
    123 980
    140 981
    111 982
    144 983
    123 984
    142 985
    103 986
    136 987
    122 988
    119 989
    147 990
    109 991
    117 992
     97 993
    119 994
    109 995
    137 996
    104 997
    128 998
    118 999
     97 1000
    101 1001
    136 1002
    115 1003
    108 1004
    119 1005
    119 1006
    118 1007
    109 1008
    118 1009
    125 1010
    102 1011
     94 1012
    108 1013
    106 1014
    113 1015
    103 1016
    102 1017
    128 1018
    118 1019
    100 1020
    115 1021
    102 1022
    113 1023
    112 1024
    130 1025
    145 1026
    126 1027
    129 1028
    131 1029
    120 1030
    113 1031
    102 1032
    133 1033
    143 1034
    138 1035
    140 1036
    145 1037
    127 1038
    138 1039
    140 1040
    125 1041
    120 1042
    127 1043
    142 1044
    120 1045
    124 1046
    121 1047
    107 1048
    110 1049
    119 1050
    119 1051
    119 1052
     88 1053
    130 1054
    117 1055
    117 1056
    108 1057
    112 1058
    100 1059
     97 1060
     94 1061
    117 1062
     98 1063
     96 1064
     97 1065
     91 1066
    113 1067
     87 1068
     98 1069
     99 1070
     75 1071
    110 1072
     76 1073
     86 1074
     82 1075
     87 1076
     95 1077
     96 1078
    100 1079
     95 1080
     71 1081
     96 1082
     79 1083
     87 1084
     85 1085
     96 1086
     79 1087
     90 1088
     98 1089
     92 1090
     78 1091
    105 1092
    100 1093
    106 1094
     97 1095
    107 1096
     95 1097
     95 1098
     99 1099
    121 1100
    126 1101
    123 1102
     95 1103
    111 1104
    110 1105
    111 1106
    108 1107
    108 1108
    119 1109
    119 1110
    123 1111
     99 1112
     94 1113
     92 1114
    111 1115
    113 1116
    107 1117
    111 1118
    119 1119
    111 1120
     94 1121
     87 1122
     89 1123
     94 1124
     96 1125
     95 1126
     83 1127
     77 1128
     98 1129
    101 1130
     86 1131
     77 1132
     86 1133
     77 1134
     78 1135
     83 1136
     91 1137
     90 1138
     76 1139
     89 1140
     89 1141
     67 1142
     70 1143
     76 1144
     65 1145
     90 1146
     82 1147
     89 1148
     79 1149
     71 1150
     70 1151
     79 1152
     82 1153
     73 1154
     75 1155
     91 1156
     80 1157
     92 1158
     72 1159
     79 1160
     73 1161
     98 1162
     83 1163
     86 1164
     72 1165
     85 1166
     90 1167
     97 1168
     78 1169
     83 1170
    102 1171
     84 1172
     88 1173
     76 1174
     80 1175
    106 1176
     97 1177
     89 1178
     91 1179
     90 1180
     94 1181
     81 1182
     89 1183
     79 1184
     69 1185
     87 1186
     97 1187
     99 1188
     93 1189
     71 1190
     74 1191
     80 1192
     71 1193
     76 1194
     78 1195
     64 1196
     80 1197
     69 1198
     75 1199
     68 1200
     69 1201
     68 1202
     64 1203
     83 1204
     86 1205
     61 1206
     61 1207
     65 1208
     61 1209
     63 1210
     61 1211
     67 1212
     64 1213
     65 1214
     63 1215
     66 1216
     69 1217
     65 1218
     63 1219
     70 1220
     65 1221
     50 1222
     68 1223
     69 1224
     57 1225
     68 1226
     80 1227
     69 1228
     69 1229
     72 1230
     61 1231
     65 1232
     69 1233
     65 1234
     58 1235
     69 1236
     74 1237
     80 1238
     71 1239
     61 1240
     81 1241
     80 1242
     64 1243
     90 1244
     71 1245
     65 1246
     84 1247
     76 1248
     71 1249
     86 1250
     73 1251
     73 1252
     52 1253
     74 1254
     67 1255
     52 1256
     52 1257
     50 1258
     67 1259
     69 1260
     60 1261
     78 1262
     70 1263
     65 1264
     69 1265
     62 1266
     52 1267
     48 1268
     63 1269
     64 1270
     61 1271
     51 1272
     59 1273
     64 1274
     52 1275
     56 1276
     48 1277
     51 1278
     47 1279
     54 1280
     54 1281
     54 1282
     46 1283
     60 1284
     57 1285
     59 1286
     47 1287
     54 1288
     60 1289
     52 1290
     40 1291
     53 1292
     53 1293
     47 1294
     63 1295
     48 1296
     73 1297
     42 1298
     64 1299
     55 1300
     54 1301
     52 1302
     54 1303
     47 1304
     54 1305
     61 1306
     66 1307
     64 1308
     62 1309
     61 1310
     60 1311
     65 1312
     47 1313
     49 1314
     56 1315
     59 1316
     64 1317
     76 1318
     60 1319
     62 1320
     58 1321
     40 1322
     46 1323
     56 1324
     46 1325
     57 1326
     51 1327
     48 1328
     51 1329
     38 1330
     64 1331
     63 1332
     47 1333
     49 1334
     47 1335
     52 1336
     43 1337
     54 1338
     37 1339
     37 1340
     37 1341
     43 1342
     43 1343
     50 1344
     30 1345
     43 1346
     38 1347
     48 1348
     43 1349
     43 1350
     36 1351
     47 1352
     48 1353
     37 1354
     38 1355
     41 1356
     22 1357
     45 1358
     37 1359
     39 1360
     26 1361
     34 1362
     42 1363
     39 1364
     43 1365
     43 1366
     37 1367
     43 1368
     39 1369
     42 1370
     43 1371
     48 1372
     37 1373
     34 1374
     44 1375
     44 1376
     46 1377
     51 1378
     37 1379
     37 1380
     33 1381
     52 1382
     39 1383
     37 1384
     44 1385
     39 1386
     49 1387
     39 1388
     48 1389
     40 1390
     28 1391
     32 1392
     27 1393
     43 1394
     37 1395
     33 1396
     37 1397
     42 1398
     46 1399
     51 1400
     33 1401
     34 1402
     28 1403
     40 1404
     32 1405
     39 1406
     37 1407
     34 1408
     24 1409
     36 1410
     38 1411
     31 1412
     33 1413
     32 1414
     31 1415
     35 1416
     43 1417
     29 1418
     30 1419
     32 1420
     31 1421
     26 1422
     28 1423
     32 1424
     34 1425
     28 1426
     30 1427
     32 1428
     18 1429
     30 1430
     32 1431
     25 1432
     34 1433
     36 1434
     29 1435
     26 1436
     26 1437
     30 1438
     25 1439
     30 1440
     27 1441
     26 1442
     26 1443
     31 1444
     34 1445
     29 1446
     31 1447
     17 1448
     29 1449
     20 1450
     30 1451
     27 1452
     36 1453
     28 1454
     21 1455
     36 1456
     31 1457
     26 1458
     25 1459
     25 1460
     30 1461
     21 1462
     26 1463
     47 1464
     29 1465
     19 1466
     30 1467
     20 1468
     27 1469
     21 1470
     19 1471
     31 1472
     23 1473
     17 1474
     22 1475
     27 1476
     17 1477
     20 1478
     23 1479
     22 1480
     31 1481
     26 1482
     21 1483
     17 1484
     21 1485
     18 1486
     14 1487
     19 1488
     20 1489
     18 1490
     21 1491
     10 1492
     18 1493
     16 1494
     23 1495
     21 1496
     20 1497
     22 1498
     21 1499
     16 1500
     16 1501
     17 1502
     22 1503
     26 1504
     13 1505
     11 1506
     19 1507
     17 1508
     18 1509
     25 1510
     22 1511
     15 1512
     11 1513
     24 1514
     15 1515
     17 1516
     22 1517
     18 1518
     28 1519
     17 1520
     20 1521
     23 1522
     14 1523
     24 1524
     23 1525
     26 1526
     15 1527
     16 1528
     19 1529
     20 1530
     18 1531
     11 1532
     20 1533
     20 1534
     13 1535
     13 1536
     14 1537
     16 1538
      8 1539
     13 1540
     15 1541
     20 1542
     12 1543
     13 1544
     16 1545
     15 1546
     12 1547
     15 1548
     11 1549
     19 1550
     20 1551
     11 1552
     12 1553
     12 1554
     13 1555
     16 1556
     20 1557
     12 1558
     15 1559
     13 1560
     10 1561
     15 1562
     12 1563
      8 1564
     19 1565
     13 1566
     12 1567
     11 1568
     14 1569
     13 1570
     15 1571
      8 1572
     14 1573
     13 1574
     10 1575
     10 1576
     10 1577
     11 1578
     21 1579
      9 1580
     16 1581
     13 1582
     10 1583
     12 1584
     18 1585
     15 1586
     16 1587
     10 1588
     15 1589
     11 1590
      9 1591
     11 1592
     16 1593
     15 1594
      9 1595
     13 1596
     16 1597
     10 1598
      4 1599
     11 1600
      8 1601
     18 1602
      8 1603
      9 1604
      7 1605
     13 1606
      5 1607
     15 1608
      7 1609
      6 1610
     14 1611
     17 1612
      6 1613
      2 1614
     11 1615
     16 1616
      7 1617
      7 1618
      5 1619
      7 1620
     11 1621
      4 1622
     15 1623
     10 1624
      7 1625
      8 1626
      9 1627
     11 1628
      9 1629
      6 1630
      7 1631
      9 1632
     10 1633
      9 1634
      7 1635
      4 1636
      7 1637
      4 1638
      7 1639
      8 1640
      8 1641
      5 1642
      6 1643
      7 1644
      9 1645
      5 1646
      4 1647
      8 1648
     11 1649
     13 1650
      7 1651
     12 1652
      4 1653
      7 1654
      6 1655
     10 1656
     13 1657
     10 1658
      8 1659
      5 1660
      4 1661
     12 1662
      7 1663
     11 1664
      5 1665
      9 1666
      9 1667
      5 1668
      6 1669
     10 1670
      7 1671
      5 1672
      5 1673
      6 1674
     10 1675
      7 1676
      4 1677
      6 1678
      7 1679
      7 1680
      4 1681
      2 1682
      6 1683
      4 1684
      8 1685
      3 1686
      5 1687
      1 1688
      6 1689
      8 1690
      7 1691
      2 1692
      9 1693
      3 1694
      3 1695
      7 1696
      1 1697
      5 1698
      3 1699
      3 1700
      8 1701
      7 1702
      6 1703
     10 1704
      1 1705
      6 1706
      4 1707
      4 1708
      5 1709
      3 1710
      6 1711
      3 1712
      6 1713
      8 1714
      5 1715
      2 1716
      5 1717
      4 1718
      2 1719
      5 1720
      6 1721
      3 1722
      5 1724
      7 1725
      6 1726
      6 1727
      2 1728
      6 1729
      5 1730
      2 1731
      6 1732
      3 1733
      5 1734
      5 1735
      6 1736
      4 1737
      3 1738
      7 1739
      4 1740
      2 1741
      2 1742
      5 1743
      5 1744
      4 1745
      1 1746
      4 1747
      3 1748
      3 1749
      4 1750
      3 1751
      4 1752
      1 1753
      5 1754
      7 1755
      5 1756
      5 1757
      2 1758
      2 1759
      8 1760
      3 1761
      3 1762
      6 1763
      1 1764
      2 1765
      2 1766
      2 1767
      6 1768
      2 1769
      6 1770
      1 1771
      4 1772
      1 1773
      4 1774
      3 1775
      3 1776
      2 1777
      3 1778
      3 1779
      5 1780
      4 1781
      4 1782
      1 1783
      1 1784
      3 1785
      6 1786
      2 1787
      1 1788
      4 1789
      2 1790
      2 1791
      4 1792
      4 1793
      1 1794
      2 1795
      5 1796
      2 1797
      1 1798
      2 1799
      1 1800
      6 1801
      3 1803
      3 1804
      4 1806
      4 1807
      2 1808
      1 1809
      4 1811
      4 1812
      2 1813
      3 1814
      4 1816
      1 1817
      2 1818
      5 1819
      7 1820
      2 1821
      3 1822
      3 1823
      3 1824
      1 1825
      1 1826
      5 1827
      2 1830
      1 1831
      5 1832
      3 1833
      1 1834
      5 1835
      1 1836
      1 1837
      4 1838
      3 1839
      1 1840
      1 1841
      2 1842
      4 1843
      3 1844
      6 1845
      1 1846
      3 1847
      5 1848
      2 1849
      4 1850
      1 1852
      4 1853
      1 1854
      1 1855
      2 1856
      1 1857
      2 1858
      3 1859
      2 1860
      3 1861
      3 1862
      2 1863
      1 1864
      2 1865
      1 1866
      2 1868
      2 1869
      3 1870
      3 1873
      3 1874
      1 1876
      1 1877
      2 1878
      2 1879
      4 1881
      1 1882
      2 1883
      2 1884
      6 1886
      1 1888
      4 1889
      2 1890
      3 1891
      2 1893
      1 1894
      1 1895
      1 1896
      2 1897
      3 1901
      1 1903
      3 1905
      1 1906
      1 1907
      1 1908
      2 1909
      1 1910
      2 1911
      1 1912
      1 1913
      3 1914
      1 1915
      1 1916
      2 1917
      2 1918
      1 1919
      1 1922
      1 1924
      2 1928
      1 1929
      2 1930
      2 1933
      1 1934
      2 1935
      2 1937
      1 1938
      1 1939
      1 1940
      1 1942
      1 1943
      2 1946
      2 1947
      1 1949
      2 1951
      2 1952
      1 1953
      1 1954
      1 1955
      2 1957
      2 1958
      1 1959
      1 1960
      1 1962
      1 1963
      1 1964
      1 1966
      1 1968
      1 1969
      1 1971
      1 1972
      1 1973
      3 1975
      1 1976
      2 1977
      2 1978
      2 1980
      1 1981
      1 1982
      1 1983
      1 1984
      1 1986
      1 1987
      1 1989
      1 1992
      4 1993
      1 1997
      1 1999
      1 2001
      1 2002
      1 2005
      1 2013
      2 2014
      1 2016
      2 2018
      2 2019
      2 2021
      2 2024
      1 2025
      1 2026
      1 2028
      2 2029
      3 2030
      2 2032
      2 2034
      1 2035
      1 2036
      1 2038
      2 2041
      1 2043
      1 2044
      1 2046
      1 2049
      1 2050
      2 2051
      1 2052
      1 2056
      1 2059
      1 2062
      1 2067
      1 2068
      1 2071
      1 2077
      1 2079
      1 2081
      2 2085
      1 2087
      1 2088
      1 2090
      1 2091
      1 2092
      1 2094
      1 2098
      1 2099
      2 2105
      1 2106
      1 2108
      2 2109
      1 2116
      1 2119
      2 2120
      1 2122
      2 2124
      1 2126
      1 2127
      1 2129
      1 2130
      1 2138
      1 2140
      1 2141
      1 2142
      1 2144
      1 2145
      1 2146
      1 2148
      1 2158
      1 2159
      1 2166
      1 2167
      1 2171
      1 2175
      2 2176
      2 2177
      1 2178
      1 2179
      1 2180
      1 2181
      1 2182
      1 2185
      1 2189
      1 2194
      1 2196
      2 2203
      1 2211
      1 2212
      2 2216
      1 2219
      1 2220
      1 2222
      2 2223
      1 2224
      1 2227
      1 2229
      1 2231
      1 2232
      2 2234
      1 2237
      1 2238
      1 2240
      1 2242
      2 2245
      2 2249
      1 2252
      1 2254
      3 2255
      1 2256
      1 2257
      1 2260
      1 2265
      1 2266
      1 2267
      1 2268
      2 2270
      1 2272
      1 2273
      1 2278
      1 2282
      1 2284
      1 2286
      1 2291
      1 2294
      1 2300
      1 2302
      1 2306
      1 2307
      1 2309
      1 2314
      3 2318
      2 2336
      1 2339
      1 2342
      2 2345
      1 2347
      1 2348
      1 2350
      1 2354
      1 2357
      1 2361
      2 2370
      1 2373
      1 2375
      1 2379
      1 2383
      1 2384
      1 2385
      2 2387
      1 2390
      1 2397
      1 2400
      1 2403
      1 2405
      1 2406
      1 2421
      1 2427
      1 2433
      1 2436
      1 2446
      1 2448
      1 2453
      1 2473
      1 2487
      1 2491
      1 2502
      2 2503
      1 2504
      1 2508
      1 2511
      2 2517
      1 2520
      1 2527
      1 2534
      1 2538
      1 2539
      1 2543
      2 2547
      1 2551
      1 2556
      1 2563
      1 2567
      2 2598
      1 2606
      2 2614
      1 2616
      1 2617
      1 2621
      1 2627
      1 2635
      1 2636
      1 2640
      1 2642
      1 2647
      1 2651
      1 2657
      1 2669
      1 2704
      1 2706
      1 2710
      1 2714
      1 2726
      1 2743
      1 2746
      1 2749
      1 2757
      1 2775
      1 2790
      1 2800
      1 2815
      1 2820
      1 2840
      1 2841
      1 2876
      1 2977
      1 3041
      1 3060
      1 3081
      1 3310
      1 3317
      1 3460
      1 3495
      1 3831
      1 4370
      1 4459
      1 4655
      1 4724
      1 4817
      1 4959
      1 4967
      1 5234
      1 5366
      1 5374
      1 5829
      1 6875
      1 8231
      1 9118
---AAD-PGBENCH-LAG-US---
