pgbench (18.6 (Debian 18.6-1.pgdg13+2))
starting vacuum...end.
transaction type: <builtin: select only>
scaling factor: 1000
query mode: simple
number of clients: 32
number of threads: 16
maximum number of tries: 1
duration: 60 s
number of transactions actually processed: 5239475
number of failed transactions: 0 (0.000%)
latency average = 0.366 ms
initial connection time = 9.099 ms
tps = 87336.964804 (without initial connection time)
---AAD-PGBENCH-LATENCY-US---
rc=0
samples=105066
      2 241
      2 244
      1 245
      1 246
      5 248
      4 249
      7 250
      9 251
      4 252
     17 253
     19 254
     27 255
     19 256
     29 257
     46 258
     46 259
     55 260
     60 261
     79 262
    100 263
    113 264
    129 265
    125 266
    157 267
    168 268
    200 269
    215 270
    266 271
    294 272
    348 273
    344 274
    355 275
    403 276
    434 277
    427 278
    438 279
    484 280
    468 281
    440 282
    442 283
    487 284
    473 285
    434 286
    454 287
    444 288
    436 289
    470 290
    448 291
    461 292
    445 293
    458 294
    412 295
    429 296
    422 297
    398 298
    392 299
    392 300
    415 301
    403 302
    411 303
    416 304
    418 305
    384 306
    398 307
    426 308
    414 309
    398 310
    405 311
    458 312
    424 313
    463 314
    431 315
    444 316
    476 317
    503 318
    505 319
    547 320
    556 321
    600 322
    613 323
    623 324
    702 325
    760 326
    778 327
    758 328
    903 329
    909 330
    880 331
    949 332
    994 333
   1067 334
    994 335
   1156 336
   1227 337
   1340 338
   1296 339
   1201 340
   1305 341
   1393 342
   1365 343
   1532 344
   1729 345
   1640 346
   1340 347
   1308 348
   1245 349
   1150 350
   1034 351
   1024 352
    968 353
    864 354
    824 355
    827 356
    839 357
    722 358
    721 359
    693 360
    657 361
    609 362
    617 363
    587 364
    574 365
    531 366
    514 367
    524 368
    530 369
    476 370
    469 371
    464 372
    456 373
    429 374
    439 375
    499 376
    420 377
    387 378
    443 379
    454 380
    402 381
    403 382
    405 383
    426 384
    430 385
    449 386
    402 387
    438 388
    359 389
    438 390
    405 391
    424 392
    399 393
    411 394
    447 395
    470 396
    470 397
    463 398
    490 399
    488 400
    393 401
    420 402
    396 403
    418 404
    408 405
    405 406
    380 407
    380 408
    404 409
    370 410
    353 411
    346 412
    385 413
    391 414
    350 415
    308 416
    282 417
    258 418
    287 419
    252 420
    267 421
    232 422
    207 423
    192 424
    194 425
    200 426
    218 427
    183 428
    146 429
    190 430
    171 431
    156 432
    166 433
    169 434
    137 435
    153 436
    142 437
    152 438
    141 439
    126 440
    134 441
    126 442
    125 443
    132 444
    132 445
    160 446
    121 447
    124 448
    129 449
    107 450
    125 451
    121 452
    112 453
    112 454
    127 455
    119 456
    117 457
    128 458
    126 459
    121 460
    120 461
    125 462
    114 463
    108 464
    119 465
     98 466
    111 467
    131 468
    121 469
    109 470
    117 471
    111 472
    112 473
    107 474
    105 475
     92 476
     90 477
    108 478
    101 479
     87 480
     81 481
    103 482
     81 483
     89 484
     87 485
     81 486
     82 487
     89 488
     86 489
     90 490
     81 491
     90 492
     79 493
     78 494
     78 495
     77 496
     68 497
     65 498
     69 499
     66 500
     69 501
     72 502
     57 503
     82 504
     60 505
     66 506
     75 507
     62 508
     61 509
     55 510
     58 511
     52 512
     54 513
     59 514
     50 515
     59 516
     56 517
     53 518
     66 519
     57 520
     62 521
     50 522
     56 523
     51 524
     67 525
     48 526
     58 527
     49 528
     62 529
     57 530
     45 531
     61 532
     43 533
     54 534
     43 535
     58 536
     54 537
     47 538
     40 539
     44 540
     50 541
     49 542
     31 543
     54 544
     48 545
     46 546
     40 547
     46 548
     48 549
     45 550
     46 551
     35 552
     40 553
     41 554
     28 555
     32 556
     36 557
     28 558
     46 559
     34 560
     26 561
     30 562
     27 563
     28 564
     33 565
     28 566
     30 567
     26 568
     27 569
     41 570
     36 571
     36 572
     27 573
     27 574
     30 575
     27 576
     32 577
     24 578
     38 579
     28 580
     16 581
     38 582
     27 583
     32 584
     24 585
     32 586
     33 587
     30 588
     27 589
     31 590
     29 591
     23 592
     29 593
     23 594
     18 595
     24 596
     24 597
     28 598
     21 599
     29 600
     11 601
     15 602
     23 603
     13 604
     20 605
     13 606
     20 607
     20 608
     18 609
     12 610
     16 611
     12 612
     14 613
     14 614
     11 615
     17 616
     10 617
      6 618
     11 619
     12 620
     14 621
     13 622
      3 623
      7 624
      8 625
      8 626
     12 627
      7 628
      7 629
      9 630
      9 631
      5 632
      7 633
     14 634
      6 635
      6 636
     14 637
      7 638
      7 639
      3 640
     11 641
      9 642
      3 643
      7 644
     12 645
      8 646
      9 647
      4 648
      9 649
     10 650
      7 651
      3 652
      8 653
     11 654
     13 655
     10 656
      9 657
      7 658
      9 659
     11 660
     10 661
      7 662
      2 663
      6 664
      7 665
      6 666
      7 667
      7 668
      6 669
      7 670
      7 671
      5 672
      6 673
      6 674
      8 675
      7 676
     10 677
      3 678
      4 679
      7 680
      3 681
      2 682
      5 683
      7 684
      4 685
      3 686
      4 687
     10 688
      7 689
      6 690
      6 691
      2 692
      7 693
      3 694
      5 695
      1 696
      8 697
      6 698
      2 699
      4 700
      4 701
      3 702
      5 703
      4 704
      3 705
      3 706
      2 707
      2 708
      3 709
      4 710
      4 711
      1 712
      2 713
      6 714
      1 715
      5 716
      7 717
      2 718
      4 719
      2 720
      2 721
      2 722
      1 723
      6 724
      4 725
      2 726
      4 727
      1 728
      4 729
      2 730
      5 731
      9 732
      1 733
      3 734
      6 735
      4 737
      2 738
      1 739
      2 740
      2 741
      1 742
      1 743
      4 744
      2 745
      3 746
      5 747
      4 748
      3 749
      2 750
      2 751
      2 752
      3 753
      2 754
      3 755
      3 756
      2 757
      3 758
      2 759
      3 760
      2 761
      1 762
      1 763
      7 764
      1 765
      3 766
      1 769
      2 770
      4 772
      1 773
      3 775
      1 776
      5 777
      3 779
      1 781
      1 782
      1 783
      3 784
      2 785
      2 786
      2 788
      5 790
      3 791
      3 792
      1 793
      2 794
      1 795
      1 796
      1 797
      3 798
      2 799
      1 800
      1 801
      1 803
      3 804
      1 806
      1 807
      2 808
      1 811
      3 812
      1 815
      1 816
      1 817
      3 819
      1 820
      1 821
      1 823
      2 824
      3 825
      2 826
      1 827
      2 828
      2 829
      1 830
      2 832
      1 833
      2 837
      1 839
      2 840
      4 841
      1 845
      3 846
      1 848
      1 851
      1 852
      1 855
      1 858
      3 859
      2 862
      1 863
      2 868
      1 871
      3 872
      1 873
      1 876
      1 878
      2 879
      2 880
      1 881
      1 883
      1 886
      2 889
      1 890
      2 894
      1 898
      3 900
      1 902
      2 903
      1 904
      1 905
      1 906
      1 909
      2 914
      2 917
      1 918
      2 922
      1 923
      1 925
      2 927
      1 931
      1 933
      1 936
      1 937
      2 940
      1 941
      2 942
      1 951
      2 954
      1 955
      1 958
      2 959
      1 963
      3 964
      1 965
      2 966
      1 974
      1 976
      1 977
      1 980
      1 982
      1 983
      1 991
      2 994
      1 997
      2 998
      1 999
      1 1007
      1 1014
      1 1026
      1 1028
      1 1030
      1 1038
      1 1044
      1 1045
      1 1047
      2 1049
      2 1050
      1 1051
      1 1052
      1 1055
      1 1065
      1 1068
      1 1071
      1 1076
      1 1082
      1 1083
      1 1086
      1 1089
      1 1093
      1 1117
      1 1119
      1 1134
      1 1138
      1 1145
      1 1146
      2 1168
      2 1193
      1 1198
      1 1200
      1 1201
      1 1221
      1 1229
      1 1243
      1 1245
      1 1273
      1 1283
      1 1291
      1 1324
      1 1336
      1 1348
      1 1361
      1 1397
      1 1400
      1 1415
      1 1431
      1 1465
      1 1484
      1 1521
      1 1555
      1 1585
      1 1753
---AAD-PGBENCH-LAG-US---
