pgbench (18.6 (Debian 18.6-1.pgdg13+2))
starting vacuum...end.
transaction type: <builtin: select only>
scaling factor: 1000
query mode: simple
number of clients: 16
number of threads: 16
maximum number of tries: 1
duration: 60 s
number of transactions actually processed: 2883442
number of failed transactions: 0 (0.000%)
latency average = 0.333 ms
initial connection time = 6.505 ms
tps = 48062.026280 (without initial connection time)
---AAD-PGBENCH-LATENCY-US---
rc=0
samples=57547
      1 231
      1 235
      1 236
      3 238
      3 239
      1 240
      6 241
      5 242
     10 243
     23 244
     20 245
     25 246
     33 247
     43 248
     62 249
     72 250
     72 251
     95 252
    123 253
    136 254
    138 255
    195 256
    213 257
    258 258
    288 259
    300 260
    336 261
    380 262
    392 263
    485 264
    532 265
    527 266
    560 267
    619 268
    685 269
    656 270
    643 271
    717 272
    768 273
    714 274
    779 275
    812 276
    769 277
    673 278
    649 279
    669 280
    666 281
    598 282
    594 283
    616 284
    547 285
    514 286
    543 287
    525 288
    493 289
    486 290
    495 291
    513 292
    457 293
    473 294
    444 295
    453 296
    454 297
    410 298
    464 299
    413 300
    391 301
    412 302
    400 303
    405 304
    376 305
    373 306
    397 307
    358 308
    326 309
    332 310
    377 311
    320 312
    313 313
    372 314
    334 315
    322 316
    290 317
    315 318
    328 319
    352 320
    319 321
    350 322
    345 323
    338 324
    345 325
    409 326
    447 327
    412 328
    484 329
    489 330
    492 331
    405 332
    404 333
    340 334
    416 335
    391 336
    390 337
    362 338
    318 339
    324 340
    377 341
    377 342
    357 343
    337 344
    351 345
    358 346
    314 347
    262 348
    317 349
    259 350
    243 351
    253 352
    251 353
    223 354
    211 355
    199 356
    204 357
    218 358
    206 359
    181 360
    185 361
    184 362
    159 363
    182 364
    149 365
    125 366
    157 367
    162 368
    158 369
    152 370
    135 371
    144 372
    125 373
    123 374
    124 375
    112 376
    137 377
    109 378
    131 379
    118 380
     99 381
    128 382
    121 383
    137 384
    116 385
    134 386
    130 387
    132 388
    132 389
    152 390
    151 391
    143 392
    132 393
    130 394
    105 395
    122 396
    115 397
    134 398
     92 399
    102 400
     98 401
    114 402
    116 403
     83 404
     71 405
     92 406
     91 407
     93 408
     71 409
     78 410
     78 411
     76 412
     66 413
     73 414
     61 415
     60 416
     72 417
     59 418
     62 419
     65 420
     54 421
     49 422
     60 423
     50 424
     48 425
     64 426
     44 427
     57 428
     51 429
     55 430
     47 431
     37 432
     43 433
     46 434
     33 435
     47 436
     44 437
     39 438
     43 439
     43 440
     39 441
     54 442
     40 443
     42 444
     46 445
     44 446
     43 447
     35 448
     46 449
     39 450
     48 451
     31 452
     43 453
     31 454
     34 455
     34 456
     40 457
     41 458
     47 459
     35 460
     34 461
     36 462
     34 463
     44 464
     32 465
     41 466
     37 467
     36 468
     28 469
     38 470
     29 471
     20 472
     38 473
     35 474
     34 475
     26 476
     38 477
     37 478
     21 479
     37 480
     35 481
     27 482
     25 483
     38 484
     31 485
     31 486
     32 487
     27 488
     31 489
     30 490
     42 491
     34 492
     20 493
     25 494
     21 495
     30 496
     18 497
     22 498
     21 499
     30 500
     18 501
     28 502
     24 503
     27 504
     29 505
     29 506
     29 507
     22 508
     22 509
     33 510
     27 511
     29 512
     22 513
     24 514
     21 515
     18 516
     31 517
     36 518
     37 519
     32 520
     45 521
     40 522
     38 523
     35 524
     27 525
     22 526
     29 527
     35 528
     15 529
     19 530
     29 531
     33 532
     21 533
     22 534
     29 535
     16 536
     22 537
     15 538
     20 539
     15 540
     15 541
     12 542
      9 543
     13 544
     10 545
     10 546
     10 547
     14 548
     17 549
     18 550
     20 551
     13 552
     16 553
     11 554
     21 555
     10 556
      8 557
     11 558
      8 559
      8 560
     10 561
     14 562
     17 563
      9 564
     15 565
      7 566
     10 567
     15 568
     12 569
     13 570
     11 571
     14 572
     22 573
     15 574
     11 575
      9 576
      9 577
     10 578
     11 579
      7 580
      7 581
     10 582
     10 583
     11 584
     11 585
     15 586
     13 587
      7 588
     13 589
     17 590
     13 591
     13 592
     11 593
      8 594
      8 595
     15 596
      9 597
      8 598
     11 599
      4 600
      9 601
     12 602
      7 603
      6 604
      9 605
      5 606
     11 607
      5 608
      6 609
      4 610
     12 611
      5 612
      4 613
      3 614
      8 615
      7 616
      2 617
      5 618
      4 619
      3 620
      3 621
      8 622
      4 623
      4 624
      6 625
      2 626
      6 627
      6 628
      7 629
      3 630
      2 631
      4 632
      8 633
      7 634
      4 635
      3 636
      4 637
     12 638
      3 639
      3 640
      7 641
      5 642
      1 643
      4 644
      9 645
      4 646
      7 647
      1 648
      4 649
      5 650
      5 651
      5 652
      3 653
      3 654
      6 655
      4 656
      3 657
      9 658
      2 659
      6 660
      5 661
      4 662
      3 663
      6 665
      3 666
      3 667
      5 668
      1 669
      2 671
      3 672
      3 673
      3 674
      5 675
      2 676
      3 677
      2 678
      2 679
      2 680
      4 681
      5 682
      2 684
      2 685
      6 686
      1 687
      1 688
      1 689
      2 690
      1 691
      1 693
      5 694
      5 695
      1 696
      2 699
      3 700
      1 701
      6 702
      2 703
      4 704
      1 705
      4 706
      3 707
      2 708
      3 709
      1 710
      3 711
      4 712
      2 713
      2 714
      5 715
      3 716
      2 717
      1 718
      2 720
      2 721
      2 722
      1 723
      2 725
      5 726
      4 727
      2 730
      1 731
      2 732
      3 733
      2 734
      4 735
      1 736
      2 737
      2 739
      1 740
      2 741
      3 742
      1 743
      1 744
      3 746
      1 748
      1 751
      2 754
      2 755
      3 756
      4 757
      2 758
      1 760
      2 761
      3 762
      1 763
      4 764
      2 765
      1 766
      2 767
      4 769
      2 770
      1 771
      2 775
      1 776
      3 777
      3 778
      2 779
      3 780
      2 781
      2 783
      1 784
      1 785
      1 786
      1 787
      1 788
      1 789
      2 793
      1 794
      2 795
      1 796
      3 797
      1 799
      1 800
      2 802
      1 803
      3 804
      2 805
      3 806
      1 808
      2 809
      2 810
      1 812
      3 813
      3 815
      2 816
      3 817
      1 819
      1 821
      3 823
      1 824
      2 825
      2 826
      1 827
      2 828
      1 829
      1 830
      1 831
      2 832
      1 834
      1 835
      2 836
      1 838
      2 839
      1 840
      2 841
      1 843
      1 845
      2 847
      1 848
      1 849
      2 852
      1 855
      1 858
      1 862
      2 865
      1 866
      1 869
      1 870
      1 871
      1 876
      1 878
      1 879
      1 880
      1 883
      1 884
      2 891
      2 894
      1 895
      1 898
      1 900
      3 902
      1 905
      2 908
      1 912
      1 913
      1 914
      1 916
      1 918
      2 920
      1 921
      1 922
      1 923
      1 926
      1 929
      1 932
      1 934
      1 938
      1 941
      2 944
      1 945
      2 948
      1 950
      2 954
      1 957
      2 960
      2 965
      2 967
      1 969
      1 970
      1 973
      1 975
      1 978
      1 982
      1 983
      1 984
      1 985
      1 995
      2 996
      1 999
      1 1007
      1 1010
      1 1011
      1 1012
      1 1021
      1 1027
      2 1033
      1 1040
      1 1043
      1 1044
      1 1046
      2 1049
      1 1052
      2 1057
      2 1065
      1 1073
      1 1093
      1 1105
      1 1107
      1 1116
      1 1123
      1 1126
      1 1129
      2 1134
      1 1139
      1 1143
      1 1150
      1 1175
      1 1182
      1 1190
      1 1191
      1 1192
      1 1197
      1 1202
      1 1219
      1 1220
      1 1224
      1 1233
      1 1252
      1 1276
      1 1278
      1 1287
      1 1335
      1 1368
      1 1392
      1 1408
      1 1427
      1 1446
      1 1497
      1 1562
      1 1700
      1 1786
      1 1833
      1 1849
      1 2014
---AAD-PGBENCH-LAG-US---
