pgbench (18.6 (Debian 18.6-1.pgdg13+2))
starting vacuum...end.
transaction type: <builtin: select only>
scaling factor: 1000
query mode: simple
number of clients: 64
number of threads: 16
maximum number of tries: 1
duration: 60 s
number of transactions actually processed: 8572594
number of failed transactions: 0 (0.000%)
latency average = 0.447 ms
initial connection time = 140.732 ms
tps = 143210.794405 (without initial connection time)
---AAD-PGBENCH-LATENCY-US---
rc=0
samples=171615
      1 249
      1 255
      2 256
      2 257
      3 259
      2 260
      5 261
      1 262
      4 263
      3 264
      7 265
     13 266
     13 267
     17 268
     16 269
     13 270
     22 271
     12 272
     27 273
     15 274
     36 275
     38 276
     46 277
     54 278
     44 279
     43 280
     38 281
     52 282
     53 283
     60 284
     66 285
     74 286
     54 287
     54 288
     55 289
     68 290
     61 291
     63 292
     66 293
     68 294
     80 295
     70 296
     90 297
     94 298
     85 299
     73 300
     82 301
     87 302
     90 303
    100 304
    114 305
    127 306
    116 307
     90 308
    116 309
    121 310
    121 311
    142 312
    133 313
    139 314
    171 315
    159 316
    165 317
    160 318
    204 319
    216 320
    239 321
    213 322
    244 323
    245 324
    287 325
    255 326
    303 327
    313 328
    372 329
    354 330
    398 331
    467 332
    458 333
    487 334
    521 335
    604 336
    594 337
    594 338
    662 339
    669 340
    736 341
    704 342
    797 343
    794 344
    883 345
    856 346
    818 347
    795 348
    752 349
    781 350
    740 351
    711 352
    724 353
    699 354
    660 355
    648 356
    615 357
    627 358
    627 359
    589 360
    623 361
    535 362
    528 363
    588 364
    547 365
    559 366
    530 367
    519 368
    507 369
    522 370
    525 371
    481 372
    502 373
    528 374
    497 375
    503 376
    511 377
    570 378
    540 379
    531 380
    532 381
    524 382
    518 383
    546 384
    513 385
    571 386
    595 387
    606 388
    578 389
    572 390
    607 391
    609 392
    637 393
    682 394
    666 395
    735 396
    748 397
    755 398
    768 399
    793 400
    848 401
    876 402
    900 403
    989 404
    969 405
   1066 406
   1037 407
   1095 408
   1125 409
   1046 410
   1130 411
   1155 412
   1138 413
   1178 414
   1208 415
   1155 416
   1113 417
   1058 418
   1076 419
   1023 420
   1002 421
    913 422
    938 423
    908 424
    842 425
    856 426
    809 427
    761 428
    842 429
    758 430
    783 431
    751 432
    718 433
    761 434
    642 435
    646 436
    685 437
    655 438
    649 439
    681 440
    644 441
    694 442
    613 443
    611 444
    669 445
    629 446
    631 447
    618 448
    701 449
    583 450
    644 451
    658 452
    677 453
    676 454
    634 455
    744 456
    689 457
    657 458
    742 459
    731 460
    684 461
    754 462
    763 463
    814 464
    730 465
    805 466
    864 467
    842 468
    867 469
    816 470
    905 471
    959 472
    960 473
    918 474
    938 475
   1009 476
   1017 477
    981 478
   1009 479
    963 480
    993 481
   1019 482
   1039 483
   1065 484
   1053 485
    964 486
    941 487
    928 488
    857 489
    840 490
    799 491
    767 492
    747 493
    753 494
    725 495
    696 496
    656 497
    682 498
    629 499
    614 500
    570 501
    550 502
    585 503
    544 504
    507 505
    514 506
    474 507
    489 508
    488 509
    437 510
    467 511
    441 512
    456 513
    430 514
    417 515
    400 516
    439 517
    417 518
    403 519
    418 520
    397 521
    413 522
    396 523
    375 524
    390 525
    361 526
    382 527
    379 528
    399 529
    403 530
    423 531
    376 532
    383 533
    395 534
    390 535
    348 536
    404 537
    396 538
    357 539
    390 540
    368 541
    340 542
    402 543
    394 544
    337 545
    365 546
    339 547
    349 548
    357 549
    345 550
    338 551
    339 552
    302 553
    338 554
    346 555
    297 556
    287 557
    276 558
    244 559
    296 560
    243 561
    256 562
    256 563
    227 564
    241 565
    234 566
    215 567
    206 568
    205 569
    181 570
    188 571
    171 572
    191 573
    148 574
    171 575
    169 576
    153 577
    188 578
    143 579
    139 580
    175 581
    161 582
    122 583
    124 584
    136 585
    138 586
    135 587
    136 588
    131 589
    122 590
    116 591
    134 592
    132 593
    133 594
    115 595
    113 596
    111 597
    102 598
    105 599
    114 600
    122 601
    119 602
    118 603
    100 604
     89 605
     88 606
     92 607
    106 608
     91 609
    105 610
    109 611
     85 612
     91 613
     83 614
    106 615
     73 616
    104 617
     94 618
     87 619
     70 620
     80 621
     73 622
     82 623
     66 624
     72 625
     60 626
     55 627
     68 628
     73 629
     75 630
     71 631
     57 632
     41 633
     40 634
     52 635
     49 636
     54 637
     57 638
     40 639
     56 640
     58 641
     49 642
     52 643
     71 644
     50 645
     50 646
     39 647
     45 648
     44 649
     47 650
     41 651
     42 652
     46 653
     45 654
     27 655
     43 656
     32 657
     36 658
     34 659
     38 660
     33 661
     43 662
     42 663
     33 664
     37 665
     35 666
     37 667
     30 668
     33 669
     36 670
     31 671
     30 672
     32 673
     33 674
     33 675
     35 676
     43 677
     24 678
     33 679
     25 680
     33 681
     32 682
     29 683
     25 684
     24 685
     26 686
     32 687
     28 688
     23 689
     21 690
     23 691
     26 692
     32 693
     14 694
     18 695
     20 696
     12 697
     25 698
     14 699
     14 700
     21 701
     16 702
     28 703
     29 704
     21 705
     20 706
     13 707
     14 708
     16 709
     15 710
     11 711
     17 712
     12 713
     20 714
      4 715
     17 716
     10 717
     16 718
     11 719
     18 720
     17 721
      9 722
      9 723
     19 724
     10 725
     10 726
     13 727
      7 728
     25 729
     13 730
     11 731
      9 732
      6 733
     13 734
     15 735
     18 736
     10 737
      6 738
     11 739
     10 740
     11 741
      4 742
      8 743
     18 744
     11 745
      3 746
      9 747
      9 748
     11 749
      8 750
      5 751
     10 752
      7 753
      8 754
     12 755
      7 756
     11 757
      5 758
     11 759
      3 760
      6 761
      3 762
     13 763
      7 764
      6 765
      3 766
      7 767
      4 768
      5 769
      6 770
      3 771
      7 772
      6 773
      5 774
      5 775
      3 776
      5 777
      3 778
      4 779
      5 780
      6 781
      5 782
      6 783
      1 784
      6 785
      1 786
      6 787
      4 788
      4 789
      3 790
      4 791
      1 792
      3 793
      5 794
      1 795
      1 796
      3 797
      7 798
      1 799
      1 800
      3 801
      1 802
      3 803
      2 804
      2 805
      4 806
      4 807
      2 808
      6 809
      2 810
      5 811
      2 812
      3 813
      4 814
      2 815
      2 816
      3 817
      2 818
      1 819
      5 820
      4 821
      3 822
      3 823
      1 824
      2 825
      2 826
      4 827
      1 828
      2 829
      3 830
      2 831
      4 832
      4 833
      4 834
      2 835
      2 837
      2 838
      1 840
      1 841
      2 842
      1 843
      2 844
      1 845
      2 846
      2 847
      4 849
      1 850
      2 851
      2 852
      1 854
      2 855
      2 858
      1 859
      2 860
      3 862
      1 863
      1 865
      3 866
      1 867
      2 868
      3 869
      1 871
      3 872
      1 873
      1 874
      1 875
      3 876
      1 877
      2 878
      1 880
      1 881
      3 882
      2 885
      1 886
      1 887
      1 889
      1 892
      1 893
      1 895
      1 896
      1 897
      1 898
      1 899
      1 900
      1 901
      1 903
      1 906
      1 907
      1 908
      2 909
      1 911
      2 912
      2 913
      1 914
      1 918
      1 920
      1 921
      1 922
      1 923
      2 924
      1 926
      1 930
      1 931
      1 933
      2 935
      1 936
      1 938
      2 940
      1 944
      2 946
      1 947
      1 952
      1 956
      1 961
      3 962
      1 966
      1 967
      1 969
      1 970
      2 971
      1 972
      2 974
      1 977
      1 979
      1 981
      1 988
      1 990
      1 992
      1 997
      2 999
      1 1000
      2 1004
      1 1008
      1 1011
      2 1014
      1 1017
      1 1019
      1 1033
      1 1034
      1 1042
      1 1043
      1 1045
      1 1046
      1 1049
      1 1051
      1 1062
      1 1063
      1 1064
      1 1070
      1 1075
      1 1078
      1 1079
      2 1082
      1 1087
      1 1091
      1 1094
      1 1099
      1 1102
      1 1106
      1 1107
      1 1118
      1 1123
      1 1134
      1 1136
      2 1142
      1 1146
      1 1147
      1 1151
      2 1155
      1 1162
      1 1172
      1 1178
      1 1180
      1 1187
      1 1188
      1 1200
      1 1201
      1 1213
      1 1215
      1 1224
      1 1242
      1 1271
      1 1279
      1 1293
      1 1296
      1 1307
      1 1313
      1 1324
      1 1332
      1 1334
      1 1337
      1 1341
      1 1349
      1 1374
      1 1377
      1 1381
      1 1403
      1 1409
      1 1423
      1 1427
      1 1554
      1 1804
      1 1823
      1 2074
      1 3454
      1 4102
      1 4233
      1 6310
---AAD-PGBENCH-LAG-US---
