pgbench (18.6 (Debian 18.6-1.pgdg13+2))
starting vacuum...end.
transaction type: <builtin: select only>
scaling factor: 1000
query mode: simple
number of clients: 128
number of threads: 16
maximum number of tries: 1
duration: 60 s
number of transactions actually processed: 10138793
number of failed transactions: 0 (0.000%)
latency average = 0.754 ms
initial connection time = 312.798 ms
tps = 169853.337134 (without initial connection time)
---AAD-PGBENCH-LATENCY-US---
rc=0
samples=202838
      1 259
      1 269
      1 271
      1 277
      6 278
      1 279
      1 280
      1 281
      1 282
      2 283
      1 285
      1 287
      2 288
      2 290
      1 291
      3 292
      3 293
      3 294
      2 295
      2 296
      2 297
      2 298
      1 301
      2 303
      2 304
      2 305
      1 306
      2 307
      2 308
      3 309
      5 310
      5 311
      9 312
      5 313
      3 314
      2 315
      5 316
      7 317
      8 318
      2 319
      6 320
     10 321
      6 322
      8 323
     14 324
      5 325
     12 326
     10 327
     14 328
     15 329
     20 330
     22 331
     13 332
     21 333
     27 334
     32 335
     22 336
     24 337
     30 338
     36 339
     30 340
     22 341
     36 342
     40 343
     53 344
     52 345
     41 346
     53 347
     46 348
     38 349
     48 350
     48 351
     34 352
     37 353
     44 354
     37 355
     40 356
     35 357
     49 358
     41 359
     44 360
     44 361
     46 362
     48 363
     26 364
     44 365
     34 366
     34 367
     24 368
     29 369
     45 370
     33 371
     41 372
     33 373
     49 374
     45 375
     52 376
     36 377
     47 378
     41 379
     39 380
     45 381
     42 382
     38 383
     58 384
     59 385
     56 386
     63 387
     65 388
     64 389
     76 390
     68 391
     87 392
     85 393
     73 394
     90 395
    105 396
     90 397
    111 398
    104 399
    123 400
    142 401
    137 402
    136 403
    154 404
    165 405
    181 406
    180 407
    210 408
    185 409
    195 410
    230 411
    224 412
    234 413
    276 414
    253 415
    234 416
    242 417
    229 418
    229 419
    235 420
    222 421
    232 422
    201 423
    211 424
    204 425
    202 426
    195 427
    180 428
    208 429
    181 430
    159 431
    163 432
    177 433
    190 434
    163 435
    182 436
    169 437
    137 438
    134 439
    166 440
    191 441
    176 442
    169 443
    132 444
    174 445
    155 446
    152 447
    163 448
    169 449
    201 450
    161 451
    174 452
    168 453
    181 454
    167 455
    161 456
    189 457
    160 458
    201 459
    173 460
    189 461
    219 462
    214 463
    210 464
    246 465
    250 466
    268 467
    260 468
    294 469
    305 470
    342 471
    354 472
    356 473
    367 474
    378 475
    425 476
    398 477
    418 478
    467 479
    482 480
    481 481
    518 482
    531 483
    474 484
    470 485
    463 486
    460 487
    469 488
    467 489
    434 490
    420 491
    421 492
    393 493
    395 494
    351 495
    341 496
    336 497
    326 498
    344 499
    288 500
    289 501
    308 502
    276 503
    268 504
    283 505
    247 506
    282 507
    242 508
    268 509
    254 510
    257 511
    264 512
    231 513
    260 514
    287 515
    245 516
    253 517
    238 518
    231 519
    236 520
    261 521
    244 522
    274 523
    260 524
    259 525
    254 526
    232 527
    263 528
    253 529
    268 530
    283 531
    299 532
    283 533
    291 534
    305 535
    328 536
    334 537
    390 538
    358 539
    403 540
    371 541
    469 542
    431 543
    455 544
    469 545
    473 546
    500 547
    526 548
    504 549
    513 550
    535 551
    558 552
    581 553
    533 554
    553 555
    534 556
    514 557
    484 558
    500 559
    485 560
    448 561
    474 562
    507 563
    436 564
    466 565
    409 566
    393 567
    410 568
    389 569
    414 570
    374 571
    399 572
    366 573
    365 574
    377 575
    383 576
    354 577
    325 578
    326 579
    318 580
    346 581
    313 582
    313 583
    321 584
    358 585
    344 586
    329 587
    334 588
    334 589
    333 590
    352 591
    295 592
    337 593
    329 594
    365 595
    374 596
    361 597
    380 598
    370 599
    390 600
    355 601
    394 602
    365 603
    404 604
    410 605
    434 606
    429 607
    488 608
    497 609
    528 610
    486 611
    561 612
    554 613
    545 614
    567 615
    606 616
    628 617
    612 618
    653 619
    645 620
    689 621
    706 622
    708 623
    645 624
    628 625
    610 626
    616 627
    580 628
    560 629
    543 630
    557 631
    548 632
    553 633
    511 634
    504 635
    526 636
    485 637
    432 638
    452 639
    463 640
    443 641
    432 642
    436 643
    377 644
    407 645
    396 646
    386 647
    397 648
    412 649
    373 650
    398 651
    400 652
    354 653
    335 654
    387 655
    355 656
    340 657
    335 658
    361 659
    344 660
    319 661
    373 662
    351 663
    326 664
    358 665
    390 666
    368 667
    340 668
    340 669
    329 670
    385 671
    372 672
    369 673
    401 674
    382 675
    388 676
    416 677
    410 678
    439 679
    440 680
    440 681
    445 682
    476 683
    486 684
    474 685
    493 686
    501 687
    488 688
    482 689
    532 690
    451 691
    479 692
    462 693
    462 694
    525 695
    453 696
    449 697
    447 698
    416 699
    415 700
    414 701
    405 702
    345 703
    376 704
    381 705
    338 706
    339 707
    336 708
    318 709
    325 710
    311 711
    328 712
    294 713
    294 714
    287 715
    280 716
    274 717
    260 718
    263 719
    286 720
    269 721
    272 722
    283 723
    247 724
    276 725
    237 726
    244 727
    240 728
    254 729
    236 730
    227 731
    263 732
    255 733
    216 734
    227 735
    223 736
    240 737
    234 738
    252 739
    245 740
    250 741
    259 742
    235 743
    221 744
    213 745
    256 746
    257 747
    265 748
    296 749
    265 750
    238 751
    294 752
    286 753
    275 754
    270 755
    306 756
    308 757
    306 758
    332 759
    324 760
    266 761
    287 762
    303 763
    297 764
    292 765
    275 766
    247 767
    249 768
    273 769
    247 770
    247 771
    277 772
    229 773
    248 774
    238 775
    224 776
    240 777
    218 778
    187 779
    198 780
    214 781
    214 782
    202 783
    177 784
    153 785
    159 786
    185 787
    183 788
    184 789
    172 790
    163 791
    187 792
    177 793
    165 794
    143 795
    175 796
    168 797
    172 798
    161 799
    179 800
    172 801
    152 802
    171 803
    174 804
    161 805
    166 806
    147 807
    178 808
    162 809
    139 810
    153 811
    178 812
    160 813
    180 814
    191 815
    191 816
    177 817
    191 818
    196 819
    196 820
    189 821
    206 822
    193 823
    223 824
    211 825
    197 826
    205 827
    195 828
    209 829
    190 830
    206 831
    223 832
    227 833
    198 834
    202 835
    187 836
    190 837
    174 838
    164 839
    176 840
    175 841
    196 842
    167 843
    192 844
    192 845
    157 846
    174 847
    156 848
    151 849
    156 850
    151 851
    169 852
    139 853
    155 854
    154 855
    139 856
    136 857
    155 858
    147 859
    145 860
    145 861
    152 862
    131 863
    135 864
    148 865
    128 866
    146 867
    124 868
    159 869
    141 870
    148 871
    144 872
    151 873
    141 874
    152 875
    133 876
    125 877
    138 878
    146 879
    141 880
    145 881
    144 882
    164 883
    166 884
    132 885
    159 886
    157 887
    164 888
    181 889
    168 890
    184 891
    167 892
    170 893
    169 894
    176 895
    200 896
    181 897
    215 898
    179 899
    202 900
    168 901
    166 902
    174 903
    183 904
    174 905
    162 906
    173 907
    162 908
    176 909
    164 910
    192 911
    147 912
    134 913
    149 914
    155 915
    150 916
    127 917
    136 918
    118 919
    158 920
    139 921
    145 922
    144 923
    135 924
    145 925
    139 926
    136 927
    117 928
    122 929
    149 930
    125 931
    141 932
    111 933
    139 934
    114 935
    142 936
    130 937
    124 938
    121 939
    111 940
    140 941
    151 942
    101 943
    123 944
    125 945
    140 946
     94 947
    132 948
    141 949
    144 950
    136 951
    117 952
    131 953
    126 954
    137 955
    125 956
    146 957
    146 958
    155 959
    143 960
    141 961
    132 962
    155 963
    157 964
    153 965
    150 966
    158 967
    154 968
    158 969
    147 970
    159 971
    155 972
    154 973
    171 974
    153 975
    156 976
    142 977
    137 978
    157 979
    141 980
    146 981
    131 982
    122 983
    130 984
    117 985
    108 986
    130 987
    123 988
    121 989
    120 990
    107 991
    135 992
    118 993
    118 994
    109 995
    115 996
    140 997
    118 998
    112 999
    124 1000
    114 1001
    112 1002
    115 1003
     83 1004
    110 1005
    101 1006
    117 1007
    108 1008
    110 1009
     79 1010
    113 1011
    118 1012
    105 1013
    117 1014
    108 1015
    103 1016
     90 1017
    100 1018
    148 1019
    115 1020
    121 1021
    116 1022
    119 1023
    143 1024
    125 1025
    111 1026
    114 1027
    104 1028
    130 1029
    129 1030
    125 1031
    136 1032
    129 1033
    138 1034
    128 1035
    126 1036
    142 1037
    139 1038
    137 1039
    132 1040
    119 1041
    127 1042
    128 1043
    121 1044
    121 1045
    126 1046
    132 1047
    122 1048
    120 1049
    105 1050
    112 1051
     97 1052
     94 1053
    111 1054
    127 1055
    107 1056
    104 1057
    124 1058
     97 1059
    104 1060
    100 1061
    102 1062
     88 1063
    106 1064
     95 1065
     87 1066
    108 1067
    113 1068
     97 1069
    100 1070
     94 1071
     91 1072
     88 1073
     93 1074
     90 1075
    111 1076
     92 1077
     85 1078
    113 1079
     93 1080
    102 1081
    118 1082
     94 1083
     88 1084
     88 1085
    103 1086
     89 1087
    109 1088
     77 1089
     88 1090
     91 1091
    101 1092
     83 1093
     93 1094
     91 1095
    101 1096
    127 1097
     83 1098
    118 1099
    112 1100
    102 1101
    112 1102
     97 1103
    102 1104
    122 1105
    110 1106
    111 1107
    127 1108
    118 1109
    125 1110
    111 1111
    102 1112
    110 1113
     89 1114
     90 1115
    104 1116
     94 1117
    102 1118
     80 1119
    108 1120
     92 1121
    106 1122
     76 1123
     78 1124
     98 1125
     79 1126
     84 1127
     79 1128
    101 1129
     94 1130
     76 1131
     74 1132
     87 1133
     68 1134
     91 1135
     79 1136
     76 1137
     91 1138
     79 1139
     96 1140
     70 1141
     76 1142
     68 1143
     68 1144
     78 1145
     91 1146
     89 1147
     73 1148
     68 1149
     81 1150
     73 1151
     67 1152
     65 1153
     84 1154
     67 1155
     80 1156
     87 1157
     73 1158
     72 1159
     75 1160
     88 1161
     85 1162
     72 1163
     76 1164
     86 1165
     61 1166
     77 1167
     74 1168
     78 1169
    101 1170
     70 1171
     79 1172
    101 1173
     74 1174
     94 1175
     54 1176
     96 1177
     96 1178
     74 1179
     91 1180
     83 1181
     96 1182
     67 1183
     86 1184
     74 1185
     73 1186
     88 1187
     80 1188
     83 1189
     74 1190
     83 1191
     70 1192
     57 1193
     70 1194
     77 1195
     59 1196
     70 1197
     78 1198
     64 1199
     72 1200
     87 1201
     64 1202
     67 1203
     66 1204
     55 1205
     68 1206
     71 1207
     76 1208
     47 1209
     69 1210
     81 1211
     62 1212
     62 1213
     66 1214
     59 1215
    103 1216
     55 1217
     63 1218
     56 1219
     59 1220
     62 1221
     66 1222
     63 1223
     72 1224
     72 1225
     59 1226
     57 1227
     67 1228
     70 1229
     55 1230
     70 1231
     76 1232
     39 1233
     70 1234
     80 1235
     60 1236
     88 1237
     74 1238
     73 1239
     68 1240
     87 1241
     70 1242
     71 1243
     84 1244
     84 1245
     73 1246
     80 1247
     69 1248
     69 1249
     61 1250
     64 1251
     76 1252
     66 1253
     69 1254
     58 1255
     71 1256
     56 1257
     64 1258
     50 1259
     52 1260
     67 1261
     55 1262
     73 1263
     70 1264
     50 1265
     57 1266
     52 1267
     42 1268
     70 1269
     53 1270
     50 1271
     51 1272
     57 1273
     58 1274
     58 1275
     53 1276
     42 1277
     56 1278
     46 1279
     57 1280
     55 1281
     43 1282
     41 1283
     45 1284
     63 1285
     41 1286
     47 1287
     59 1288
     42 1289
     52 1290
     50 1291
     54 1292
     50 1293
     38 1294
     52 1295
     49 1296
     57 1297
     44 1298
     46 1299
     61 1300
     40 1301
     44 1302
     55 1303
     48 1304
     57 1305
     52 1306
     54 1307
     47 1308
     51 1309
     56 1310
     48 1311
     61 1312
     58 1313
     52 1314
     48 1315
     64 1316
     43 1317
     61 1318
     57 1319
     45 1320
     55 1321
     44 1322
     38 1323
     49 1324
     51 1325
     50 1326
     45 1327
     54 1328
     51 1329
     45 1330
     46 1331
     50 1332
     43 1333
     61 1334
     54 1335
     24 1336
     47 1337
     34 1338
     42 1339
     44 1340
     40 1341
     35 1342
     50 1343
     43 1344
     32 1345
     41 1346
     34 1347
     37 1348
     37 1349
     33 1350
     44 1351
     42 1352
     32 1353
     46 1354
     47 1355
     32 1356
     37 1357
     36 1358
     36 1359
     35 1360
     44 1361
     34 1362
     31 1363
     39 1364
     37 1365
     34 1366
     36 1367
     33 1368
     34 1369
     39 1370
     36 1371
     46 1372
     42 1373
     41 1374
     46 1375
     39 1376
     53 1377
     33 1378
     35 1379
     32 1380
     35 1381
     39 1382
     44 1383
     42 1384
     37 1385
     40 1386
     40 1387
     28 1388
     34 1389
     34 1390
     51 1391
     32 1392
     38 1393
     33 1394
     36 1395
     33 1396
     42 1397
     32 1398
     40 1399
     28 1400
     32 1401
     34 1402
     24 1403
     29 1404
     26 1405
     39 1406
     26 1407
     38 1408
     21 1409
     24 1410
     30 1411
     13 1412
     21 1413
     29 1414
     41 1415
     34 1416
     31 1417
     29 1418
     23 1419
     32 1420
     26 1421
     36 1422
     21 1423
     29 1424
     29 1425
     29 1426
     22 1427
     31 1428
     30 1429
     28 1430
     25 1431
     29 1432
     17 1433
     17 1434
     22 1435
     31 1436
     25 1437
     23 1438
     29 1439
     37 1440
     28 1441
     25 1442
     17 1443
     21 1444
     24 1445
     22 1446
     24 1447
     31 1448
     25 1449
     25 1450
     26 1451
     26 1452
     22 1453
     26 1454
     28 1455
     21 1456
     31 1457
     40 1458
     18 1459
     23 1460
     29 1461
     38 1462
     21 1463
     21 1464
     23 1465
     22 1466
     27 1467
     27 1468
     21 1469
     20 1470
     19 1471
     14 1472
     19 1473
     30 1474
     20 1475
     28 1476
     20 1477
     19 1478
     21 1479
     30 1480
     29 1481
     20 1482
     21 1483
     23 1484
     18 1485
     19 1486
     19 1487
     15 1488
     15 1489
     26 1490
     25 1491
     23 1492
     13 1493
     20 1494
     15 1495
     16 1496
     19 1497
     11 1498
     15 1499
     18 1500
     21 1501
     18 1502
     16 1503
     16 1504
     20 1505
     13 1506
     14 1507
     11 1508
     17 1509
     19 1510
     16 1511
     14 1512
     16 1513
     13 1514
     15 1515
     13 1516
     24 1517
     16 1518
     21 1519
     19 1520
     20 1521
     16 1522
     15 1523
     14 1524
     14 1525
     11 1526
     20 1527
     15 1528
     11 1529
     17 1530
     13 1531
     17 1532
     15 1533
     12 1534
     16 1535
     13 1536
     14 1537
     17 1538
     12 1539
     17 1540
     13 1541
     19 1542
     14 1543
     14 1544
     15 1545
     17 1546
     11 1547
     15 1548
     11 1549
     13 1550
     14 1551
     12 1552
     24 1553
      6 1554
     13 1555
     13 1556
     14 1557
      8 1558
     16 1559
     14 1560
     11 1561
      8 1562
     12 1563
     16 1564
     15 1565
     15 1566
      8 1567
     13 1568
     12 1569
      7 1570
      9 1571
      9 1572
     11 1573
      8 1574
     12 1575
      9 1576
      9 1577
     12 1578
     14 1579
     10 1580
      8 1581
     11 1582
      6 1583
      9 1584
     19 1585
     17 1586
     13 1587
     15 1588
     16 1589
      8 1590
     13 1591
      6 1592
     12 1593
      9 1594
      7 1595
     12 1596
      9 1597
     11 1598
     10 1599
     16 1600
     11 1601
     13 1602
      8 1603
      6 1604
      6 1605
      8 1606
     15 1607
      5 1608
      8 1609
      7 1610
      9 1611
     10 1612
     10 1613
     10 1614
      9 1615
     10 1616
     12 1617
      5 1618
      8 1619
      8 1620
     10 1621
      8 1622
      8 1623
      5 1624
      5 1625
     10 1626
      4 1627
      7 1628
      8 1629
      3 1630
     11 1631
      5 1632
      8 1633
      8 1634
      4 1635
      7 1636
      9 1637
      6 1638
      6 1639
      4 1640
      2 1641
      5 1642
      7 1643
      5 1644
      4 1645
      5 1646
      4 1647
      4 1648
      7 1649
      8 1650
     11 1651
      8 1652
     10 1653
     10 1654
      9 1655
      5 1656
      5 1657
      9 1658
     11 1659
      9 1660
      3 1661
     12 1662
      9 1663
      7 1664
      7 1665
      6 1666
      4 1667
      6 1668
      9 1669
     10 1670
      9 1671
      3 1672
      6 1673
      4 1674
      4 1675
      5 1676
      5 1677
      7 1678
      7 1679
      5 1680
      5 1681
      3 1682
      8 1683
      8 1684
      5 1685
      5 1686
      4 1687
      4 1688
      6 1689
      6 1690
      1 1691
      4 1692
      4 1693
      6 1694
      5 1695
      6 1696
      7 1697
      4 1698
      6 1699
      3 1700
      3 1701
      2 1702
      5 1703
      3 1704
      6 1705
      2 1707
      5 1708
      7 1709
      5 1710
      5 1711
      1 1712
      6 1714
      2 1715
      6 1716
      5 1717
      5 1718
      8 1719
      4 1720
      4 1721
      5 1723
      1 1724
     10 1725
      6 1726
      5 1727
      5 1728
      3 1729
      5 1730
      3 1731
      4 1732
      2 1733
      3 1734
      4 1735
      3 1736
      3 1737
      4 1738
      4 1739
      5 1740
      4 1741
      5 1742
      8 1743
      3 1744
      6 1745
      4 1746
      1 1747
      4 1748
      3 1749
      3 1750
      1 1751
      5 1752
      3 1753
      1 1754
      6 1755
      4 1756
      5 1757
      3 1758
      2 1759
      3 1760
      7 1761
      4 1762
      4 1763
      3 1764
      3 1765
      8 1766
      2 1767
      1 1768
      1 1769
      5 1770
      5 1771
      4 1772
      4 1773
      1 1774
      2 1775
      3 1776
      2 1777
      2 1778
      3 1779
      2 1780
      1 1781
      1 1782
      2 1783
      5 1784
      2 1785
      3 1786
      1 1788
      4 1790
      3 1791
      4 1792
      5 1793
      2 1794
      1 1795
      1 1796
      1 1797
      2 1798
      1 1799
      1 1800
      3 1801
      2 1802
      4 1803
      2 1804
      3 1805
      1 1806
      2 1807
      3 1808
      2 1809
      5 1810
      3 1811
      1 1813
      1 1814
      2 1815
      5 1816
      2 1817
      4 1818
      2 1819
      5 1820
      2 1821
      2 1822
      3 1823
      1 1825
      1 1827
      5 1829
      3 1830
      2 1831
      4 1832
      3 1833
      1 1835
      1 1836
      1 1837
      1 1838
      2 1839
      2 1840
      3 1841
      1 1842
      2 1844
      5 1845
      3 1846
      1 1848
      2 1849
      2 1850
      6 1852
      2 1853
      2 1854
      2 1856
      1 1857
      1 1858
      3 1859
      1 1861
      3 1862
      1 1863
      3 1865
      2 1866
      1 1867
      2 1868
      1 1869
      2 1870
      2 1871
      1 1872
      5 1873
      3 1874
      1 1875
      2 1876
      1 1877
      1 1878
      2 1880
      1 1881
      3 1882
      3 1883
      1 1884
      1 1885
      1 1886
      2 1887
      1 1888
      2 1889
      2 1892
      2 1893
      3 1894
      1 1895
      2 1896
      1 1897
      1 1898
      1 1900
      1 1903
      4 1905
      2 1906
      1 1907
      3 1908
      1 1909
      1 1910
      1 1912
      1 1915
      1 1916
      2 1917
      2 1919
      2 1921
      1 1922
      3 1925
      1 1926
      1 1929
      1 1931
      4 1932
      1 1933
      1 1936
      1 1937
      1 1938
      3 1940
      2 1941
      1 1943
      1 1944
      1 1945
      1 1946
      1 1947
      1 1948
      1 1949
      1 1950
      1 1951
      1 1952
      1 1953
      4 1954
      1 1956
      1 1958
      3 1959
      1 1960
      1 1962
      1 1966
      2 1969
      2 1970
      3 1971
      2 1972
      1 1973
      1 1975
      1 1976
      1 1979
      2 1981
      1 1982
      1 1983
      1 1985
      2 1987
      1 1988
      1 1989
      2 1990
      3 1994
      1 1997
      3 2002
      1 2003
      1 2004
      3 2005
      2 2007
      2 2008
      1 2014
      1 2016
      1 2017
      1 2018
      2 2019
      1 2021
      1 2022
      1 2025
      2 2027
      1 2029
      2 2031
      1 2032
      2 2033
      1 2034
      2 2035
      2 2037
      3 2039
      2 2043
      1 2044
      1 2045
      1 2048
      3 2050
      1 2051
      1 2053
      1 2054
      1 2055
      4 2056
      1 2057
      1 2059
      2 2060
      1 2065
      1 2066
      1 2071
      1 2075
      1 2077
      1 2083
      1 2084
      1 2087
      1 2089
      3 2091
      1 2093
      2 2095
      1 2102
      2 2109
      5 2111
      2 2113
      1 2116
      1 2120
      1 2121
      1 2123
      1 2126
      1 2129
      1 2130
      1 2133
      1 2136
      1 2138
      1 2139
      1 2140
      1 2141
      1 2142
      1 2144
      1 2146
      1 2150
      1 2153
      1 2155
      1 2156
      1 2157
      1 2158
      1 2164
      1 2166
      1 2168
      1 2173
      1 2175
      1 2180
      1 2181
      1 2196
      1 2199
      1 2210
      1 2212
      1 2216
      1 2217
      1 2224
      1 2225
      1 2229
      1 2234
      1 2235
      1 2237
      2 2241
      1 2242
      1 2243
      1 2247
      1 2248
      1 2250
      1 2255
      2 2266
      1 2268
      1 2270
      1 2276
      1 2277
      1 2278
      1 2284
      1 2286
      1 2289
      1 2290
      3 2291
      1 2303
      1 2305
      1 2306
      1 2307
      1 2313
      1 2314
      1 2317
      1 2318
      3 2326
      1 2327
      1 2328
      1 2329
      1 2336
      1 2338
      1 2346
      1 2352
      1 2355
      1 2356
      1 2361
      1 2365
      1 2366
      2 2381
      1 2382
      3 2383
      1 2385
      3 2388
      1 2393
      1 2396
      1 2398
      1 2402
      1 2408
      1 2409
      1 2415
      1 2418
      1 2426
      1 2438
      1 2443
      1 2447
      1 2467
      1 2489
      1 2495
      1 2499
      1 2500
      1 2509
      1 2510
      1 2515
      1 2521
      1 2525
      1 2531
      1 2534
      1 2550
      1 2552
      1 2559
      1 2566
      1 2570
      1 2572
      1 2583
      1 2584
      1 2585
      1 2590
      1 2608
      1 2643
      1 2644
      1 2651
      2 2661
      1 2662
      1 2671
      1 2674
      1 2687
      1 2696
      2 2699
      1 2705
      1 2721
      1 2736
      1 2756
      1 2759
      1 2767
      1 2769
      1 2773
      1 2774
      1 2782
      1 2799
      1 2812
      1 2825
      1 2841
      1 2860
      1 2864
      1 2887
      1 2923
      1 2926
      1 2937
      1 3091
      1 3097
      1 3108
      1 3112
      1 3129
      1 3164
      1 3198
      1 3288
      1 3475
      1 3566
      1 3580
      1 3677
      1 3796
      1 3855
      1 3872
      1 4413
      1 4512
      1 4569
      1 4729
      1 4939
      1 5531
      1 5873
      1 6100
      1 7004
      1 7155
      1 7219
      1 8495
      1 11379
      1 11850
      1 12659
      1 19990
      1 24463
      1 24888
---AAD-PGBENCH-LAG-US---
