pgbench (18.6 (Debian 18.6-1.pgdg13+2))
starting vacuum...end.
transaction type: <builtin: select only>
scaling factor: 1000
query mode: simple
number of clients: 64
number of threads: 16
maximum number of tries: 1
duration: 60 s
number of transactions actually processed: 8580819
number of failed transactions: 0 (0.000%)
latency average = 0.446 ms
initial connection time = 154.864 ms
tps = 143381.710852 (without initial connection time)
---AAD-PGBENCH-LATENCY-US---
rc=0
samples=172644
      1 251
      3 256
      4 257
      2 258
      5 259
      4 260
      2 261
      4 262
      9 263
      8 264
     11 265
     11 266
     16 267
     19 268
     27 269
     14 270
     21 271
     26 272
     29 273
     42 274
     48 275
     47 276
     54 277
     57 278
     62 279
     56 280
     54 281
     69 282
     77 283
     63 284
     69 285
     68 286
     69 287
     67 288
     64 289
     74 290
     70 291
     67 292
     89 293
     72 294
     81 295
     95 296
     97 297
     94 298
     94 299
     96 300
     84 301
     99 302
     93 303
     93 304
    118 305
    111 306
    105 307
    116 308
    121 309
    128 310
    122 311
    140 312
    137 313
    156 314
    139 315
    161 316
    161 317
    153 318
    189 319
    195 320
    180 321
    244 322
    231 323
    292 324
    284 325
    287 326
    284 327
    323 328
    328 329
    395 330
    407 331
    443 332
    437 333
    488 334
    573 335
    565 336
    613 337
    621 338
    699 339
    720 340
    759 341
    772 342
    785 343
    845 344
    869 345
    861 346
    861 347
    766 348
    829 349
    724 350
    785 351
    715 352
    708 353
    682 354
    698 355
    665 356
    668 357
    601 358
    585 359
    564 360
    574 361
    530 362
    520 363
    512 364
    513 365
    469 366
    469 367
    488 368
    492 369
    535 370
    494 371
    529 372
    476 373
    489 374
    504 375
    527 376
    479 377
    500 378
    495 379
    521 380
    513 381
    549 382
    557 383
    563 384
    592 385
    561 386
    589 387
    582 388
    593 389
    607 390
    628 391
    642 392
    677 393
    680 394
    731 395
    745 396
    759 397
    827 398
    819 399
    898 400
    852 401
    933 402
    881 403
    914 404
    978 405
   1037 406
   1091 407
   1078 408
   1100 409
   1069 410
   1100 411
   1187 412
   1247 413
   1315 414
   1292 415
   1191 416
   1145 417
   1132 418
   1060 419
   1000 420
    954 421
    953 422
    900 423
    922 424
    903 425
    823 426
    861 427
    830 428
    774 429
    775 430
    782 431
    721 432
    693 433
    705 434
    714 435
    711 436
    659 437
    641 438
    659 439
    706 440
    639 441
    657 442
    620 443
    628 444
    676 445
    636 446
    648 447
    660 448
    619 449
    701 450
    597 451
    597 452
    640 453
    692 454
    632 455
    652 456
    644 457
    690 458
    705 459
    726 460
    711 461
    766 462
    740 463
    769 464
    829 465
    800 466
    806 467
    862 468
    877 469
    859 470
    924 471
    954 472
    950 473
    957 474
    969 475
    984 476
    919 477
    983 478
    954 479
    947 480
   1017 481
   1059 482
   1087 483
   1034 484
   1074 485
    982 486
    947 487
    943 488
    839 489
    850 490
    837 491
    802 492
    725 493
    735 494
    713 495
    661 496
    677 497
    618 498
    639 499
    605 500
    547 501
    547 502
    575 503
    527 504
    524 505
    519 506
    463 507
    476 508
    490 509
    448 510
    445 511
    474 512
    431 513
    464 514
    416 515
    443 516
    431 517
    400 518
    435 519
    421 520
    414 521
    400 522
    384 523
    381 524
    375 525
    372 526
    389 527
    378 528
    400 529
    382 530
    379 531
    379 532
    422 533
    379 534
    408 535
    342 536
    380 537
    382 538
    397 539
    375 540
    383 541
    381 542
    363 543
    388 544
    345 545
    328 546
    387 547
    355 548
    359 549
    365 550
    339 551
    351 552
    364 553
    312 554
    293 555
    321 556
    263 557
    277 558
    293 559
    271 560
    240 561
    245 562
    214 563
    241 564
    208 565
    221 566
    218 567
    196 568
    209 569
    206 570
    176 571
    166 572
    169 573
    171 574
    178 575
    147 576
    152 577
    148 578
    155 579
    161 580
    161 581
    135 582
    150 583
    123 584
    139 585
    125 586
    128 587
    124 588
    110 589
    118 590
    117 591
    111 592
    117 593
    112 594
    122 595
    116 596
    102 597
    102 598
    114 599
     98 600
    101 601
    134 602
    106 603
    106 604
    110 605
    110 606
    102 607
    103 608
     95 609
    114 610
    102 611
    106 612
    103 613
     96 614
    100 615
     86 616
     72 617
     84 618
     76 619
     77 620
     92 621
     91 622
     76 623
     98 624
     86 625
     68 626
     63 627
     86 628
     75 629
     83 630
     73 631
     56 632
     53 633
     53 634
     51 635
     42 636
     59 637
     53 638
     54 639
     48 640
     57 641
     49 642
     45 643
     40 644
     43 645
     56 646
     54 647
     41 648
     54 649
     47 650
     37 651
     43 652
     38 653
     41 654
     50 655
     37 656
     33 657
     34 658
     31 659
     42 660
     46 661
     38 662
     37 663
     34 664
     39 665
     42 666
     31 667
     31 668
     41 669
     23 670
     37 671
     20 672
     35 673
     36 674
     23 675
     35 676
     27 677
     23 678
     25 679
     29 680
     24 681
     37 682
     32 683
     21 684
     30 685
     14 686
     28 687
     22 688
     24 689
     21 690
     25 691
     18 692
     25 693
     23 694
     20 695
     16 696
     17 697
     22 698
     21 699
     15 700
     25 701
     21 702
     19 703
     15 704
     17 705
     10 706
     17 707
     16 708
     20 709
     19 710
     15 711
     20 712
     14 713
     13 714
     13 715
     16 716
      8 717
     12 718
     12 719
     13 720
     10 721
     11 722
     13 723
     12 724
     13 725
     11 726
     13 727
     10 728
     10 729
     12 730
      9 731
     12 732
     12 733
     24 734
     12 735
      7 736
     10 737
      7 738
     17 739
     16 740
      9 741
      8 742
      7 743
     13 744
     12 745
     12 746
      6 747
     12 748
      4 749
     13 750
     11 751
      6 752
     13 753
      7 754
      6 755
     10 756
      6 757
     13 758
      7 759
      6 760
     12 761
      6 762
      6 763
      7 764
      5 765
      9 766
      4 767
      4 768
      6 769
      7 770
      3 771
      4 772
      9 773
      7 774
      3 775
      4 776
      4 777
      4 778
      4 779
      6 780
      2 781
      4 782
      3 783
      3 784
      4 785
      6 786
      3 787
      3 788
      8 789
      2 790
      1 791
      4 792
      6 793
      4 794
      3 795
      1 796
      1 797
      1 799
      4 800
      3 801
      3 802
      6 803
      1 804
      3 805
      3 806
      2 807
      5 808
      2 809
      4 810
      1 811
      3 812
      2 813
      3 814
      3 815
      4 816
      2 817
      4 818
      5 819
      1 820
      2 822
      3 823
      1 824
      2 825
      3 826
      2 827
      3 828
      2 829
      3 830
      5 831
      3 832
      1 834
      1 835
      4 838
      3 839
      2 840
      2 841
      1 842
      4 843
      2 844
      5 845
      1 847
      4 848
      3 850
      1 851
      1 852
      2 853
      1 854
      4 855
      1 856
      1 857
      3 858
      2 859
      2 860
      2 861
      1 862
      2 863
      1 864
      3 866
      1 867
      1 868
      2 869
      2 871
      2 872
      2 873
      2 874
      4 875
      4 877
      1 878
      1 879
      1 880
      3 882
      2 883
      2 884
      2 887
      1 888
      1 889
      2 890
      1 892
      1 894
      1 895
      2 896
      2 898
      1 900
      1 902
      1 904
      1 906
      1 908
      1 910
      1 912
      2 913
      1 914
      2 915
      3 916
      1 917
      1 920
      4 921
      2 924
      1 925
      1 926
      1 927
      1 928
      1 929
      1 930
      1 931
      1 933
      2 934
      1 936
      1 939
      1 940
      3 941
      1 943
      1 944
      1 947
      1 948
      1 949
      1 950
      1 951
      1 953
      1 955
      1 958
      2 961
      1 965
      1 967
      1 968
      2 970
      1 971
      1 978
      1 979
      2 984
      1 987
      1 989
      1 991
      1 992
      1 993
      1 995
      1 996
      1 999
      1 1003
      1 1004
      1 1006
      1 1007
      1 1012
      1 1014
      1 1016
      2 1017
      1 1018
      1 1024
      2 1029
      2 1032
      1 1033
      1 1035
      1 1037
      2 1038
      1 1039
      1 1040
      1 1041
      1 1045
      1 1046
      3 1047
      2 1055
      1 1061
      1 1067
      1 1069
      1 1072
      1 1073
      1 1074
      2 1076
      1 1077
      1 1079
      1 1093
      1 1095
      1 1096
      1 1097
      2 1105
      1 1111
      1 1112
      1 1116
      1 1117
      1 1121
      1 1132
      2 1133
      1 1148
      1 1150
      2 1164
      1 1180
      2 1182
      1 1187
      1 1195
      1 1197
      1 1202
      2 1217
      1 1232
      1 1241
      1 1242
      2 1249
      1 1266
      1 1272
      1 1273
      1 1290
      1 1305
      1 1313
      1 1320
      1 1347
      1 1374
      1 1379
      1 1387
      1 1404
      1 1407
      1 1417
      1 1447
      1 1452
      1 1493
      1 1505
      1 1521
      1 1565
      1 1584
      1 1629
      1 1644
      1 1663
      1 1701
      1 1761
      1 2280
      1 2852
      1 3193
      1 8467
      1 20922
---AAD-PGBENCH-LAG-US---
