pgbench (18.6 (Debian 18.6-1.pgdg13+2))
starting vacuum...end.
transaction type: <builtin: select only>
scaling factor: 1000
query mode: simple
number of clients: 16
number of threads: 16
maximum number of tries: 1
duration: 60 s
number of transactions actually processed: 3329489
number of failed transactions: 0 (0.000%)
latency average = 0.288 ms
initial connection time = 7.051 ms
tps = 55497.328127 (without initial connection time)
---AAD-PGBENCH-LATENCY-US---
rc=0
samples=66634
      2 227
      2 228
      2 229
      8 230
     10 231
     10 232
      9 233
     13 234
     19 235
     35 236
     44 237
     72 238
    105 239
    125 240
    164 241
    212 242
    254 243
    304 244
    361 245
    353 246
    330 247
    413 248
    438 249
    527 250
    591 251
    732 252
    872 253
   1067 254
   1262 255
   1335 256
   1360 257
   1386 258
   1421 259
   1376 260
   1341 261
   1329 262
   1209 263
   1278 264
   1205 265
   1188 266
   1226 267
   1357 268
   1420 269
   1386 270
   1354 271
   1386 272
   1540 273
   1439 274
   1460 275
   1501 276
   1446 277
   1224 278
   1142 279
   1004 280
    899 281
    846 282
    764 283
    715 284
    661 285
    595 286
    503 287
    512 288
    487 289
    436 290
    419 291
    393 292
    385 293
    347 294
    326 295
    337 296
    269 297
    287 298
    257 299
    259 300
    241 301
    233 302
    282 303
    242 304
    249 305
    230 306
    247 307
    239 308
    218 309
    221 310
    240 311
    200 312
    191 313
    244 314
    238 315
    230 316
    248 317
    254 318
    240 319
    209 320
    219 321
    222 322
    232 323
    229 324
    222 325
    237 326
    234 327
    245 328
    265 329
    276 330
    246 331
    204 332
    208 333
    214 334
    194 335
    185 336
    215 337
    198 338
    174 339
    162 340
    148 341
    147 342
    141 343
    137 344
    124 345
    126 346
    107 347
     87 348
     95 349
     76 350
     87 351
     87 352
     96 353
     90 354
     79 355
     70 356
     52 357
     72 358
     71 359
     52 360
     59 361
     66 362
     61 363
     56 364
     71 365
     53 366
     48 367
     58 368
     39 369
     58 370
     44 371
     55 372
     33 373
     55 374
     43 375
     46 376
     48 377
     53 378
     48 379
     48 380
     45 381
     53 382
     52 383
     38 384
     51 385
     43 386
     43 387
     40 388
     45 389
     51 390
     46 391
     46 392
     48 393
     32 394
     47 395
     38 396
     61 397
     31 398
     49 399
     51 400
     33 401
     29 402
     40 403
     27 404
     30 405
     19 406
     31 407
     22 408
     35 409
     24 410
     25 411
     15 412
     31 413
     26 414
     23 415
     22 416
     20 417
     20 418
     18 419
     17 420
     17 421
     24 422
     23 423
     18 424
     22 425
     11 426
     10 427
     13 428
     21 429
     21 430
     12 431
     17 432
     16 433
     23 434
     16 435
     20 436
     22 437
     15 438
     18 439
     20 440
     15 441
     25 442
     22 443
     16 444
     19 445
     19 446
     20 447
     24 448
     15 449
     14 450
     16 451
     22 452
     21 453
     17 454
     31 455
     17 456
     15 457
     15 458
     23 459
     17 460
     23 461
     15 462
     14 463
     17 464
     22 465
     25 466
     13 467
     13 468
     26 469
     33 470
     20 471
     12 472
     24 473
     17 474
     10 475
     15 476
     14 477
     19 478
     16 479
     13 480
     18 481
     15 482
     13 483
     16 484
     15 485
     10 486
     21 487
     11 488
     11 489
     12 490
     24 491
     11 492
      9 493
     10 494
      7 495
      8 496
     10 497
     10 498
     10 499
     14 500
     13 501
     13 502
      7 503
      6 504
      8 505
      9 506
      4 507
     12 508
      3 509
     19 510
      8 511
      6 512
      9 513
      8 514
      8 515
      2 516
      8 517
      8 518
      9 519
     11 520
     11 521
     14 522
      4 523
      5 524
      6 525
      3 526
     12 527
      1 528
      7 529
      6 530
      7 531
      4 532
      8 533
      2 534
      5 535
      8 536
      5 537
      8 538
      1 539
      6 540
      7 541
      7 542
      7 543
      6 544
      2 545
      4 546
      6 547
      4 548
      7 549
      4 550
      4 551
      3 552
      6 553
      4 554
      3 555
      2 556
      3 557
      6 558
      1 559
      3 561
      1 563
      1 564
      1 565
      1 566
      1 567
      3 568
      4 569
      3 570
      1 571
      1 572
      2 573
      1 575
      1 576
      1 577
      1 580
      1 581
      3 582
      3 584
      1 586
      1 588
      1 589
      1 590
      2 592
      3 593
      4 594
      1 596
      1 597
      1 598
      1 599
      1 600
      2 603
      2 604
      2 611
      1 613
      1 615
      2 618
      1 625
      1 629
      1 635
      1 648
      1 655
      1 686
      1 697
      1 765
      1 972
---AAD-PGBENCH-LAG-US---
