pgbench (18.6 (Debian 18.6-1.pgdg13+2))
starting vacuum...end.
transaction type: <builtin: select only>
scaling factor: 1000
query mode: simple
number of clients: 128
number of threads: 16
maximum number of tries: 1
duration: 60 s
number of transactions actually processed: 18025968
number of failed transactions: 0 (0.000%)
latency average = 0.425 ms
initial connection time = 220.096 ms
tps = 301459.394848 (without initial connection time)
---AAD-PGBENCH-LATENCY-US---
rc=0
samples=360065
      1 238
      2 239
      2 241
      1 242
      1 243
      4 244
      2 245
      3 246
      2 247
      3 248
      4 249
      4 250
      4 251
      6 252
     14 253
     11 254
     17 255
     16 256
     16 257
     31 258
     29 259
     24 260
     28 261
     34 262
     40 263
     50 264
     53 265
     51 266
     63 267
     80 268
     80 269
     84 270
     78 271
     90 272
    108 273
    129 274
    145 275
    131 276
    154 277
    161 278
    161 279
    166 280
    162 281
    158 282
    190 283
    165 284
    187 285
    179 286
    187 287
    179 288
    190 289
    162 290
    160 291
    172 292
    182 293
    174 294
    169 295
    197 296
    173 297
    184 298
    166 299
    162 300
    165 301
    137 302
    180 303
    178 304
    173 305
    191 306
    180 307
    204 308
    235 309
    201 310
    239 311
    292 312
    276 313
    294 314
    366 315
    338 316
    355 317
    414 318
    477 319
    479 320
    561 321
    620 322
    748 323
    735 324
    837 325
    911 326
   1041 327
   1150 328
   1254 329
   1289 330
   1511 331
   1631 332
   1759 333
   1998 334
   2134 335
   2312 336
   2490 337
   2614 338
   2799 339
   3014 340
   3179 341
   3298 342
   3449 343
   3637 344
   3887 345
   3696 346
   3795 347
   3690 348
   3544 349
   3485 350
   3260 351
   3107 352
   2999 353
   2822 354
   2631 355
   2527 356
   2405 357
   2259 358
   2079 359
   1896 360
   1789 361
   1634 362
   1486 363
   1476 364
   1379 365
   1296 366
   1185 367
   1088 368
   1079 369
    988 370
    905 371
    897 372
    847 373
    862 374
    830 375
    764 376
    823 377
    805 378
    753 379
    711 380
    746 381
    751 382
    741 383
    721 384
    759 385
    772 386
    780 387
    784 388
    907 389
    939 390
    940 391
   1050 392
   1107 393
   1179 394
   1204 395
   1294 396
   1423 397
   1510 398
   1674 399
   1739 400
   1870 401
   2004 402
   2084 403
   2274 404
   2391 405
   2576 406
   2785 407
   2777 408
   2835 409
   2947 410
   3057 411
   3168 412
   3288 413
   3325 414
   3205 415
   3116 416
   3070 417
   2875 418
   2842 419
   2704 420
   2528 421
   2349 422
   2281 423
   2173 424
   1924 425
   1780 426
   1727 427
   1600 428
   1497 429
   1387 430
   1291 431
   1218 432
   1065 433
   1045 434
   1007 435
    936 436
    818 437
    858 438
    784 439
    734 440
    720 441
    717 442
    670 443
    599 444
    607 445
    622 446
    601 447
    600 448
    574 449
    537 450
    569 451
    588 452
    610 453
    605 454
    608 455
    656 456
    649 457
    731 458
    727 459
    802 460
    822 461
    900 462
    934 463
   1051 464
   1116 465
   1133 466
   1244 467
   1392 468
   1412 469
   1516 470
   1627 471
   1751 472
   1798 473
   1909 474
   2104 475
   2093 476
   2260 477
   2281 478
   2458 479
   2458 480
   2440 481
   2435 482
   2440 483
   2486 484
   2351 485
   2282 486
   2250 487
   2051 488
   2083 489
   1828 490
   1811 491
   1728 492
   1578 493
   1416 494
   1373 495
   1269 496
   1162 497
   1036 498
   1001 499
    926 500
    823 501
    818 502
    704 503
    708 504
    635 505
    596 506
    584 507
    506 508
    496 509
    429 510
    408 511
    421 512
    467 513
    375 514
    386 515
    312 516
    350 517
    319 518
    336 519
    294 520
    315 521
    282 522
    289 523
    304 524
    292 525
    325 526
    318 527
    373 528
    336 529
    333 530
    362 531
    407 532
    396 533
    459 534
    456 535
    440 536
    480 537
    532 538
    534 539
    587 540
    579 541
    616 542
    624 543
    641 544
    731 545
    661 546
    719 547
    703 548
    737 549
    751 550
    754 551
    730 552
    787 553
    726 554
    699 555
    699 556
    678 557
    626 558
    635 559
    554 560
    560 561
    500 562
    484 563
    449 564
    430 565
    416 566
    378 567
    327 568
    317 569
    297 570
    249 571
    237 572
    228 573
    208 574
    206 575
    194 576
    186 577
    189 578
    153 579
    149 580
    141 581
    143 582
    131 583
     96 584
    115 585
    118 586
    107 587
    109 588
    105 589
     96 590
     85 591
     82 592
     96 593
    103 594
     74 595
     90 596
     95 597
    118 598
     89 599
     98 600
    113 601
    110 602
    111 603
    128 604
    134 605
    138 606
    146 607
    159 608
    135 609
    144 610
    164 611
    164 612
    178 613
    180 614
    191 615
    189 616
    202 617
    191 618
    160 619
    186 620
    194 621
    175 622
    181 623
    194 624
    162 625
    167 626
    159 627
    148 628
    129 629
    128 630
    125 631
    130 632
    110 633
    111 634
     95 635
     96 636
     79 637
     62 638
     67 639
     66 640
     61 641
     52 642
     46 643
     54 644
     34 645
     44 646
     40 647
     51 648
     36 649
     25 650
     25 651
     24 652
     25 653
     31 654
     25 655
     29 656
     25 657
     23 658
     24 659
     23 660
     21 661
     23 662
     22 663
     24 664
     17 665
     16 666
     20 667
     22 668
     23 669
     21 670
     21 671
     24 672
     17 673
     26 674
     37 675
     29 676
     30 677
     31 678
     25 679
     31 680
     35 681
     31 682
     39 683
     34 684
     26 685
     41 686
     32 687
     33 688
     45 689
     32 690
     35 691
     33 692
     37 693
     32 694
     35 695
     26 696
     29 697
     29 698
     22 699
     25 700
     22 701
     21 702
     15 703
     14 704
     19 705
     18 706
     15 707
     14 708
     12 709
     14 710
     12 711
      8 712
      7 713
     12 714
      8 715
      3 716
      3 717
      9 718
     12 719
     10 720
      3 721
      4 722
      7 723
      4 724
      6 725
      5 726
      7 727
      7 728
      7 729
      3 730
      5 731
      5 732
      7 733
      4 734
      4 735
      3 736
      6 737
      7 738
      9 739
      6 740
      6 741
      7 742
      8 743
      6 744
      8 745
      5 746
      8 747
      7 748
     11 749
      7 750
      9 751
     13 752
     12 753
      8 754
      8 755
      5 756
     11 757
      8 758
      8 759
     14 760
     13 761
      8 762
     12 763
     10 764
      6 765
     12 766
      2 767
      8 768
     11 769
      9 770
      6 771
      4 772
      8 773
      4 774
      4 775
      1 776
      4 777
      7 778
      3 779
      4 780
      4 781
      1 782
      2 783
      3 784
      1 785
      3 786
      4 787
      2 789
      1 791
      1 792
      3 793
      6 794
      1 795
      3 796
      4 798
      1 799
      3 800
      5 802
      4 803
      2 805
      1 806
      5 807
      2 808
      3 810
      3 811
      3 812
      2 813
      1 814
      3 815
      2 816
      4 817
      5 818
      1 819
      2 820
      3 821
      5 822
      8 823
      4 824
      1 825
      4 826
      4 827
      5 828
      4 829
      2 830
      5 831
      3 832
      3 833
      3 834
      3 835
      3 836
      5 837
      4 838
      2 839
      6 840
      1 841
      2 842
      3 843
      1 844
      3 845
      2 846
      6 847
      2 848
      2 849
      1 850
      1 851
      1 852
      1 853
      2 855
      1 856
      2 857
      2 860
      1 863
      1 865
      1 866
      1 869
      1 870
      2 871
      1 872
      2 874
      1 875
      3 877
      1 879
      1 880
      1 881
      3 883
      1 885
      1 886
      3 887
      2 888
      2 890
      4 891
      2 893
      5 894
      3 895
      1 896
      2 897
      2 899
      2 900
      1 901
      1 902
      2 903
      1 905
      1 906
      3 907
      1 908
      3 909
      2 910
      1 911
      1 916
      1 917
      2 918
      1 920
      1 925
      2 926
      1 927
      1 934
      1 936
      1 937
      1 943
      1 944
      1 954
      2 955
      3 957
      2 958
      3 959
      1 961
      2 962
      2 963
      2 964
      2 966
      2 967
      3 969
      1 970
      1 972
      1 974
      1 979
      1 981
      1 982
      1 983
      1 989
      1 990
      1 993
      1 995
      1 1000
      1 1003
      1 1006
      1 1011
      1 1014
      2 1018
      1 1025
      1 1026
      1 1027
      1 1028
      1 1029
      1 1030
      1 1033
      1 1034
      1 1039
      1 1040
      3 1043
      1 1046
      1 1047
      1 1052
      1 1057
      1 1063
      1 1077
      1 1107
      1 1140
      1 1145
      1 1149
      2 1180
      1 1196
      1 1201
      1 1212
      1 1223
      1 1239
      1 1255
      1 1270
      1 1287
      1 1289
      1 1414
      1 1525
      1 1538
      1 1841
      1 1919
      1 2301
      1 2332
      1 2373
      1 2679
      1 3188
      1 3966
      1 4934
      1 6422
      1 8859
---AAD-PGBENCH-LAG-US---
