pgbench (18.6 (Debian 18.6-1.pgdg13+2))
starting vacuum...end.
transaction type: <builtin: select only>
scaling factor: 1000
query mode: simple
number of clients: 32
number of threads: 16
maximum number of tries: 1
duration: 60 s
number of transactions actually processed: 6141331
number of failed transactions: 0 (0.000%)
latency average = 0.313 ms
initial connection time = 9.811 ms
tps = 102370.896188 (without initial connection time)
---AAD-PGBENCH-LATENCY-US---
rc=0
samples=123185
      1 226
      4 229
      4 230
     10 231
      9 232
     12 233
     25 234
     28 235
     31 236
     42 237
     55 238
     67 239
    101 240
    147 241
    157 242
    192 243
    231 244
    250 245
    308 246
    374 247
    391 248
    507 249
    562 250
    640 251
    688 252
    715 253
    808 254
    884 255
    952 256
   1016 257
   1037 258
   1148 259
   1232 260
   1261 261
   1212 262
   1401 263
   1390 264
   1400 265
   1412 266
   1467 267
   1543 268
   1514 269
   1506 270
   1607 271
   1667 272
   1635 273
   1697 274
   1769 275
   1883 276
   1797 277
   1612 278
   1638 279
   1551 280
   1484 281
   1388 282
   1308 283
   1304 284
   1203 285
   1138 286
   1176 287
   1106 288
   1025 289
    889 290
   1003 291
    934 292
    890 293
    833 294
    818 295
    780 296
    744 297
    810 298
    773 299
    768 300
    720 301
    741 302
    711 303
    714 304
    750 305
    721 306
    724 307
    692 308
    709 309
    775 310
    773 311
    731 312
    708 313
    748 314
    783 315
    788 316
    841 317
    857 318
    859 319
    898 320
    875 321
    933 322
    962 323
    977 324
    996 325
   1097 326
   1090 327
   1198 328
   1207 329
   1196 330
   1138 331
   1021 332
   1044 333
    956 334
    889 335
    874 336
    825 337
    864 338
    827 339
    827 340
    689 341
    711 342
    683 343
    608 344
    594 345
    564 346
    536 347
    480 348
    467 349
    437 350
    394 351
    359 352
    350 353
    331 354
    306 355
    316 356
    328 357
    303 358
    283 359
    245 360
    248 361
    224 362
    226 363
    233 364
    217 365
    189 366
    203 367
    203 368
    185 369
    181 370
    160 371
    170 372
    167 373
    178 374
    182 375
    161 376
    170 377
    145 378
    141 379
    167 380
    144 381
    162 382
    140 383
    155 384
    158 385
    128 386
    150 387
    156 388
    151 389
    161 390
    171 391
    191 392
    159 393
    171 394
    142 395
    166 396
    164 397
    150 398
    161 399
    153 400
    141 401
    140 402
    159 403
    154 404
    103 405
    125 406
    116 407
    130 408
    105 409
    107 410
     89 411
     98 412
     87 413
     78 414
     79 415
     87 416
     79 417
     69 418
     76 419
     78 420
     78 421
     65 422
     79 423
     80 424
     65 425
     74 426
     66 427
     68 428
     65 429
     56 430
     57 431
     62 432
     59 433
     59 434
     62 435
     68 436
     59 437
     52 438
     49 439
     50 440
     56 441
     57 442
     67 443
     56 444
     74 445
     60 446
     45 447
     58 448
     55 449
     46 450
     59 451
     42 452
     47 453
     53 454
     60 455
     57 456
     44 457
     44 458
     45 459
     63 460
     54 461
     47 462
     54 463
     41 464
     61 465
     46 466
     56 467
     42 468
     46 469
     37 470
     39 471
     38 472
     46 473
     48 474
     46 475
     26 476
     46 477
     38 478
     48 479
     40 480
     48 481
     40 482
     52 483
     36 484
     56 485
     36 486
     48 487
     31 488
     28 489
     49 490
     43 491
     29 492
     46 493
     44 494
     37 495
     52 496
     42 497
     43 498
     41 499
     31 500
     35 501
     28 502
     27 503
     33 504
     33 505
     40 506
     32 507
     45 508
     46 509
     40 510
     43 511
     28 512
     38 513
     26 514
     28 515
     30 516
     31 517
     23 518
     25 519
     24 520
     34 521
     26 522
     19 523
     25 524
     21 525
     31 526
     21 527
     22 528
     23 529
     21 530
     19 531
     17 532
     20 533
     21 534
     10 535
     23 536
     23 537
     19 538
     21 539
     16 540
     13 541
     19 542
     20 543
     21 544
     13 545
     24 546
     26 547
     15 548
     16 549
     23 550
     20 551
     27 552
     21 553
     18 554
     21 555
     19 556
     23 557
     17 558
     30 559
     24 560
     17 561
     20 562
     15 563
     18 564
     15 565
     13 566
     18 567
     19 568
      8 569
     13 570
     15 571
     16 572
     15 573
     11 574
     12 575
      9 576
     12 577
     12 578
     10 579
     14 580
     12 581
     18 582
     14 583
     10 584
     17 585
     17 586
     12 587
     20 588
     10 589
     11 590
     20 591
     15 592
     18 593
     20 594
     13 595
     12 596
     10 597
     12 598
      4 599
      6 600
      6 601
      8 602
      3 603
      4 604
      3 605
      1 606
      1 607
      4 608
      4 609
      1 613
      2 614
      2 615
      1 616
      2 617
      1 624
      2 626
      1 633
      2 634
      1 636
      1 639
      2 642
      2 645
      1 646
      1 652
      1 654
      1 655
      1 658
      1 661
      1 667
      1 670
      1 671
      2 674
      1 679
      1 683
      1 689
      1 691
      1 719
      1 921
      1 1191
      1 24229
---AAD-PGBENCH-LAG-US---
