pgbench (18.6 (Debian 18.6-1.pgdg13+2))
starting vacuum...end.
transaction type: <builtin: select only>
scaling factor: 1000
query mode: simple
number of clients: 64
number of threads: 16
maximum number of tries: 1
duration: 60 s
number of transactions actually processed: 11174177
number of failed transactions: 0 (0.000%)
latency average = 0.343 ms
initial connection time = 113.639 ms
tps = 186587.668340 (without initial connection time)
---AAD-PGBENCH-LATENCY-US---
rc=0
samples=222973
      1 231
      1 232
      2 234
      2 235
      4 236
      3 237
      4 238
      6 239
      6 240
      9 241
      7 242
     22 243
     15 244
     14 245
     22 246
     42 247
     41 248
     41 249
     59 250
     60 251
     72 252
     99 253
    110 254
    119 255
    146 256
    179 257
    202 258
    217 259
    257 260
    252 261
    288 262
    365 263
    369 264
    457 265
    492 266
    517 267
    609 268
    620 269
    722 270
    768 271
    900 272
    918 273
    973 274
   1004 275
   1064 276
   1067 277
   1061 278
   1064 279
   1123 280
   1088 281
   1064 282
    998 283
   1031 284
   1017 285
   1017 286
    971 287
    962 288
   1010 289
    923 290
    946 291
    912 292
    857 293
    879 294
    841 295
    817 296
    823 297
    860 298
    838 299
    836 300
    820 301
    863 302
    810 303
    841 304
    821 305
    809 306
    871 307
    846 308
    890 309
    878 310
    887 311
    898 312
    925 313
    989 314
   1018 315
   1011 316
   1077 317
   1068 318
   1161 319
   1230 320
   1246 321
   1357 322
   1309 323
   1453 324
   1485 325
   1610 326
   1613 327
   1760 328
   1889 329
   1966 330
   2173 331
   2263 332
   2503 333
   2697 334
   2861 335
   3133 336
   3396 337
   3657 338
   3743 339
   4068 340
   4229 341
   4680 342
   4862 343
   5175 344
   5758 345
   5583 346
   4917 347
   4617 348
   4113 349
   3625 350
   3413 351
   3141 352
   2969 353
   2672 354
   2625 355
   2355 356
   2256 357
   1937 358
   1918 359
   1812 360
   1672 361
   1547 362
   1401 363
   1398 364
   1275 365
   1274 366
   1155 367
   1069 368
   1033 369
   1004 370
   1014 371
    972 372
    923 373
    851 374
    841 375
    779 376
    753 377
    737 378
    682 379
    697 380
    720 381
    643 382
    649 383
    637 384
    576 385
    603 386
    569 387
    556 388
    536 389
    511 390
    594 391
    549 392
    535 393
    545 394
    558 395
    536 396
    555 397
    566 398
    578 399
    612 400
    531 401
    580 402
    576 403
    553 404
    584 405
    530 406
    580 407
    601 408
    557 409
    555 410
    540 411
    577 412
    519 413
    511 414
    455 415
    477 416
    423 417
    406 418
    372 419
    366 420
    318 421
    290 422
    287 423
    290 424
    254 425
    218 426
    214 427
    189 428
    213 429
    181 430
    150 431
    151 432
    178 433
    133 434
    149 435
    138 436
    114 437
    102 438
    113 439
    125 440
    120 441
    106 442
    103 443
    106 444
     76 445
     79 446
     87 447
     76 448
     83 449
     65 450
     76 451
     51 452
     54 453
     57 454
     61 455
     73 456
     71 457
     32 458
     57 459
     45 460
     58 461
     56 462
     50 463
     46 464
     58 465
     39 466
     49 467
     43 468
     52 469
     36 470
     43 471
     45 472
     43 473
     29 474
     45 475
     42 476
     41 477
     38 478
     25 479
     37 480
     35 481
     27 482
     35 483
     23 484
     41 485
     26 486
     32 487
     19 488
     26 489
     19 490
     35 491
     28 492
     28 493
     19 494
     29 495
     22 496
     16 497
     21 498
     19 499
     16 500
     20 501
     26 502
     12 503
      8 504
     11 505
     13 506
     19 507
     10 508
     13 509
     11 510
     11 511
     11 512
     10 513
     11 514
     12 515
      9 516
     15 517
     11 518
      7 519
     11 520
     13 521
     12 522
     10 523
      9 524
     10 525
      8 526
      8 527
     10 528
     10 529
      9 530
      4 531
      7 532
      7 533
      8 534
     15 535
      6 536
      8 537
     12 538
      8 539
     12 540
      8 541
      4 542
      2 543
      4 544
      8 545
      3 546
      7 547
      9 548
      3 549
      5 550
      5 551
      6 552
      4 553
      6 554
      5 555
     11 556
      7 557
      3 558
      7 559
      3 560
      3 561
      2 562
      3 563
      4 564
      2 565
      3 566
      5 567
      3 568
      2 569
      3 570
      4 571
      3 572
      3 573
      3 574
      1 575
      5 576
      3 577
      1 578
      2 580
      3 581
      2 582
      2 583
      3 584
      1 585
      1 586
      4 589
      1 590
      3 591
      1 592
      4 593
      1 594
      1 596
      1 597
      1 598
      2 600
      1 603
      1 604
      3 606
      1 610
      1 615
      1 616
      1 617
      2 619
      2 626
      1 628
      1 631
      1 634
      1 639
      1 643
      1 648
      1 649
      1 658
      1 669
      1 679
      1 681
      1 775
      1 911
      1 943
      1 1075
      1 1483
---AAD-PGBENCH-LAG-US---
