pgbench (18.6 (Debian 18.6-1.pgdg13+2))
starting vacuum...end.
transaction type: <builtin: select only>
scaling factor: 1000
query mode: simple
number of clients: 32
number of threads: 16
maximum number of tries: 1
duration: 60 s
number of transactions actually processed: 5827489
number of failed transactions: 0 (0.000%)
latency average = 0.329 ms
initial connection time = 9.828 ms
tps = 97139.228890 (without initial connection time)
---AAD-PGBENCH-LATENCY-US---
rc=0
samples=116499
      1 230
      5 233
      3 234
      5 235
      6 236
      7 237
     12 238
     15 239
     17 240
     21 241
     30 242
     32 243
     39 244
     58 245
     56 246
     62 247
     85 248
    102 249
    118 250
    146 251
    191 252
    223 253
    228 254
    263 255
    284 256
    342 257
    360 258
    383 259
    389 260
    507 261
    540 262
    570 263
    625 264
    713 265
    770 266
    770 267
    893 268
    954 269
   1020 270
   1015 271
   1133 272
   1235 273
   1301 274
   1321 275
   1487 276
   1437 277
   1306 278
   1250 279
   1225 280
   1101 281
   1054 282
    931 283
    959 284
    947 285
    841 286
    824 287
    851 288
    759 289
    721 290
    746 291
    729 292
    692 293
    677 294
    668 295
    656 296
    654 297
    645 298
    577 299
    596 300
    607 301
    602 302
    575 303
    613 304
    596 305
    619 306
    654 307
    657 308
    638 309
    652 310
    723 311
    786 312
    734 313
    785 314
    798 315
    841 316
    872 317
    943 318
   1006 319
    988 320
   1054 321
   1100 322
   1214 323
   1260 324
   1330 325
   1420 326
   1510 327
   1547 328
   1677 329
   1808 330
   1712 331
   1560 332
   1535 333
   1502 334
   1422 335
   1388 336
   1428 337
   1345 338
   1383 339
   1237 340
   1189 341
   1201 342
   1197 343
   1151 344
   1238 345
   1106 346
    982 347
    872 348
    812 349
    763 350
    642 351
    675 352
    579 353
    571 354
    558 355
    550 356
    514 357
    479 358
    435 359
    402 360
    409 361
    417 362
    356 363
    317 364
    364 365
    284 366
    327 367
    292 368
    274 369
    275 370
    288 371
    253 372
    226 373
    256 374
    235 375
    241 376
    222 377
    244 378
    211 379
    226 380
    204 381
    192 382
    202 383
    217 384
    196 385
    190 386
    162 387
    186 388
    177 389
    174 390
    210 391
    189 392
    183 393
    148 394
    158 395
    171 396
    186 397
    188 398
    177 399
    192 400
    166 401
    133 402
    148 403
    158 404
    112 405
    137 406
    132 407
    137 408
    127 409
    114 410
    118 411
    104 412
     88 413
    107 414
     78 415
     79 416
     74 417
     80 418
     73 419
     68 420
     67 421
     65 422
     58 423
     64 424
     50 425
     64 426
     54 427
     64 428
     48 429
     51 430
     38 431
     39 432
     53 433
     44 434
     53 435
     41 436
     39 437
     26 438
     52 439
     38 440
     47 441
     48 442
     33 443
     46 444
     38 445
     43 446
     43 447
     47 448
     44 449
     37 450
     32 451
     43 452
     42 453
     40 454
     45 455
     33 456
     42 457
     36 458
     52 459
     36 460
     46 461
     31 462
     35 463
     47 464
     43 465
     50 466
     35 467
     40 468
     27 469
     29 470
     31 471
     42 472
     34 473
     38 474
     35 475
     34 476
     20 477
     32 478
     27 479
     35 480
     33 481
     22 482
     24 483
     39 484
     26 485
     20 486
     20 487
     26 488
     26 489
     25 490
     40 491
     27 492
     32 493
     21 494
     32 495
     13 496
     21 497
     31 498
     24 499
     21 500
     22 501
     24 502
     23 503
     25 504
     28 505
     36 506
     34 507
     31 508
     26 509
     31 510
     28 511
     36 512
     34 513
     23 514
     31 515
     30 516
     28 517
     25 518
     34 519
     43 520
     30 521
     41 522
     43 523
     50 524
     48 525
     35 526
     47 527
     47 528
     48 529
     44 530
     46 531
     24 532
     33 533
     29 534
     30 535
     22 536
     26 537
     27 538
     22 539
     25 540
     17 541
     18 542
     23 543
     20 544
     23 545
     15 546
     21 547
     13 548
     16 549
     13 550
     12 551
     12 552
     14 553
     12 554
     15 555
     10 556
     18 557
      8 558
     11 559
     12 560
     21 561
      6 562
     14 563
     10 564
     14 565
      7 566
     21 567
     24 568
     17 569
     21 570
     26 571
     22 572
     30 573
     20 574
     16 575
     30 576
     44 577
     33 578
     35 579
     36 580
     33 581
     34 582
     42 583
     41 584
     49 585
     47 586
     48 587
     51 588
     50 589
     58 590
     59 591
     57 592
     50 593
     40 594
     34 595
     33 596
     37 597
     34 598
     26 599
     27 600
     27 601
     21 602
     21 603
     18 604
     13 605
     14 606
      7 607
     10 608
      5 609
     14 610
     11 611
      4 612
      7 613
      6 614
      5 615
      7 616
      3 617
      3 618
      3 619
      6 620
      8 621
      4 622
      2 623
      5 624
      1 625
      2 626
      1 628
      2 630
      3 631
      3 632
      1 633
      6 634
      4 635
      3 636
      6 637
      1 638
      3 639
      1 640
      4 641
      4 642
     15 643
      9 644
      5 645
      5 646
      4 647
      9 648
      6 649
      5 650
     16 651
      9 652
     11 653
     14 654
     16 655
     13 656
     18 657
      9 658
     20 659
     18 660
     15 661
     11 662
      9 663
     11 664
      4 665
     12 666
     10 667
      8 668
      3 669
      4 670
      3 671
      3 672
      5 673
      3 674
      2 675
      3 676
      4 677
      1 678
      1 679
      4 680
      3 681
      1 682
      2 683
      2 684
      1 685
      2 686
      2 688
      1 689
      1 690
      1 691
      1 692
      1 693
      1 694
      1 695
      3 696
      1 697
      2 698
      2 699
      3 701
      1 702
      1 706
      1 707
      2 708
      1 709
      1 710
      1 711
      1 714
      1 715
      1 716
      1 717
      1 718
      1 725
      1 729
      1 732
      2 733
      2 734
      1 735
      1 740
      1 741
      1 742
      1 745
      1 747
      1 753
      1 755
      1 772
      1 796
      1 919
---AAD-PGBENCH-LAG-US---
