pgbench (18.6 (Debian 18.6-1.pgdg13+2))
starting vacuum...end.
transaction type: <builtin: select only>
scaling factor: 1000
query mode: simple
number of clients: 8
number of threads: 8
maximum number of tries: 1
duration: 60 s
number of transactions actually processed: 1730962
number of failed transactions: 0 (0.000%)
latency average = 0.277 ms
initial connection time = 4.560 ms
tps = 28851.328076 (without initial connection time)
---AAD-PGBENCH-LATENCY-US---
rc=0
samples=34940
      1 234
      1 235
     12 238
     13 239
     29 240
     43 241
     35 242
     28 243
     43 244
     24 245
     35 246
     37 247
     77 248
     95 249
    205 250
    371 251
    671 252
    738 253
    717 254
    560 255
    468 256
    399 257
    382 258
    400 259
    483 260
    582 261
    597 262
    612 263
    579 264
    732 265
    958 266
   1174 267
   1158 268
   1106 269
    985 270
   1081 271
   1242 272
   1395 273
   1379 274
   1352 275
   1169 276
   1018 277
   1049 278
   1019 279
   1064 280
    883 281
    786 282
    656 283
    565 284
    452 285
    384 286
    281 287
    302 288
    231 289
    178 290
    176 291
    126 292
    133 293
    104 294
     97 295
     89 296
     62 297
     59 298
     62 299
     52 300
     30 301
     43 302
     34 303
     28 304
     23 305
     20 306
     23 307
     26 308
     15 309
     26 310
     20 311
     17 312
     22 313
     23 314
     32 315
     32 316
     48 317
     53 318
     64 319
     59 320
     44 321
     70 322
     70 323
     50 324
     80 325
    112 326
    102 327
    135 328
    217 329
    196 330
    192 331
    158 332
    105 333
     84 334
     89 335
     63 336
     69 337
     55 338
     62 339
     58 340
     35 341
     32 342
     28 343
     21 344
     21 345
     16 346
     13 347
      6 348
      7 349
      3 350
      9 351
      2 352
      9 353
      2 354
      4 355
      2 356
      2 357
      1 358
      2 360
      2 361
      4 362
      2 363
      5 364
      1 365
      1 367
      1 368
      2 370
      4 371
      2 372
      3 374
      5 375
      3 376
      3 377
      4 378
      5 379
      3 381
      2 382
      2 383
      1 384
      2 385
      2 386
      1 387
      3 388
      4 389
      4 390
      1 391
      6 392
      1 393
      3 394
      3 395
      2 396
      4 397
      8 398
      8 399
      8 400
      5 401
      3 402
      2 403
      4 404
      2 405
      4 406
      1 407
      2 408
      1 409
      2 414
      2 415
      1 416
      2 417
      1 421
      1 423
      2 426
      2 427
      1 429
      1 430
      2 431
      1 432
      1 433
      1 434
      2 437
      1 440
      1 441
      1 443
      4 444
      3 445
      1 447
      1 448
      2 449
      2 451
      1 452
      1 453
      2 454
      1 455
      1 456
      4 457
      3 458
      2 460
      1 461
      1 462
      1 463
      1 464
      3 465
      1 466
      2 467
      1 468
      4 469
      6 470
      2 471
      1 472
      1 473
      3 474
      2 479
      1 480
      1 481
      3 482
      1 484
      3 485
      2 486
      1 487
      2 488
      4 491
      1 497
      1 500
      1 501
      2 502
      1 505
      1 506
      1 507
      3 510
      2 511
      2 512
      1 513
      1 514
      1 515
      1 516
      1 518
      1 519
      2 521
      1 522
      3 524
      1 525
      1 526
      1 527
      1 533
      1 534
      1 542
      1 543
      1 546
      1 558
      1 565
      1 621
      1 675
      1 1149
---AAD-PGBENCH-LAG-US---
