pgbench (18.6 (Debian 18.6-1.pgdg13+2))
starting vacuum...end.
transaction type: <builtin: select only>
scaling factor: 1000
query mode: simple
number of clients: 64
number of threads: 16
maximum number of tries: 1
duration: 60 s
number of transactions actually processed: 10850117
number of failed transactions: 0 (0.000%)
latency average = 0.353 ms
initial connection time = 87.122 ms
tps = 181096.258133 (without initial connection time)
---AAD-PGBENCH-LATENCY-US---
rc=0
samples=217573
      1 229
      1 231
      1 233
      1 234
      1 235
      3 236
      8 237
     10 238
     11 239
     13 240
     14 241
     20 242
     22 243
     29 244
     39 245
     49 246
     54 247
     77 248
     73 249
     73 250
     94 251
    119 252
    130 253
    149 254
    170 255
    204 256
    186 257
    235 258
    287 259
    278 260
    362 261
    390 262
    366 263
    445 264
    477 265
    533 266
    567 267
    579 268
    645 269
    657 270
    706 271
    781 272
    815 273
    853 274
    898 275
    893 276
    885 277
    978 278
    899 279
    881 280
    933 281
    926 282
    931 283
    913 284
    867 285
    882 286
    904 287
    860 288
    891 289
    893 290
    868 291
    912 292
    856 293
    879 294
    969 295
    862 296
    897 297
    877 298
    910 299
    944 300
    905 301
    976 302
    905 303
   1008 304
    984 305
   1007 306
   1067 307
   1048 308
   1072 309
   1110 310
   1201 311
   1135 312
   1264 313
   1317 314
   1278 315
   1354 316
   1390 317
   1457 318
   1447 319
   1571 320
   1542 321
   1701 322
   1714 323
   1754 324
   1856 325
   1930 326
   1957 327
   2070 328
   2063 329
   2148 330
   2265 331
   2285 332
   2260 333
   2345 334
   2369 335
   2434 336
   2568 337
   2634 338
   2484 339
   2467 340
   2377 341
   2426 342
   2373 343
   2315 344
   2498 345
   2451 346
   2227 347
   2129 348
   2133 349
   1986 350
   1910 351
   1829 352
   1855 353
   1863 354
   1727 355
   1640 356
   1707 357
   1452 358
   1528 359
   1496 360
   1446 361
   1337 362
   1384 363
   1341 364
   1362 365
   1298 366
   1257 367
   1367 368
   1223 369
   1144 370
   1246 371
   1112 372
   1184 373
   1152 374
   1111 375
   1141 376
   1082 377
   1078 378
   1091 379
   1021 380
   1037 381
   1031 382
   1034 383
    973 384
    970 385
   1003 386
   1004 387
    955 388
    955 389
    917 390
    946 391
    974 392
    980 393
    922 394
    900 395
    918 396
    957 397
    876 398
    905 399
    860 400
    892 401
    857 402
    845 403
    831 404
    772 405
    787 406
    710 407
    730 408
    704 409
    732 410
    650 411
    603 412
    582 413
    574 414
    549 415
    539 416
    499 417
    529 418
    494 419
    448 420
    445 421
    435 422
    418 423
    400 424
    361 425
    398 426
    376 427
    350 428
    344 429
    306 430
    323 431
    316 432
    277 433
    268 434
    267 435
    240 436
    304 437
    260 438
    259 439
    232 440
    225 441
    227 442
    218 443
    222 444
    214 445
    213 446
    217 447
    217 448
    202 449
    196 450
    204 451
    172 452
    203 453
    191 454
    184 455
    181 456
    167 457
    176 458
    205 459
    160 460
    163 461
    174 462
    164 463
    153 464
    162 465
    148 466
    152 467
    151 468
    150 469
    130 470
    156 471
    156 472
    136 473
    120 474
    116 475
    139 476
    111 477
    129 478
    115 479
     97 480
    116 481
    127 482
    109 483
    113 484
    106 485
     96 486
     85 487
     99 488
     98 489
    102 490
     89 491
     87 492
     91 493
     85 494
     96 495
     94 496
     83 497
     98 498
     99 499
     96 500
     96 501
     90 502
     82 503
     86 504
     68 505
     85 506
     79 507
     82 508
     75 509
     84 510
     70 511
     79 512
     79 513
     69 514
     70 515
     74 516
     76 517
     67 518
     67 519
     65 520
     60 521
     58 522
     66 523
     64 524
     52 525
     77 526
     56 527
     66 528
     64 529
     59 530
     55 531
     73 532
     56 533
     61 534
     64 535
     62 536
     70 537
     69 538
     56 539
     65 540
     68 541
     52 542
     60 543
     71 544
     58 545
     54 546
     58 547
     57 548
     54 549
     42 550
     42 551
     48 552
     50 553
     54 554
     37 555
     51 556
     45 557
     40 558
     35 559
     48 560
     47 561
     44 562
     32 563
     44 564
     48 565
     40 566
     36 567
     37 568
     35 569
     35 570
     27 571
     26 572
     47 573
     29 574
     27 575
     36 576
     40 577
     21 578
     21 579
     31 580
     30 581
     25 582
     25 583
     24 584
     27 585
     26 586
     27 587
     25 588
     20 589
     17 590
     32 591
     17 592
     16 593
     20 594
     17 595
     18 596
     18 597
     12 598
     14 599
     11 600
     12 601
     12 602
      6 603
      6 604
      4 605
      7 606
      9 607
      8 608
      8 609
      5 610
      4 611
      9 612
      4 613
      5 614
      5 615
      8 616
      5 617
      3 618
      4 619
      3 620
      4 621
      5 622
      3 623
      4 624
      2 625
      3 626
      2 627
      7 628
      3 629
      2 630
      5 631
      4 632
      1 633
      4 634
      5 635
      2 636
      2 639
      1 640
      1 641
      1 642
      1 643
      2 644
      4 645
      5 647
      3 648
      2 649
      1 650
      2 651
      1 652
      1 653
      2 654
      2 656
      1 659
      1 660
      1 662
      1 663
      2 664
      2 666
      1 668
      2 669
      1 671
      1 678
      1 680
      2 685
      1 693
      1 698
      1 725
      1 733
      1 739
      1 753
      1 765
      1 1068
      1 1242
      1 1251
      1 2739
      1 2956
      1 5910
      1 9832
---AAD-PGBENCH-LAG-US---
