pgbench (18.6 (Debian 18.6-1.pgdg13+2))
starting vacuum...end.
transaction type: <builtin: select only>
scaling factor: 1000
query mode: simple
number of clients: 256
number of threads: 16
maximum number of tries: 1
duration: 60 s
number of transactions actually processed: 16495809
number of failed transactions: 0 (0.000%)
latency average = 0.927 ms
initial connection time = 353.638 ms
tps = 276305.932499 (without initial connection time)
---AAD-PGBENCH-LATENCY-US---
rc=0
samples=329449
      1 253
      2 258
      1 259
      1 261
      1 263
      4 264
      2 265
      2 267
      5 268
      1 269
      5 270
      4 271
      2 272
      5 273
      7 274
      6 275
     11 276
      4 277
      7 278
     10 279
      5 280
      4 281
      7 282
      9 283
     10 284
      6 285
     10 286
      4 287
     10 288
      8 289
      9 290
      6 291
      7 292
      3 293
     13 294
      7 295
     15 296
     13 297
     10 298
      6 299
      7 300
      8 301
      9 302
     10 303
     14 304
     10 305
     13 306
     21 307
     23 308
     21 309
     15 310
     19 311
     16 312
     10 313
     25 314
     25 315
     33 316
     35 317
     27 318
     28 319
     36 320
     28 321
     46 322
     36 323
     50 324
     66 325
     62 326
     57 327
     88 328
     88 329
     93 330
     94 331
    103 332
    115 333
    119 334
    130 335
    144 336
    157 337
    173 338
    156 339
    170 340
    182 341
    202 342
    188 343
    192 344
    198 345
    202 346
    204 347
    200 348
    202 349
    206 350
    225 351
    194 352
    184 353
    157 354
    171 355
    167 356
    147 357
    160 358
    122 359
    140 360
    137 361
    142 362
    134 363
    109 364
     93 365
     98 366
     95 367
     92 368
    104 369
    110 370
     99 371
     89 372
     72 373
     72 374
     84 375
     82 376
     95 377
     97 378
     74 379
     83 380
     85 381
     97 382
    105 383
    118 384
    100 385
    115 386
    119 387
    127 388
    155 389
    132 390
    147 391
    160 392
    189 393
    207 394
    225 395
    228 396
    242 397
    246 398
    283 399
    301 400
    335 401
    337 402
    392 403
    361 404
    443 405
    430 406
    462 407
    484 408
    496 409
    519 410
    537 411
    540 412
    498 413
    532 414
    596 415
    546 416
    519 417
    547 418
    481 419
    524 420
    486 421
    452 422
    451 423
    422 424
    369 425
    360 426
    356 427
    345 428
    322 429
    318 430
    296 431
    271 432
    295 433
    246 434
    200 435
    211 436
    216 437
    224 438
    191 439
    198 440
    197 441
    176 442
    184 443
    154 444
    170 445
    172 446
    198 447
    166 448
    195 449
    196 450
    168 451
    186 452
    182 453
    189 454
    202 455
    182 456
    224 457
    237 458
    258 459
    250 460
    292 461
    327 462
    314 463
    328 464
    350 465
    384 466
    425 467
    432 468
    514 469
    497 470
    557 471
    626 472
    601 473
    632 474
    660 475
    685 476
    721 477
    752 478
    761 479
    851 480
    827 481
    790 482
    809 483
    859 484
    853 485
    866 486
    810 487
    762 488
    785 489
    672 490
    717 491
    665 492
    655 493
    638 494
    589 495
    523 496
    567 497
    498 498
    452 499
    450 500
    422 501
    377 502
    393 503
    308 504
    326 505
    302 506
    313 507
    290 508
    259 509
    283 510
    244 511
    248 512
    221 513
    222 514
    230 515
    215 516
    208 517
    197 518
    210 519
    228 520
    227 521
    223 522
    215 523
    237 524
    238 525
    239 526
    242 527
    243 528
    239 529
    310 530
    280 531
    302 532
    319 533
    340 534
    332 535
    396 536
    396 537
    401 538
    453 539
    474 540
    472 541
    527 542
    564 543
    535 544
    574 545
    597 546
    636 547
    629 548
    658 549
    675 550
    700 551
    704 552
    706 553
    639 554
    719 555
    624 556
    611 557
    624 558
    553 559
    579 560
    560 561
    542 562
    485 563
    463 564
    425 565
    377 566
    397 567
    394 568
    370 569
    313 570
    306 571
    285 572
    288 573
    260 574
    288 575
    254 576
    218 577
    234 578
    200 579
    211 580
    232 581
    211 582
    205 583
    217 584
    185 585
    168 586
    179 587
    207 588
    172 589
    187 590
    176 591
    197 592
    186 593
    194 594
    195 595
    207 596
    229 597
    207 598
    222 599
    248 600
    227 601
    248 602
    294 603
    271 604
    336 605
    316 606
    359 607
    345 608
    383 609
    432 610
    443 611
    416 612
    483 613
    490 614
    497 615
    540 616
    548 617
    545 618
    582 619
    608 620
    657 621
    630 622
    617 623
    543 624
    580 625
    576 626
    534 627
    538 628
    515 629
    536 630
    484 631
    471 632
    412 633
    401 634
    417 635
    374 636
    362 637
    318 638
    330 639
    316 640
    322 641
    296 642
    283 643
    253 644
    257 645
    280 646
    272 647
    240 648
    221 649
    202 650
    222 651
    227 652
    212 653
    205 654
    255 655
    215 656
    240 657
    230 658
    215 659
    242 660
    209 661
    222 662
    207 663
    234 664
    294 665
    251 666
    284 667
    289 668
    280 669
    311 670
    315 671
    345 672
    367 673
    371 674
    439 675
    414 676
    422 677
    519 678
    528 679
    523 680
    553 681
    611 682
    566 683
    639 684
    716 685
    666 686
    717 687
    752 688
    729 689
    782 690
    784 691
    740 692
    761 693
    760 694
    715 695
    696 696
    686 697
    700 698
    673 699
    645 700
    584 701
    547 702
    540 703
    515 704
    511 705
    465 706
    485 707
    449 708
    406 709
    386 710
    384 711
    380 712
    384 713
    348 714
    334 715
    316 716
    325 717
    333 718
    310 719
    290 720
    295 721
    299 722
    265 723
    302 724
    342 725
    282 726
    284 727
    265 728
    322 729
    278 730
    314 731
    312 732
    328 733
    332 734
    325 735
    314 736
    363 737
    393 738
    366 739
    394 740
    387 741
    412 742
    463 743
    454 744
    567 745
    556 746
    597 747
    592 748
    613 749
    618 750
    696 751
    696 752
    721 753
    745 754
    774 755
    774 756
    816 757
    740 758
    838 759
    925 760
    841 761
    832 762
    841 763
    824 764
    720 765
    806 766
    750 767
    716 768
    722 769
    666 770
    676 771
    624 772
    619 773
    577 774
    534 775
    513 776
    490 777
    439 778
    460 779
    412 780
    395 781
    407 782
    363 783
    365 784
    364 785
    378 786
    320 787
    311 788
    287 789
    306 790
    304 791
    307 792
    314 793
    299 794
    261 795
    309 796
    259 797
    295 798
    321 799
    292 800
    279 801
    310 802
    322 803
    327 804
    300 805
    355 806
    316 807
    336 808
    351 809
    377 810
    396 811
    383 812
    456 813
    478 814
    453 815
    470 816
    486 817
    519 818
    540 819
    584 820
    590 821
    611 822
    600 823
    620 824
    622 825
    705 826
    687 827
    710 828
    654 829
    675 830
    723 831
    639 832
    676 833
    638 834
    584 835
    536 836
    532 837
    546 838
    549 839
    486 840
    448 841
    454 842
    437 843
    458 844
    402 845
    377 846
    351 847
    387 848
    336 849
    313 850
    298 851
    334 852
    307 853
    258 854
    248 855
    263 856
    248 857
    234 858
    219 859
    197 860
    235 861
    203 862
    222 863
    218 864
    228 865
    202 866
    223 867
    187 868
    209 869
    213 870
    198 871
    205 872
    202 873
    201 874
    240 875
    206 876
    230 877
    248 878
    225 879
    237 880
    258 881
    242 882
    247 883
    287 884
    303 885
    317 886
    298 887
    311 888
    341 889
    348 890
    351 891
    353 892
    374 893
    375 894
    389 895
    390 896
    408 897
    384 898
    391 899
    383 900
    396 901
    379 902
    355 903
    389 904
    313 905
    340 906
    310 907
    316 908
    282 909
    294 910
    212 911
    239 912
    260 913
    227 914
    237 915
    220 916
    205 917
    209 918
    185 919
    156 920
    159 921
    152 922
    150 923
    145 924
    138 925
    167 926
    146 927
    138 928
    129 929
    140 930
    135 931
    111 932
    123 933
    116 934
    126 935
    114 936
    136 937
    134 938
    109 939
    109 940
    115 941
    123 942
    118 943
    116 944
    120 945
    106 946
    135 947
    133 948
    160 949
    139 950
    103 951
    144 952
    172 953
    144 954
    160 955
    154 956
    170 957
    167 958
    195 959
    198 960
    218 961
    200 962
    200 963
    217 964
    217 965
    231 966
    213 967
    206 968
    225 969
    209 970
    216 971
    206 972
    193 973
    221 974
    178 975
    184 976
    163 977
    168 978
    141 979
    146 980
    156 981
    129 982
    136 983
    120 984
    127 985
    100 986
    109 987
    116 988
    101 989
    115 990
     95 991
     99 992
     98 993
     97 994
     98 995
     98 996
     88 997
     74 998
     91 999
     66 1000
     81 1001
     57 1002
     86 1003
     69 1004
     70 1005
     73 1006
     73 1007
     75 1008
     67 1009
     89 1010
     89 1011
     74 1012
     84 1013
     69 1014
     90 1015
     81 1016
     79 1017
     85 1018
     96 1019
     98 1020
    102 1021
    110 1022
    112 1023
    123 1024
    116 1025
    115 1026
    141 1027
    140 1028
    141 1029
    131 1030
    154 1031
    153 1032
    148 1033
    172 1034
    147 1035
    150 1036
    169 1037
    179 1038
    151 1039
    134 1040
    160 1041
    153 1042
    169 1043
    132 1044
    127 1045
    133 1046
    120 1047
    114 1048
    120 1049
    100 1050
    103 1051
     82 1052
     96 1053
     96 1054
     94 1055
     88 1056
    112 1057
     67 1058
     76 1059
     78 1060
     68 1061
     71 1062
     80 1063
     60 1064
     62 1065
     80 1066
     56 1067
     73 1068
     64 1069
     66 1070
     68 1071
     67 1072
     65 1073
     69 1074
     59 1075
     59 1076
     76 1077
     72 1078
     73 1079
     68 1080
     55 1081
     78 1082
     73 1083
     57 1084
     76 1085
     65 1086
     75 1087
     84 1088
     92 1089
    101 1090
     93 1091
     98 1092
     88 1093
    116 1094
    103 1095
    115 1096
    125 1097
    104 1098
    126 1099
    127 1100
    147 1101
    150 1102
    144 1103
    152 1104
    145 1105
    156 1106
    133 1107
    153 1108
    145 1109
    141 1110
    137 1111
    140 1112
    131 1113
    120 1114
    104 1115
    116 1116
    120 1117
    128 1118
     95 1119
     99 1120
     91 1121
    105 1122
     80 1123
     90 1124
     76 1125
     68 1126
     93 1127
     80 1128
     72 1129
     70 1130
     81 1131
     67 1132
     57 1133
     63 1134
     71 1135
     65 1136
     76 1137
     56 1138
     49 1139
     55 1140
     61 1141
     56 1142
     72 1143
     56 1144
     70 1145
     67 1146
     68 1147
     72 1148
     70 1149
     58 1150
     78 1151
     63 1152
     65 1153
     60 1154
     85 1155
     68 1156
     97 1157
     70 1158
     94 1159
     89 1160
     87 1161
    107 1162
    107 1163
    111 1164
    118 1165
    132 1166
    117 1167
    129 1168
    132 1169
    128 1170
    121 1171
    149 1172
    140 1173
    131 1174
    133 1175
    148 1176
    147 1177
    137 1178
    119 1179
    151 1180
    128 1181
    121 1182
    114 1183
    113 1184
    128 1185
     88 1186
    109 1187
    112 1188
    114 1189
    105 1190
     97 1191
     78 1192
    100 1193
     96 1194
     89 1195
     83 1196
     86 1197
     75 1198
     73 1199
     65 1200
     67 1201
     60 1202
     68 1203
     82 1204
     79 1205
     68 1206
     65 1207
     73 1208
     52 1209
     60 1210
     72 1211
     59 1212
     68 1213
     59 1214
     59 1215
     62 1216
     63 1217
     72 1218
     72 1219
     60 1220
     56 1221
     65 1222
     86 1223
     79 1224
     92 1225
     91 1226
     99 1227
     92 1228
    112 1229
    115 1230
    111 1231
    111 1232
    120 1233
    107 1234
    113 1235
    116 1236
    110 1237
    122 1238
    143 1239
    118 1240
    149 1241
    144 1242
    145 1243
    139 1244
    137 1245
    147 1246
    120 1247
    144 1248
    125 1249
    130 1250
    115 1251
    110 1252
    122 1253
    115 1254
    106 1255
    115 1256
    106 1257
    111 1258
    100 1259
     98 1260
     86 1261
     93 1262
    109 1263
     95 1264
    100 1265
     95 1266
     62 1267
     72 1268
     87 1269
     88 1270
     80 1271
     61 1272
     77 1273
     73 1274
     66 1275
     65 1276
     75 1277
     64 1278
     74 1279
     56 1280
     65 1281
     68 1282
     71 1283
     55 1284
     68 1285
     63 1286
     74 1287
     75 1288
     74 1289
     82 1290
     65 1291
     79 1292
     97 1293
     77 1294
     88 1295
     78 1296
     92 1297
     93 1298
     97 1299
    120 1300
     94 1301
    120 1302
    123 1303
    122 1304
    100 1305
    127 1306
    139 1307
    116 1308
    134 1309
    137 1310
    148 1311
    147 1312
    144 1313
    119 1314
    114 1315
    137 1316
    133 1317
    136 1318
    127 1319
    132 1320
    120 1321
    108 1322
    119 1323
    120 1324
     99 1325
    114 1326
    103 1327
    105 1328
     92 1329
    104 1330
     77 1331
     97 1332
     77 1333
     83 1334
     85 1335
     77 1336
     66 1337
     74 1338
     69 1339
     68 1340
     68 1341
     65 1342
     75 1343
     74 1344
     67 1345
     64 1346
     68 1347
     63 1348
     64 1349
     71 1350
     65 1351
     67 1352
     61 1353
     73 1354
     56 1355
     59 1356
     69 1357
     68 1358
     81 1359
     62 1360
     67 1361
     86 1362
     71 1363
     96 1364
     88 1365
     77 1366
     89 1367
     94 1368
     80 1369
    106 1370
     95 1371
    113 1372
    113 1373
    116 1374
    133 1375
    136 1376
    129 1377
    102 1378
    120 1379
    133 1380
    145 1381
    144 1382
    159 1383
    143 1384
    144 1385
    129 1386
    123 1387
    114 1388
    133 1389
    117 1390
    121 1391
    112 1392
    103 1393
     98 1394
    109 1395
    101 1396
     92 1397
     89 1398
     94 1399
     85 1400
     98 1401
     87 1402
     85 1403
     72 1404
     89 1405
     58 1406
     78 1407
     58 1408
     59 1409
     69 1410
     65 1411
     51 1412
     67 1413
     85 1414
     62 1415
     61 1416
     54 1417
     57 1418
     72 1419
     73 1420
     67 1421
     69 1422
     60 1423
     64 1424
     56 1425
     54 1426
     72 1427
     69 1428
     74 1429
     76 1430
     52 1431
     60 1432
     91 1433
     60 1434
     75 1435
     74 1436
     88 1437
     99 1438
    105 1439
     93 1440
     96 1441
    110 1442
    107 1443
    102 1444
    131 1445
    105 1446
    129 1447
    102 1448
    127 1449
    108 1450
    123 1451
    115 1452
    125 1453
    132 1454
    117 1455
    117 1456
    115 1457
    125 1458
    107 1459
    120 1460
     98 1461
    119 1462
    107 1463
     88 1464
     87 1465
    110 1466
     86 1467
     78 1468
     68 1469
     73 1470
     77 1471
     68 1472
     86 1473
     59 1474
     66 1475
     62 1476
     57 1477
     71 1478
     62 1479
     77 1480
     69 1481
     58 1482
     47 1483
     64 1484
     67 1485
     68 1486
     55 1487
     60 1488
     51 1489
     63 1490
     66 1491
     69 1492
     64 1493
     61 1494
     64 1495
     57 1496
     70 1497
     51 1498
     71 1499
     82 1500
     88 1501
     69 1502
     51 1503
     78 1504
     89 1505
     67 1506
     75 1507
     86 1508
    110 1509
     82 1510
     88 1511
     87 1512
     96 1513
     93 1514
     96 1515
    114 1516
    111 1517
    127 1518
    120 1519
    124 1520
    118 1521
    116 1522
    122 1523
    125 1524
    117 1525
    111 1526
    105 1527
     98 1528
     99 1529
     98 1530
     86 1531
    107 1532
     91 1533
     94 1534
     88 1535
     92 1536
     82 1537
     91 1538
     87 1539
     61 1540
     74 1541
     85 1542
     76 1543
     70 1544
     82 1545
     66 1546
     64 1547
     52 1548
     59 1549
     58 1550
     57 1551
     56 1552
     64 1553
     53 1554
     49 1555
     50 1556
     64 1557
     53 1558
     60 1559
     62 1560
     64 1561
     49 1562
     56 1563
     56 1564
     55 1565
     63 1566
     53 1567
     61 1568
     63 1569
     72 1570
     68 1571
     70 1572
     75 1573
     71 1574
     89 1575
     71 1576
     65 1577
     89 1578
     78 1579
     89 1580
     77 1581
     88 1582
     97 1583
     93 1584
     91 1585
     79 1586
    105 1587
    103 1588
    108 1589
    114 1590
    114 1591
    104 1592
     88 1593
     90 1594
    104 1595
    102 1596
     92 1597
     88 1598
     68 1599
     72 1600
     92 1601
     91 1602
     83 1603
     81 1604
     92 1605
     86 1606
     82 1607
     67 1608
     57 1609
     54 1610
     77 1611
     62 1612
     64 1613
     69 1614
     52 1615
     54 1616
     50 1617
     51 1618
     62 1619
     53 1620
     48 1621
     40 1622
     47 1623
     56 1624
     53 1625
     58 1626
     50 1627
     56 1628
     44 1629
     52 1630
     64 1631
     47 1632
     42 1633
     68 1634
     52 1635
     49 1636
     54 1637
     60 1638
     58 1639
     61 1640
     64 1641
     68 1642
     69 1643
     58 1644
     61 1645
     68 1646
     86 1647
     82 1648
     88 1649
     82 1650
     88 1651
     72 1652
     87 1653
     78 1654
     79 1655
     94 1656
     82 1657
     99 1658
     81 1659
     83 1660
     91 1661
     97 1662
     99 1663
    102 1664
     96 1665
    109 1666
     84 1667
     77 1668
     70 1669
     68 1670
     85 1671
     65 1672
     75 1673
     78 1674
     79 1675
     75 1676
     72 1677
     70 1678
     61 1679
     65 1680
     56 1681
     61 1682
     55 1683
     57 1684
     53 1685
     55 1686
     44 1687
     57 1688
     51 1689
     45 1690
     57 1691
     50 1692
     39 1693
     44 1694
     50 1695
     50 1696
     51 1697
     57 1698
     42 1699
     46 1700
     55 1701
     50 1702
     62 1703
     44 1704
     49 1705
     46 1706
     50 1707
     40 1708
     55 1709
     64 1710
     53 1711
     70 1712
     70 1713
     74 1714
     65 1715
     60 1716
     60 1717
     57 1718
     67 1719
     69 1720
     70 1721
     83 1722
     78 1723
     83 1724
     89 1725
     90 1726
     87 1727
     73 1728
     81 1729
     83 1730
     88 1731
     70 1732
     87 1733
     80 1734
     73 1735
     62 1736
     78 1737
     82 1738
     71 1739
     67 1740
     72 1741
     60 1742
     67 1743
     55 1744
     40 1745
     56 1746
     67 1747
     67 1748
     53 1749
     52 1750
     50 1751
     39 1752
     48 1753
     60 1754
     44 1755
     45 1756
     49 1757
     38 1758
     54 1759
     43 1760
     51 1761
     59 1762
     34 1763
     44 1764
     44 1765
     46 1766
     45 1767
     33 1768
     32 1769
     43 1770
     40 1771
     33 1772
     40 1773
     41 1774
     55 1775
     46 1776
     47 1777
     61 1778
     48 1779
     61 1780
     54 1781
     61 1782
     40 1783
     60 1784
     60 1785
     61 1786
     61 1787
     66 1788
     61 1789
     53 1790
     72 1791
     70 1792
     68 1793
     77 1794
     78 1795
     71 1796
     73 1797
     92 1798
     74 1799
     69 1800
     74 1801
     68 1802
     76 1803
     65 1804
     55 1805
     69 1806
     65 1807
     60 1808
     63 1809
     67 1810
     53 1811
     50 1812
     59 1813
     53 1814
     62 1815
     55 1816
     46 1817
     56 1818
     40 1819
     54 1820
     37 1821
     48 1822
     50 1823
     23 1824
     41 1825
     53 1826
     32 1827
     31 1828
     49 1829
     33 1830
     48 1831
     41 1832
     54 1833
     37 1834
     35 1835
     47 1836
     35 1837
     34 1838
     38 1839
     45 1840
     31 1841
     38 1842
     43 1843
     36 1844
     44 1845
     38 1846
     34 1847
     35 1848
     47 1849
     57 1850
     45 1851
     62 1852
     57 1853
     47 1854
     48 1855
     55 1856
     61 1857
     64 1858
     55 1859
     67 1860
     59 1861
     55 1862
     79 1863
     68 1864
     56 1865
     75 1866
     67 1867
     70 1868
     63 1869
     75 1870
     60 1871
     68 1872
     50 1873
     49 1874
     48 1875
     63 1876
     61 1877
     46 1878
     55 1879
     70 1880
     38 1881
     51 1882
     51 1883
     34 1884
     43 1885
     53 1886
     32 1887
     44 1888
     54 1889
     40 1890
     37 1891
     33 1892
     29 1893
     47 1894
     49 1895
     34 1896
     31 1897
     42 1898
     40 1899
     34 1900
     42 1901
     40 1902
     49 1903
     37 1904
     36 1905
     22 1906
     31 1907
     36 1908
     39 1909
     37 1910
     52 1911
     37 1912
     47 1913
     34 1914
     38 1915
     38 1916
     33 1917
     41 1918
     34 1919
     43 1920
     43 1921
     38 1922
     48 1923
     55 1924
     52 1925
     65 1926
     52 1927
     55 1928
     40 1929
     59 1930
     66 1931
     62 1932
     48 1933
     59 1934
     50 1935
     58 1936
     53 1937
     53 1938
     69 1939
     61 1940
     53 1941
     57 1942
     37 1943
     38 1944
     48 1945
     48 1946
     47 1947
     58 1948
     38 1949
     37 1950
     41 1951
     29 1952
     40 1953
     47 1954
     47 1955
     37 1956
     34 1957
     32 1958
     33 1959
     41 1960
     37 1961
     19 1962
     43 1963
     28 1964
     29 1965
     37 1966
     23 1967
     27 1968
     27 1969
     25 1970
     36 1971
     28 1972
     29 1973
     43 1974
     29 1975
     20 1976
     23 1977
     29 1978
     23 1979
     17 1980
     23 1981
     31 1982
     42 1983
     32 1984
     29 1985
     37 1986
     29 1987
     39 1988
     37 1989
     33 1990
     41 1991
     39 1992
     26 1993
     42 1994
     43 1995
     38 1996
     46 1997
     50 1998
     41 1999
     42 2000
     41 2001
     37 2002
     49 2003
     49 2004
     45 2005
     68 2006
     40 2007
     42 2008
     42 2009
     46 2010
     43 2011
     45 2012
     51 2013
     40 2014
     47 2015
     40 2016
     33 2017
     50 2018
     48 2019
     37 2020
     32 2021
     44 2022
     36 2023
     37 2024
     34 2025
     29 2026
     33 2027
     20 2028
     34 2029
     35 2030
     31 2031
     21 2032
     34 2033
     29 2034
     32 2035
     24 2036
     20 2037
     33 2038
     29 2039
     35 2040
     23 2041
     33 2042
     27 2043
     25 2044
     31 2045
     29 2046
     19 2047
     22 2048
     21 2049
     29 2050
     26 2051
     24 2052
     27 2053
     24 2054
     27 2055
     25 2056
     25 2057
     40 2058
     32 2059
     33 2060
     34 2061
     31 2062
     25 2063
     33 2064
     47 2065
     44 2066
     43 2067
     37 2068
     37 2069
     31 2070
     38 2071
     39 2072
     35 2073
     34 2074
     31 2075
     43 2076
     35 2077
     42 2078
     32 2079
     48 2080
     35 2081
     58 2082
     26 2083
     35 2084
     35 2085
     46 2086
     24 2087
     33 2088
     23 2089
     41 2090
     27 2091
     21 2092
     36 2093
     41 2094
     34 2095
     28 2096
     25 2097
     24 2098
     19 2099
     29 2100
     18 2101
     21 2102
     28 2103
     21 2104
     26 2105
     23 2106
     15 2107
     24 2108
     26 2109
     30 2110
     24 2111
     27 2112
     21 2113
     29 2114
     20 2115
     27 2116
     26 2117
     21 2118
     17 2119
     27 2120
     26 2121
     26 2122
     20 2123
     24 2124
     24 2125
     31 2126
     32 2127
     22 2128
     26 2129
     45 2130
     29 2131
     24 2132
     23 2133
     25 2134
     28 2135
     22 2136
     33 2137
     31 2138
     27 2139
     31 2140
     42 2141
     28 2142
     42 2143
     45 2144
     35 2145
     51 2146
     34 2147
     37 2148
     44 2149
     33 2150
     26 2151
     32 2152
     34 2153
     30 2154
     33 2155
     39 2156
     30 2157
     22 2158
     26 2159
     29 2160
     25 2161
     11 2162
     33 2163
     18 2164
     23 2165
     23 2166
     24 2167
     19 2168
     27 2169
     21 2170
     20 2171
     24 2172
     19 2173
     16 2174
     18 2175
     13 2176
     23 2177
     23 2178
     19 2179
     22 2180
     22 2181
     19 2182
     20 2183
     13 2184
     26 2185
     21 2186
     19 2187
     13 2188
     20 2189
     22 2190
     17 2191
     23 2192
     20 2193
     21 2194
     15 2195
     30 2196
     27 2197
     26 2198
     22 2199
     29 2200
     22 2201
     27 2202
     32 2203
     33 2204
     26 2205
     24 2206
     21 2207
     34 2208
     19 2209
     38 2210
     20 2211
     18 2212
     30 2213
     33 2214
     32 2215
     27 2216
     28 2217
     29 2218
     31 2219
     25 2220
     18 2221
     30 2222
     22 2223
     23 2224
     28 2225
     24 2226
     24 2227
     15 2228
     23 2229
     11 2230
     24 2231
     16 2232
     17 2233
     17 2234
     17 2235
     26 2236
     16 2237
     21 2238
     14 2239
     14 2240
     21 2241
     21 2242
     16 2243
     24 2244
     12 2245
     16 2246
     20 2247
     15 2248
     17 2249
     10 2250
     20 2251
     18 2252
     15 2253
     12 2254
     16 2255
     22 2256
     18 2257
     23 2258
     16 2259
     13 2260
     21 2261
     14 2262
     21 2263
     18 2264
     17 2265
     15 2266
     23 2267
     25 2268
     26 2269
     29 2270
     17 2271
     28 2272
     27 2273
     20 2274
     28 2275
     25 2276
     28 2277
     27 2278
     37 2279
     26 2280
     24 2281
     29 2282
     23 2283
     24 2284
     29 2285
     18 2286
     27 2287
     27 2288
     29 2289
     21 2290
     25 2291
     23 2292
     17 2293
     28 2294
     12 2295
     15 2296
     19 2297
     17 2298
     15 2299
     23 2300
     19 2301
     18 2302
     16 2303
     21 2304
     16 2305
     18 2306
     21 2307
     23 2308
     22 2309
     16 2310
     15 2311
     13 2312
      9 2313
     13 2314
     12 2315
     14 2316
     18 2317
     22 2318
     17 2319
     16 2320
     17 2321
     20 2322
     18 2323
     16 2324
     15 2325
     13 2326
     10 2327
     17 2328
     15 2329
     17 2330
      7 2331
     14 2332
     21 2333
     12 2334
     19 2335
     17 2336
     27 2337
     23 2338
     15 2339
      9 2340
     14 2341
     29 2342
     18 2343
     25 2344
     23 2345
     22 2346
     25 2347
     15 2348
     24 2349
     25 2350
     19 2351
     17 2352
     14 2353
     12 2354
     22 2355
     22 2356
     19 2357
     16 2358
     20 2359
     24 2360
     21 2361
     19 2362
     24 2363
     18 2364
     18 2365
     13 2366
     19 2367
     11 2368
     19 2369
     11 2370
     15 2371
     10 2372
     16 2373
     18 2374
     11 2375
     22 2376
     10 2377
     13 2378
     17 2379
     13 2380
     16 2381
     10 2382
     10 2383
     12 2384
     11 2385
     11 2386
     11 2387
     13 2388
     11 2389
     11 2390
     12 2391
     11 2392
     14 2393
     14 2394
      9 2395
     12 2396
     12 2397
     14 2398
     12 2399
      9 2400
     10 2401
     17 2402
     12 2403
     16 2404
     15 2405
     14 2406
     18 2407
     25 2408
     18 2409
     18 2410
     19 2411
     23 2412
     22 2413
     13 2414
     23 2415
     18 2416
     11 2417
     17 2418
     15 2419
     18 2420
     15 2421
     11 2422
     16 2423
     12 2424
     21 2425
     18 2426
     11 2427
     25 2428
     13 2429
     17 2430
     16 2431
     21 2432
     13 2433
      7 2434
     17 2435
     17 2436
     10 2437
     11 2438
     12 2439
      8 2440
     15 2441
     16 2442
      7 2443
     15 2444
      9 2445
      8 2446
     10 2447
     12 2448
      6 2449
      9 2450
     16 2451
     14 2452
     16 2453
     13 2454
      6 2455
     13 2456
      5 2457
     13 2458
      5 2459
     12 2460
      5 2461
      3 2462
     13 2463
      8 2464
     12 2465
      6 2466
     11 2467
      5 2468
      9 2469
     13 2470
     16 2471
      9 2472
      8 2473
     11 2474
     15 2475
     13 2476
     16 2477
     10 2478
     18 2479
     13 2480
      7 2481
     11 2482
     15 2483
     13 2484
     13 2485
     16 2486
      7 2487
     21 2488
     15 2489
     16 2490
     11 2491
     16 2492
     12 2493
     18 2494
     19 2495
     22 2496
     16 2497
      9 2498
     12 2499
      9 2500
     14 2501
      7 2502
     15 2503
     14 2504
      6 2505
      7 2506
     10 2507
     10 2508
     11 2509
      6 2510
     15 2511
      6 2512
     12 2513
     10 2514
     12 2515
     10 2516
      9 2517
      8 2518
     10 2519
      8 2520
      8 2521
      6 2522
      9 2523
      9 2524
      9 2525
      6 2526
     14 2527
      7 2528
     10 2529
      6 2530
     11 2531
     11 2532
     10 2533
     10 2534
      8 2535
      9 2536
      9 2537
      8 2538
      6 2539
     11 2540
      8 2541
     11 2542
      7 2543
     10 2544
      7 2545
     14 2546
      8 2547
      9 2548
     14 2549
     17 2550
     17 2551
     15 2552
     17 2553
     17 2554
     10 2555
     14 2556
     12 2557
     15 2558
      5 2559
     10 2560
     18 2561
      9 2562
     19 2563
     12 2564
     10 2565
     10 2566
     14 2567
      8 2568
     10 2569
     11 2570
     16 2571
     11 2572
     13 2573
      8 2574
     17 2575
      4 2576
      8 2577
      4 2578
      8 2579
     11 2580
     10 2581
      4 2582
     11 2583
      8 2584
      7 2585
      7 2586
      6 2587
      9 2588
      5 2589
     10 2590
     10 2591
      8 2592
      9 2593
      9 2594
      2 2595
     11 2596
      7 2597
      6 2598
      9 2599
      5 2600
     10 2601
      5 2602
      7 2603
      5 2604
      5 2605
     11 2606
      3 2607
      8 2608
     12 2609
      5 2610
      3 2611
     14 2612
     10 2613
      5 2614
      7 2615
      7 2616
     11 2617
     14 2618
      8 2619
      9 2620
     14 2621
     11 2622
      8 2623
      9 2624
     12 2625
      9 2626
      6 2627
     12 2628
      9 2629
     10 2630
      6 2631
     10 2632
      8 2633
     12 2634
      8 2635
      7 2636
      8 2637
     12 2638
      7 2639
      6 2640
      7 2641
      6 2642
     11 2643
     11 2644
      6 2645
     13 2646
      6 2647
      9 2648
      3 2649
      3 2650
      6 2651
      8 2652
     10 2653
      9 2654
      9 2655
      7 2656
      1 2657
      5 2658
      5 2659
      9 2660
      6 2661
      7 2662
      5 2663
      8 2664
      7 2665
      3 2666
      9 2667
      5 2668
      4 2669
      9 2670
      7 2671
      8 2672
      3 2673
     10 2674
      4 2675
      6 2676
      9 2677
     10 2678
      4 2679
      5 2680
     10 2681
      9 2682
      9 2683
      7 2684
     10 2685
      7 2686
      5 2687
      7 2688
     10 2689
      9 2690
     11 2691
      4 2692
      6 2693
      4 2694
      8 2695
     11 2696
      6 2697
      8 2698
     11 2699
      8 2700
      6 2701
      8 2702
     12 2703
     10 2704
     11 2705
      7 2706
      7 2707
      4 2708
      9 2709
      5 2710
      5 2711
      4 2712
      7 2713
      7 2714
     12 2715
      6 2716
      6 2717
      5 2718
      5 2719
      3 2720
      6 2721
      5 2722
      4 2723
      5 2724
      7 2725
      8 2726
      4 2727
      4 2728
      3 2729
      2 2730
      6 2731
      1 2732
      6 2733
      1 2734
      7 2735
      4 2736
      6 2737
      8 2738
      4 2739
      7 2740
      5 2741
      8 2742
      3 2743
     10 2744
      4 2745
      3 2746
      7 2747
      7 2748
      3 2749
      8 2750
      8 2751
      1 2752
      4 2753
      2 2754
      8 2755
      9 2756
      8 2757
      5 2758
      7 2759
     10 2760
     11 2761
      4 2762
     11 2763
      8 2764
     11 2765
      8 2766
      7 2767
      7 2768
      5 2769
      7 2770
      7 2771
      7 2772
      6 2773
      8 2774
      9 2775
      5 2776
      6 2777
      5 2778
      5 2779
     10 2780
      7 2781
      6 2782
      2 2783
      8 2784
      3 2785
      3 2786
      6 2787
      2 2788
      5 2789
      2 2790
      4 2791
      3 2792
      5 2793
      4 2794
      7 2795
      1 2796
      3 2797
      1 2798
      5 2799
      4 2800
      3 2801
      4 2802
      3 2803
      6 2804
      2 2805
      4 2806
      3 2807
      4 2808
      7 2809
      4 2810
      1 2811
      3 2812
      4 2813
      6 2814
      1 2815
      2 2816
      9 2817
      5 2818
      7 2819
      3 2820
      6 2821
      2 2822
      7 2823
      4 2824
      2 2825
      6 2826
      6 2827
      8 2828
     10 2829
      9 2830
      4 2831
      8 2832
      7 2833
      4 2834
      6 2835
      3 2836
      5 2837
      3 2838
      5 2839
      4 2840
      6 2841
      9 2842
      6 2843
      3 2844
      4 2845
      4 2846
      8 2847
      9 2848
      5 2849
      4 2850
      4 2851
      6 2852
      5 2853
      2 2854
      7 2855
      9 2856
      6 2857
      6 2858
      2 2859
      3 2860
      4 2861
      3 2862
      3 2863
      3 2864
      1 2865
      3 2866
      2 2868
      4 2869
      1 2870
      1 2871
      2 2872
      3 2873
      2 2874
      6 2875
      5 2876
      1 2877
      4 2878
      2 2879
      2 2880
      5 2881
      3 2882
      4 2883
      4 2884
      2 2885
      1 2886
      4 2887
      2 2888
      7 2889
      3 2890
      3 2891
      2 2892
      5 2893
      4 2894
      3 2895
      3 2896
      4 2897
      5 2898
      6 2899
      5 2900
      4 2901
      3 2902
      6 2903
      2 2904
      7 2905
      7 2906
      4 2907
      2 2908
      6 2909
      4 2910
      6 2911
      4 2912
      5 2913
      7 2914
      2 2915
      7 2916
      2 2917
      5 2918
      5 2919
      4 2920
      2 2921
      6 2922
      2 2923
      2 2924
      4 2925
      1 2926
      1 2927
      2 2928
      3 2929
      3 2930
      5 2931
      3 2932
      5 2933
      8 2934
      5 2935
      3 2936
      3 2937
      1 2938
      2 2939
      4 2940
      1 2942
      4 2943
      6 2944
      3 2945
      4 2946
      3 2947
      4 2948
      4 2949
      3 2951
      1 2952
      3 2953
      2 2954
      1 2955
      5 2956
      9 2957
      1 2958
      2 2959
      4 2960
      4 2961
      4 2962
      8 2963
      2 2965
      6 2966
      5 2967
      1 2968
      4 2969
      3 2970
      2 2971
      5 2972
      5 2973
      6 2974
      2 2975
      5 2976
      4 2977
      5 2978
      5 2979
      3 2980
      1 2981
      4 2982
      5 2983
      5 2984
      4 2985
      3 2986
      7 2987
      2 2989
      4 2990
      5 2991
      2 2992
      1 2993
      4 2994
      3 2995
      3 2996
      2 2997
      2 2998
      4 2999
      2 3000
      3 3001
      1 3002
      3 3003
      1 3004
      2 3005
      3 3006
      4 3007
      2 3008
      3 3009
      3 3010
      3 3011
      1 3012
      6 3013
      2 3014
      1 3015
      1 3017
      2 3018
      2 3019
      1 3020
      1 3021
      1 3022
      5 3023
      2 3025
      3 3026
      5 3027
      3 3028
      4 3029
      4 3030
      2 3031
      1 3032
      6 3033
      2 3034
      3 3036
      2 3037
      2 3038
      3 3039
      6 3040
      4 3041
      1 3042
      1 3043
      3 3044
      3 3045
      5 3046
      1 3047
      1 3048
      3 3049
      2 3050
      5 3051
      4 3052
      2 3054
      3 3055
      1 3056
      3 3057
      2 3058
      1 3059
      2 3060
      4 3061
      1 3062
      1 3063
      1 3064
      1 3065
      1 3067
      3 3068
      1 3069
      2 3070
      4 3071
      1 3072
      2 3073
      4 3074
      1 3075
      5 3076
      3 3077
      3 3078
      2 3079
      1 3080
      3 3081
      2 3082
      3 3083
      3 3084
      1 3086
      2 3087
      1 3088
      1 3089
      1 3090
      3 3091
      1 3092
      2 3093
      3 3094
      4 3095
      3 3096
      2 3097
      2 3098
      4 3099
      1 3100
      2 3101
      1 3102
      2 3103
      2 3104
      3 3105
      3 3106
      3 3107
      3 3110
      4 3111
      2 3112
      5 3113
      3 3114
      3 3115
      5 3118
      3 3119
      3 3120
      3 3121
      2 3122
      3 3124
      3 3125
      2 3126
      3 3127
      1 3128
      3 3130
      2 3131
      3 3134
      3 3135
      4 3136
      1 3137
      1 3139
      3 3140
      1 3141
      2 3142
      3 3143
      2 3144
      1 3145
      1 3146
      2 3147
      1 3148
      1 3149
      1 3151
      2 3152
      3 3153
      2 3154
      1 3156
      3 3157
      1 3158
      2 3159
      1 3161
      3 3162
      2 3163
      4 3164
      1 3165
      2 3166
      2 3168
      2 3169
      2 3170
      1 3171
      1 3172
      1 3173
      2 3174
      1 3176
      1 3177
      2 3178
      1 3179
      1 3180
      2 3181
      2 3182
      1 3183
      2 3184
      4 3185
      2 3188
      1 3189
      5 3190
      4 3191
      1 3192
      2 3193
      1 3194
      2 3198
      1 3199
      3 3200
      3 3201
      1 3202
      1 3203
      2 3204
      1 3205
      2 3206
      1 3207
      1 3208
      1 3209
      1 3210
      2 3211
      2 3214
      1 3216
      1 3217
      1 3218
      4 3219
      1 3220
      1 3221
      3 3223
      3 3224
      3 3227
      3 3228
      1 3229
      1 3230
      1 3231
      1 3232
      4 3233
      1 3234
      2 3235
      1 3236
      1 3237
      4 3238
      4 3240
      1 3241
      1 3243
      2 3244
      2 3245
      2 3246
      2 3247
      6 3248
      3 3249
      2 3250
      1 3251
      1 3252
      1 3253
      1 3254
      1 3255
      1 3256
      1 3258
      2 3259
      1 3260
      1 3261
      2 3262
      4 3263
      1 3264
      1 3265
      3 3266
      1 3267
      3 3269
      2 3270
      2 3271
      1 3273
      3 3274
      1 3275
      2 3277
      2 3278
      4 3279
      1 3280
      1 3285
      1 3286
      1 3287
      2 3288
      1 3289
      6 3290
      1 3292
      4 3297
      2 3301
      1 3302
      2 3303
      4 3306
      1 3307
      1 3308
      4 3309
      1 3312
      1 3313
      1 3314
      3 3315
      1 3316
      4 3317
      3 3318
      2 3319
      1 3321
      2 3323
      2 3324
      1 3325
      1 3328
      5 3329
      4 3331
      1 3332
      1 3333
      2 3334
      1 3336
      4 3337
      1 3338
      1 3339
      2 3340
      3 3342
      2 3343
      1 3344
      3 3346
      2 3347
      1 3350
      1 3352
      1 3353
      1 3357
      1 3358
      1 3362
      2 3363
      1 3367
      1 3369
      4 3370
      2 3372
      1 3373
      3 3374
      1 3375
      4 3378
      2 3380
      1 3381
      1 3383
      1 3384
      2 3387
      3 3389
      2 3390
      3 3391
      1 3392
      4 3395
      3 3398
      1 3400
      1 3401
      1 3402
      1 3403
      1 3405
      1 3406
      2 3408
      2 3410
      2 3414
      1 3415
      1 3416
      1 3417
      2 3419
      2 3421
      1 3422
      1 3424
      1 3425
      1 3428
      1 3434
      1 3435
      2 3439
      1 3440
      2 3441
      2 3442
      2 3443
      2 3444
      1 3446
      3 3447
      1 3448
      5 3449
      1 3450
      1 3451
      1 3453
      3 3455
      1 3456
      3 3457
      2 3459
      3 3460
      2 3461
      1 3462
      1 3466
      2 3468
      1 3469
      3 3470
      3 3471
      1 3472
      1 3474
      3 3475
      1 3476
      1 3477
      1 3478
      2 3479
      2 3481
      1 3484
      2 3485
      1 3486
      1 3488
      1 3489
      1 3490
      1 3491
      1 3494
      1 3495
      1 3498
      1 3500
      1 3501
      2 3503
      1 3504
      1 3506
      1 3507
      1 3510
      3 3512
      1 3513
      1 3514
      3 3516
      2 3517
      1 3519
      1 3520
      1 3522
      1 3525
      1 3526
      3 3527
      1 3529
      1 3530
      2 3531
      1 3532
      1 3533
      1 3534
      1 3535
      2 3536
      3 3537
      2 3538
      1 3539
      1 3540
      1 3541
      3 3542
      1 3545
      1 3546
      1 3547
      1 3548
      1 3549
      1 3551
      1 3553
      1 3555
      1 3556
      3 3559
      1 3562
      1 3563
      1 3564
      1 3565
      4 3567
      3 3568
      2 3569
      2 3570
      4 3573
      2 3577
      3 3579
      4 3580
      1 3581
      1 3583
      1 3584
      1 3586
      1 3587
      1 3590
      2 3594
      3 3595
      1 3596
      1 3597
      1 3598
      4 3599
      1 3600
      4 3601
      1 3603
      1 3604
      1 3605
      1 3606
      1 3607
      1 3609
      2 3612
      3 3614
      1 3618
      1 3619
      1 3620
      1 3621
      1 3623
      1 3625
      1 3631
      3 3635
      2 3636
      1 3639
      1 3640
      2 3643
      2 3646
      3 3647
      1 3648
      1 3649
      1 3650
      1 3651
      2 3654
      1 3655
      1 3656
      2 3658
      1 3659
      1 3660
      2 3663
      1 3664
      1 3665
      1 3666
      1 3667
      3 3668
      1 3670
      1 3671
      1 3674
      1 3675
      2 3679
      1 3680
      1 3682
      2 3687
      2 3688
      1 3695
      3 3696
      1 3698
      1 3699
      2 3701
      1 3702
      1 3703
      1 3704
      2 3706
      1 3708
      3 3710
      1 3714
      1 3717
      2 3718
      1 3720
      1 3724
      1 3727
      1 3728
      1 3729
      1 3730
      2 3732
      1 3733
      1 3738
      1 3745
      1 3746
      1 3749
      1 3751
      1 3752
      1 3753
      1 3754
      1 3755
      1 3757
      2 3759
      2 3761
      1 3763
      1 3766
      1 3767
      2 3768
      1 3769
      1 3777
      2 3778
      2 3779
      1 3780
      1 3781
      1 3782
      1 3784
      2 3785
      1 3787
      2 3791
      1 3794
      2 3795
      1 3796
      1 3797
      3 3798
      1 3799
      3 3800
      1 3802
      3 3804
      1 3805
      1 3806
      1 3811
      1 3814
      1 3816
      1 3817
      2 3818
      2 3819
      1 3822
      1 3827
      3 3828
      1 3829
      1 3835
      1 3836
      2 3837
      1 3838
      1 3839
      1 3840
      1 3841
      1 3842
      2 3848
      2 3850
      1 3854
      1 3855
      1 3857
      1 3858
      2 3859
      3 3860
      2 3861
      1 3863
      1 3865
      1 3866
      1 3867
      2 3868
      2 3870
      2 3875
      1 3876
      1 3879
      1 3881
      2 3882
      1 3884
      3 3885
      1 3886
      1 3889
      1 3891
      1 3898
      1 3900
      1 3901
      1 3906
      2 3907
      2 3909
      1 3911
      2 3913
      1 3916
      1 3918
      2 3920
      1 3922
      2 3923
      2 3924
      1 3928
      1 3930
      1 3931
      1 3934
      1 3939
      1 3940
      3 3942
      1 3946
      1 3948
      1 3949
      1 3950
      1 3951
      1 3954
      2 3955
      1 3959
      1 3965
      1 3971
      3 3972
      1 3974
      1 3975
      2 3976
      1 3979
      1 3980
      1 3985
      1 3988
      1 3993
      2 3996
      1 3997
      1 3999
      1 4003
      1 4005
      1 4007
      2 4009
      4 4011
      1 4012
      1 4016
      3 4017
      1 4019
      1 4022
      2 4024
      1 4027
      1 4031
      1 4033
      1 4034
      1 4036
      1 4038
      1 4040
      2 4041
      1 4045
      1 4048
      1 4050
      1 4053
      1 4058
      1 4060
      1 4064
      1 4065
      2 4067
      1 4070
      1 4071
      1 4085
      1 4086
      1 4087
      1 4089
      1 4091
      1 4094
      1 4099
      3 4101
      1 4103
      1 4104
      1 4105
      1 4110
      1 4113
      2 4114
      1 4118
      1 4121
      2 4122
      1 4127
      1 4129
      1 4132
      1 4134
      1 4135
      1 4137
      1 4139
      1 4143
      1 4144
      1 4145
      1 4148
      2 4150
      1 4151
      1 4153
      1 4155
      1 4159
      1 4161
      1 4164
      2 4166
      1 4167
      1 4168
      1 4169
      1 4170
      1 4182
      1 4183
      2 4185
      1 4188
      1 4194
      1 4196
      2 4207
      1 4214
      1 4219
      1 4221
      1 4232
      1 4234
      1 4237
      1 4238
      1 4239
      1 4244
      1 4249
      1 4257
      1 4258
      1 4259
      1 4261
      1 4265
      1 4268
      1 4269
      1 4271
      1 4275
      1 4281
      1 4284
      1 4290
      1 4294
      1 4300
      1 4301
      1 4308
      1 4314
      1 4317
      1 4323
      1 4332
      1 4335
      1 4337
      1 4344
      3 4346
      1 4351
      1 4353
      1 4354
      2 4358
      1 4371
      1 4378
      1 4385
      1 4387
      2 4388
      1 4390
      1 4392
      3 4394
      1 4400
      1 4405
      1 4413
      1 4415
      1 4416
      1 4417
      1 4420
      2 4421
      1 4423
      1 4424
      2 4425
      1 4426
      1 4430
      1 4437
      1 4449
      2 4457
      1 4460
      1 4473
      1 4489
      1 4492
      1 4497
      1 4501
      1 4503
      1 4506
      1 4514
      1 4517
      1 4519
      1 4526
      1 4527
      1 4532
      1 4538
      1 4540
      2 4545
      1 4548
      1 4550
      1 4555
      2 4558
      1 4561
      1 4563
      1 4567
      1 4568
      1 4570
      1 4572
      1 4580
      1 4583
      1 4586
      1 4587
      2 4593
      1 4597
      1 4604
      1 4606
      1 4613
      1 4614
      1 4620
      1 4627
      1 4630
      1 4633
      1 4634
      1 4635
      1 4637
      1 4638
      1 4639
      1 4657
      1 4674
      1 4680
      1 4683
      1 4687
      1 4688
      1 4696
      2 4700
      1 4720
      1 4725
      2 4727
      1 4737
      1 4740
      1 4747
      1 4750
      1 4758
      1 4763
      1 4770
      1 4774
      1 4811
      1 4821
      1 4825
      1 4830
      1 4873
      1 4906
      1 4909
      1 4911
      1 4917
      1 4922
      1 4923
      1 4929
      1 4931
      1 4941
      1 4943
      1 4944
      1 4960
      1 4961
      1 4967
      1 4969
      1 4978
      1 4983
      1 5011
      1 5017
      1 5018
      2 5025
      1 5027
      1 5037
      1 5038
      1 5041
      1 5053
      1 5073
      1 5082
      1 5095
      1 5131
      1 5157
      1 5160
      1 5161
      1 5166
      1 5180
      1 5186
      1 5215
      1 5220
      1 5230
      1 5246
      1 5253
      1 5254
      1 5267
      1 5268
      1 5285
      1 5289
      1 5313
      1 5314
      1 5324
      1 5329
      1 5348
      1 5366
      1 5370
      1 5374
      1 5392
      1 5405
      1 5421
      2 5423
      1 5432
      1 5453
      1 5470
      1 5478
      1 5479
      1 5488
      1 5507
      1 5522
      1 5541
      1 5546
      1 5556
      1 5590
      1 5592
      1 5603
      1 5628
      1 5643
      1 5656
      1 5669
      1 5749
      1 5752
      1 5807
      1 5822
      1 5845
      1 5892
      1 5919
      1 5937
      1 5942
      1 5947
      1 5980
      1 6004
      1 6079
      1 6120
      1 6129
      1 6141
      1 6209
      1 6232
      1 6234
      1 6267
      2 6291
      1 6380
      1 6411
      1 6554
      1 6594
      1 6606
      1 6616
      1 6620
      1 6622
      1 6647
      1 6685
      1 6687
      1 6717
      1 6720
      1 6757
      1 6774
      1 6860
      1 6939
      1 7066
      1 7083
      1 7128
      1 7183
      1 7197
      1 7255
      1 7352
      1 7426
      1 7590
      1 7631
      1 7856
      1 7882
      1 7929
      1 8636
      1 8915
      1 9575
      1 10790
---AAD-PGBENCH-LAG-US---
