pgbench (18.6 (Debian 18.6-1.pgdg13+2))
starting vacuum...end.
transaction type: <builtin: select only>
scaling factor: 1000
query mode: simple
number of clients: 32
number of threads: 16
maximum number of tries: 1
duration: 60 s
number of transactions actually processed: 5904777
number of failed transactions: 0 (0.000%)
latency average = 0.325 ms
initial connection time = 9.235 ms
tps = 98426.952874 (without initial connection time)
---AAD-PGBENCH-LATENCY-US---
rc=0
samples=117991
      2 230
      6 231
      4 232
      7 233
      8 234
     16 235
     13 236
     12 237
     22 238
     30 239
     40 240
     53 241
     71 242
     81 243
     88 244
    118 245
    121 246
    152 247
    154 248
    168 249
    222 250
    252 251
    255 252
    325 253
    311 254
    310 255
    385 256
    406 257
    416 258
    485 259
    537 260
    542 261
    608 262
    634 263
    686 264
    765 265
    837 266
    815 267
    910 268
    996 269
    971 270
   1115 271
   1125 272
   1197 273
   1319 274
   1371 275
   1558 276
   1478 277
   1377 278
   1403 279
   1302 280
   1258 281
   1106 282
   1098 283
   1098 284
   1065 285
   1010 286
    947 287
    936 288
    893 289
    818 290
    810 291
    820 292
    758 293
    750 294
    699 295
    715 296
    677 297
    647 298
    639 299
    654 300
    589 301
    618 302
    572 303
    596 304
    576 305
    606 306
    622 307
    644 308
    666 309
    654 310
    722 311
    713 312
    696 313
    789 314
    790 315
    764 316
    813 317
    865 318
    950 319
    946 320
   1030 321
   1113 322
   1172 323
   1144 324
   1237 325
   1326 326
   1426 327
   1455 328
   1651 329
   1809 330
   1607 331
   1468 332
   1496 333
   1510 334
   1417 335
   1412 336
   1416 337
   1370 338
   1288 339
   1233 340
   1222 341
   1165 342
   1098 343
   1078 344
   1127 345
   1150 346
    903 347
    888 348
    782 349
    742 350
    661 351
    622 352
    609 353
    563 354
    548 355
    481 356
    473 357
    436 358
    412 359
    403 360
    422 361
    372 362
    332 363
    339 364
    330 365
    283 366
    268 367
    273 368
    269 369
    263 370
    245 371
    275 372
    276 373
    227 374
    239 375
    247 376
    218 377
    273 378
    198 379
    207 380
    225 381
    211 382
    201 383
    200 384
    191 385
    187 386
    199 387
    239 388
    177 389
    193 390
    178 391
    182 392
    174 393
    174 394
    198 395
    183 396
    170 397
    171 398
    169 399
    159 400
    155 401
    150 402
    178 403
    146 404
    129 405
    157 406
    128 407
    118 408
    111 409
    108 410
    116 411
     96 412
     98 413
    100 414
     99 415
     95 416
     96 417
     73 418
     91 419
     59 420
     63 421
     69 422
     66 423
     68 424
     59 425
     41 426
     56 427
     61 428
     55 429
     52 430
     67 431
     56 432
     49 433
     44 434
     50 435
     30 436
     48 437
     42 438
     43 439
     43 440
     38 441
     43 442
     41 443
     46 444
     27 445
     34 446
     44 447
     33 448
     46 449
     40 450
     44 451
     35 452
     38 453
     53 454
     29 455
     40 456
     31 457
     38 458
     41 459
     46 460
     37 461
     40 462
     40 463
     38 464
     26 465
     27 466
     25 467
     42 468
     35 469
     31 470
     23 471
     43 472
     17 473
     20 474
     30 475
     26 476
     21 477
     22 478
     25 479
     29 480
     28 481
     17 482
     24 483
     22 484
     22 485
     25 486
     23 487
     27 488
     21 489
     30 490
     17 491
     22 492
     16 493
     28 494
     30 495
     25 496
     14 497
     18 498
     20 499
     19 500
     29 501
     26 502
     17 503
     18 504
     24 505
     29 506
     31 507
     26 508
     30 509
     27 510
     19 511
     21 512
     33 513
     17 514
     34 515
     29 516
     28 517
     27 518
     38 519
     33 520
     50 521
     47 522
     42 523
     37 524
     42 525
     58 526
     37 527
     46 528
     37 529
     47 530
     30 531
     34 532
     36 533
     31 534
     28 535
     28 536
     22 537
     34 538
     20 539
     16 540
     18 541
     17 542
     18 543
     18 544
     22 545
     17 546
     18 547
     11 548
     16 549
      7 550
      8 551
      9 552
     14 553
     14 554
     20 555
     10 556
     13 557
     11 558
     13 559
      4 560
     10 561
     14 562
     11 563
     12 564
      9 565
     17 566
     15 567
      9 568
     10 569
     16 570
     28 571
     23 572
     14 573
     18 574
     24 575
     22 576
     29 577
     26 578
     29 579
     26 580
     29 581
     29 582
     28 583
     25 584
     38 585
     39 586
     44 587
     35 588
     26 589
     37 590
     40 591
     36 592
     28 593
     24 594
     30 595
     24 596
     28 597
     22 598
     20 599
     20 600
     17 601
     16 602
     13 603
      9 604
      8 605
      7 606
      4 607
      4 608
      5 609
      6 610
      4 611
      4 612
      1 613
      2 614
      2 615
      2 616
      3 617
      4 618
      2 619
      3 620
      1 621
      1 622
      3 623
      3 624
      1 625
      1 626
      2 627
      3 628
      1 630
      1 631
      2 633
      1 634
      3 635
      2 636
      7 637
      5 638
      1 639
      2 640
      4 641
      1 642
      6 643
      2 644
      4 645
      4 646
      4 647
      7 648
      5 649
      6 650
      7 651
      8 652
      9 653
      7 654
      4 655
      4 656
      7 657
      9 658
      6 659
      8 660
     12 661
      5 662
      3 663
      4 664
      6 665
      2 666
      5 667
      2 668
      2 669
      1 671
      1 672
      2 673
      2 674
      1 675
      2 676
      1 677
      1 678
      1 679
      1 680
      1 682
      2 683
      2 684
      1 687
      1 691
      2 693
      2 697
      1 704
      1 707
      1 709
      1 712
      1 713
      1 719
      1 724
      2 737
      1 747
      1 778
      1 878
      1 1084
---AAD-PGBENCH-LAG-US---
