pgbench (18.6 (Debian 18.6-1.pgdg13+2))
starting vacuum...end.
transaction type: <builtin: select only>
scaling factor: 1000
query mode: simple
number of clients: 128
number of threads: 16
maximum number of tries: 1
duration: 60 s
number of transactions actually processed: 17538022
number of failed transactions: 0 (0.000%)
latency average = 0.436 ms
initial connection time = 246.404 ms
tps = 293500.824171 (without initial connection time)
---AAD-PGBENCH-LATENCY-US---
rc=0
samples=351296
      1 235
      2 237
      2 239
      1 240
      1 241
      2 245
      2 246
      3 247
      1 248
      2 250
      5 251
      6 252
      7 253
     12 254
     14 255
     13 256
     15 257
     11 258
     21 259
     18 260
     28 261
     32 262
     42 263
     53 264
     46 265
     49 266
     58 267
     49 268
     69 269
     79 270
     77 271
     92 272
    127 273
     85 274
    131 275
    115 276
    133 277
    127 278
    152 279
    153 280
    172 281
    181 282
    163 283
    181 284
    189 285
    217 286
    214 287
    205 288
    205 289
    203 290
    198 291
    216 292
    240 293
    218 294
    248 295
    228 296
    280 297
    250 298
    273 299
    257 300
    272 301
    268 302
    287 303
    311 304
    303 305
    318 306
    355 307
    364 308
    369 309
    402 310
    417 311
    453 312
    481 313
    467 314
    531 315
    557 316
    517 317
    594 318
    617 319
    654 320
    691 321
    745 322
    786 323
    813 324
    903 325
    927 326
   1060 327
   1081 328
   1083 329
   1243 330
   1318 331
   1391 332
   1539 333
   1505 334
   1659 335
   1727 336
   1836 337
   1884 338
   1918 339
   2083 340
   2022 341
   2206 342
   2143 343
   2267 344
   2315 345
   2345 346
   2261 347
   2272 348
   2254 349
   2203 350
   2253 351
   2147 352
   2054 353
   1999 354
   1962 355
   1895 356
   1850 357
   1781 358
   1785 359
   1769 360
   1691 361
   1693 362
   1600 363
   1543 364
   1553 365
   1592 366
   1588 367
   1557 368
   1496 369
   1465 370
   1424 371
   1409 372
   1379 373
   1426 374
   1403 375
   1340 376
   1410 377
   1303 378
   1346 379
   1380 380
   1369 381
   1382 382
   1354 383
   1367 384
   1363 385
   1416 386
   1472 387
   1412 388
   1338 389
   1440 390
   1522 391
   1542 392
   1560 393
   1490 394
   1586 395
   1606 396
   1716 397
   1702 398
   1700 399
   1875 400
   1845 401
   1946 402
   1822 403
   1926 404
   2036 405
   2005 406
   2116 407
   2057 408
   2236 409
   2138 410
   2272 411
   2148 412
   2153 413
   2304 414
   2172 415
   2085 416
   2120 417
   1981 418
   1955 419
   1921 420
   1851 421
   1753 422
   1799 423
   1679 424
   1537 425
   1511 426
   1556 427
   1461 428
   1431 429
   1417 430
   1251 431
   1242 432
   1188 433
   1226 434
   1203 435
   1166 436
   1118 437
   1214 438
   1112 439
   1063 440
   1040 441
   1043 442
   1004 443
    975 444
   1020 445
   1005 446
    945 447
    935 448
    944 449
    925 450
    912 451
    995 452
    937 453
    964 454
    949 455
    933 456
    942 457
    978 458
   1008 459
    982 460
   1021 461
   1041 462
   1080 463
   1078 464
   1098 465
   1074 466
   1169 467
   1157 468
   1186 469
   1251 470
   1141 471
   1266 472
   1246 473
   1354 474
   1234 475
   1340 476
   1345 477
   1295 478
   1403 479
   1362 480
   1346 481
   1417 482
   1347 483
   1331 484
   1312 485
   1334 486
   1289 487
   1258 488
   1183 489
   1224 490
   1181 491
   1149 492
   1136 493
   1006 494
   1017 495
    991 496
   1015 497
    911 498
    931 499
    940 500
    889 501
    903 502
    840 503
    844 504
    786 505
    767 506
    787 507
    757 508
    735 509
    727 510
    700 511
    715 512
    624 513
    682 514
    678 515
    629 516
    629 517
    624 518
    657 519
    629 520
    639 521
    613 522
    643 523
    609 524
    618 525
    686 526
    647 527
    664 528
    632 529
    654 530
    638 531
    639 532
    619 533
    637 534
    626 535
    670 536
    702 537
    640 538
    678 539
    698 540
    705 541
    725 542
    685 543
    696 544
    697 545
    774 546
    712 547
    715 548
    747 549
    693 550
    706 551
    732 552
    681 553
    666 554
    706 555
    608 556
    644 557
    608 558
    606 559
    589 560
    548 561
    550 562
    555 563
    527 564
    510 565
    498 566
    480 567
    456 568
    441 569
    420 570
    385 571
    439 572
    400 573
    410 574
    370 575
    361 576
    406 577
    357 578
    327 579
    338 580
    317 581
    325 582
    342 583
    327 584
    333 585
    286 586
    295 587
    298 588
    285 589
    307 590
    277 591
    272 592
    274 593
    281 594
    257 595
    246 596
    260 597
    279 598
    244 599
    270 600
    276 601
    260 602
    243 603
    234 604
    230 605
    234 606
    266 607
    252 608
    254 609
    268 610
    252 611
    257 612
    242 613
    267 614
    262 615
    247 616
    220 617
    243 618
    281 619
    234 620
    252 621
    223 622
    228 623
    233 624
    224 625
    215 626
    226 627
    216 628
    175 629
    180 630
    177 631
    180 632
    167 633
    185 634
    184 635
    160 636
    147 637
    161 638
    130 639
    132 640
    140 641
    127 642
    114 643
    126 644
    114 645
    128 646
    139 647
    134 648
    104 649
    100 650
    104 651
     95 652
     94 653
    103 654
     94 655
    111 656
     96 657
     88 658
     90 659
     95 660
     98 661
     79 662
     93 663
    101 664
     94 665
     88 666
     61 667
     78 668
     78 669
     87 670
     90 671
     93 672
     73 673
     77 674
     73 675
     85 676
     67 677
     80 678
     94 679
     78 680
     99 681
     69 682
     64 683
     72 684
     72 685
     78 686
     73 687
     62 688
     63 689
     65 690
     67 691
     80 692
     66 693
     76 694
     79 695
     47 696
     52 697
     45 698
     50 699
     67 700
     57 701
     58 702
     52 703
     41 704
     43 705
     57 706
     54 707
     38 708
     40 709
     49 710
     50 711
     49 712
     45 713
     36 714
     39 715
     33 716
     29 717
     36 718
     34 719
     34 720
     40 721
     37 722
     24 723
     30 724
     31 725
     31 726
     30 727
     39 728
     38 729
     23 730
     22 731
     34 732
     30 733
     36 734
     23 735
     23 736
     19 737
     21 738
     31 739
     19 740
     27 741
     20 742
     26 743
     19 744
     23 745
     21 746
     19 747
     32 748
     23 749
     19 750
     17 751
     26 752
     22 753
     24 754
     29 755
     25 756
     22 757
     15 758
     20 759
     16 760
     16 761
     21 762
     24 763
     17 764
     13 765
     21 766
     20 767
      8 768
     13 769
     16 770
     18 771
     18 772
     15 773
      7 774
     16 775
     14 776
     14 777
     10 778
     13 779
     13 780
      7 781
     13 782
      9 783
     10 784
      5 785
     11 786
      8 787
     14 788
     10 789
     12 790
      9 791
      8 792
      7 793
     14 794
     12 795
      5 796
      5 797
      7 798
     11 799
     11 800
      6 801
      9 802
      3 803
      3 804
      8 805
      7 806
      6 807
      7 808
      3 809
     13 810
      5 811
      9 812
      8 813
      4 814
     11 815
      6 816
      8 817
      7 818
     13 819
      3 820
      5 821
      3 822
      5 823
     10 824
      7 825
      5 826
      5 827
      3 828
     11 829
      3 830
      5 831
      8 832
      4 833
      8 834
      5 835
      7 836
      3 837
      4 838
      3 839
      5 840
      4 841
      3 842
      3 843
      3 844
      2 845
      6 846
      3 847
      3 848
      4 849
      8 850
      5 851
      1 852
      2 853
      6 854
      6 855
      2 856
      3 857
      1 858
      4 859
      5 860
      5 861
      2 862
      2 863
      3 864
      2 865
      3 866
      3 867
      2 868
      1 869
      3 870
      3 871
      5 872
      6 873
      2 874
      1 875
      1 876
      4 877
      2 878
      2 879
      3 880
      2 881
      2 882
      2 883
      3 884
      3 885
      5 886
      3 887
      2 888
      1 889
      2 890
      2 892
      1 893
      4 894
      4 895
      1 896
      6 897
      5 899
      2 900
      5 901
      4 902
      1 903
      3 904
      2 906
      3 907
      2 908
      2 909
      1 910
      2 911
      1 913
      1 915
      2 917
      1 919
      2 920
      2 921
      5 922
      1 924
      1 927
      1 929
      1 930
      2 931
      1 932
      3 933
      2 934
      1 935
      2 936
      1 938
      1 939
      2 940
      3 943
      1 944
      1 945
      3 946
      2 947
      1 948
      1 950
      1 951
      4 953
      1 954
      2 956
      2 958
      1 959
      1 960
      1 962
      3 964
      3 965
      2 966
      2 968
      1 969
      1 970
      2 971
      2 972
      4 974
      1 976
      2 977
      3 978
      1 979
      2 984
      1 985
      1 986
      2 988
      1 989
      1 990
      1 991
      1 992
      1 997
      1 1003
      2 1004
      1 1006
      1 1007
      3 1008
      3 1010
      1 1011
      1 1012
      1 1014
      1 1015
      1 1017
      1 1020
      1 1023
      1 1024
      2 1025
      1 1027
      2 1029
      1 1030
      1 1031
      2 1033
      1 1035
      2 1037
      1 1041
      1 1043
      1 1045
      1 1047
      1 1049
      2 1050
      2 1060
      1 1061
      1 1063
      2 1070
      1 1071
      1 1078
      1 1079
      1 1080
      2 1081
      1 1090
      1 1099
      3 1105
      1 1106
      1 1109
      1 1116
      1 1122
      1 1123
      1 1126
      1 1127
      1 1128
      1 1135
      1 1137
      1 1143
      1 1146
      1 1148
      1 1149
      1 1150
      1 1152
      1 1156
      1 1165
      1 1184
      1 1198
      1 1205
      1 1223
      1 1228
      1 1231
      1 1247
      1 1299
      1 1310
      1 1336
      1 1365
      1 1428
      1 1500
      1 1504
      1 1532
      1 1659
      1 1852
      1 2040
      1 2250
      1 2344
      1 2402
      1 2495
      1 2596
      1 2698
      1 2808
      1 3023
      1 3230
      1 3283
      1 3321
      1 3513
      1 4116
      1 5076
      1 5673
      1 5744
      1 6662
      1 7270
      1 8224
      1 8299
      1 9545
      1 9678
      1 10928
      1 11197
      1 15146
      1 15710
      1 31171
---AAD-PGBENCH-LAG-US---
