pgbench (18.6 (Debian 18.6-1.pgdg13+2))
starting vacuum...end.
transaction type: <builtin: select only>
scaling factor: 1000
query mode: simple
number of clients: 256
number of threads: 16
maximum number of tries: 1
duration: 60 s
number of transactions actually processed: 17231061
number of failed transactions: 0 (0.000%)
latency average = 0.885 ms
initial connection time = 447.031 ms
tps = 289277.834402 (without initial connection time)
---AAD-PGBENCH-LATENCY-US---
rc=0
samples=344316
      1 253
      1 256
      1 257
      1 259
      1 260
      3 265
      2 266
      3 267
      1 268
      5 269
      3 270
      7 271
      5 272
      7 273
      5 274
      4 275
      3 276
      6 277
      4 278
      2 279
      7 280
     10 281
     16 282
     12 283
     11 284
      6 285
     12 286
      5 287
      9 288
      9 289
     11 290
      8 291
      6 292
     10 293
      4 294
     14 295
      9 296
      6 297
     12 298
     18 299
      6 300
     15 301
      7 302
      6 303
     10 304
     14 305
     18 306
     13 307
      7 308
     16 309
     17 310
     15 311
     18 312
     19 313
     22 314
     19 315
     19 316
     29 317
     27 318
     34 319
     39 320
     40 321
     51 322
     40 323
     53 324
     69 325
     66 326
     66 327
     90 328
     81 329
     90 330
    105 331
    127 332
    122 333
    133 334
    137 335
    139 336
    157 337
    166 338
    168 339
    197 340
    190 341
    193 342
    205 343
    211 344
    208 345
    219 346
    249 347
    217 348
    217 349
    200 350
    215 351
    201 352
    205 353
    179 354
    175 355
    161 356
    155 357
    169 358
    176 359
    139 360
    153 361
    135 362
    109 363
    112 364
    116 365
    136 366
    123 367
    105 368
    121 369
     89 370
    121 371
    105 372
     91 373
     99 374
    104 375
     95 376
     86 377
     97 378
     88 379
     96 380
    103 381
    126 382
    117 383
    129 384
    112 385
    142 386
    147 387
    142 388
    177 389
    204 390
    198 391
    185 392
    207 393
    212 394
    251 395
    263 396
    263 397
    297 398
    318 399
    360 400
    401 401
    407 402
    397 403
    429 404
    491 405
    462 406
    539 407
    533 408
    601 409
    551 410
    581 411
    650 412
    637 413
    674 414
    647 415
    631 416
    620 417
    614 418
    634 419
    585 420
    556 421
    532 422
    493 423
    503 424
    454 425
    448 426
    461 427
    447 428
    401 429
    385 430
    386 431
    359 432
    294 433
    324 434
    294 435
    278 436
    242 437
    267 438
    242 439
    258 440
    247 441
    241 442
    219 443
    218 444
    217 445
    218 446
    209 447
    219 448
    202 449
    214 450
    244 451
    263 452
    229 453
    266 454
    267 455
    269 456
    276 457
    317 458
    329 459
    335 460
    351 461
    386 462
    402 463
    411 464
    477 465
    468 466
    504 467
    525 468
    578 469
    629 470
    638 471
    718 472
    759 473
    801 474
    842 475
    826 476
    923 477
    927 478
    969 479
    988 480
   1025 481
   1016 482
   1066 483
   1052 484
   1038 485
   1015 486
    975 487
    966 488
    898 489
    865 490
    842 491
    752 492
    784 493
    752 494
    741 495
    634 496
    591 497
    533 498
    560 499
    480 500
    503 501
    462 502
    444 503
    389 504
    361 505
    356 506
    369 507
    338 508
    308 509
    306 510
    315 511
    278 512
    270 513
    260 514
    241 515
    281 516
    272 517
    250 518
    259 519
    229 520
    214 521
    238 522
    270 523
    226 524
    260 525
    276 526
    279 527
    278 528
    276 529
    310 530
    339 531
    336 532
    324 533
    375 534
    404 535
    419 536
    427 537
    493 538
    472 539
    525 540
    504 541
    595 542
    572 543
    679 544
    672 545
    697 546
    675 547
    656 548
    737 549
    715 550
    761 551
    752 552
    767 553
    740 554
    669 555
    792 556
    728 557
    637 558
    619 559
    607 560
    630 561
    563 562
    498 563
    529 564
    461 565
    483 566
    467 567
    394 568
    425 569
    409 570
    344 571
    331 572
    353 573
    321 574
    257 575
    280 576
    292 577
    256 578
    284 579
    240 580
    235 581
    220 582
    219 583
    234 584
    202 585
    229 586
    243 587
    216 588
    200 589
    215 590
    193 591
    229 592
    198 593
    213 594
    247 595
    237 596
    253 597
    226 598
    263 599
    283 600
    273 601
    295 602
    304 603
    331 604
    350 605
    337 606
    408 607
    396 608
    404 609
    437 610
    451 611
    476 612
    554 613
    538 614
    524 615
    587 616
    593 617
    629 618
    655 619
    665 620
    663 621
    642 622
    655 623
    643 624
    604 625
    628 626
    589 627
    568 628
    536 629
    581 630
    510 631
    546 632
    548 633
    451 634
    453 635
    451 636
    416 637
    377 638
    379 639
    355 640
    355 641
    320 642
    314 643
    327 644
    317 645
    295 646
    282 647
    265 648
    261 649
    220 650
    257 651
    246 652
    264 653
    236 654
    221 655
    286 656
    245 657
    219 658
    229 659
    242 660
    248 661
    287 662
    254 663
    275 664
    267 665
    298 666
    333 667
    348 668
    319 669
    357 670
    396 671
    357 672
    369 673
    428 674
    466 675
    465 676
    471 677
    503 678
    573 679
    606 680
    620 681
    656 682
    662 683
    683 684
    703 685
    744 686
    772 687
    754 688
    802 689
    793 690
    801 691
    790 692
    778 693
    777 694
    782 695
    775 696
    779 697
    747 698
    672 699
    691 700
    615 701
    587 702
    613 703
    597 704
    551 705
    570 706
    541 707
    503 708
    494 709
    439 710
    418 711
    384 712
    396 713
    378 714
    411 715
    369 716
    384 717
    320 718
    337 719
    332 720
    357 721
    303 722
    327 723
    315 724
    349 725
    338 726
    303 727
    314 728
    329 729
    323 730
    313 731
    336 732
    330 733
    322 734
    351 735
    370 736
    378 737
    430 738
    413 739
    456 740
    465 741
    454 742
    470 743
    516 744
    541 745
    599 746
    599 747
    623 748
    648 749
    724 750
    746 751
    742 752
    807 753
    784 754
    827 755
    876 756
    884 757
    881 758
    961 759
    954 760
    948 761
    891 762
    864 763
    848 764
    853 765
    852 766
    792 767
    758 768
    743 769
    686 770
    677 771
    668 772
    608 773
    601 774
    584 775
    574 776
    518 777
    519 778
    499 779
    474 780
    416 781
    424 782
    382 783
    371 784
    402 785
    393 786
    387 787
    301 788
    324 789
    329 790
    303 791
    334 792
    323 793
    324 794
    302 795
    336 796
    309 797
    265 798
    291 799
    310 800
    331 801
    363 802
    335 803
    303 804
    345 805
    390 806
    324 807
    368 808
    396 809
    427 810
    382 811
    435 812
    466 813
    469 814
    495 815
    504 816
    567 817
    565 818
    587 819
    536 820
    622 821
    650 822
    601 823
    649 824
    701 825
    711 826
    695 827
    770 828
    719 829
    734 830
    724 831
    748 832
    718 833
    644 834
    621 835
    563 836
    578 837
    596 838
    515 839
    501 840
    478 841
    451 842
    490 843
    406 844
    411 845
    396 846
    367 847
    379 848
    346 849
    324 850
    325 851
    334 852
    307 853
    272 854
    261 855
    261 856
    288 857
    261 858
    243 859
    247 860
    252 861
    248 862
    231 863
    215 864
    219 865
    199 866
    236 867
    231 868
    205 869
    215 870
    216 871
    202 872
    227 873
    214 874
    243 875
    230 876
    223 877
    261 878
    212 879
    289 880
    231 881
    274 882
    273 883
    289 884
    311 885
    303 886
    319 887
    333 888
    351 889
    371 890
    346 891
    404 892
    384 893
    405 894
    369 895
    397 896
    375 897
    344 898
    389 899
    400 900
    359 901
    353 902
    361 903
    361 904
    314 905
    350 906
    307 907
    315 908
    275 909
    276 910
    275 911
    242 912
    233 913
    223 914
    227 915
    208 916
    194 917
    192 918
    199 919
    193 920
    166 921
    148 922
    133 923
    160 924
    154 925
    144 926
    137 927
    156 928
    125 929
    123 930
    107 931
    123 932
    115 933
    128 934
    151 935
    115 936
    115 937
    126 938
    107 939
    131 940
    112 941
    121 942
     97 943
    117 944
    121 945
    131 946
    146 947
    122 948
    144 949
    145 950
    160 951
    156 952
    154 953
    151 954
    181 955
    149 956
    173 957
    168 958
    181 959
    170 960
    168 961
    205 962
    194 963
    191 964
    205 965
    201 966
    235 967
    219 968
    208 969
    195 970
    190 971
    203 972
    193 973
    193 974
    177 975
    171 976
    150 977
    177 978
    150 979
    144 980
    134 981
    147 982
    123 983
    148 984
    135 985
    119 986
    119 987
    111 988
    106 989
     92 990
     95 991
     86 992
     81 993
    121 994
     90 995
     69 996
     72 997
     97 998
     71 999
     63 1000
     67 1001
     64 1002
     70 1003
     72 1004
     76 1005
     67 1006
     54 1007
     82 1008
     89 1009
     73 1010
     84 1011
     75 1012
     87 1013
     73 1014
     82 1015
     75 1016
     90 1017
     82 1018
     80 1019
     89 1020
     86 1021
    103 1022
     98 1023
    119 1024
    103 1025
    130 1026
    115 1027
    127 1028
    119 1029
    133 1030
    133 1031
    154 1032
    137 1033
    170 1034
    149 1035
    163 1036
    147 1037
    163 1038
    148 1039
    128 1040
    138 1041
    163 1042
    128 1043
    136 1044
    115 1045
    106 1046
    120 1047
    114 1048
    103 1049
     99 1050
     99 1051
     92 1052
     97 1053
     86 1054
     82 1055
     83 1056
     81 1057
     98 1058
     72 1059
     70 1060
     61 1061
     56 1062
     69 1063
     80 1064
     57 1065
     61 1066
     56 1067
     52 1068
     64 1069
     62 1070
     78 1071
     56 1072
     51 1073
     62 1074
     63 1075
     62 1076
     50 1077
     57 1078
     65 1079
     66 1080
     55 1081
     65 1082
     59 1083
     63 1084
     72 1085
     79 1086
     79 1087
     84 1088
     78 1089
     88 1090
     90 1091
     96 1092
     89 1093
     91 1094
     91 1095
    115 1096
    110 1097
    131 1098
    128 1099
    125 1100
    126 1101
    129 1102
    145 1103
    156 1104
    133 1105
    134 1106
    140 1107
    126 1108
    135 1109
    121 1110
    113 1111
    118 1112
    109 1113
    111 1114
     98 1115
    108 1116
    100 1117
    118 1118
     99 1119
     88 1120
    107 1121
     91 1122
     96 1123
     77 1124
     63 1125
     75 1126
     81 1127
    100 1128
     79 1129
     64 1130
     60 1131
     60 1132
     61 1133
     68 1134
     84 1135
     49 1136
     58 1137
     57 1138
     54 1139
     62 1140
     60 1141
     59 1142
     58 1143
     49 1144
     60 1145
     50 1146
     61 1147
     52 1148
     61 1149
     61 1150
     56 1151
     76 1152
     54 1153
     53 1154
     82 1155
     94 1156
     88 1157
     84 1158
     78 1159
     81 1160
     92 1161
     89 1162
     88 1163
    114 1164
     96 1165
    114 1166
    122 1167
     98 1168
    118 1169
    107 1170
    130 1171
    130 1172
    124 1173
    126 1174
    124 1175
    115 1176
    136 1177
    123 1178
    124 1179
    113 1180
    123 1181
    104 1182
    107 1183
    134 1184
    103 1185
     92 1186
    107 1187
    112 1188
     99 1189
     88 1190
     77 1191
     82 1192
     60 1193
     78 1194
     71 1195
     73 1196
     90 1197
     62 1198
     58 1199
     75 1200
     64 1201
     63 1202
     68 1203
     59 1204
     63 1205
     46 1206
     55 1207
     78 1208
     49 1209
     61 1210
     57 1211
     64 1212
     52 1213
     45 1214
     48 1215
     53 1216
     64 1217
     61 1218
     83 1219
     73 1220
     65 1221
     51 1222
     74 1223
     58 1224
     88 1225
     69 1226
     78 1227
     86 1228
     82 1229
     81 1230
     91 1231
     89 1232
    112 1233
    111 1234
     97 1235
    100 1236
    107 1237
    124 1238
    106 1239
     93 1240
    124 1241
    120 1242
    108 1243
    133 1244
    135 1245
    119 1246
    129 1247
    120 1248
    135 1249
    104 1250
    107 1251
    121 1252
     99 1253
    123 1254
    101 1255
    105 1256
    106 1257
     84 1258
    105 1259
     87 1260
    110 1261
     82 1262
     90 1263
     66 1264
     78 1265
     77 1266
     68 1267
     57 1268
     71 1269
     74 1270
     82 1271
     57 1272
     59 1273
     65 1274
     69 1275
     74 1276
     43 1277
     56 1278
     45 1279
     61 1280
     49 1281
     44 1282
     64 1283
     63 1284
     72 1285
     55 1286
     63 1287
     63 1288
     61 1289
     50 1290
     71 1291
     61 1292
     64 1293
     68 1294
     83 1295
     66 1296
     93 1297
     73 1298
     74 1299
     82 1300
     82 1301
    100 1302
     73 1303
    108 1304
    100 1305
    101 1306
     89 1307
    133 1308
    132 1309
    122 1310
    135 1311
    131 1312
    137 1313
    131 1314
    115 1315
    120 1316
    113 1317
    111 1318
    101 1319
    128 1320
     81 1321
     83 1322
     93 1323
    107 1324
     84 1325
     91 1326
     75 1327
    107 1328
     80 1329
     92 1330
     86 1331
     71 1332
     82 1333
     85 1334
     71 1335
     65 1336
     61 1337
     69 1338
     69 1339
     71 1340
     52 1341
     58 1342
     86 1343
     49 1344
     77 1345
     58 1346
     58 1347
     55 1348
     68 1349
     53 1350
     67 1351
     65 1352
     62 1353
     69 1354
     54 1355
     46 1356
     51 1357
     61 1358
     76 1359
     63 1360
     62 1361
     67 1362
     61 1363
     68 1364
     70 1365
     66 1366
     79 1367
     77 1368
     69 1369
     72 1370
     89 1371
     89 1372
    111 1373
     91 1374
     92 1375
     88 1376
    101 1377
    103 1378
    118 1379
    112 1380
    117 1381
    124 1382
    120 1383
    126 1384
     99 1385
    113 1386
    107 1387
    104 1388
    108 1389
    103 1390
    106 1391
     83 1392
     98 1393
     85 1394
     94 1395
     82 1396
     81 1397
     81 1398
     73 1399
     75 1400
     76 1401
     70 1402
     89 1403
     57 1404
     69 1405
     69 1406
     67 1407
     68 1408
     68 1409
     59 1410
     56 1411
     67 1412
     59 1413
     64 1414
     46 1415
     47 1416
     54 1417
     56 1418
     58 1419
     52 1420
     59 1421
     65 1422
     52 1423
     48 1424
     44 1425
     56 1426
     66 1427
     48 1428
     67 1429
     54 1430
     65 1431
     70 1432
     55 1433
     64 1434
     75 1435
     61 1436
     80 1437
     75 1438
     86 1439
     79 1440
     82 1441
     76 1442
     99 1443
     90 1444
     97 1445
     91 1446
     93 1447
    105 1448
    117 1449
    123 1450
     97 1451
    103 1452
    109 1453
    119 1454
    105 1455
     90 1456
    130 1457
     91 1458
    103 1459
    100 1460
     86 1461
     80 1462
     95 1463
    100 1464
     79 1465
     81 1466
     75 1467
     71 1468
     74 1469
     67 1470
     68 1471
     56 1472
     59 1473
     62 1474
     50 1475
     49 1476
     48 1477
     50 1478
     52 1479
     56 1480
     57 1481
     54 1482
     53 1483
     71 1484
     59 1485
     62 1486
     64 1487
     55 1488
     44 1489
     45 1490
     63 1491
     61 1492
     53 1493
     51 1494
     50 1495
     47 1496
     66 1497
     57 1498
     70 1499
     55 1500
     57 1501
     54 1502
     52 1503
     84 1504
     68 1505
     75 1506
     74 1507
     77 1508
     61 1509
     80 1510
     67 1511
     72 1512
     81 1513
     74 1514
     89 1515
     73 1516
    105 1517
     88 1518
     89 1519
    103 1520
    111 1521
    105 1522
     99 1523
     87 1524
     83 1525
     99 1526
     94 1527
     96 1528
     98 1529
     95 1530
     89 1531
     74 1532
     85 1533
     72 1534
     76 1535
     64 1536
     75 1537
     61 1538
     66 1539
     74 1540
     58 1541
     52 1542
     55 1543
     51 1544
     55 1545
     48 1546
     46 1547
     51 1548
     59 1549
     44 1550
     58 1551
     51 1552
     50 1553
     65 1554
     47 1555
     59 1556
     51 1557
     54 1558
     56 1559
     54 1560
     47 1561
     52 1562
     67 1563
     34 1564
     43 1565
     53 1566
     67 1567
     51 1568
     42 1569
     44 1570
     67 1571
     60 1572
     66 1573
     65 1574
     87 1575
     67 1576
     76 1577
     73 1578
     84 1579
     70 1580
     71 1581
     75 1582
     91 1583
     82 1584
     67 1585
    100 1586
     73 1587
     90 1588
     95 1589
    106 1590
     90 1591
     80 1592
     92 1593
     74 1594
     85 1595
     85 1596
     75 1597
     89 1598
     70 1599
     83 1600
     66 1601
     69 1602
     85 1603
     55 1604
     75 1605
     68 1606
     81 1607
     67 1608
     62 1609
     53 1610
     52 1611
     46 1612
     65 1613
     57 1614
     50 1615
     55 1616
     45 1617
     47 1618
     41 1619
     49 1620
     49 1621
     55 1622
     47 1623
     49 1624
     44 1625
     44 1626
     49 1627
     43 1628
     61 1629
     46 1630
     37 1631
     36 1632
     31 1633
     53 1634
     44 1635
     45 1636
     50 1637
     48 1638
     43 1639
     50 1640
     70 1641
     61 1642
     59 1643
     50 1644
     61 1645
     61 1646
     69 1647
     70 1648
     75 1649
     55 1650
     58 1651
     67 1652
     71 1653
     64 1654
     75 1655
     95 1656
     84 1657
     85 1658
     71 1659
     75 1660
     76 1661
     82 1662
     74 1663
     84 1664
     79 1665
     74 1666
     90 1667
     74 1668
     74 1669
     72 1670
     61 1671
     70 1672
     71 1673
     68 1674
     62 1675
     56 1676
     56 1677
     47 1678
     50 1679
     56 1680
     51 1681
     55 1682
     58 1683
     42 1684
     44 1685
     42 1686
     43 1687
     35 1688
     53 1689
     47 1690
     40 1691
     53 1692
     44 1693
     48 1694
     29 1695
     41 1696
     36 1697
     28 1698
     35 1699
     45 1700
     45 1701
     37 1702
     48 1703
     36 1704
     45 1705
     44 1706
     43 1707
     42 1708
     47 1709
     33 1710
     50 1711
     59 1712
     64 1713
     50 1714
     67 1715
     59 1716
     72 1717
     61 1718
     54 1719
     70 1720
     63 1721
     61 1722
     63 1723
     72 1724
     73 1725
     70 1726
     79 1727
     79 1728
     70 1729
     61 1730
     82 1731
     58 1732
     62 1733
     61 1734
     60 1735
     68 1736
     64 1737
     54 1738
     49 1739
     63 1740
     54 1741
     41 1742
     43 1743
     48 1744
     54 1745
     55 1746
     59 1747
     61 1748
     41 1749
     30 1750
     49 1751
     51 1752
     40 1753
     47 1754
     31 1755
     37 1756
     44 1757
     35 1758
     45 1759
     36 1760
     42 1761
     28 1762
     43 1763
     32 1764
     37 1765
     39 1766
     40 1767
     40 1768
     35 1769
     47 1770
     38 1771
     43 1772
     46 1773
     30 1774
     46 1775
     45 1776
     26 1777
     47 1778
     43 1779
     39 1780
     26 1781
     57 1782
     43 1783
     66 1784
     45 1785
     58 1786
     58 1787
     54 1788
     61 1789
     58 1790
     60 1791
     55 1792
     75 1793
     61 1794
     51 1795
     64 1796
     72 1797
     60 1798
     59 1799
     60 1800
     66 1801
     59 1802
     71 1803
     59 1804
     66 1805
     54 1806
     59 1807
     56 1808
     58 1809
     55 1810
     59 1811
     50 1812
     41 1813
     51 1814
     52 1815
     53 1816
     45 1817
     35 1818
     45 1819
     41 1820
     39 1821
     38 1822
     40 1823
     39 1824
     34 1825
     41 1826
     33 1827
     36 1828
     44 1829
     42 1830
     27 1831
     37 1832
     35 1833
     33 1834
     24 1835
     26 1836
     41 1837
     32 1838
     36 1839
     31 1840
     37 1841
     33 1842
     38 1843
     31 1844
     40 1845
     32 1846
     42 1847
     42 1848
     30 1849
     44 1850
     44 1851
     29 1852
     44 1853
     44 1854
     53 1855
     48 1856
     50 1857
     55 1858
     48 1859
     59 1860
     60 1861
     50 1862
     63 1863
     69 1864
     61 1865
     53 1866
     56 1867
     52 1868
     59 1869
     68 1870
     70 1871
     54 1872
     53 1873
     52 1874
     58 1875
     41 1876
     54 1877
     40 1878
     42 1879
     54 1880
     48 1881
     32 1882
     57 1883
     32 1884
     27 1885
     43 1886
     29 1887
     43 1888
     35 1889
     41 1890
     30 1891
     37 1892
     38 1893
     23 1894
     36 1895
     35 1896
     37 1897
     26 1898
     36 1899
     26 1900
     32 1901
     25 1902
     35 1903
     31 1904
     21 1905
     35 1906
     33 1907
     31 1908
     33 1909
     40 1910
     32 1911
     20 1912
     36 1913
     36 1914
     33 1915
     40 1916
     29 1917
     40 1918
     34 1919
     27 1920
     36 1921
     39 1922
     33 1923
     40 1924
     38 1925
     40 1926
     49 1927
     48 1928
     37 1929
     52 1930
     51 1931
     43 1932
     45 1933
     62 1934
     53 1935
     49 1936
     40 1937
     48 1938
     54 1939
     53 1940
     44 1941
     49 1942
     48 1943
     53 1944
     48 1945
     36 1946
     45 1947
     41 1948
     47 1949
     46 1950
     35 1951
     33 1952
     35 1953
     41 1954
     30 1955
     24 1956
     39 1957
     32 1958
     39 1959
     23 1960
     31 1961
     38 1962
     25 1963
     25 1964
     28 1965
     28 1966
     27 1967
     34 1968
     39 1969
     24 1970
     27 1971
     30 1972
     34 1973
     23 1974
     26 1975
     25 1976
     23 1977
     28 1978
     21 1979
     35 1980
     28 1981
     32 1982
     34 1983
     29 1984
     29 1985
     35 1986
     37 1987
     28 1988
     41 1989
     26 1990
     23 1991
     39 1992
     30 1993
     37 1994
     42 1995
     33 1996
     39 1997
     42 1998
     46 1999
     39 2000
     43 2001
     44 2002
     38 2003
     45 2004
     44 2005
     53 2006
     47 2007
     44 2008
     44 2009
     28 2010
     33 2011
     38 2012
     41 2013
     38 2014
     46 2015
     35 2016
     34 2017
     34 2018
     30 2019
     26 2020
     28 2021
     38 2022
     30 2023
     37 2024
     31 2025
     24 2026
     23 2027
     26 2028
     33 2029
     20 2030
     32 2031
     25 2032
     17 2033
     34 2034
     22 2035
     20 2036
     25 2037
     19 2038
     20 2039
     26 2040
     26 2041
     33 2042
     26 2043
     25 2044
     20 2045
     22 2046
     19 2047
     16 2048
     24 2049
     20 2050
     24 2051
     28 2052
     29 2053
     32 2054
     28 2055
     38 2056
     20 2057
     32 2058
     25 2059
     27 2060
     34 2061
     25 2062
     36 2063
     35 2064
     19 2065
     33 2066
     35 2067
     32 2068
     33 2069
     46 2070
     36 2071
     41 2072
     41 2073
     37 2074
     38 2075
     34 2076
     39 2077
     31 2078
     39 2079
     31 2080
     37 2081
     42 2082
     37 2083
     45 2084
     38 2085
     26 2086
     29 2087
     31 2088
     34 2089
     22 2090
     39 2091
     27 2092
     32 2093
     38 2094
     32 2095
     27 2096
     26 2097
     23 2098
     23 2099
     18 2100
     22 2101
     15 2102
     21 2103
     20 2104
     22 2105
     17 2106
     19 2107
     20 2108
     19 2109
     15 2110
     19 2111
     15 2112
     23 2113
     24 2114
     13 2115
     13 2116
     17 2117
     23 2118
     14 2119
     19 2120
     28 2121
     23 2122
     26 2123
     19 2124
     20 2125
     33 2126
     21 2127
     30 2128
     23 2129
     28 2130
     37 2131
     22 2132
     24 2133
     29 2134
     28 2135
     25 2136
     24 2137
     26 2138
     34 2139
     36 2140
     23 2141
     38 2142
     28 2143
     21 2144
     33 2145
     30 2146
     27 2147
     32 2148
     20 2149
     22 2150
     23 2151
     20 2152
     33 2153
     28 2154
     35 2155
     33 2156
     33 2157
     21 2158
     20 2159
     18 2160
     17 2161
     31 2162
     18 2163
     19 2164
     18 2165
     18 2166
     18 2167
     25 2168
     15 2169
     19 2170
     26 2171
     27 2172
     25 2173
     11 2174
     27 2175
     16 2176
     17 2177
     23 2178
     14 2179
     26 2180
     16 2181
     19 2182
     24 2183
     15 2184
     14 2185
     19 2186
     20 2187
     13 2188
     19 2189
     18 2190
     11 2191
     20 2192
     18 2193
     18 2194
     21 2195
     23 2196
     13 2197
     17 2198
     14 2199
     21 2200
     27 2201
     27 2202
     32 2203
     34 2204
     27 2205
     19 2206
     25 2207
     26 2208
     24 2209
     35 2210
     28 2211
     20 2212
     31 2213
     33 2214
     23 2215
     28 2216
     34 2217
     26 2218
     30 2219
     22 2220
     34 2221
     28 2222
     21 2223
     23 2224
     24 2225
     16 2226
     15 2227
     19 2228
     10 2229
     16 2230
     24 2231
     13 2232
     19 2233
     17 2234
     21 2235
     16 2236
     17 2237
     21 2238
     10 2239
     16 2240
     15 2241
     17 2242
     19 2243
     11 2244
     23 2245
     15 2246
     17 2247
     20 2248
     12 2249
     16 2250
     19 2251
     20 2252
     13 2253
     16 2254
     11 2255
     17 2256
     10 2257
     27 2258
     15 2259
     13 2260
     14 2261
     21 2262
     17 2263
     15 2264
     15 2265
     18 2266
     23 2267
     17 2268
     17 2269
     20 2270
     17 2271
     22 2272
     23 2273
     20 2274
     25 2275
     20 2276
     20 2277
     29 2278
     24 2279
     22 2280
     18 2281
     19 2282
     18 2283
     29 2284
     22 2285
     22 2286
     26 2287
     20 2288
     30 2289
     29 2290
     20 2291
     19 2292
     13 2293
     19 2294
     17 2295
     25 2296
     17 2297
     15 2298
     14 2299
     16 2300
      9 2301
     12 2302
     17 2303
     22 2304
      9 2305
     16 2306
     17 2307
     17 2308
     12 2309
     14 2310
     13 2311
     11 2312
     12 2313
     17 2314
     10 2315
     19 2316
     13 2317
     10 2318
      6 2319
     11 2320
      8 2321
     13 2322
     14 2323
     11 2324
     16 2325
     12 2326
      7 2327
     11 2328
     21 2329
     16 2330
     13 2331
     19 2332
     18 2333
     18 2334
     14 2335
     19 2336
      9 2337
     14 2338
     17 2339
     23 2340
     20 2341
     18 2342
     19 2343
     27 2344
     19 2345
     20 2346
     17 2347
     21 2348
     22 2349
     23 2350
     26 2351
     22 2352
     18 2353
     22 2354
     22 2355
     15 2356
     20 2357
     17 2358
     13 2359
     22 2360
     17 2361
     25 2362
     19 2363
     13 2364
     15 2365
     19 2366
     15 2367
     14 2368
     15 2369
     16 2370
     12 2371
     11 2372
     11 2373
     16 2374
      9 2375
     11 2376
     13 2377
      8 2378
     11 2379
     12 2380
     14 2381
     18 2382
     14 2383
      9 2384
     13 2385
      9 2386
     13 2387
      6 2388
      9 2389
     12 2390
      8 2391
     14 2392
      6 2393
     12 2394
     11 2395
      8 2396
     20 2397
     13 2398
     19 2399
     17 2400
     15 2401
     12 2402
     16 2403
     16 2404
     14 2405
     14 2406
     11 2407
     13 2408
     11 2409
     27 2410
     20 2411
     15 2412
     16 2413
     16 2414
     17 2415
     15 2416
     27 2417
     14 2418
     14 2419
     18 2420
     22 2421
     12 2422
     14 2423
     19 2424
     28 2425
     18 2426
     13 2427
     16 2428
     16 2429
     12 2430
     16 2431
     11 2432
     16 2433
     11 2434
     15 2435
     17 2436
      8 2437
     16 2438
     14 2439
     11 2440
     15 2441
     10 2442
      4 2443
     13 2444
      9 2445
      7 2446
      9 2447
     11 2448
     17 2449
      8 2450
     15 2451
     10 2452
      6 2453
      6 2454
     10 2455
      9 2456
     13 2457
     15 2458
     13 2459
     15 2460
     11 2461
     13 2462
     15 2463
      8 2464
      9 2465
     11 2466
      9 2467
      9 2468
     14 2469
      8 2470
      9 2471
      8 2472
      9 2473
     16 2474
     13 2475
     11 2476
     13 2477
     12 2478
     16 2479
      7 2480
     10 2481
     15 2482
     15 2483
     13 2484
     17 2485
     15 2486
     11 2487
     20 2488
     19 2489
     14 2490
     17 2491
     10 2492
     11 2493
     12 2494
     11 2495
     11 2496
     13 2497
      5 2498
     13 2499
      9 2500
      8 2501
     12 2502
     13 2503
      9 2504
     12 2505
     10 2506
      9 2507
     10 2508
      8 2509
     13 2510
     12 2511
      8 2512
     14 2513
     10 2514
     10 2515
      6 2516
      8 2517
     10 2518
     14 2519
      6 2520
     12 2521
      8 2522
      6 2523
      7 2524
      8 2525
      9 2526
     10 2527
      8 2528
     12 2529
      9 2530
      6 2531
     10 2532
      9 2533
     10 2534
      3 2535
      7 2536
      8 2537
      6 2538
     15 2539
     13 2540
      6 2541
      9 2542
      6 2543
     12 2544
     12 2545
      6 2546
     14 2547
      8 2548
     15 2549
     14 2550
      6 2551
     13 2552
     11 2553
     11 2554
      9 2555
     11 2556
     17 2557
     13 2558
     10 2559
     14 2560
     12 2561
     13 2562
     10 2563
     12 2564
     15 2565
     13 2566
     13 2567
     12 2568
     14 2569
     11 2570
     12 2571
     11 2572
      6 2573
      6 2574
      7 2575
     13 2576
      9 2577
      8 2578
     11 2579
      7 2580
      8 2581
      8 2582
      8 2583
     12 2584
      7 2585
      5 2586
      9 2587
     11 2588
     10 2589
      8 2590
     13 2591
      6 2592
      6 2593
     11 2594
     10 2595
      6 2596
     11 2597
     10 2598
      5 2599
      6 2600
      4 2601
      9 2602
      9 2603
      3 2604
      9 2605
     10 2606
      9 2607
      7 2608
      7 2609
      7 2610
     10 2611
      6 2612
      8 2613
     15 2614
      7 2615
      9 2616
      5 2617
      7 2618
      9 2619
      3 2620
     12 2621
     13 2622
      6 2623
     22 2624
     10 2625
     15 2626
      5 2627
     10 2628
      9 2629
     12 2630
      7 2631
      5 2632
      5 2633
     13 2634
     14 2635
     14 2636
      6 2637
      5 2638
      7 2639
      6 2640
     11 2641
     13 2642
      7 2643
     10 2644
      9 2645
      8 2646
      8 2647
      5 2648
      4 2649
      5 2650
     14 2651
     10 2652
      8 2653
      2 2654
      7 2655
      8 2656
      8 2657
      9 2658
      8 2659
      6 2660
      8 2661
      9 2662
      4 2663
      6 2664
      7 2665
      5 2666
      7 2667
      3 2668
      8 2669
      3 2670
      7 2671
      3 2672
      8 2673
      5 2674
      9 2675
      5 2676
      8 2677
      8 2678
      9 2679
      6 2680
      4 2681
      2 2682
      5 2683
      6 2684
      6 2685
     11 2686
      4 2687
      3 2688
     13 2689
     10 2690
     10 2691
     10 2692
     10 2693
      9 2694
      6 2695
     13 2696
      8 2697
      8 2698
     10 2699
      7 2700
      9 2701
      7 2702
      5 2703
      1 2704
     11 2705
      8 2706
      8 2707
     10 2708
      4 2709
      6 2710
     10 2711
      7 2712
     12 2713
     10 2714
      7 2715
      3 2716
      4 2717
      5 2718
      6 2719
      6 2720
      6 2721
      5 2722
      7 2723
      7 2724
      6 2725
      3 2726
      7 2727
      6 2728
      3 2729
      2 2730
      5 2731
      2 2732
      7 2733
      9 2734
      7 2735
      3 2736
      4 2737
      1 2738
      5 2739
      5 2740
      7 2741
      6 2742
      4 2743
      7 2744
      6 2745
      4 2746
      2 2747
      8 2748
      8 2749
      5 2750
      7 2751
      3 2752
      5 2753
      6 2754
      3 2755
      6 2756
      4 2757
     10 2758
      4 2759
      5 2760
      7 2761
      6 2762
      3 2763
      4 2764
      5 2765
     10 2766
      7 2767
      8 2768
      6 2769
     11 2770
      8 2771
      9 2772
      5 2773
     11 2774
      5 2775
      5 2776
      5 2777
      8 2778
      3 2779
      4 2780
      4 2781
      5 2782
      8 2783
      9 2784
      5 2785
      3 2786
      4 2787
      4 2788
      5 2789
      2 2790
      4 2791
      9 2792
      4 2793
      3 2794
      5 2795
      3 2796
      5 2797
      3 2798
      4 2799
      4 2800
      5 2801
      6 2802
      1 2803
      5 2804
      3 2805
      2 2806
      6 2807
      4 2808
      2 2809
      4 2811
      6 2812
      2 2813
      4 2814
      5 2815
      6 2816
      6 2817
      5 2818
      3 2819
      6 2820
      4 2821
      8 2822
      5 2823
      5 2824
      2 2825
      8 2826
      5 2827
      7 2828
      5 2829
      5 2830
      3 2831
      7 2832
      4 2833
     10 2834
      6 2835
      2 2836
      8 2837
      6 2838
      5 2839
      4 2840
      1 2841
      5 2842
      6 2843
      6 2844
      6 2845
      5 2846
      3 2847
      8 2848
      1 2849
      3 2850
      8 2851
      4 2852
      3 2853
      4 2854
      2 2855
      5 2856
      5 2857
      4 2858
      2 2859
      4 2860
      7 2861
      2 2862
      3 2863
      2 2864
      5 2865
      6 2866
      5 2867
      3 2868
      2 2869
      3 2870
      4 2871
      2 2872
      6 2873
      5 2874
      5 2875
      4 2876
      4 2877
      3 2878
      3 2879
      2 2880
      6 2881
      4 2882
      3 2883
      2 2884
      1 2885
      6 2886
      2 2887
      3 2888
      4 2889
      3 2890
      6 2891
      5 2892
      3 2893
      2 2895
      6 2896
      5 2897
      9 2898
      8 2899
      2 2900
      6 2901
      2 2902
      6 2903
      5 2904
      4 2906
      3 2907
      6 2908
      4 2909
      3 2910
      7 2911
      5 2912
      3 2913
      6 2914
      2 2915
      5 2916
      3 2917
      8 2918
      4 2919
      5 2920
      2 2921
      1 2922
      2 2923
      1 2924
      1 2925
      5 2926
      3 2927
      4 2928
      7 2929
      4 2930
      5 2931
      4 2932
      4 2933
      3 2934
      3 2935
      4 2936
      4 2937
      4 2938
      6 2939
      4 2940
      6 2941
      4 2942
      1 2943
      3 2944
      5 2945
      4 2946
      4 2947
      5 2948
      2 2949
      2 2950
      3 2951
      3 2952
      4 2953
      3 2955
      6 2956
      3 2957
      6 2958
      4 2959
      6 2960
      4 2961
      4 2962
      1 2963
      3 2964
      2 2965
      5 2966
      2 2967
      6 2968
      3 2969
      5 2970
      3 2971
      2 2972
      2 2973
      5 2974
      5 2975
      1 2976
      2 2977
      3 2978
      4 2979
      1 2980
      2 2981
      4 2982
      3 2983
      3 2984
      2 2985
      4 2986
      2 2987
      2 2988
      6 2989
      3 2990
      2 2991
      1 2992
      2 2993
      4 2994
      2 2995
      2 2996
      1 2997
      3 2998
      2 2999
      3 3000
      2 3001
      2 3002
      6 3003
      4 3004
      1 3005
      1 3006
      3 3007
      2 3008
      2 3009
      3 3010
      1 3012
      3 3013
      1 3014
      4 3015
      5 3016
      1 3017
      3 3018
      3 3019
      1 3020
      3 3021
      5 3022
      3 3023
      2 3024
      2 3025
      3 3026
      2 3027
      6 3028
      4 3029
      6 3030
      2 3031
      2 3032
      2 3033
      1 3034
      1 3035
      7 3036
      2 3037
      2 3038
      3 3039
      4 3040
      1 3041
      4 3043
      1 3044
      4 3045
      5 3046
      3 3047
      3 3048
      3 3049
      2 3050
      5 3051
      4 3052
      2 3053
      1 3054
      2 3055
      3 3056
      4 3057
      3 3058
      3 3059
      2 3060
      4 3061
      2 3062
      4 3063
      4 3065
      2 3066
      3 3067
      4 3070
      2 3071
      5 3072
      4 3073
      2 3074
      2 3075
      4 3076
      3 3077
      7 3078
      2 3079
      1 3080
      1 3081
      4 3083
      4 3084
      3 3085
      3 3086
      2 3087
      1 3088
      1 3089
      3 3090
      2 3091
      3 3093
      1 3094
      2 3095
      2 3096
      3 3097
      2 3098
      2 3099
      2 3100
      2 3101
      3 3102
      4 3103
      2 3104
      1 3105
      3 3106
      3 3107
      1 3108
      5 3109
      2 3110
      5 3111
      4 3112
      1 3113
      2 3114
      2 3115
      2 3116
      2 3117
      1 3118
      3 3119
      1 3120
      6 3121
      7 3122
      5 3123
      4 3124
      1 3125
      2 3127
      3 3128
      2 3129
      1 3130
      1 3132
      4 3133
      2 3134
      1 3135
      2 3136
      5 3137
      1 3138
      4 3139
      2 3141
      2 3142
      4 3143
      2 3145
      2 3146
      3 3147
      5 3148
      3 3151
      2 3152
      3 3153
      4 3154
      2 3155
      2 3156
      2 3157
      1 3158
      2 3159
      1 3160
      3 3161
      4 3162
      2 3163
      3 3164
      2 3165
      3 3166
      1 3167
      2 3168
      1 3169
      1 3170
      4 3171
      2 3172
      1 3173
      2 3174
      3 3175
      1 3176
      1 3177
      1 3178
      6 3179
      4 3180
      1 3181
      2 3182
      4 3183
      2 3184
      3 3185
      2 3186
      3 3187
      2 3188
      4 3190
      2 3191
      2 3193
      1 3194
      1 3195
      3 3196
      4 3197
      2 3198
      4 3199
      3 3200
      1 3201
      3 3202
      5 3203
      3 3204
      2 3205
      1 3207
      3 3208
      2 3209
      2 3210
      1 3211
      3 3212
      2 3213
      2 3216
      2 3217
      3 3219
      1 3221
      2 3222
      1 3224
      1 3226
      1 3227
      2 3228
      3 3229
      3 3230
      4 3231
      1 3234
      2 3235
      2 3236
      4 3238
      4 3239
      1 3240
      1 3241
      1 3242
      3 3243
      1 3244
      2 3245
      4 3246
      1 3247
      2 3248
      2 3249
      2 3250
      1 3251
      1 3252
      3 3254
      3 3255
      3 3257
      2 3258
      2 3259
      1 3260
      2 3261
      3 3263
      5 3264
      1 3265
      2 3266
      4 3267
      4 3269
      3 3270
      2 3271
      3 3272
      1 3273
      2 3274
      3 3275
      3 3277
      1 3278
      4 3279
      3 3281
      1 3283
      2 3285
      3 3286
      1 3287
      2 3288
      4 3289
      2 3293
      3 3294
      4 3296
      1 3298
      3 3300
      3 3301
      2 3302
      1 3303
      3 3306
      1 3307
      1 3308
      3 3309
      1 3310
      3 3311
      3 3312
      2 3313
      3 3314
      1 3315
      2 3318
      3 3319
      1 3321
      2 3322
      1 3323
      3 3324
      2 3325
      2 3326
      1 3327
      3 3329
      1 3331
      1 3332
      3 3333
      1 3334
      2 3335
      3 3336
      2 3337
      1 3338
      4 3341
      1 3342
      2 3343
      1 3346
      2 3348
      1 3350
      1 3352
      1 3353
      2 3354
      1 3355
      2 3356
      1 3359
      1 3360
      1 3362
      2 3365
      1 3366
      1 3367
      1 3368
      1 3369
      1 3372
      2 3373
      2 3374
      2 3375
      1 3376
      2 3377
      1 3378
      2 3381
      4 3382
      1 3384
      2 3385
      1 3386
      2 3387
      2 3388
      3 3389
      1 3390
      1 3391
      2 3392
      1 3393
      2 3394
      1 3395
      2 3396
      1 3397
      2 3398
      1 3400
      1 3401
      3 3402
      1 3403
      1 3404
      1 3406
      1 3410
      1 3411
      2 3412
      1 3417
      1 3418
      1 3419
      3 3420
      2 3421
      1 3422
      1 3423
      2 3425
      1 3426
      3 3427
      1 3429
      1 3430
      1 3431
      1 3432
      2 3433
      2 3434
      2 3435
      1 3437
      2 3438
      1 3439
      1 3440
      2 3442
      1 3443
      1 3445
      2 3446
      2 3447
      3 3448
      2 3451
      5 3453
      3 3454
      2 3455
      2 3456
      1 3457
      2 3458
      1 3461
      1 3462
      1 3463
      1 3464
      1 3465
      1 3466
      2 3467
      1 3471
      1 3472
      1 3473
      1 3475
      2 3476
      1 3477
      1 3478
      3 3479
      4 3482
      1 3484
      1 3485
      2 3487
      1 3488
      1 3489
      2 3490
      1 3493
      1 3494
      1 3496
      1 3499
      1 3501
      1 3502
      1 3503
      1 3504
      1 3506
      1 3507
      2 3509
      2 3510
      1 3511
      1 3512
      1 3514
      1 3515
      1 3516
      2 3517
      1 3518
      4 3520
      1 3522
      1 3523
      1 3524
      2 3526
      2 3527
      1 3528
      1 3529
      1 3530
      1 3534
      2 3535
      3 3537
      3 3539
      1 3541
      3 3542
      1 3544
      2 3545
      3 3548
      2 3549
      1 3551
      1 3552
      1 3555
      1 3556
      2 3557
      2 3558
      1 3559
      1 3562
      1 3566
      1 3569
      2 3571
      3 3575
      3 3577
      2 3578
      1 3579
      2 3580
      2 3581
      1 3582
      1 3584
      1 3585
      2 3586
      1 3587
      5 3589
      1 3590
      3 3592
      1 3594
      1 3595
      2 3597
      1 3599
      2 3600
      1 3601
      2 3602
      1 3603
      1 3604
      1 3606
      1 3607
      2 3608
      1 3609
      1 3610
      1 3611
      1 3612
      1 3613
      1 3616
      3 3617
      1 3618
      2 3619
      2 3620
      1 3621
      2 3623
      2 3625
      2 3627
      2 3628
      3 3629
      3 3631
      1 3632
      1 3633
      3 3635
      2 3637
      2 3639
      1 3640
      1 3642
      1 3645
      1 3649
      1 3650
      1 3651
      3 3652
      1 3653
      1 3656
      1 3657
      2 3658
      1 3659
      1 3660
      2 3661
      1 3662
      1 3663
      1 3664
      1 3665
      2 3668
      1 3669
      1 3670
      2 3672
      1 3674
      1 3675
      1 3676
      1 3677
      2 3678
      1 3679
      1 3682
      3 3683
      3 3684
      1 3685
      1 3687
      2 3688
      2 3691
      1 3692
      1 3693
      1 3697
      1 3701
      1 3702
      1 3703
      2 3706
      1 3711
      1 3713
      1 3714
      2 3717
      2 3719
      1 3720
      2 3721
      2 3724
      1 3725
      2 3726
      1 3727
      1 3730
      1 3734
      2 3738
      1 3739
      2 3742
      1 3744
      1 3746
      2 3747
      1 3749
      1 3750
      2 3752
      1 3755
      2 3757
      1 3758
      1 3759
      3 3760
      1 3761
      1 3764
      1 3765
      1 3766
      2 3767
      2 3769
      1 3771
      1 3772
      1 3773
      1 3774
      1 3778
      1 3779
      2 3784
      1 3786
      1 3788
      3 3789
      1 3793
      1 3795
      1 3798
      3 3799
      1 3800
      1 3802
      4 3805
      3 3806
      2 3807
      1 3809
      1 3811
      1 3812
      1 3815
      1 3816
      1 3817
      2 3818
      1 3819
      1 3821
      1 3822
      3 3824
      1 3825
      1 3828
      2 3829
      1 3830
      1 3833
      3 3834
      1 3835
      1 3837
      1 3840
      2 3845
      1 3846
      1 3850
      1 3851
      1 3853
      1 3854
      1 3855
      1 3859
      2 3861
      1 3864
      1 3868
      1 3869
      2 3870
      1 3871
      1 3872
      1 3873
      2 3876
      1 3878
      1 3879
      2 3880
      1 3882
      1 3883
      1 3884
      2 3889
      2 3893
      1 3894
      3 3895
      1 3896
      1 3900
      2 3901
      1 3905
      1 3906
      2 3907
      1 3911
      2 3914
      2 3915
      1 3916
      1 3917
      2 3919
      3 3920
      2 3922
      1 3924
      1 3927
      1 3931
      1 3933
      1 3934
      1 3937
      1 3939
      1 3940
      1 3942
      1 3943
      1 3945
      1 3947
      1 3949
      1 3951
      1 3953
      2 3960
      2 3961
      1 3962
      1 3971
      2 3974
      1 3977
      1 3980
      1 3982
      1 3984
      1 3985
      1 3990
      1 3991
      1 3992
      2 3993
      2 3995
      1 3997
      1 3998
      1 4000
      2 4002
      2 4004
      1 4006
      1 4007
      1 4008
      1 4009
      1 4012
      1 4013
      1 4014
      2 4015
      1 4016
      2 4018
      1 4019
      1 4023
      1 4026
      1 4027
      1 4034
      1 4036
      1 4045
      1 4048
      1 4050
      1 4054
      2 4056
      3 4059
      1 4062
      1 4063
      1 4065
      1 4066
      2 4068
      1 4070
      1 4078
      3 4079
      2 4080
      1 4081
      1 4084
      2 4087
      1 4092
      1 4093
      4 4095
      1 4096
      1 4097
      1 4100
      2 4103
      1 4105
      1 4106
      1 4110
      1 4112
      2 4113
      1 4119
      1 4121
      1 4127
      1 4132
      2 4133
      1 4137
      1 4139
      1 4142
      3 4143
      1 4151
      1 4153
      1 4157
      1 4161
      1 4166
      2 4170
      2 4172
      1 4174
      1 4176
      1 4178
      1 4180
      1 4185
      1 4197
      1 4198
      1 4202
      1 4203
      4 4206
      1 4207
      1 4211
      1 4213
      2 4218
      1 4220
      1 4222
      2 4224
      2 4225
      1 4226
      1 4228
      2 4231
      1 4232
      1 4236
      1 4241
      2 4243
      1 4246
      1 4250
      1 4254
      1 4255
      1 4257
      1 4258
      1 4271
      1 4273
      1 4278
      1 4280
      1 4285
      2 4289
      2 4301
      1 4304
      1 4305
      1 4306
      1 4308
      1 4311
      1 4312
      1 4313
      1 4315
      1 4317
      2 4323
      1 4325
      1 4327
      1 4337
      1 4338
      1 4347
      1 4349
      1 4353
      1 4356
      1 4357
      1 4359
      1 4364
      1 4368
      1 4375
      1 4377
      1 4382
      1 4384
      1 4385
      2 4390
      1 4395
      1 4401
      1 4402
      1 4403
      1 4404
      1 4405
      1 4406
      1 4411
      1 4413
      1 4414
      1 4417
      1 4424
      1 4425
      1 4428
      1 4431
      1 4433
      1 4434
      1 4438
      1 4441
      1 4442
      1 4444
      2 4450
      1 4451
      1 4458
      1 4460
      1 4462
      1 4464
      1 4466
      1 4468
      1 4470
      2 4471
      1 4481
      1 4484
      1 4486
      1 4489
      1 4493
      1 4497
      1 4499
      2 4503
      1 4504
      1 4507
      1 4517
      1 4518
      1 4521
      1 4524
      1 4530
      1 4533
      1 4538
      1 4543
      1 4545
      1 4548
      1 4549
      1 4553
      1 4563
      1 4567
      1 4569
      1 4573
      2 4588
      1 4593
      1 4599
      1 4603
      1 4605
      1 4623
      1 4625
      2 4626
      1 4627
      1 4637
      1 4638
      1 4644
      1 4645
      1 4652
      1 4654
      2 4658
      1 4660
      1 4661
      1 4673
      1 4680
      1 4684
      1 4688
      1 4691
      1 4699
      1 4706
      2 4712
      1 4724
      1 4727
      1 4729
      1 4730
      1 4735
      1 4738
      2 4742
      1 4750
      1 4762
      2 4765
      1 4767
      1 4772
      1 4778
      1 4785
      1 4789
      1 4793
      1 4798
      1 4807
      1 4816
      1 4823
      1 4828
      1 4829
      1 4832
      1 4833
      1 4835
      1 4838
      2 4842
      1 4843
      1 4845
      2 4849
      1 4852
      1 4887
      1 4890
      1 4895
      1 4901
      1 4904
      1 4907
      1 4916
      1 4955
      1 4958
      1 4973
      1 4979
      1 4981
      1 4988
      1 4992
      1 5001
      1 5009
      1 5015
      1 5034
      1 5036
      1 5039
      1 5060
      1 5074
      1 5104
      1 5105
      1 5112
      1 5113
      2 5132
      2 5139
      1 5149
      1 5163
      2 5167
      1 5174
      1 5189
      1 5193
      1 5200
      1 5225
      1 5230
      1 5268
      1 5269
      1 5278
      1 5282
      1 5286
      1 5303
      1 5305
      1 5306
      1 5316
      1 5319
      1 5359
      1 5361
      1 5386
      1 5400
      1 5403
      1 5436
      1 5440
      1 5467
      1 5479
      1 5488
      1 5496
      1 5503
      1 5534
      1 5594
      1 5605
      1 5648
      1 5652
      1 5668
      1 5669
      1 5673
      1 5693
      1 5696
      1 5701
      1 5702
      1 5740
      1 5757
      1 5823
      1 5834
      1 5835
      1 5841
      1 5854
      1 5887
      1 5910
      1 5911
      1 5927
      1 5974
      1 5989
      1 5998
      1 6005
      1 6027
      1 6049
      1 6082
      1 6102
      1 6103
      1 6145
      1 6173
      2 6238
      1 6259
      1 6282
      1 6290
      1 6304
      1 6308
      1 6317
      1 6371
      1 6410
      1 6436
      1 6476
      1 6479
      1 6491
      1 6505
      1 6520
      1 6540
      1 6572
      1 6616
      1 6634
      1 6674
      1 6684
      1 6716
      1 6728
      1 6752
      1 6753
      1 6755
      1 6758
      1 6787
      1 6917
      1 6937
      1 7076
      1 7080
      1 7290
      1 7426
      1 7533
      1 7580
      1 7583
      1 7615
      1 7682
      1 7692
      1 7837
      1 7944
      1 8136
      1 8211
      1 8257
      1 8366
      1 8401
      1 8470
      1 8572
      1 8597
      1 8906
      1 9204
      1 9286
      1 9412
      1 10135
      1 10264
      1 10356
      1 10469
      1 10525
      1 11293
      1 11486
      1 12351
      1 13896
      1 17103
      1 19387
      1 20225
      1 23933
      1 26328
      1 32187
---AAD-PGBENCH-LAG-US---
