pgbench (18.6 (Debian 18.6-1.pgdg13+2))
starting vacuum...end.
transaction type: <builtin: select only>
scaling factor: 1000
query mode: simple
number of clients: 64
number of threads: 16
maximum number of tries: 1
duration: 60 s
number of transactions actually processed: 10947723
number of failed transactions: 0 (0.000%)
latency average = 0.350 ms
initial connection time = 90.817 ms
tps = 182736.596508 (without initial connection time)
---AAD-PGBENCH-LATENCY-US---
rc=0
samples=218547
      1 230
      3 234
      2 235
      4 236
      2 237
      5 238
      7 239
      8 240
      4 241
     30 242
     15 243
     31 244
     25 245
     44 246
     54 247
     57 248
     76 249
    105 250
    110 251
    118 252
    139 253
    165 254
    211 255
    225 256
    247 257
    265 258
    353 259
    360 260
    385 261
    418 262
    450 263
    441 264
    579 265
    575 266
    632 267
    672 268
    778 269
    740 270
    833 271
    855 272
    934 273
   1009 274
    939 275
   1001 276
    987 277
   1045 278
   1025 279
   1043 280
   1007 281
   1005 282
    959 283
   1017 284
    981 285
    874 286
    972 287
    897 288
    946 289
    967 290
    847 291
    920 292
    871 293
    892 294
    898 295
    895 296
    926 297
    920 298
    851 299
    848 300
    913 301
    896 302
    927 303
    880 304
   1039 305
    978 306
    985 307
   1072 308
   1025 309
   1091 310
   1138 311
   1132 312
   1203 313
   1208 314
   1310 315
   1310 316
   1424 317
   1569 318
   1543 319
   1630 320
   1666 321
   1794 322
   1808 323
   1887 324
   2077 325
   2121 326
   2335 327
   2251 328
   2449 329
   2499 330
   2574 331
   2534 332
   2627 333
   2582 334
   2705 335
   2807 336
   2826 337
   2794 338
   2788 339
   2718 340
   2680 341
   2776 342
   2565 343
   2625 344
   2744 345
   2583 346
   2405 347
   2329 348
   2209 349
   2140 350
   1965 351
   1919 352
   1937 353
   1745 354
   1647 355
   1582 356
   1594 357
   1527 358
   1492 359
   1401 360
   1392 361
   1326 362
   1332 363
   1244 364
   1192 365
   1142 366
   1156 367
   1106 368
   1101 369
   1050 370
   1096 371
   1037 372
   1010 373
    998 374
    976 375
   1012 376
    977 377
    922 378
    948 379
    885 380
    942 381
    920 382
    867 383
    874 384
    879 385
    912 386
    848 387
    848 388
    883 389
    837 390
    811 391
    824 392
    890 393
    834 394
    849 395
    834 396
    865 397
    832 398
    808 399
    826 400
    764 401
    779 402
    739 403
    718 404
    678 405
    715 406
    673 407
    648 408
    654 409
    567 410
    545 411
    589 412
    526 413
    521 414
    520 415
    466 416
    470 417
    451 418
    383 419
    440 420
    386 421
    329 422
    340 423
    321 424
    311 425
    324 426
    323 427
    278 428
    287 429
    279 430
    262 431
    263 432
    237 433
    210 434
    229 435
    241 436
    226 437
    217 438
    196 439
    203 440
    208 441
    171 442
    200 443
    195 444
    181 445
    180 446
    164 447
    193 448
    198 449
    190 450
    168 451
    188 452
    176 453
    175 454
    187 455
    183 456
    168 457
    184 458
    184 459
    178 460
    181 461
    164 462
    164 463
    173 464
    158 465
    181 466
    152 467
    144 468
    150 469
    129 470
    154 471
    117 472
    112 473
    125 474
    115 475
     88 476
    121 477
    116 478
    126 479
     97 480
     96 481
     90 482
    100 483
     99 484
     91 485
     68 486
     83 487
     75 488
     59 489
     72 490
     73 491
     75 492
     67 493
     58 494
     60 495
     52 496
     55 497
     70 498
     50 499
     45 500
     55 501
     69 502
     62 503
     51 504
     52 505
     46 506
     63 507
     59 508
     56 509
     61 510
     54 511
     59 512
     53 513
     53 514
     60 515
     53 516
     56 517
     58 518
     55 519
     56 520
     51 521
     61 522
     61 523
     73 524
     67 525
     62 526
     50 527
     57 528
     61 529
     44 530
     70 531
     57 532
     42 533
     52 534
     39 535
     42 536
     42 537
     44 538
     42 539
     33 540
     42 541
     39 542
     45 543
     29 544
     29 545
     38 546
     31 547
     31 548
     30 549
     43 550
     28 551
     27 552
     28 553
     30 554
     24 555
     40 556
     26 557
     28 558
     36 559
     26 560
     31 561
     36 562
     29 563
     31 564
     25 565
     22 566
     37 567
     29 568
     30 569
     30 570
     38 571
     26 572
     27 573
     39 574
     44 575
     37 576
     28 577
     34 578
     39 579
     48 580
     45 581
     45 582
     58 583
     60 584
     42 585
     60 586
     56 587
     51 588
     59 589
     62 590
     48 591
     58 592
     49 593
     44 594
     43 595
     42 596
     33 597
     34 598
     34 599
     28 600
     24 601
     17 602
     12 603
     26 604
     20 605
     14 606
     18 607
     13 608
     10 609
      8 610
     11 611
     14 612
      6 613
      9 614
      6 615
      4 616
      6 617
      8 618
      5 619
      1 620
      6 621
      3 622
      6 623
      4 624
      4 625
      1 626
      2 627
      3 628
      2 629
      3 630
      6 631
      2 633
      2 634
      4 635
      7 636
      3 637
      5 638
      1 640
      1 641
      2 643
      1 644
      3 646
      1 647
      1 649
      1 650
      1 651
      3 652
      1 653
      4 654
      4 655
      3 656
      4 657
      2 658
      1 659
      1 660
      1 661
      2 663
      1 665
      1 666
      2 667
      1 670
      1 673
      1 675
      1 677
      1 681
      1 686
      1 690
      1 694
      1 708
      1 721
      1 723
      2 729
      1 733
      1 757
      1 786
      1 824
      1 857
      1 1248
---AAD-PGBENCH-LAG-US---
