pgbench (18.6 (Debian 18.6-1.pgdg13+2))
starting vacuum...end.
transaction type: <builtin: select only>
scaling factor: 1000
query mode: simple
number of clients: 128
number of threads: 16
maximum number of tries: 1
duration: 480 s
number of transactions actually processed: 116040422
number of failed transactions: 0 (0.000%)
latency average = 0.434 ms
latency stddev = 0.092 ms
rate limit schedule lag: avg 0.063 (max 16.883) ms
initial connection time = 253.976 ms
tps = 241878.183686 (without initial connection time)
---AAD-PGBENCH-LATENCY-US---
rc=0
samples=2318175
      1 228
      2 232
      2 233
      3 234
      4 235
      9 236
      9 237
      7 238
     13 239
     20 240
     18 241
     29 242
     27 243
     45 244
     63 245
     76 246
     98 247
    121 248
    133 249
    134 250
    167 251
    183 252
    239 253
    243 254
    278 255
    367 256
    460 257
    511 258
    549 259
    644 260
    707 261
    811 262
    969 263
   1024 264
   1125 265
   1290 266
   1449 267
   1580 268
   1661 269
   1915 270
   2090 271
   2188 272
   2388 273
   2540 274
   2756 275
   2994 276
   3021 277
   3282 278
   3487 279
   3675 280
   3745 281
   4010 282
   3972 283
   4142 284
   4398 285
   4406 286
   4673 287
   4690 288
   4852 289
   4958 290
   5072 291
   5249 292
   5444 293
   5492 294
   5662 295
   5685 296
   5912 297
   6195 298
   6207 299
   6417 300
   6528 301
   6893 302
   6911 303
   7183 304
   7313 305
   7641 306
   7907 307
   8126 308
   8470 309
   8557 310
   8802 311
   9315 312
   9531 313
   9787 314
  10166 315
  10575 316
  10951 317
  11154 318
  11662 319
  11956 320
  12144 321
  12708 322
  13140 323
  13365 324
  14136 325
  14383 326
  15019 327
  15477 328
  16358 329
  16734 330
  17389 331
  17966 332
  18540 333
  19277 334
  19562 335
  20379 336
  21003 337
  22128 338
  22142 339
  22796 340
  23338 341
  24389 342
  24145 343
  24682 344
  25037 345
  25287 346
  24884 347
  25137 348
  24647 349
  24548 350
  23907 351
  23459 352
  22805 353
  22518 354
  21889 355
  21332 356
  20877 357
  20253 358
  19841 359
  19096 360
  19145 361
  18437 362
  17981 363
  17627 364
  16743 365
  16571 366
  16085 367
  16028 368
  15623 369
  15332 370
  14893 371
  14902 372
  14497 373
  14181 374
  14178 375
  13641 376
  13678 377
  13568 378
  13256 379
  13278 380
  12913 381
  12840 382
  12675 383
  12388 384
  12588 385
  12457 386
  12325 387
  12265 388
  11938 389
  12139 390
  12116 391
  12163 392
  11941 393
  12104 394
  11903 395
  12007 396
  12073 397
  12054 398
  12115 399
  12337 400
  12306 401
  12305 402
  12336 403
  12480 404
  12736 405
  12589 406
  12430 407
  12779 408
  12750 409
  12576 410
  12875 411
  12627 412
  12634 413
  12414 414
  12515 415
  12192 416
  11945 417
  11475 418
  11220 419
  10811 420
  10631 421
  10331 422
   9838 423
   9561 424
   9210 425
   8757 426
   8448 427
   8053 428
   7832 429
   7663 430
   7246 431
   6860 432
   6733 433
   6387 434
   6286 435
   6055 436
   5874 437
   5635 438
   5340 439
   5257 440
   5122 441
   4986 442
   4848 443
   4755 444
   4706 445
   4478 446
   4361 447
   4365 448
   4253 449
   4129 450
   3991 451
   3878 452
   3840 453
   3720 454
   3749 455
   3614 456
   3582 457
   3500 458
   3482 459
   3375 460
   3319 461
   3270 462
   3218 463
   3224 464
   3322 465
   3215 466
   3190 467
   3129 468
   3257 469
   3096 470
   3134 471
   3147 472
   3153 473
   3030 474
   3032 475
   3081 476
   3071 477
   3034 478
   3018 479
   2965 480
   2956 481
   2875 482
   2899 483
   2773 484
   2715 485
   2681 486
   2588 487
   2465 488
   2263 489
   2272 490
   2125 491
   2056 492
   1954 493
   1953 494
   1815 495
   1777 496
   1650 497
   1497 498
   1465 499
   1475 500
   1374 501
   1238 502
   1197 503
   1207 504
   1108 505
   1027 506
   1044 507
    969 508
    867 509
    899 510
    888 511
    883 512
    861 513
    840 514
    718 515
    707 516
    713 517
    685 518
    609 519
    663 520
    623 521
    577 522
    553 523
    597 524
    546 525
    525 526
    540 527
    499 528
    527 529
    462 530
    476 531
    451 532
    433 533
    485 534
    496 535
    431 536
    456 537
    439 538
    432 539
    428 540
    420 541
    406 542
    435 543
    390 544
    369 545
    375 546
    414 547
    358 548
    364 549
    380 550
    353 551
    347 552
    360 553
    322 554
    322 555
    281 556
    322 557
    279 558
    284 559
    280 560
    237 561
    237 562
    249 563
    210 564
    220 565
    178 566
    171 567
    170 568
    155 569
    152 570
    158 571
    145 572
    131 573
    124 574
    125 575
    131 576
    127 577
    107 578
    106 579
     98 580
     93 581
    110 582
     94 583
    102 584
     92 585
     81 586
     73 587
     77 588
     83 589
     83 590
     70 591
     72 592
     58 593
     56 594
     54 595
     74 596
     69 597
     52 598
     47 599
     63 600
     52 601
     60 602
     44 603
     63 604
     50 605
     51 606
     39 607
     38 608
     43 609
     53 610
     43 611
     48 612
     37 613
     44 614
     45 615
     42 616
     45 617
     41 618
     47 619
     40 620
     40 621
     36 622
     43 623
     26 624
     44 625
     36 626
     28 627
     36 628
     31 629
     31 630
     32 631
     25 632
     32 633
     31 634
     14 635
     20 636
     17 637
     19 638
     29 639
     21 640
     18 641
     20 642
     16 643
     18 644
     18 645
     10 646
     12 647
      9 648
     10 649
      9 650
     16 651
     11 652
     18 653
     10 654
     22 655
     10 656
     10 657
      7 658
      6 659
      8 660
     16 661
     10 662
      6 663
     11 664
      8 665
      6 666
     11 667
      7 668
      6 669
      9 670
     11 671
      7 672
     11 673
      5 674
      7 675
      9 676
      3 678
      5 679
      9 680
      7 681
      5 682
      7 683
      6 684
      7 685
     10 686
      6 687
      2 688
      7 689
      4 690
      3 691
      8 692
      7 693
      4 694
      1 695
      6 696
      4 697
      1 698
      5 699
      5 700
      5 701
      7 702
      4 703
      4 704
      1 705
      4 706
      4 707
      2 708
      5 709
      4 710
      4 711
      2 712
      2 713
      2 714
      4 715
      2 716
      1 717
      1 718
      4 719
      1 720
      2 721
      4 722
      3 723
      1 724
      2 725
      1 727
      3 728
      4 729
      3 731
      2 732
      3 735
      1 736
      1 737
      1 738
      2 739
      1 740
      4 741
      1 743
      3 744
      1 745
      1 747
      1 748
      2 750
      3 752
      2 753
      2 754
      1 755
      4 756
      2 757
      1 759
      6 760
      2 761
      1 762
      2 763
      2 765
      2 767
      2 768
      3 769
      2 772
      1 773
      2 775
      1 776
      2 777
      1 778
      1 779
      1 784
      1 786
      1 787
      2 790
      2 791
      1 794
      1 797
      1 799
      1 800
      2 803
      1 804
      1 805
      1 809
      2 810
      1 815
      1 817
      1 818
      1 821
      1 822
      2 823
      4 825
      2 826
      2 827
      1 828
      1 829
      1 830
      2 834
      1 841
      1 842
      2 843
      1 845
      1 853
      1 854
      1 857
      1 868
      1 870
      1 878
      1 879
      1 880
      1 886
      1 887
      1 888
      1 896
      1 897
      1 909
      1 939
      1 956
      1 965
      1 973
      1 987
      1 989
      1 994
      1 996
      1 1000
      1 1006
      1 1022
      1 1040
      1 1043
      1 1050
      1 1061
      1 1097
      1 1103
      1 1105
      1 1135
      1 1142
      1 1176
      1 1194
      1 1214
      1 1269
      1 1292
      1 1396
      1 1443
      1 1475
      1 1661
      1 1720
      1 1784
      1 1810
      1 1816
      1 1907
      1 1986
      1 2097
      1 2152
      1 2230
      1 2330
      1 2342
      1 2373
      1 2510
      1 2567
      1 2583
      1 2606
      1 2618
      1 2662
      1 2806
      1 3038
      1 3473
      1 4127
      1 4159
      1 4222
      1 4309
      1 20455
      1 23810
---AAD-PGBENCH-LAG-US---
  39178 0
  33518 1
  29931 2
  28314 3
  27635 4
  26836 5
  26079 6
  25296 7
  24576 8
  24076 9
  23665 10
  22979 11
  22741 12
  22674 13
  22448 14
  22484 15
  22414 16
  22105 17
  22114 18
  21984 19
  22160 20
  21818 21
  21847 22
  21963 23
  21959 24
  21891 25
  22017 26
  21880 27
  21715 28
  21841 29
  21840 30
  21924 31
  21760 32
  21524 33
  21196 34
  21297 35
  20568 36
  20390 37
  20350 38
  20231 39
  19943 40
  19843 41
  19669 42
  19404 43
  19115 44
  18995 45
  18774 46
  18576 47
  18447 48
  18234 49
  17696 50
  17110 51
  16308 52
  15045 53
  14790 54
  22530 55
  39986 56
  26302 57
  20706 58
  19711 59
  18734 60
  22207 61
  39612 62
  51491 63
  55442 64
  54268 65
  32861 66
  25147 67
  27113 68
  25598 69
  25585 70
  24480 71
  23834 72
  21674 73
  16135 74
  13681 75
  12245 76
  11253 77
  10672 78
  10405 79
   9391 80
   8293 81
   7597 82
   7061 83
   6440 84
   5913 85
   5764 86
   5343 87
   5085 88
   4934 89
   4733 90
   4430 91
   4416 92
   4169 93
   4045 94
   4030 95
   3741 96
   3728 97
   3653 98
   3745 99
   3718 100
   3622 101
   3522 102
   3506 103
   3507 104
   3326 105
   3369 106
   3438 107
   3311 108
   3281 109
   3185 110
   3240 111
   3178 112
   3221 113
   3136 114
   3127 115
   3131 116
   3053 117
   3063 118
   2994 119
   2970 120
   2920 121
   2987 122
   2959 123
   2914 124
   2871 125
   2895 126
   2839 127
   2892 128
   2819 129
   2707 130
   2819 131
   2735 132
   2719 133
   2649 134
   2679 135
   2610 136
   2662 137
   2647 138
   2527 139
   2690 140
   2581 141
   2480 142
   2611 143
   2567 144
   2504 145
   2422 146
   2441 147
   2488 148
   2318 149
   2352 150
   2389 151
   2270 152
   2220 153
   2289 154
   2252 155
   2184 156
   2202 157
   2221 158
   2176 159
   2173 160
   2103 161
   2064 162
   2033 163
   2169 164
   2101 165
   2063 166
   2071 167
   2026 168
   2049 169
   1970 170
   1951 171
   1912 172
   1911 173
   1886 174
   1914 175
   1853 176
   1830 177
   1783 178
   1777 179
   1754 180
   1690 181
   1780 182
   1724 183
   1686 184
   1648 185
   1723 186
   1643 187
   1666 188
   1562 189
   1562 190
   1612 191
   1562 192
   1544 193
   1508 194
   1495 195
   1503 196
   1391 197
   1404 198
   1433 199
   1396 200
   1407 201
   1324 202
   1395 203
   1341 204
   1410 205
   1329 206
   1252 207
   1226 208
   1307 209
   1181 210
   1244 211
   1228 212
   1214 213
   1200 214
   1125 215
   1173 216
   1189 217
   1091 218
   1143 219
   1110 220
   1069 221
   1065 222
   1056 223
   1030 224
   1035 225
    987 226
    988 227
    982 228
    956 229
    964 230
    971 231
    933 232
    939 233
    921 234
    910 235
    849 236
    824 237
    828 238
    881 239
    833 240
    833 241
    813 242
    817 243
    797 244
    833 245
    789 246
    748 247
    759 248
    739 249
    717 250
    690 251
    717 252
    748 253
    635 254
    676 255
    662 256
    666 257
    660 258
    618 259
    652 260
    640 261
    605 262
    612 263
    538 264
    566 265
    610 266
    561 267
    581 268
    538 269
    579 270
    555 271
    525 272
    513 273
    493 274
    506 275
    504 276
    478 277
    486 278
    491 279
    479 280
    468 281
    468 282
    447 283
    414 284
    435 285
    399 286
    492 287
    429 288
    397 289
    430 290
    415 291
    384 292
    388 293
    402 294
    396 295
    377 296
    411 297
    352 298
    388 299
    354 300
    395 301
    339 302
    351 303
    329 304
    365 305
    329 306
    278 307
    294 308
    304 309
    306 310
    315 311
    304 312
    296 313
    291 314
    293 315
    320 316
    283 317
    277 318
    254 319
    267 320
    283 321
    239 322
    263 323
    292 324
    255 325
    249 326
    231 327
    258 328
    213 329
    231 330
    227 331
    224 332
    227 333
    210 334
    203 335
    223 336
    203 337
    212 338
    238 339
    200 340
    205 341
    186 342
    198 343
    207 344
    179 345
    179 346
    186 347
    190 348
    181 349
    186 350
    160 351
    177 352
    174 353
    172 354
    156 355
    190 356
    159 357
    170 358
    150 359
    175 360
    155 361
    143 362
    141 363
    134 364
    127 365
    139 366
    137 367
    137 368
    144 369
    137 370
    153 371
    117 372
    118 373
    131 374
    111 375
    123 376
    109 377
    141 378
    113 379
    106 380
    128 381
    105 382
    122 383
    110 384
    112 385
    115 386
    125 387
    108 388
    107 389
    101 390
    104 391
    101 392
     91 393
    101 394
    111 395
     85 396
    115 397
     91 398
     98 399
     88 400
     93 401
     86 402
     83 403
     74 404
     88 405
     92 406
     82 407
     94 408
     87 409
    103 410
     87 411
     86 412
     73 413
     88 414
     71 415
     77 416
     78 417
     71 418
     76 419
     70 420
     79 421
     68 422
     74 423
     58 424
     78 425
     66 426
     71 427
     77 428
     76 429
     68 430
     69 431
     45 432
     72 433
     59 434
     55 435
     50 436
     55 437
     52 438
     81 439
     57 440
     56 441
     68 442
     57 443
     43 444
     58 445
     50 446
     44 447
     41 448
     52 449
     52 450
     46 451
     43 452
     48 453
     55 454
     55 455
     53 456
     44 457
     45 458
     43 459
     35 460
     46 461
     38 462
     48 463
     42 464
     44 465
     34 466
     38 467
     31 468
     42 469
     38 470
     39 471
     38 472
     30 473
     38 474
     47 475
     36 476
     31 477
     26 478
     38 479
     42 480
     40 481
     21 482
     31 483
     40 484
     37 485
     35 486
     31 487
     24 488
     29 489
     30 490
     34 491
     23 492
     28 493
     33 494
     25 495
     28 496
     24 497
     39 498
     25 499
     24 500
     26 501
     30 502
     28 503
     22 504
     21 505
     30 506
     16 507
     25 508
     19 509
     18 510
     23 511
     23 512
     19 513
     19 514
     27 515
     19 516
     19 517
     26 518
     14 519
     21 520
     19 521
     31 522
     15 523
     23 524
     20 525
     21 526
     18 527
     20 528
     14 529
     15 530
     16 531
     17 532
     17 533
     11 534
     25 535
     25 536
     14 537
     26 538
     15 539
     17 540
     11 541
     19 542
     20 543
     18 544
     14 545
     11 546
     19 547
     14 548
     14 549
     13 550
     15 551
      7 552
     18 553
     16 554
     13 555
     16 556
     10 557
     15 558
     19 559
     17 560
     18 561
     10 562
      9 563
     17 564
      9 565
     13 566
      8 567
      7 568
      9 569
      9 570
     12 571
     11 572
     10 573
      9 574
     10 575
     12 576
     17 577
      7 578
     12 579
     11 580
     17 581
     12 582
     13 583
      8 584
     13 585
      5 586
     10 587
      8 588
     16 589
      9 590
      7 591
     10 592
      7 593
      6 594
      7 595
     13 596
     10 597
     12 598
     11 599
      9 600
      8 601
      6 602
      7 603
      8 604
      7 605
      5 606
      4 607
      8 608
      9 609
      5 610
      5 611
      2 612
     10 613
      8 614
      7 615
      8 616
      8 617
      8 618
      4 619
      9 620
      6 621
      9 622
      6 623
      8 624
     10 625
     10 626
      4 627
      5 628
      7 629
      3 630
      5 631
      4 632
      5 633
      5 634
      6 635
      5 636
      4 637
      2 638
      9 639
      6 640
      1 641
      4 642
      6 643
      4 644
      8 645
      6 646
      7 647
      3 648
      4 649
      6 650
      3 651
      3 652
      5 653
      5 654
      2 655
      4 656
      2 657
      5 658
      7 659
      8 660
      4 661
      6 662
      4 663
      3 664
      6 665
      1 666
      6 667
      1 668
      5 670
      2 671
      1 672
      3 673
      4 674
      5 675
      2 676
      2 677
      2 678
      1 679
      2 680
      1 681
      7 682
      5 683
      3 684
      5 685
      1 686
      2 687
      3 688
      1 689
      7 690
      1 691
      7 692
      2 693
      1 694
      5 695
      1 696
      2 697
      1 698
      6 699
      3 700
      2 701
      1 702
      1 703
      3 704
      3 705
      1 706
      1 707
      1 708
      2 709
      1 710
      3 711
      2 712
      5 715
      1 717
      1 718
      1 719
      4 720
      2 721
      2 722
      1 723
      4 724
      2 725
      2 726
      3 727
      3 730
      2 731
      1 732
      2 733
      2 734
      2 735
      2 736
      1 737
      1 738
      2 739
      1 740
      1 741
      2 742
      2 746
      1 747
      1 748
      2 750
      2 753
      3 754
      4 755
      2 756
      2 757
      1 758
      1 759
      2 761
      4 765
      1 766
      4 767
      1 768
      2 769
      1 772
      2 773
      1 774
      2 777
      1 779
      1 782
      1 783
      1 784
      2 788
      1 790
      1 791
      1 793
      2 795
      1 796
      2 798
      1 799
      1 801
      1 802
      1 804
      1 805
      1 808
      2 811
      1 813
      1 814
      1 815
      1 817
      1 819
      3 822
      1 823
      1 824
      1 825
      1 826
      1 828
      1 829
      2 831
      1 834
      1 836
      1 839
      1 840
      4 843
      2 846
      2 850
      1 851
      1 853
      1 854
      2 857
      2 860
      1 862
      3 863
      1 865
      1 870
      2 871
      1 877
      3 878
      2 880
      1 885
      1 889
      1 890
      1 893
      2 899
      2 900
      1 901
      1 903
      1 904
      1 905
      1 906
      1 913
      1 915
      1 917
      1 924
      1 928
      1 929
      1 932
      1 936
      1 939
      1 941
      1 943
      1 948
      1 949
      1 957
      2 976
      1 981
      1 987
      1 1017
      1 1020
      1 1021
      1 1034
      1 1041
      1 1047
      1 1051
      1 1055
      1 1061
      2 1074
      1 1076
      1 1086
      1 1092
      1 1094
      1 1100
      1 1106
      1 1117
      1 1140
      1 1156
      1 1162
      2 1168
      1 1169
      1 1173
      1 1185
      1 1191
      1 1208
      1 1225
      1 1234
      1 1235
      1 1243
      1 1277
      1 1285
      2 1286
      1 1306
      1 1307
      1 1311
      1 1323
      1 1324
      1 1334
      1 1340
      1 1347
      1 1348
      1 1354
      1 1371
      2 1377
      1 1399
      1 1405
      1 1416
      1 1418
      1 1432
      1 1444
      1 1464
      1 1498
      1 1525
      1 1541
      1 1564
      1 1567
      1 1570
      1 1581
      1 1582
      1 1585
      1 1591
      1 1593
      1 1595
      1 1611
      1 1616
      1 1655
      1 1668
      1 1686
      1 1687
      1 1690
      1 1695
      1 1717
      1 1725
      1 1729
      1 1748
      1 1754
      1 1763
      2 1796
      2 1802
      1 1819
      1 1835
      1 1842
      1 1847
      1 1851
      1 1863
      1 1878
      1 1885
      1 1904
      1 1905
      1 1915
      1 1931
      1 1940
      1 1963
      1 1964
      1 1966
      1 1974
      1 2009
      1 2025
      1 2027
      1 2030
      1 2042
      1 2046
      1 2072
      1 2095
      1 2098
      1 2138
      1 2149
      1 2160
      1 2185
      1 2209
      1 2228
      1 2377
      1 2386
      1 2390
      1 2446
      1 2452
      1 2479
      1 2493
      1 2684
      1 2769
      1 2779
      1 2805
      1 2811
      1 2973
      1 3012
      1 3101
      1 3276
      1 3278
      1 3402
      1 3438
      1 3484
      1 3670
      1 3861
      1 4422
      1 4832
      1 5502
      1 5559
      1 5711
      1 5957
      1 6058
      1 6084
      1 6118
      1 6165
      1 6400
      1 7093
      1 7651
      1 7717
      1 8649
      1 9181
      1 9601
      1 9707
      1 10475
      1 10806
      1 11121
      1 11147
      1 11306
      1 11750
      1 12189
      1 12904
      1 12946
      1 13088
      1 16073
