pgbench (18.6 (Debian 18.6-1.pgdg13+2))
starting vacuum...end.
transaction type: <builtin: select only>
scaling factor: 1000
query mode: simple
number of clients: 128
number of threads: 16
maximum number of tries: 1
duration: 480 s
number of transactions actually processed: 53116760
number of failed transactions: 0 (0.000%)
latency average = 0.439 ms
latency stddev = 0.250 ms
rate limit schedule lag: avg 0.049 (max 33.762) ms
initial connection time = 228.032 ms
tps = 110707.064038 (without initial connection time)
---AAD-PGBENCH-LATENCY-US---
rc=0
samples=1062543
      1 229
      1 230
      3 235
      1 236
      7 237
      2 238
      7 239
     16 240
     18 241
     17 242
     20 243
     43 244
     53 245
     67 246
     83 247
     92 248
    135 249
    160 250
    188 251
    221 252
    267 253
    294 254
    362 255
    421 256
    506 257
    559 258
    585 259
    694 260
    833 261
    854 262
    940 263
   1060 264
   1205 265
   1234 266
   1399 267
   1578 268
   1651 269
   1764 270
   1875 271
   2031 272
   2083 273
   2266 274
   2320 275
   2457 276
   2629 277
   2636 278
   2768 279
   2745 280
   2924 281
   3103 282
   3186 283
   3234 284
   3355 285
   3316 286
   3387 287
   3647 288
   3694 289
   3706 290
   3925 291
   3994 292
   3942 293
   4177 294
   4254 295
   4298 296
   4456 297
   4361 298
   4519 299
   4588 300
   4794 301
   4865 302
   4876 303
   5001 304
   5146 305
   5179 306
   5279 307
   5411 308
   5496 309
   5561 310
   5750 311
   5782 312
   5937 313
   5933 314
   6049 315
   6200 316
   6384 317
   6341 318
   6447 319
   6527 320
   6628 321
   6649 322
   6740 323
   6627 324
   6754 325
   6866 326
   6790 327
   6881 328
   6979 329
   6813 330
   6853 331
   6957 332
   6893 333
   6842 334
   6876 335
   6839 336
   6817 337
   6800 338
   6676 339
   6407 340
   6563 341
   6609 342
   6488 343
   6484 344
   6362 345
   6276 346
   6171 347
   6179 348
   6022 349
   5995 350
   5915 351
   6089 352
   5782 353
   5794 354
   5777 355
   5802 356
   5724 357
   5574 358
   5661 359
   5655 360
   5644 361
   5674 362
   5511 363
   5519 364
   5573 365
   5477 366
   5516 367
   5515 368
   5576 369
   5255 370
   5377 371
   5365 372
   5282 373
   5427 374
   5169 375
   5224 376
   5259 377
   5143 378
   5184 379
   5214 380
   4929 381
   4982 382
   4903 383
   4954 384
   5007 385
   4972 386
   4789 387
   4727 388
   4738 389
   4675 390
   4662 391
   4646 392
   4536 393
   4489 394
   4616 395
   4464 396
   4389 397
   4398 398
   4399 399
   4271 400
   4225 401
   4294 402
   4189 403
   4012 404
   3993 405
   4021 406
   4026 407
   3955 408
   3818 409
   3899 410
   3716 411
   3763 412
   3895 413
   3646 414
   3666 415
   3658 416
   3697 417
   3467 418
   3439 419
   3537 420
   3486 421
   3418 422
   3312 423
   3397 424
   3239 425
   3422 426
   3255 427
   3169 428
   3232 429
   3144 430
   3134 431
   3149 432
   3098 433
   3039 434
   3057 435
   2960 436
   2937 437
   2947 438
   2980 439
   2826 440
   2851 441
   2824 442
   2860 443
   2725 444
   2746 445
   2581 446
   2648 447
   2659 448
   2692 449
   2454 450
   2539 451
   2571 452
   2492 453
   2444 454
   2443 455
   2427 456
   2319 457
   2252 458
   2355 459
   2330 460
   2263 461
   2278 462
   2184 463
   2132 464
   2109 465
   2195 466
   2182 467
   2115 468
   2063 469
   1988 470
   2021 471
   1963 472
   1920 473
   1955 474
   1912 475
   1914 476
   1920 477
   1833 478
   1885 479
   1807 480
   1831 481
   1740 482
   1722 483
   1726 484
   1744 485
   1640 486
   1741 487
   1620 488
   1646 489
   1610 490
   1608 491
   1563 492
   1556 493
   1601 494
   1562 495
   1535 496
   1502 497
   1476 498
   1535 499
   1506 500
   1449 501
   1494 502
   1358 503
   1354 504
   1367 505
   1468 506
   1379 507
   1330 508
   1403 509
   1298 510
   1323 511
   1246 512
   1279 513
   1277 514
   1247 515
   1256 516
   1301 517
   1184 518
   1177 519
   1196 520
   1196 521
   1247 522
   1158 523
   1119 524
   1143 525
   1077 526
   1121 527
   1090 528
   1101 529
   1017 530
   1077 531
   1012 532
   1000 533
   1028 534
   1001 535
    970 536
    974 537
    974 538
    937 539
    932 540
    911 541
    901 542
    920 543
    888 544
    858 545
    911 546
    782 547
    847 548
    839 549
    814 550
    791 551
    788 552
    742 553
    730 554
    804 555
    695 556
    795 557
    725 558
    709 559
    695 560
    698 561
    669 562
    664 563
    649 564
    668 565
    627 566
    589 567
    607 568
    625 569
    608 570
    580 571
    579 572
    568 573
    560 574
    490 575
    531 576
    519 577
    530 578
    532 579
    505 580
    474 581
    481 582
    458 583
    484 584
    461 585
    452 586
    445 587
    450 588
    415 589
    441 590
    413 591
    413 592
    417 593
    396 594
    371 595
    370 596
    377 597
    347 598
    379 599
    356 600
    370 601
    367 602
    346 603
    343 604
    396 605
    325 606
    304 607
    301 608
    293 609
    308 610
    319 611
    274 612
    264 613
    280 614
    322 615
    317 616
    271 617
    231 618
    267 619
    253 620
    230 621
    252 622
    260 623
    238 624
    236 625
    243 626
    211 627
    243 628
    218 629
    217 630
    233 631
    208 632
    182 633
    200 634
    201 635
    214 636
    201 637
    175 638
    187 639
    203 640
    184 641
    190 642
    178 643
    175 644
    163 645
    177 646
    169 647
    171 648
    164 649
    147 650
    161 651
    140 652
    146 653
    156 654
    124 655
    153 656
    134 657
    114 658
    114 659
    131 660
    144 661
    111 662
    149 663
    116 664
    114 665
    145 666
    144 667
    124 668
    127 669
    121 670
    113 671
    117 672
    122 673
    120 674
    110 675
     86 676
    107 677
    124 678
    101 679
     88 680
     84 681
     96 682
     95 683
    104 684
     79 685
     72 686
     84 687
     86 688
     81 689
     96 690
     72 691
     79 692
     80 693
     82 694
     82 695
     72 696
     72 697
     87 698
     69 699
     69 700
     66 701
     70 702
     60 703
     64 704
     71 705
     56 706
     60 707
     62 708
     65 709
     71 710
     67 711
     50 712
     60 713
     51 714
     71 715
     43 716
     47 717
     53 718
     55 719
     60 720
     55 721
     34 722
     53 723
     40 724
     67 725
     55 726
     54 727
     35 728
     48 729
     41 730
     42 731
     45 732
     50 733
     41 734
     53 735
     33 736
     42 737
     42 738
     29 739
     30 740
     34 741
     45 742
     36 743
     25 744
     47 745
     30 746
     43 747
     27 748
     40 749
     26 750
     39 751
     32 752
     33 753
     27 754
     33 755
     29 756
     32 757
     25 758
     22 759
     30 760
     26 761
     29 762
     29 763
     31 764
     27 765
     31 766
     24 767
     28 768
     37 769
     32 770
     25 771
     23 772
     35 773
     25 774
     25 775
     16 776
     25 777
     26 778
     22 779
     20 780
     20 781
     11 782
     26 783
     23 784
     21 785
     20 786
     18 787
     14 788
     24 789
     22 790
     22 791
     20 792
     17 793
     18 794
     17 795
     21 796
     20 797
     26 798
     17 799
     22 800
     25 801
     19 802
     19 803
     20 804
     18 805
     19 806
     20 807
     17 808
     17 809
     21 810
     15 811
     14 812
      9 813
     22 814
     12 815
     10 816
     12 817
     14 818
     19 819
     18 820
     17 821
     12 822
     14 823
     13 824
     19 825
     14 826
     17 827
     11 828
     11 829
     16 830
     14 831
     14 832
     15 833
     12 834
     11 835
      5 836
     16 837
     17 838
     20 839
     15 840
     18 841
     11 842
     10 843
      5 844
     13 845
     10 846
     20 847
      6 848
      8 849
     10 850
     10 851
      9 852
     12 853
     18 854
     11 855
      8 856
      7 857
     11 858
      9 859
      9 860
     10 861
      6 862
     10 863
     13 864
      8 865
     14 866
      7 867
     12 868
      6 869
     15 870
     12 871
      6 872
     12 873
     11 874
     14 875
     11 876
     14 877
      6 878
      6 879
      8 880
      5 881
      7 882
     16 883
      8 884
      5 885
      4 886
      6 887
      7 888
     10 889
      2 890
      6 891
      7 892
     11 893
     10 894
      8 895
      9 896
      5 897
      8 898
      7 899
      7 900
      7 901
      8 902
      9 903
     11 904
      8 905
     15 906
      6 907
     11 908
      8 909
      8 910
      7 911
      9 912
     13 913
     12 914
      5 915
      5 916
      4 917
      7 918
      8 919
      7 920
      4 921
      3 922
      7 923
      5 924
      7 925
      7 926
      4 927
      5 928
      3 929
      4 930
     10 931
      1 932
      6 933
     10 934
     11 935
      6 936
      4 937
      7 938
      8 939
     11 940
     10 941
      5 942
      4 943
      8 944
      8 945
      6 946
      8 947
      9 948
      2 949
      2 950
      8 951
      6 952
      6 953
      5 954
      7 955
      3 956
      3 957
      2 958
      5 959
     11 960
      3 961
     10 962
      7 963
      7 964
      8 965
      6 966
      4 967
      5 968
      3 969
      6 970
      8 971
     10 972
      6 973
      5 974
      3 975
      5 976
      7 977
      8 978
     13 979
      6 980
      8 981
      3 982
      3 983
      5 984
      4 985
      7 986
      5 987
      8 988
      3 989
      3 990
      5 991
      7 992
      6 993
     13 994
      5 995
      7 996
      5 997
      9 998
      4 999
     10 1000
      6 1001
      7 1002
      4 1003
      4 1004
      5 1005
      1 1006
      4 1007
      9 1008
      6 1009
      6 1010
      6 1011
      6 1012
      6 1013
      4 1014
      4 1015
      4 1016
      6 1017
      8 1018
      3 1019
      5 1020
      3 1021
      4 1022
      7 1023
      5 1024
      2 1025
      6 1026
      5 1027
      3 1028
      7 1029
      4 1030
      3 1031
      7 1032
      3 1033
      4 1034
      5 1035
      2 1036
     10 1037
      5 1038
      5 1039
      5 1040
      5 1041
      3 1042
      5 1043
      5 1044
      4 1045
     10 1046
      5 1047
      7 1048
      6 1049
      6 1050
      7 1051
      2 1052
      6 1053
      5 1054
      3 1055
      4 1056
      6 1057
      6 1058
      8 1059
      7 1060
      4 1061
      1 1062
      5 1063
      3 1064
      6 1065
      6 1066
      4 1067
      2 1068
      4 1069
      2 1070
      5 1071
      4 1072
      4 1073
      3 1074
      5 1075
      2 1076
      4 1077
      4 1078
      3 1079
      5 1080
      3 1081
      4 1082
      4 1083
      3 1084
      3 1085
      4 1086
      6 1087
      5 1088
      4 1089
      1 1090
      2 1091
      8 1092
      3 1093
      6 1094
      7 1095
      8 1096
      4 1097
      1 1098
      6 1099
      7 1100
      3 1101
      5 1102
      7 1103
      2 1104
      2 1105
      3 1106
      4 1107
      3 1108
      3 1109
      6 1110
      4 1111
      5 1112
      6 1113
      2 1114
      5 1115
      4 1116
      4 1117
      5 1118
      2 1119
      4 1120
      3 1121
      5 1122
      3 1123
      3 1124
      4 1125
      5 1126
      6 1128
      3 1129
      4 1130
      7 1131
      4 1132
      1 1133
      2 1134
      5 1135
      7 1136
      5 1137
      5 1138
      7 1139
      3 1140
      8 1141
      8 1142
      2 1143
      6 1144
      6 1145
      6 1146
      9 1147
      5 1148
      3 1149
      8 1150
      5 1151
      2 1152
      2 1153
      5 1154
      3 1155
      3 1156
      2 1157
      2 1158
      4 1159
      3 1160
      5 1161
      4 1162
      8 1163
      6 1164
      6 1165
      3 1166
      5 1167
      8 1168
      4 1169
      6 1170
      7 1171
      7 1172
      3 1173
      3 1174
      3 1175
      4 1176
      2 1177
      4 1178
      6 1179
      2 1180
      6 1181
      8 1182
      5 1183
      5 1184
      7 1185
      1 1186
      4 1187
      8 1188
      6 1189
      7 1190
      4 1191
      6 1192
      2 1193
      2 1194
      1 1195
      4 1196
     10 1197
      5 1198
      1 1199
      6 1200
      2 1201
      5 1202
      5 1203
      1 1204
      2 1205
      7 1206
      3 1207
      5 1208
      5 1209
      4 1210
     12 1211
      7 1212
      4 1213
      3 1214
      4 1215
      5 1216
      4 1217
      4 1218
      4 1219
      2 1220
      4 1221
      4 1222
      6 1223
      5 1224
      3 1225
      3 1226
      4 1227
      2 1228
      3 1229
      4 1230
      4 1231
      3 1232
      2 1233
      4 1234
      7 1235
      1 1236
      5 1237
      3 1238
      5 1239
      3 1240
      3 1241
      3 1242
      2 1243
      7 1244
      6 1245
      4 1246
      6 1247
      6 1248
      7 1249
      2 1250
      2 1251
      3 1252
      6 1253
      3 1254
      5 1255
      5 1256
      2 1257
      3 1258
      3 1259
      8 1260
      5 1261
      1 1262
      2 1263
      4 1264
      2 1265
      4 1266
      2 1267
      3 1268
      2 1269
      6 1270
      6 1271
      4 1272
      4 1273
      7 1274
      4 1275
      4 1276
      5 1277
      3 1278
      5 1279
      4 1280
      5 1281
      4 1282
      2 1283
      4 1284
      9 1285
      5 1286
      5 1287
      2 1288
      4 1289
      6 1290
      4 1291
      3 1292
      5 1293
      2 1294
      2 1295
      2 1296
      3 1297
      5 1298
      3 1299
      6 1300
      5 1302
      2 1303
      3 1304
      6 1305
      7 1306
      2 1307
      5 1308
      4 1309
      5 1310
      3 1311
      5 1312
      4 1313
      4 1314
      7 1315
      6 1316
      6 1317
      5 1318
      1 1319
      2 1320
      7 1322
      8 1323
      4 1324
      3 1325
      2 1326
      6 1327
      5 1328
      2 1329
      3 1330
      4 1331
      4 1332
      3 1333
      6 1334
      7 1335
      2 1336
      2 1337
      6 1338
      3 1339
      4 1340
      3 1341
      5 1342
      3 1343
      7 1344
      6 1345
      3 1346
      5 1347
      3 1348
      4 1349
      3 1350
      3 1351
      4 1352
      2 1353
      4 1354
     11 1355
      6 1356
      2 1357
      3 1358
      6 1359
      4 1360
      4 1361
      6 1362
      2 1363
      5 1364
      5 1365
      3 1366
      1 1367
      3 1368
      3 1369
      3 1370
      8 1371
      1 1372
      5 1373
      6 1374
      4 1375
      2 1376
      4 1377
      5 1378
      3 1379
      5 1380
      4 1381
      4 1382
      4 1383
      6 1384
      3 1385
      2 1386
      7 1387
      3 1388
      5 1389
      4 1390
      2 1391
      4 1392
      8 1393
      5 1394
      4 1395
      4 1396
      2 1397
      1 1398
      4 1399
      7 1400
      4 1401
      6 1402
      7 1403
      6 1404
      9 1405
      4 1406
      4 1407
      9 1408
      4 1409
      6 1410
      7 1411
      5 1412
      4 1413
      7 1414
      5 1415
      7 1416
      1 1417
      8 1418
      5 1419
      7 1420
      3 1421
      4 1422
      6 1423
      6 1424
      4 1425
      4 1426
      3 1427
      3 1428
      3 1429
      8 1430
      7 1431
      4 1432
      8 1433
      5 1434
      2 1435
      9 1436
      4 1437
      2 1438
      7 1439
      5 1440
      7 1441
      5 1442
      3 1443
      4 1444
      6 1445
      4 1446
      5 1447
      8 1448
      8 1449
      9 1450
      6 1451
      7 1452
      8 1453
      9 1454
      6 1455
      4 1456
      9 1457
      3 1458
      2 1459
      2 1460
      4 1461
      5 1462
      4 1463
      8 1464
      5 1465
      6 1466
      5 1467
      8 1468
      9 1469
      4 1470
      5 1471
      8 1472
      3 1473
      8 1474
      6 1475
      7 1476
      1 1477
      5 1478
      5 1479
      4 1480
      7 1481
      8 1482
      5 1483
      5 1484
      6 1485
      3 1486
      6 1487
      2 1488
      4 1489
      5 1490
      4 1491
      2 1492
      5 1493
      7 1494
      6 1495
      2 1496
      7 1497
      2 1498
      2 1499
      2 1500
      3 1501
      7 1502
      3 1503
      4 1504
      6 1505
      2 1506
      5 1507
      5 1508
      6 1509
      4 1510
      4 1511
      2 1512
      4 1513
      3 1514
      4 1515
      5 1516
      1 1517
      4 1518
      5 1519
      3 1520
      4 1521
      3 1523
      5 1524
      3 1525
      5 1526
      5 1527
      4 1528
      3 1529
      7 1530
      2 1531
      4 1532
      4 1533
      7 1535
      7 1536
      6 1537
      6 1538
      3 1539
      2 1540
      3 1541
      2 1542
      3 1543
      2 1544
      2 1545
      3 1546
      3 1547
      2 1548
      2 1549
      4 1550
      1 1551
      1 1553
      4 1554
      2 1555
      1 1556
      1 1557
      1 1558
      3 1559
      2 1560
      7 1561
      3 1562
      1 1563
      3 1564
      4 1565
      3 1566
      3 1567
      3 1568
      3 1569
      1 1571
      3 1572
      3 1573
      4 1575
      1 1576
      5 1577
      5 1578
      5 1579
      7 1580
      1 1581
      1 1582
      2 1584
      3 1585
      2 1586
      3 1587
      2 1588
      2 1590
      2 1592
      2 1593
      5 1594
      2 1595
      3 1596
      2 1597
      1 1598
      3 1599
      3 1600
      3 1601
      2 1602
      1 1603
      6 1604
      3 1606
      5 1608
      2 1609
      2 1610
      3 1611
      1 1612
      1 1613
      3 1614
      2 1615
      3 1616
      3 1617
      2 1618
      2 1620
      1 1621
      4 1622
      5 1623
      1 1624
      4 1625
      2 1626
      2 1627
      1 1628
      3 1629
      3 1630
      2 1631
      2 1633
      2 1634
      3 1635
      2 1636
      1 1638
      2 1639
      2 1640
      1 1641
      2 1642
      1 1643
      2 1646
      2 1647
      2 1649
      1 1650
      1 1652
      1 1654
      1 1657
      2 1658
      1 1659
      2 1661
      2 1665
      3 1667
      1 1668
      2 1671
      2 1672
      3 1673
      1 1674
      1 1675
      3 1676
      1 1677
      1 1678
      1 1679
      1 1680
      1 1681
      2 1683
      3 1685
      1 1686
      1 1687
      1 1688
      1 1689
      1 1690
      1 1691
      1 1693
      1 1694
      1 1695
      1 1696
      1 1697
      2 1698
      2 1699
      2 1703
      1 1705
      1 1707
      1 1708
      1 1710
      1 1718
      1 1719
      1 1720
      2 1721
      1 1722
      1 1726
      1 1729
      2 1730
      1 1731
      2 1735
      1 1737
      1 1744
      2 1745
      1 1746
      1 1747
      2 1751
      1 1754
      1 1755
      1 1756
      1 1757
      1 1758
      1 1761
      1 1762
      1 1764
      1 1766
      1 1768
      2 1771
      1 1775
      1 1786
      1 1787
      1 1793
      1 1795
      1 1807
      2 1814
      1 1816
      1 1821
      1 1827
      1 1832
      1 1833
      1 1836
      2 1854
      1 1858
      1 1860
      1 1863
      2 1867
      1 1874
      1 1881
      1 1882
      1 1884
      1 1898
      1 1899
      1 1904
      1 1910
      1 1914
      1 1924
      1 1949
      1 1963
      1 1978
      1 1994
      1 2049
      1 2069
      1 2102
      1 2121
      1 2125
      1 2126
      1 2186
      1 2225
      1 2279
      1 2318
      1 2491
      1 2603
      1 2605
      1 2644
      1 2805
      1 2895
      1 2955
      1 3000
      1 3025
      1 3062
      1 3289
      1 3315
      1 3346
      1 3421
      1 3788
      1 3869
      1 4742
      1 5048
      1 5233
      1 9688
      1 14540
      1 22957
      1 23508
      1 24107
      1 24640
      1 32761
---AAD-PGBENCH-LAG-US---
  16679 0
  14395 1
  13178 2
  12102 3
  11516 4
  11298 5
  10675 6
  10252 7
   9892 8
   9589 9
   9688 10
   9394 11
   9183 12
   9020 13
   8818 14
   8908 15
   8986 16
   8952 17
   9098 18
   8912 19
   8790 20
   8664 21
   8799 22
   8755 23
   8722 24
   8925 25
   8783 26
   8502 27
   8576 28
   8597 29
   8668 30
   8538 31
   8616 32
   8523 33
   8526 34
   8334 35
   8355 36
   8150 37
   8115 38
   8073 39
   8079 40
   7852 41
   7748 42
   7497 43
   7698 44
   7598 45
   7630 46
   7531 47
   7415 48
   7378 49
   7200 50
   6764 51
   6441 52
   5855 53
   5829 54
  17525 55
  28950 56
  16485 57
  12600 58
  11988 59
  11665 60
  12987 61
  15964 62
  45319 63
 107769 64
  62983 65
  27921 66
  21045 67
  17065 68
  20740 69
  28129 70
  23547 71
  21027 72
  15483 73
   9484 74
   7138 75
   5898 76
   5006 77
   4737 78
   4305 79
   2999 80
   2126 81
   1576 82
   1228 83
    923 84
    741 85
    576 86
    449 87
    393 88
    264 89
    241 90
    190 91
    167 92
    147 93
    114 94
    100 95
     85 96
     64 97
     70 98
     55 99
     77 100
     66 101
     54 102
     63 103
     55 104
     65 105
     48 106
     55 107
     49 108
     46 109
     48 110
     49 111
     37 112
     48 113
     46 114
     53 115
     44 116
     40 117
     32 118
     47 119
     37 120
     45 121
     37 122
     56 123
     32 124
     38 125
     32 126
     44 127
     45 128
     30 129
     25 130
     34 131
     31 132
     46 133
     33 134
     25 135
     42 136
     28 137
     28 138
     31 139
     31 140
     32 141
     31 142
     32 143
     21 144
     28 145
     29 146
     28 147
     38 148
     26 149
     34 150
     36 151
     27 152
     34 153
     25 154
     22 155
     17 156
     20 157
     29 158
     24 159
     28 160
     28 161
     18 162
     18 163
     36 164
     18 165
     23 166
     18 167
     22 168
     29 169
     19 170
     16 171
     25 172
     19 173
     26 174
     16 175
     13 176
     24 177
     22 178
     15 179
     13 180
     14 181
     20 182
     19 183
     12 184
     10 185
     17 186
     13 187
     15 188
     12 189
     14 190
     19 191
     12 192
     11 193
     15 194
     20 195
     16 196
      9 197
     16 198
     14 199
     14 200
     11 201
     10 202
     10 203
      8 204
      8 205
      9 206
      9 207
      8 208
      2 209
     12 210
      9 211
      7 212
     11 213
      8 214
      4 215
      6 216
     10 217
      4 218
      9 219
      8 220
      8 221
     12 222
      8 223
      6 224
     12 225
      7 226
      5 227
     11 228
      7 229
      3 230
     14 231
      8 232
      9 233
      7 234
      7 235
      7 236
      3 237
      3 238
     10 239
      8 240
      4 241
      7 242
      4 243
      8 244
      6 245
      6 246
      8 247
      5 248
      1 249
      7 250
      4 251
      5 252
      1 253
      3 254
      7 255
      3 256
      4 257
      5 258
      2 259
      7 261
      4 262
      7 263
      2 264
      8 265
      2 266
      2 267
      6 268
      6 269
      2 270
      3 271
      5 272
      6 273
      1 274
      1 275
      4 276
      6 277
      6 278
      3 280
      4 282
      3 283
      6 284
      6 285
      2 286
      3 287
      3 288
      4 289
      3 290
      3 291
      3 292
      4 293
      3 294
      1 295
      2 296
      1 297
      2 298
      1 299
      2 300
      3 301
      4 302
      2 303
      2 304
      3 305
      4 307
      2 308
      2 310
      3 311
      3 312
      3 313
      1 314
      2 315
      1 317
      1 318
      1 319
      3 320
      1 322
      1 323
      2 325
      4 326
      2 327
      2 328
      2 330
      1 331
      1 332
      1 333
      2 334
      4 335
      2 336
      2 337
      2 340
      1 341
      1 342
      3 343
      1 344
      2 346
      1 347
      1 349
      3 350
      1 352
      2 353
      3 355
      3 356
      1 357
      1 358
      2 359
      1 360
      4 362
      2 364
      2 366
      3 367
      1 368
      1 370
      1 371
      2 372
      1 373
      3 374
      1 375
      1 376
      2 379
      2 381
      2 382
      3 383
      2 386
      2 387
      1 390
      2 391
      2 393
      2 394
      2 395
      1 397
      2 398
      1 399
      3 400
      1 401
      1 402
      2 405
      2 406
      1 407
      1 408
      1 409
      2 410
      2 413
      2 414
      1 415
      1 416
      1 417
      2 418
      1 419
      1 420
      1 426
      2 427
      1 428
      1 430
      1 431
      1 432
      2 434
      2 435
      2 437
      1 438
      1 439
      1 440
      1 441
      2 445
      3 447
      2 448
      1 450
      2 455
      1 456
      1 458
      1 459
      1 461
      1 464
      2 467
      2 469
      1 470
      1 473
      1 474
      1 475
      1 476
      1 477
      1 478
      1 479
      1 481
      1 482
      1 483
      1 484
      2 486
      1 488
      2 490
      1 491
      2 492
      4 494
      2 495
      1 497
      1 499
      1 500
      1 502
      2 504
      2 508
      1 509
      2 512
      2 514
      2 515
      1 516
      1 517
      1 519
      3 524
      2 525
      2 528
      1 529
      2 531
      1 532
      1 535
      1 536
      2 541
      1 544
      1 546
      1 549
      1 550
      1 552
      1 554
      1 557
      1 562
      2 563
      1 564
      1 566
      1 568
      1 571
      4 572
      1 573
      1 575
      2 577
      1 578
      1 579
      1 581
      1 584
      1 587
      1 589
      1 597
      1 601
      1 602
      1 603
      2 608
      3 612
      1 617
      1 618
      2 619
      2 620
      1 621
      1 623
      1 624
      1 625
      3 626
      1 628
      1 629
      1 630
      1 631
      1 632
      1 635
      1 636
      1 637
      1 638
      1 639
      1 640
      2 641
      1 643
      1 648
      1 649
      1 650
      1 651
      1 655
      1 656
      1 657
      1 658
      1 659
      1 660
      1 664
      1 665
      1 666
      1 667
      1 670
      1 671
      1 673
      1 674
      1 678
      1 679
      1 680
      1 681
      1 684
      1 686
      1 690
      3 691
      1 696
      1 697
      1 698
      1 699
      1 707
      1 715
      1 717
      1 723
      1 728
      1 732
      1 735
      3 740
      1 746
      1 753
      1 755
      1 758
      1 761
      1 767
      1 783
      1 796
      1 798
      1 800
      1 805
      1 806
      1 807
      1 808
      1 810
      1 812
      1 815
      1 819
      1 825
      1 832
      1 836
      1 843
      1 851
      1 852
      1 857
      1 861
      1 898
      1 901
      2 904
      1 911
      1 912
      1 915
      1 921
      1 923
      2 931
      1 935
      1 939
      1 943
      1 944
      1 957
      1 967
      1 971
      1 989
      1 995
      1 999
      1 1005
      1 1015
      1 1016
      1 1019
      2 1029
      1 1058
      1 1065
      1 1083
      1 1084
      1 1114
      1 1121
      1 1147
      1 1219
      1 1242
      1 1259
      1 1274
      1 1334
      1 1347
      1 1356
      1 1480
      1 1485
      1 1498
      1 1646
      1 1794
      1 1909
      1 2106
      1 2127
      1 2177
      1 2179
      1 2205
      1 2241
      1 2276
      1 2482
      1 2548
      1 2737
      1 2752
      1 2861
      1 2908
      1 3082
      1 3263
      1 3305
      1 3325
      1 3514
      1 3527
      1 3587
      1 3722
      1 3819
      1 4049
      1 4322
      1 4351
      1 4443
      1 4555
      1 4702
      1 4855
      1 4871
      1 4896
      1 5016
      1 5089
      1 5176
      1 5211
      1 5233
      1 5307
      1 5386
      1 5485
      1 5491
      1 5493
      1 5543
      1 5760
      1 5904
      1 5926
      1 5990
      1 6052
      1 6261
      1 6306
      1 6547
      1 7014
      1 7028
      1 7090
      1 7107
      1 7281
      1 7285
      1 7291
      1 7316
      1 7503
      1 8141
      1 8190
      1 8266
      1 8401
      1 8431
      1 8453
      1 8470
      1 8952
      1 8993
      1 9093
      1 9129
      1 9679
      1 10027
      1 10235
      1 10832
      1 10864
      1 11116
      1 11360
      1 11667
      1 11940
      1 12387
      1 12407
      1 12491
      1 12595
      1 12828
      1 12876
      1 13031
      1 13067
      1 13233
      1 13290
      1 13360
      1 13400
      1 13473
      1 13571
      1 14155
      1 14574
      1 14733
      1 14768
      1 15095
      1 15228
      1 15256
      1 15296
      1 15351
      1 15446
      1 15789
      1 15850
      1 15857
      1 16132
      1 16180
      1 16593
      1 16916
      1 17107
      1 17117
      1 17398
      1 17904
      1 17969
      1 18296
      1 18656
      1 18697
      1 18749
      1 18854
      1 18873
      1 18912
      1 19376
      1 19542
      1 19947
      1 20173
      1 20341
      1 20590
      1 20843
      1 20953
      1 20955
      1 21477
      1 21657
      1 21692
      1 21932
      1 22041
      1 22143
      1 22539
      1 22563
      1 22576
      1 22587
      1 22773
      1 22798
      1 23002
      1 23619
      1 23697
      1 23715
      1 23827
      1 23926
      1 23977
      1 24102
      1 24457
      1 25176
      1 25292
      1 25304
      1 25318
      1 25375
      1 25516
      1 25668
      1 25702
      1 25779
      1 25780
      1 26041
      1 26191
      1 26586
      1 26619
      1 26860
      1 26896
      1 26974
      1 27106
      1 27411
      1 27525
      1 27906
      1 28093
      1 28154
      1 28278
      1 28394
      1 29031
      1 29276
      1 29417
      1 29425
      1 30105
      1 32402
