pgbench (18.6 (Debian 18.6-1.pgdg13+2))
starting vacuum...end.
transaction type: <builtin: select only>
scaling factor: 1000
query mode: simple
number of clients: 128
number of threads: 16
maximum number of tries: 1
duration: 480 s
number of transactions actually processed: 53098481
number of failed transactions: 0 (0.000%)
latency average = 0.435 ms
latency stddev = 0.120 ms
rate limit schedule lag: avg 0.047 (max 24.043) ms
initial connection time = 288.283 ms
tps = 110678.230356 (without initial connection time)
---AAD-PGBENCH-LATENCY-US---
rc=0
samples=1062183
      1 231
      1 232
      2 236
      1 237
      2 238
     10 239
      6 240
     14 241
     23 242
     31 243
     48 244
     61 245
     55 246
     87 247
    109 248
    128 249
    146 250
    188 251
    217 252
    250 253
    261 254
    351 255
    390 256
    459 257
    563 258
    621 259
    689 260
    793 261
    900 262
   1024 263
   1047 264
   1208 265
   1371 266
   1398 267
   1524 268
   1629 269
   1823 270
   1955 271
   2177 272
   2208 273
   2320 274
   2511 275
   2658 276
   2629 277
   2813 278
   2946 279
   2970 280
   3060 281
   3124 282
   3236 283
   3296 284
   3392 285
   3647 286
   3699 287
   3644 288
   3867 289
   3866 290
   3976 291
   4190 292
   4132 293
   4278 294
   4264 295
   4369 296
   4444 297
   4602 298
   4749 299
   4847 300
   4781 301
   4839 302
   5038 303
   5228 304
   5215 305
   5408 306
   5500 307
   5441 308
   5548 309
   5734 310
   5794 311
   5837 312
   6028 313
   6091 314
   6201 315
   6202 316
   6286 317
   6463 318
   6536 319
   6656 320
   6769 321
   6715 322
   6750 323
   7008 324
   6963 325
   6925 326
   6937 327
   7098 328
   7137 329
   7077 330
   6975 331
   7078 332
   7046 333
   7020 334
   6967 335
   6981 336
   6851 337
   6793 338
   6916 339
   6618 340
   6661 341
   6558 342
   6583 343
   6244 344
   6376 345
   6265 346
   6263 347
   6144 348
   6106 349
   6031 350
   5939 351
   5918 352
   5745 353
   5786 354
   5894 355
   5846 356
   5705 357
   5782 358
   5706 359
   5494 360
   5611 361
   5712 362
   5581 363
   5520 364
   5478 365
   5503 366
   5440 367
   5448 368
   5469 369
   5402 370
   5499 371
   5445 372
   5355 373
   5339 374
   5263 375
   5328 376
   5122 377
   5135 378
   5085 379
   5174 380
   5042 381
   5124 382
   5090 383
   4962 384
   4818 385
   4851 386
   4882 387
   4745 388
   4607 389
   4701 390
   4725 391
   4543 392
   4546 393
   4399 394
   4385 395
   4418 396
   4356 397
   4284 398
   4273 399
   4193 400
   4189 401
   4212 402
   4069 403
   4097 404
   4031 405
   3978 406
   3877 407
   3887 408
   3878 409
   3780 410
   3796 411
   3785 412
   3675 413
   3615 414
   3590 415
   3553 416
   3499 417
   3596 418
   3489 419
   3473 420
   3450 421
   3450 422
   3260 423
   3330 424
   3264 425
   3264 426
   3218 427
   3226 428
   3058 429
   3059 430
   3082 431
   3120 432
   3026 433
   3110 434
   3014 435
   2959 436
   2917 437
   2888 438
   2880 439
   2808 440
   2783 441
   2817 442
   2730 443
   2617 444
   2611 445
   2630 446
   2616 447
   2485 448
   2487 449
   2541 450
   2481 451
   2474 452
   2366 453
   2378 454
   2377 455
   2302 456
   2223 457
   2225 458
   2248 459
   2303 460
   2113 461
   2071 462
   2101 463
   2162 464
   2004 465
   1979 466
   2057 467
   2010 468
   1940 469
   1998 470
   1929 471
   1951 472
   1880 473
   1905 474
   1895 475
   1837 476
   1768 477
   1859 478
   1750 479
   1801 480
   1812 481
   1680 482
   1712 483
   1741 484
   1746 485
   1654 486
   1690 487
   1542 488
   1652 489
   1676 490
   1569 491
   1605 492
   1545 493
   1532 494
   1517 495
   1431 496
   1421 497
   1496 498
   1496 499
   1354 500
   1432 501
   1393 502
   1438 503
   1330 504
   1333 505
   1356 506
   1322 507
   1285 508
   1313 509
   1335 510
   1280 511
   1256 512
   1262 513
   1170 514
   1219 515
   1208 516
   1131 517
   1128 518
   1162 519
   1154 520
   1107 521
   1127 522
   1099 523
   1079 524
   1109 525
   1080 526
    993 527
   1028 528
   1027 529
   1034 530
   1000 531
    930 532
    994 533
    968 534
    933 535
    905 536
    970 537
    905 538
    909 539
    893 540
    901 541
    868 542
    851 543
    830 544
    820 545
    848 546
    832 547
    807 548
    745 549
    756 550
    726 551
    772 552
    743 553
    801 554
    749 555
    704 556
    731 557
    708 558
    676 559
    638 560
    635 561
    672 562
    637 563
    643 564
    664 565
    623 566
    628 567
    602 568
    558 569
    614 570
    600 571
    537 572
    572 573
    551 574
    567 575
    528 576
    516 577
    476 578
    501 579
    490 580
    465 581
    476 582
    480 583
    430 584
    426 585
    395 586
    415 587
    409 588
    403 589
    448 590
    409 591
    385 592
    404 593
    411 594
    375 595
    395 596
    347 597
    351 598
    374 599
    331 600
    349 601
    303 602
    352 603
    347 604
    324 605
    301 606
    307 607
    292 608
    300 609
    277 610
    282 611
    299 612
    283 613
    268 614
    248 615
    281 616
    255 617
    252 618
    257 619
    270 620
    246 621
    256 622
    282 623
    257 624
    249 625
    221 626
    224 627
    229 628
    236 629
    242 630
    217 631
    217 632
    200 633
    211 634
    226 635
    203 636
    206 637
    223 638
    190 639
    177 640
    201 641
    182 642
    168 643
    169 644
    168 645
    169 646
    185 647
    150 648
    177 649
    170 650
    157 651
    147 652
    137 653
    144 654
    145 655
    127 656
    143 657
    138 658
    141 659
    125 660
    135 661
    122 662
    114 663
    117 664
    110 665
    111 666
    111 667
    110 668
    109 669
    120 670
    113 671
    100 672
    111 673
     92 674
    120 675
    103 676
    101 677
     93 678
     81 679
     99 680
    113 681
     98 682
     92 683
     76 684
     80 685
     87 686
     76 687
     82 688
     79 689
     86 690
     80 691
     79 692
     76 693
     81 694
     77 695
     57 696
     86 697
     83 698
     66 699
     71 700
     78 701
     80 702
     63 703
     65 704
     57 705
     68 706
     73 707
     51 708
     64 709
     59 710
     52 711
     54 712
     52 713
     54 714
     66 715
     66 716
     51 717
     58 718
     42 719
     45 720
     60 721
     52 722
     44 723
     49 724
     47 725
     33 726
     57 727
     46 728
     50 729
     36 730
     38 731
     36 732
     34 733
     39 734
     38 735
     46 736
     41 737
     36 738
     38 739
     37 740
     37 741
     41 742
     38 743
     39 744
     37 745
     39 746
     29 747
     40 748
     35 749
     20 750
     30 751
     41 752
     24 753
     28 754
     29 755
     23 756
     30 757
     27 758
     27 759
     30 760
     30 761
     26 762
     28 763
     27 764
     17 765
     27 766
     22 767
     30 768
     30 769
     32 770
     22 771
     21 772
     25 773
     20 774
     30 775
     22 776
     17 777
     23 778
     28 779
     18 780
     22 781
     15 782
     16 783
     24 784
     29 785
     25 786
     29 787
     32 788
     23 789
     22 790
     23 791
     10 792
     28 793
     15 794
     16 795
      6 796
     20 797
     20 798
     29 799
     16 800
     13 801
     17 802
     16 803
     20 804
     12 805
     19 806
     21 807
     17 808
     18 809
     12 810
     11 811
     19 812
     23 813
     13 814
     16 815
      9 816
     20 817
     13 818
     13 819
     16 820
      8 821
     12 822
     13 823
     14 824
     18 825
      9 826
     14 827
     18 828
     11 829
      8 830
      7 831
     17 832
     22 833
     13 834
     13 835
     12 836
      7 837
      8 838
      9 839
      5 840
     11 841
     12 842
     14 843
      8 844
      4 845
     12 846
     22 847
     13 848
     11 849
     10 850
     12 851
     12 852
      7 853
     10 854
      9 855
     11 856
     22 857
      9 858
      5 859
     13 860
      7 861
      8 862
      9 863
     11 864
     12 865
      7 866
      8 867
     10 868
     13 869
     13 870
      9 871
     11 872
      9 873
      5 874
     12 875
     11 876
      5 877
     10 878
      5 879
     16 880
     15 881
     10 882
     11 883
     14 884
      9 885
     15 886
     10 887
      8 888
     10 889
      4 890
      9 891
     14 892
      7 893
     14 894
      9 895
      8 896
      7 897
      8 898
      4 899
      6 900
      5 901
     10 902
     14 903
      6 904
     11 905
      4 906
     11 907
     10 908
      5 909
     11 910
     13 911
      7 912
     14 913
      6 914
      9 915
      9 916
      9 917
      8 918
     11 919
      9 920
     13 921
      3 922
      5 923
      8 924
     12 925
      9 926
      8 927
      9 928
      5 929
      4 930
      8 931
     10 932
      7 933
      8 934
      7 935
     10 936
      4 937
      1 938
      3 939
      5 940
      7 941
      8 942
     10 943
      2 944
      6 945
      5 946
      6 947
     12 948
      4 949
      4 950
      6 951
      7 952
      7 953
      6 954
      6 955
      7 956
      5 957
      4 958
     12 959
      8 960
      8 961
      4 962
      7 963
      5 964
      1 965
      7 966
      7 967
      7 968
      8 969
      6 970
      6 971
      2 972
      9 973
     11 974
      6 975
      4 976
      6 977
      3 978
      6 979
      6 980
      6 981
      5 982
      9 983
      2 984
      2 985
      7 986
      4 987
     13 988
      7 989
      6 990
      5 991
      1 992
      4 993
      5 994
      3 995
      2 996
      4 997
      6 998
      5 999
      3 1000
      6 1001
      7 1002
      8 1003
      7 1004
      4 1005
     12 1006
      2 1007
      6 1008
      3 1009
      9 1010
      6 1011
      7 1012
      2 1013
      4 1014
      3 1015
      3 1016
      6 1017
      7 1018
      6 1019
      5 1020
      8 1021
      5 1022
      8 1023
      4 1024
      7 1025
      4 1026
      6 1027
      6 1028
      3 1029
      4 1030
      4 1031
      5 1032
      7 1033
      7 1034
      6 1035
      4 1036
      6 1037
      3 1038
      5 1039
      3 1040
      3 1041
      4 1042
      6 1043
      5 1044
      8 1045
      4 1046
      3 1047
      3 1048
      5 1049
      6 1050
      5 1051
      7 1052
      5 1053
      7 1054
      8 1055
      4 1056
      5 1057
      2 1058
      6 1059
      7 1060
      7 1061
      6 1062
      7 1063
      1 1064
      6 1065
      3 1066
      4 1067
      3 1068
      5 1069
      7 1070
      2 1071
      4 1072
      3 1073
      1 1074
      8 1075
      4 1076
      6 1077
      3 1078
      2 1079
      6 1080
      5 1081
      4 1082
      6 1083
      4 1084
      4 1085
      5 1086
      4 1087
      2 1088
      3 1089
      3 1090
      3 1091
      9 1092
      2 1093
      6 1094
      6 1095
      8 1096
      2 1097
      3 1098
      7 1099
      3 1100
      5 1101
      8 1102
      7 1103
      2 1104
      4 1105
     10 1106
      8 1107
      5 1108
      3 1109
      5 1110
      4 1111
      4 1112
      4 1113
      4 1114
      5 1115
      1 1116
      3 1117
      2 1118
      6 1119
      8 1120
      2 1121
      5 1122
      6 1123
      4 1124
      2 1125
      5 1126
      1 1127
      7 1128
      4 1129
      4 1130
      6 1131
      4 1132
      6 1133
      4 1134
      9 1135
      5 1136
      5 1137
      6 1138
      2 1139
      4 1140
      3 1141
      2 1142
      5 1143
      1 1144
      4 1145
      8 1146
      2 1147
      3 1148
      4 1149
      6 1150
      5 1151
      4 1152
      7 1153
      5 1154
      2 1155
      3 1156
      4 1157
      7 1158
      4 1159
      3 1160
      4 1161
      5 1162
      2 1163
      5 1164
      3 1165
      2 1166
      2 1167
      5 1168
     10 1169
      4 1170
      4 1171
      4 1172
      6 1173
      6 1174
      5 1175
      3 1176
      4 1177
      6 1178
      6 1179
      6 1180
      2 1181
      4 1182
     10 1183
      6 1184
      3 1185
      3 1186
      7 1187
      7 1188
      1 1189
      6 1190
      5 1191
      2 1192
      5 1193
      1 1194
      2 1195
      4 1196
      6 1197
      5 1198
      2 1199
      4 1200
      6 1201
      6 1202
      2 1203
      8 1204
      1 1205
      8 1206
      7 1207
      4 1208
      5 1209
      7 1210
      5 1211
      7 1212
      4 1213
      6 1214
      4 1215
      3 1216
      2 1217
      4 1218
      4 1219
      3 1220
      5 1221
      6 1222
      1 1223
      1 1224
      5 1225
      5 1226
      4 1227
      6 1228
      5 1229
      2 1230
      4 1231
      2 1232
      5 1233
      2 1234
      2 1235
      3 1236
      6 1237
      5 1238
      2 1239
      7 1240
      5 1241
      7 1242
      2 1243
      5 1244
      4 1245
      3 1246
      5 1247
      4 1248
      9 1249
      5 1250
      3 1251
      8 1252
      4 1253
      5 1254
      3 1255
      4 1256
      5 1257
      9 1258
      1 1259
      3 1260
      4 1261
      3 1262
      6 1263
      5 1264
      3 1265
      3 1267
      6 1268
      3 1269
      4 1270
      4 1271
      7 1272
      5 1273
      1 1274
      5 1275
     11 1276
      3 1277
      1 1278
      7 1279
      4 1280
      2 1281
      2 1282
      7 1283
      3 1284
     10 1285
      4 1286
      4 1287
      4 1288
      3 1289
      3 1290
      1 1291
      1 1292
      9 1293
      2 1294
      5 1295
      8 1296
      3 1297
      5 1298
      4 1299
      1 1300
      6 1301
      8 1302
      2 1303
      8 1304
      3 1305
      6 1306
      4 1307
      4 1308
      5 1309
      3 1310
      6 1311
      1 1312
      5 1313
      4 1314
      6 1315
      5 1316
      2 1317
      2 1318
      5 1319
      3 1320
      6 1321
      3 1322
      5 1323
      6 1324
      6 1325
      5 1326
      1 1327
      3 1328
      5 1329
      2 1330
      3 1331
      6 1332
      7 1333
      3 1334
      6 1335
      5 1336
      3 1337
      4 1338
      2 1339
      6 1340
      5 1341
      5 1342
      4 1343
      8 1344
      3 1345
      4 1346
      3 1347
      6 1348
      6 1349
      4 1350
      6 1351
      2 1352
      1 1353
      3 1354
      2 1355
      6 1356
      8 1357
      4 1358
      4 1359
      5 1360
      6 1361
      3 1362
      1 1363
      7 1364
      4 1365
      2 1366
      7 1367
     10 1368
      4 1369
      6 1370
      5 1371
      4 1372
      1 1373
      3 1374
      4 1375
      8 1376
     12 1377
      9 1378
      8 1379
      3 1380
      5 1381
      5 1382
      8 1383
      8 1384
      3 1385
      6 1386
     11 1387
      6 1388
      4 1389
      6 1390
      3 1391
      5 1392
      2 1393
      6 1394
      2 1395
      4 1396
      5 1397
      3 1398
      3 1399
      6 1400
      7 1401
      4 1402
     11 1403
      4 1404
      7 1405
      4 1406
      4 1407
      5 1408
      5 1409
     10 1410
      6 1411
      2 1412
      5 1413
      5 1414
      7 1415
      3 1416
      4 1417
      6 1418
      5 1419
      7 1420
      7 1421
      4 1422
      8 1423
      9 1424
      4 1425
      4 1426
      9 1427
      7 1428
      5 1429
      5 1430
      4 1431
      4 1432
      5 1433
      5 1434
      7 1435
      4 1436
      5 1437
      7 1438
      6 1439
      7 1440
      4 1441
      3 1442
      3 1443
      7 1444
      5 1445
      5 1446
      6 1447
      6 1448
      5 1449
      2 1450
      5 1451
      6 1452
      6 1453
      5 1454
      5 1455
      4 1456
      3 1457
      5 1458
      9 1459
      5 1460
      4 1461
      8 1462
      3 1463
     10 1464
      4 1465
      2 1466
     10 1467
      3 1468
      7 1469
      8 1470
      3 1471
      2 1472
      3 1473
      5 1474
      5 1475
      6 1476
      5 1477
      3 1478
      8 1479
      5 1480
      6 1481
      2 1482
      5 1483
      2 1484
      5 1485
      6 1486
      6 1487
      1 1488
      5 1489
      6 1490
      2 1491
      4 1492
      1 1493
      6 1494
      5 1495
      9 1496
      3 1497
      1 1498
      3 1499
      1 1500
      3 1501
      7 1502
      4 1503
      1 1504
      3 1505
      1 1506
      3 1508
      6 1509
      4 1510
      2 1511
      4 1512
      4 1513
      3 1514
      5 1515
      7 1516
      3 1517
      7 1518
      2 1519
      4 1520
      2 1521
      4 1522
      4 1523
      4 1524
      3 1525
      5 1526
      3 1528
      5 1529
      4 1530
      3 1531
      5 1533
      6 1534
      1 1535
      1 1536
      6 1537
      5 1538
      4 1540
      6 1541
      1 1542
      2 1543
      5 1544
      2 1545
      5 1546
      1 1547
      3 1548
      9 1549
      3 1550
      1 1551
      4 1552
      3 1553
      2 1554
      3 1555
      2 1556
      2 1557
      2 1558
      5 1559
      3 1560
      3 1561
      3 1562
      3 1563
      3 1564
      2 1565
      2 1566
      2 1567
      2 1568
      2 1569
      2 1570
      1 1571
      3 1572
      3 1573
      3 1574
      3 1575
      3 1576
      5 1578
      2 1579
      2 1580
      1 1581
      1 1582
      4 1583
      2 1584
      3 1585
      1 1586
      5 1587
      2 1588
      2 1589
      4 1590
      2 1591
      1 1592
      3 1594
      3 1595
      3 1596
      3 1597
      1 1598
      2 1599
      1 1601
      2 1602
      3 1603
      2 1604
      5 1605
      2 1606
      1 1607
      1 1608
      1 1610
      1 1611
      3 1612
      1 1613
      3 1614
      1 1615
      3 1618
      2 1619
      5 1620
      1 1621
      1 1622
      2 1623
      1 1624
      2 1625
      5 1629
      1 1630
      1 1632
      1 1633
      2 1634
      2 1636
      1 1637
      1 1638
      1 1639
      2 1640
      2 1641
      1 1642
      1 1643
      2 1644
      1 1645
      2 1646
      2 1647
      1 1648
      1 1649
      2 1650
      2 1651
      3 1652
      3 1654
      1 1656
      2 1657
      1 1658
      3 1660
      1 1662
      2 1664
      3 1665
      2 1667
      3 1668
      4 1669
      2 1672
      1 1673
      1 1677
      2 1679
      1 1681
      2 1682
      1 1683
      2 1684
      1 1685
      2 1686
      1 1687
      2 1689
      2 1690
      1 1691
      2 1693
      3 1700
      1 1702
      1 1705
      1 1706
      1 1708
      1 1710
      1 1714
      1 1715
      1 1719
      2 1721
      1 1723
      1 1724
      1 1725
      1 1726
      1 1730
      1 1733
      2 1736
      1 1745
      2 1746
      1 1747
      1 1750
      3 1752
      1 1757
      2 1758
      3 1760
      1 1761
      1 1765
      1 1767
      2 1770
      1 1781
      1 1783
      1 1789
      1 1792
      2 1794
      1 1797
      1 1801
      1 1804
      2 1812
      2 1817
      1 1821
      2 1829
      1 1831
      1 1836
      1 1840
      1 1849
      1 1853
      1 1858
      1 1864
      2 1873
      1 1878
      1 1882
      1 1888
      1 1901
      1 1902
      1 1904
      1 1912
      1 1918
      1 1919
      1 1929
      1 1942
      1 1951
      1 1957
      1 1981
      1 1983
      1 2002
      1 2010
      1 2017
      1 2026
      1 2052
      1 2117
      2 2145
      1 2154
      1 2201
      1 2263
      1 2267
      1 2268
      1 2296
      1 2304
      1 2325
      1 2346
      1 2358
      1 2368
      1 2371
      1 2386
      1 2463
      1 2465
      2 2488
      1 2501
      1 2565
      1 2588
      1 2954
      1 3007
      1 3218
      1 3317
      1 3344
      1 3432
      1 3449
      1 3829
      1 3971
      1 4266
      1 4437
      1 4974
      1 6691
      1 7892
      1 8316
      1 23982
      1 24046
      1 24061
      1 43636
---AAD-PGBENCH-LAG-US---
  16535 0
  14332 1
  13107 2
  12434 3
  11676 4
  11473 5
  10787 6
  10380 7
   9759 8
   9510 9
   9539 10
   9167 11
   9079 12
   9140 13
   8892 14
   8985 15
   8883 16
   8888 17
   8891 18
   8902 19
   8873 20
   8804 21
   8677 22
   8838 23
   8627 24
   8711 25
   8593 26
   8640 27
   8709 28
   8702 29
   8617 30
   8585 31
   8508 32
   8553 33
   8504 34
   8397 35
   8287 36
   8324 37
   8125 38
   7947 39
   7888 40
   7890 41
   7770 42
   7925 43
   7729 44
   7392 45
   7449 46
   7515 47
   7333 48
   7401 49
   7033 50
   6864 51
   6372 52
   5834 53
   5843 54
  16120 55
  26734 56
  15829 57
  12295 58
  11471 59
  11323 60
  12870 61
  18763 62
  48216 63
 106917 64
  64037 65
  27996 66
  20930 67
  17551 68
  20775 69
  27750 70
  23007 71
  20732 72
  15606 73
   9357 74
   7227 75
   5776 76
   5089 77
   4768 78
   4333 79
   3013 80
   2192 81
   1728 82
   1392 83
   1019 84
    773 85
    611 86
    481 87
    337 88
    293 89
    254 90
    199 91
    139 92
    145 93
    131 94
    102 95
    109 96
     83 97
     65 98
     71 99
     57 100
     60 101
     63 102
     52 103
     54 104
     42 105
     56 106
     49 107
     56 108
     54 109
     47 110
     33 111
     52 112
     47 113
     42 114
     51 115
     49 116
     42 117
     45 118
     40 119
     35 120
     45 121
     42 122
     41 123
     33 124
     38 125
     28 126
     40 127
     27 128
     38 129
     39 130
     32 131
     33 132
     24 133
     27 134
     31 135
     35 136
     30 137
     30 138
     30 139
     26 140
     25 141
     26 142
     28 143
     24 144
     20 145
     39 146
     32 147
     32 148
     23 149
     32 150
     27 151
     33 152
     17 153
     34 154
     18 155
     25 156
     28 157
     23 158
     25 159
     26 160
     28 161
     17 162
     19 163
     24 164
     21 165
     30 166
     22 167
     22 168
     20 169
     29 170
     15 171
     19 172
     16 173
     22 174
      7 175
     16 176
     22 177
     17 178
     20 179
     14 180
     13 181
     23 182
     19 183
     16 184
     18 185
     14 186
     15 187
     15 188
     16 189
     16 190
      8 191
     12 192
     11 193
     19 194
     14 195
     11 196
     11 197
     18 198
      4 199
     10 200
     12 201
      9 202
     14 203
      9 204
     16 205
      8 206
     10 207
     15 208
     10 209
      7 210
     12 211
      5 212
      3 213
     10 214
     11 215
     15 216
     11 217
      4 218
      9 219
      8 220
      7 221
      4 222
     15 223
     11 224
     11 225
      7 226
      8 227
      4 228
     13 229
      6 230
      8 231
      4 232
     10 233
      3 234
      8 235
      5 236
      7 237
      6 238
      8 239
      7 240
      9 241
      3 242
      6 243
      5 244
      5 245
      9 246
      8 247
      4 248
      7 249
      5 250
      7 251
     10 252
      4 253
      7 254
      5 255
      3 256
      1 257
      4 258
      4 259
      6 260
      7 261
      3 262
      3 263
      7 264
      4 265
      2 266
      3 267
      3 268
      7 269
      2 270
      1 271
      2 272
      2 273
      4 274
      4 275
      5 276
      9 277
      3 278
      5 279
      3 280
      5 281
      1 282
      2 283
      6 284
      1 285
      2 286
      6 287
      2 288
      2 289
      2 290
      4 291
      3 292
      1 294
      3 295
      4 296
      3 297
      2 298
      2 299
      3 300
      1 302
      1 303
      3 304
      1 305
      1 306
      1 307
      2 308
      1 309
      1 310
      2 311
      1 312
      2 313
      2 314
      1 316
      1 317
      2 318
      2 319
      1 320
      4 321
      4 322
      5 323
      1 325
      1 326
      2 327
      2 328
      1 329
      3 331
      2 332
      2 333
      3 334
      1 335
      1 336
      3 337
      2 338
      3 340
      2 341
      1 342
      2 343
      2 345
      1 347
      2 348
      2 349
      2 350
      2 351
      2 352
      1 353
      2 354
      2 357
      3 358
      1 359
      1 360
      2 362
      2 363
      1 364
      2 365
      1 366
      1 367
      1 368
      1 369
      2 370
      1 371
      2 375
      1 376
      1 377
      1 379
      1 380
      3 381
      3 382
      1 383
      3 384
      1 385
      2 386
      2 388
      2 389
      1 390
      2 394
      1 397
      1 398
      2 399
      2 401
      2 402
      4 403
      1 406
      1 408
      2 409
      2 410
      4 411
      1 412
      1 413
      2 414
      2 415
      3 417
      1 418
      1 420
      2 421
      2 422
      1 423
      2 425
      1 426
      2 429
      3 430
      1 432
      3 439
      3 440
      1 441
      1 443
      1 444
      2 446
      2 448
      1 450
      2 451
      1 455
      2 457
      1 458
      1 462
      3 463
      2 464
      1 466
      1 468
      1 471
      1 472
      1 474
      1 477
      2 479
      1 480
      1 481
      1 484
      1 486
      1 488
      1 489
      2 493
      2 494
      1 496
      1 502
      1 506
      1 507
      1 509
      1 510
      2 512
      2 514
      1 516
      2 517
      2 523
      1 529
      1 535
      2 540
      1 541
      1 545
      2 546
      1 547
      1 555
      1 557
      1 558
      2 559
      1 566
      1 567
      1 569
      1 571
      1 573
      1 575
      1 577
      1 578
      1 580
      1 583
      2 584
      3 586
      2 593
      1 595
      1 596
      1 597
      1 598
      1 601
      1 602
      1 603
      2 609
      1 616
      1 617
      1 620
      1 623
      1 629
      1 633
      1 634
      1 635
      1 637
      2 639
      1 640
      1 641
      1 642
      1 644
      1 646
      1 652
      1 653
      1 654
      1 657
      1 659
      1 661
      4 665
      1 666
      2 667
      1 669
      1 670
      1 671
      1 679
      1 680
      1 681
      1 682
      1 685
      1 691
      1 693
      1 697
      1 699
      1 702
      1 705
      1 708
      1 712
      1 714
      1 719
      2 727
      1 728
      1 730
      1 734
      1 736
      2 741
      1 742
      1 744
      1 747
      3 755
      1 756
      1 758
      1 763
      1 765
      1 767
      1 769
      1 770
      1 774
      2 779
      1 786
      1 787
      1 792
      1 794
      1 801
      1 806
      1 808
      1 811
      1 817
      1 819
      1 822
      1 824
      1 825
      1 831
      1 832
      1 833
      2 837
      1 840
      1 854
      1 859
      1 861
      1 870
      1 876
      1 879
      1 881
      1 882
      1 889
      1 891
      1 898
      1 909
      1 911
      1 913
      1 924
      2 930
      1 940
      1 945
      1 959
      1 977
      1 982
      1 987
      1 1015
      1 1030
      1 1033
      1 1036
      1 1067
      1 1075
      1 1079
      1 1084
      1 1100
      1 1105
      1 1118
      1 1126
      1 1172
      1 1195
      1 1216
      1 1241
      1 1286
      1 1313
      1 1320
      1 1369
      1 1550
      1 1647
      1 1664
      1 1667
      1 1717
      1 1792
      1 1797
      1 1843
      1 1905
      1 1909
      1 1917
      1 2028
      1 2035
      1 2043
      1 2047
      1 2155
      1 2160
      2 2204
      1 2231
      1 2325
      1 2442
      1 2531
      1 2540
      1 2574
      1 2579
      1 2805
      1 3168
      1 3193
      1 3225
      1 6433
      1 10715
      1 14600
