pgbench (18.6 (Debian 18.6-1.pgdg13+2))
starting vacuum...end.
transaction type: <builtin: select only>
scaling factor: 1000
query mode: simple
number of clients: 128
number of threads: 16
maximum number of tries: 1
duration: 60 s
number of transactions actually processed: 8043870
number of failed transactions: 0 (0.000%)
latency average = 0.951 ms
initial connection time = 279.667 ms
tps = 134607.729684 (without initial connection time)
---AAD-PGBENCH-LATENCY-US---
rc=0
samples=160681
      1 251
      1 256
      2 257
      1 258
      1 262
      2 263
      3 265
      2 266
      3 267
      6 268
      3 269
      5 270
      5 271
      4 272
      2 273
      5 274
      9 275
      1 276
      7 277
     12 278
      4 279
      7 280
      5 281
      6 282
     11 283
      8 284
      9 285
      5 286
      8 287
     12 288
      5 289
      5 290
      2 291
      5 292
      5 293
      8 294
      7 295
      7 296
      2 297
      6 298
      4 299
      8 300
      4 301
      7 302
      6 303
     12 304
      4 305
      7 306
      9 307
      9 308
      7 309
      7 310
      7 311
     13 312
     11 313
      7 314
     12 315
     17 316
     10 317
     13 318
     18 319
     17 320
     16 321
     23 322
     16 323
     19 324
     16 325
     25 326
     22 327
     20 328
     25 329
     24 330
     15 331
     27 332
     37 333
     40 334
     32 335
     35 336
     34 337
     36 338
     35 339
     49 340
     40 341
     42 342
     45 343
     47 344
     65 345
     40 346
     54 347
     39 348
     45 349
     44 350
     47 351
     52 352
     38 353
     47 354
     41 355
     49 356
     47 357
     54 358
     36 359
     46 360
     44 361
     42 362
     42 363
     46 364
     48 365
     47 366
     38 367
     35 368
     29 369
     53 370
     46 371
     39 372
     37 373
     32 374
     36 375
     33 376
     46 377
     28 378
     42 379
     41 380
     39 381
     38 382
     38 383
     60 384
     43 385
     42 386
     49 387
     42 388
     51 389
     46 390
     49 391
     48 392
     49 393
     54 394
     64 395
     62 396
     71 397
     64 398
     75 399
     67 400
     69 401
     66 402
     75 403
     71 404
     79 405
     81 406
     87 407
     69 408
     76 409
     73 410
     85 411
     82 412
    103 413
     92 414
    115 415
    101 416
     88 417
     99 418
     70 419
    106 420
     90 421
     73 422
     90 423
     80 424
     73 425
     90 426
     69 427
     64 428
     60 429
     58 430
     65 431
     67 432
     58 433
     72 434
     68 435
     53 436
     55 437
     68 438
     46 439
     62 440
     61 441
     47 442
     63 443
     49 444
     57 445
     59 446
     50 447
     45 448
     63 449
     50 450
     58 451
     59 452
     63 453
     70 454
     52 455
     51 456
     51 457
     60 458
     48 459
     54 460
     65 461
     58 462
     70 463
     78 464
     61 465
     81 466
     72 467
     79 468
     84 469
     87 470
     98 471
     71 472
     86 473
     95 474
    104 475
     88 476
     95 477
     98 478
    112 479
    104 480
    120 481
    109 482
    116 483
     97 484
    104 485
     74 486
    105 487
     87 488
    117 489
    103 490
     84 491
     90 492
     93 493
    101 494
     83 495
    101 496
    101 497
    107 498
     90 499
     86 500
    104 501
    100 502
     85 503
     89 504
     95 505
     91 506
    100 507
     95 508
     92 509
     78 510
     78 511
     70 512
     69 513
     85 514
     71 515
     90 516
     88 517
     99 518
    113 519
     98 520
    100 521
    104 522
     99 523
    117 524
    105 525
    100 526
    112 527
    120 528
    117 529
    109 530
    109 531
    135 532
    124 533
    127 534
    134 535
    161 536
    146 537
    147 538
    145 539
    150 540
    153 541
    147 542
    161 543
    167 544
    187 545
    205 546
    170 547
    174 548
    222 549
    210 550
    187 551
    208 552
    198 553
    193 554
    216 555
    181 556
    193 557
    193 558
    195 559
    216 560
    211 561
    176 562
    177 563
    209 564
    185 565
    168 566
    182 567
    179 568
    191 569
    183 570
    155 571
    203 572
    194 573
    183 574
    169 575
    169 576
    174 577
    172 578
    188 579
    175 580
    182 581
    189 582
    177 583
    185 584
    178 585
    152 586
    160 587
    176 588
    172 589
    198 590
    186 591
    180 592
    182 593
    198 594
    180 595
    208 596
    188 597
    186 598
    216 599
    193 600
    205 601
    207 602
    196 603
    212 604
    241 605
    226 606
    231 607
    220 608
    256 609
    254 610
    265 611
    254 612
    260 613
    257 614
    275 615
    312 616
    281 617
    312 618
    308 619
    317 620
    266 621
    291 622
    291 623
    310 624
    307 625
    279 626
    253 627
    285 628
    274 629
    270 630
    259 631
    240 632
    269 633
    283 634
    259 635
    253 636
    218 637
    242 638
    222 639
    238 640
    230 641
    244 642
    236 643
    246 644
    220 645
    236 646
    234 647
    211 648
    207 649
    169 650
    222 651
    195 652
    199 653
    217 654
    234 655
    194 656
    215 657
    212 658
    235 659
    205 660
    220 661
    226 662
    215 663
    206 664
    202 665
    199 666
    205 667
    235 668
    225 669
    212 670
    230 671
    211 672
    222 673
    223 674
    249 675
    216 676
    209 677
    238 678
    258 679
    238 680
    237 681
    276 682
    248 683
    226 684
    240 685
    264 686
    273 687
    252 688
    300 689
    285 690
    270 691
    276 692
    243 693
    264 694
    249 695
    241 696
    245 697
    248 698
    241 699
    222 700
    222 701
    236 702
    215 703
    245 704
    225 705
    228 706
    233 707
    205 708
    192 709
    190 710
    190 711
    200 712
    200 713
    190 714
    200 715
    184 716
    189 717
    187 718
    177 719
    157 720
    171 721
    195 722
    168 723
    182 724
    167 725
    166 726
    162 727
    170 728
    169 729
    180 730
    181 731
    176 732
    178 733
    191 734
    196 735
    188 736
    194 737
    186 738
    185 739
    196 740
    176 741
    182 742
    192 743
    177 744
    182 745
    161 746
    199 747
    195 748
    188 749
    206 750
    208 751
    233 752
    200 753
    197 754
    180 755
    204 756
    200 757
    199 758
    207 759
    204 760
    211 761
    185 762
    201 763
    227 764
    203 765
    215 766
    178 767
    192 768
    190 769
    187 770
    172 771
    178 772
    167 773
    191 774
    170 775
    194 776
    175 777
    145 778
    176 779
    161 780
    143 781
    161 782
    147 783
    150 784
    167 785
    155 786
    153 787
    175 788
    153 789
    141 790
    164 791
    141 792
    150 793
    137 794
    166 795
    139 796
    130 797
    146 798
    156 799
    184 800
    148 801
    136 802
    162 803
    163 804
    158 805
    150 806
    175 807
    142 808
    170 809
    172 810
    162 811
    180 812
    147 813
    145 814
    161 815
    167 816
    163 817
    173 818
    171 819
    174 820
    150 821
    183 822
    144 823
    166 824
    163 825
    177 826
    164 827
    157 828
    189 829
    149 830
    167 831
    173 832
    187 833
    168 834
    164 835
    146 836
    150 837
    180 838
    157 839
    168 840
    167 841
    136 842
    169 843
    156 844
    148 845
    169 846
    169 847
    143 848
    137 849
    157 850
    159 851
    152 852
    113 853
    149 854
    146 855
    115 856
    154 857
    136 858
    121 859
    142 860
    163 861
    145 862
    147 863
    135 864
    133 865
    137 866
    141 867
    128 868
    146 869
    144 870
    118 871
    143 872
    133 873
    141 874
    132 875
    122 876
    140 877
    142 878
    133 879
    151 880
    141 881
    135 882
    176 883
    151 884
    118 885
    161 886
    165 887
    150 888
    149 889
    148 890
    150 891
    149 892
    157 893
    165 894
    173 895
    158 896
    149 897
    184 898
    150 899
    168 900
    149 901
    169 902
    156 903
    143 904
    162 905
    167 906
    157 907
    155 908
    132 909
    126 910
    168 911
    150 912
    145 913
    155 914
    142 915
    159 916
    126 917
    156 918
    118 919
    128 920
    139 921
    142 922
    132 923
    131 924
    116 925
    131 926
    128 927
    135 928
    124 929
    139 930
    150 931
    136 932
    145 933
    120 934
    140 935
    132 936
    111 937
    132 938
    147 939
    123 940
    146 941
    127 942
    146 943
    142 944
    154 945
    134 946
    136 947
    132 948
    122 949
    126 950
    136 951
    131 952
    131 953
    127 954
    145 955
    135 956
    129 957
    145 958
    153 959
    146 960
    149 961
    156 962
    159 963
    131 964
    165 965
    171 966
    143 967
    150 968
    150 969
    154 970
    174 971
    130 972
    138 973
    158 974
    158 975
    151 976
    166 977
    136 978
    129 979
    134 980
    138 981
    143 982
    137 983
    137 984
    118 985
    129 986
    137 987
    142 988
    153 989
    123 990
    138 991
    133 992
    147 993
    113 994
    147 995
    137 996
    135 997
    138 998
    126 999
    127 1000
    151 1001
    124 1002
    136 1003
    148 1004
    131 1005
    136 1006
    147 1007
    138 1008
    140 1009
    138 1010
    132 1011
    141 1012
    113 1013
    143 1014
    102 1015
    145 1016
    130 1017
    137 1018
    128 1019
    149 1020
    160 1021
    149 1022
    152 1023
    133 1024
    123 1025
    141 1026
    165 1027
    155 1028
    146 1029
    140 1030
    153 1031
    149 1032
    143 1033
    170 1034
    143 1035
    172 1036
    158 1037
    177 1038
    169 1039
    151 1040
    145 1041
    155 1042
    133 1043
    144 1044
    131 1045
    156 1046
    160 1047
    170 1048
    137 1049
    136 1050
    139 1051
    152 1052
    137 1053
    137 1054
    119 1055
    125 1056
    128 1057
    144 1058
    112 1059
    141 1060
    135 1061
    139 1062
    146 1063
    122 1064
    124 1065
    129 1066
    114 1067
    139 1068
    132 1069
    138 1070
    133 1071
    148 1072
    121 1073
    152 1074
    139 1075
    158 1076
    124 1077
    121 1078
    122 1079
    130 1080
    136 1081
    123 1082
    143 1083
    136 1084
    146 1085
    135 1086
    137 1087
    142 1088
    138 1089
    115 1090
    144 1091
    125 1092
    123 1093
    147 1094
    147 1095
    154 1096
    152 1097
    127 1098
    142 1099
    141 1100
    156 1101
    146 1102
    140 1103
    161 1104
    145 1105
    160 1106
    161 1107
    134 1108
    151 1109
    145 1110
    131 1111
    129 1112
    151 1113
    135 1114
    157 1115
    143 1116
    136 1117
    127 1118
    137 1119
    127 1120
    130 1121
    131 1122
    136 1123
    142 1124
    147 1125
    141 1126
    136 1127
    138 1128
    131 1129
    125 1130
    132 1131
    116 1132
    165 1133
    141 1134
    125 1135
    119 1136
    128 1137
    122 1138
    145 1139
    113 1140
    146 1141
    128 1142
    132 1143
    127 1144
    108 1145
    123 1146
    120 1147
    116 1148
    111 1149
    128 1150
    116 1151
    103 1152
    126 1153
    121 1154
    110 1155
    120 1156
    109 1157
    102 1158
    142 1159
    127 1160
    140 1161
    126 1162
    124 1163
    131 1164
    130 1165
    132 1166
    115 1167
    141 1168
    117 1169
    136 1170
    141 1171
    126 1172
    111 1173
    126 1174
    130 1175
    103 1176
    119 1177
    151 1178
    123 1179
    138 1180
    133 1181
    119 1182
    109 1183
    125 1184
    126 1185
    126 1186
    120 1187
    137 1188
    119 1189
    107 1190
    108 1191
    111 1192
    127 1193
    104 1194
    115 1195
    121 1196
    135 1197
    114 1198
    116 1199
    121 1200
    130 1201
    132 1202
    111 1203
    106 1204
    102 1205
    102 1206
    122 1207
    126 1208
    117 1209
    106 1210
    109 1211
    114 1212
    106 1213
     90 1214
    121 1215
    107 1216
    109 1217
     99 1218
    111 1219
     96 1220
    104 1221
    108 1222
    106 1223
     97 1224
    108 1225
     95 1226
    100 1227
     93 1228
    114 1229
    106 1230
    119 1231
    108 1232
    127 1233
     95 1234
    115 1235
    124 1236
    116 1237
    112 1238
    113 1239
    111 1240
    110 1241
    118 1242
    117 1243
    101 1244
    121 1245
    104 1246
    109 1247
    119 1248
    119 1249
    106 1250
     84 1251
    119 1252
    114 1253
    114 1254
    104 1255
    114 1256
    101 1257
     98 1258
    101 1259
     86 1260
     92 1261
     98 1262
    128 1263
    103 1264
     86 1265
     97 1266
     89 1267
    105 1268
     84 1269
     83 1270
     95 1271
     98 1272
     87 1273
     85 1274
     82 1275
     96 1276
     87 1277
     79 1278
     90 1279
     92 1280
     97 1281
     74 1282
     85 1283
     94 1284
     85 1285
    112 1286
    109 1287
     83 1288
     93 1289
     82 1290
     71 1291
     90 1292
     88 1293
     94 1294
     76 1295
    101 1296
     83 1297
     73 1298
     92 1299
     83 1300
     95 1301
     83 1302
    100 1303
     80 1304
    101 1305
     77 1306
     83 1307
     62 1308
     94 1309
     84 1310
     71 1311
     80 1312
     72 1313
    109 1314
     87 1315
     75 1316
    102 1317
     85 1318
     80 1319
     77 1320
     88 1321
     69 1322
     89 1323
     82 1324
     89 1325
     83 1326
     95 1327
     63 1328
     75 1329
     80 1330
     81 1331
     78 1332
     76 1333
     72 1334
     74 1335
     75 1336
     72 1337
     80 1338
     68 1339
     72 1340
     66 1341
     55 1342
     66 1343
     77 1344
     63 1345
     73 1346
     71 1347
     74 1348
     57 1349
     75 1350
     63 1351
     69 1352
     63 1353
     77 1354
     67 1355
     64 1356
     52 1357
     68 1358
     61 1359
     69 1360
     72 1361
     63 1362
     69 1363
     65 1364
     59 1365
     61 1366
     75 1367
     51 1368
     60 1369
     75 1370
     68 1371
     65 1372
     64 1373
     59 1374
     65 1375
     81 1376
     70 1377
     79 1378
     72 1379
     69 1380
     71 1381
     66 1382
     60 1383
     68 1384
     66 1385
     65 1386
     76 1387
     73 1388
     64 1389
     50 1390
     58 1391
     71 1392
     63 1393
     68 1394
     58 1395
     63 1396
     68 1397
     56 1398
     52 1399
     53 1400
     57 1401
     61 1402
     56 1403
     65 1404
     59 1405
     55 1406
     55 1407
     55 1408
     65 1409
     54 1410
     51 1411
     58 1412
     54 1413
     56 1414
     59 1415
     62 1416
     56 1417
     56 1418
     54 1419
     53 1420
     51 1421
     61 1422
     41 1423
     62 1424
     46 1425
     48 1426
     39 1427
     53 1428
     40 1429
     54 1430
     58 1431
     50 1432
     43 1433
     61 1434
     58 1435
     50 1436
     44 1437
     45 1438
     57 1439
     37 1440
     53 1441
     48 1442
     44 1443
     44 1444
     46 1445
     57 1446
     56 1447
     39 1448
     54 1449
     55 1450
     59 1451
     51 1452
     65 1453
     47 1454
     53 1455
     45 1456
     44 1457
     39 1458
     54 1459
     59 1460
     46 1461
     50 1462
     51 1463
     53 1464
     41 1465
     40 1466
     60 1467
     48 1468
     45 1469
     46 1470
     43 1471
     40 1472
     38 1473
     38 1474
     57 1475
     54 1476
     40 1477
     47 1478
     44 1479
     48 1480
     34 1481
     43 1482
     34 1483
     42 1484
     39 1485
     41 1486
     38 1487
     42 1488
     42 1489
     45 1490
     45 1491
     52 1492
     44 1493
     36 1494
     47 1495
     41 1496
     47 1497
     33 1498
     46 1499
     48 1500
     38 1501
     40 1502
     25 1503
     38 1504
     34 1505
     36 1506
     39 1507
     42 1508
     36 1509
     42 1510
     42 1511
     31 1512
     32 1513
     34 1514
     57 1515
     37 1516
     37 1517
     35 1518
     35 1519
     41 1520
     30 1521
     37 1522
     42 1523
     45 1524
     45 1525
     43 1526
     26 1527
     37 1528
     52 1529
     45 1530
     42 1531
     53 1532
     39 1533
     55 1534
     38 1535
     34 1536
     51 1537
     33 1538
     38 1539
     44 1540
     46 1541
     20 1542
     35 1543
     38 1544
     36 1545
     41 1546
     36 1547
     32 1548
     28 1549
     24 1550
     38 1551
     37 1552
     33 1553
     34 1554
     36 1555
     26 1556
     36 1557
     36 1558
     26 1559
     29 1560
     30 1561
     29 1562
     20 1563
     40 1564
     23 1565
     29 1566
     38 1567
     36 1568
     33 1569
     35 1570
     43 1571
     28 1572
     35 1573
     42 1574
     36 1575
     27 1576
     43 1577
     32 1578
     39 1579
     24 1580
     25 1581
     24 1582
     33 1583
     27 1584
     27 1585
     27 1586
     31 1587
     27 1588
     30 1589
     33 1590
     30 1591
     38 1592
     30 1593
     34 1594
     30 1595
     30 1596
     26 1597
     19 1598
     28 1599
     17 1600
     33 1601
     23 1602
     25 1603
     30 1604
     32 1605
     34 1606
     29 1607
     23 1608
     28 1609
     23 1610
     32 1611
     33 1612
     28 1613
     27 1614
     29 1615
     32 1616
     39 1617
     25 1618
     31 1619
     30 1620
     28 1621
     29 1622
     31 1623
     25 1624
     27 1625
     20 1626
     23 1627
     29 1628
     29 1629
     20 1630
     24 1631
     17 1632
     20 1633
     19 1634
     28 1635
     26 1636
     32 1637
     31 1638
     28 1639
     25 1640
     24 1641
     29 1642
     28 1643
     22 1644
     23 1645
     28 1646
     24 1647
     22 1648
     27 1649
     28 1650
     22 1651
     22 1652
     32 1653
     23 1654
     25 1655
     24 1656
     26 1657
     23 1658
     22 1659
     18 1660
     22 1661
     23 1662
     22 1663
     24 1664
     18 1665
     27 1666
     32 1667
     18 1668
     23 1669
     24 1670
     20 1671
     34 1672
     21 1673
     21 1674
     32 1675
     16 1676
     17 1677
     22 1678
     28 1679
     15 1680
     19 1681
     15 1682
     18 1683
     18 1684
     17 1685
     17 1686
     18 1687
     27 1688
     26 1689
     18 1690
     23 1691
     20 1692
     22 1693
     28 1694
     24 1695
     29 1696
     23 1697
     20 1698
     24 1699
     24 1700
     18 1701
     20 1702
     22 1703
     32 1704
     18 1705
     24 1706
     24 1707
     13 1708
     16 1709
     14 1710
     12 1711
     16 1712
     25 1713
     18 1714
     26 1715
     21 1716
     14 1717
     19 1718
     17 1719
     21 1720
     19 1721
     19 1722
     28 1723
     22 1724
     15 1725
     18 1726
     20 1727
     22 1728
     33 1729
     16 1730
     22 1731
     11 1732
     17 1733
     22 1734
     14 1735
     21 1736
     21 1737
     17 1738
     20 1739
     16 1740
     17 1741
     18 1742
     16 1743
     21 1744
     15 1745
     19 1746
     17 1747
     21 1748
     19 1749
     20 1750
     17 1751
     17 1752
     20 1753
     17 1754
     10 1755
     15 1756
     14 1757
     19 1758
     15 1759
     17 1760
     21 1761
     22 1762
     16 1763
     12 1764
     18 1765
     24 1766
     20 1767
     15 1768
     19 1769
     17 1770
     17 1771
     14 1772
     15 1773
     23 1774
     23 1775
     15 1776
     11 1777
     22 1778
     16 1779
     13 1780
     15 1781
      9 1782
     18 1783
     17 1784
     12 1785
     13 1786
     19 1787
     13 1788
     10 1789
     12 1790
     13 1791
     16 1792
     23 1793
      9 1794
     18 1795
     11 1796
     15 1797
     13 1798
     18 1799
     16 1800
     17 1801
     21 1802
     10 1803
     17 1804
     15 1805
     18 1806
     20 1807
     21 1808
     17 1809
     10 1810
     13 1811
     17 1812
     12 1813
     11 1814
     10 1815
     22 1816
     20 1817
     12 1818
     17 1819
     17 1820
     12 1821
      7 1822
      7 1823
     14 1824
     19 1825
     13 1826
     13 1827
      9 1828
     16 1829
     17 1830
     10 1831
     15 1832
     10 1833
     11 1834
     21 1835
     19 1836
      9 1837
     17 1838
      9 1839
     10 1840
      9 1841
     13 1842
     12 1843
      8 1844
      9 1845
     14 1846
     13 1847
     10 1848
     14 1849
     15 1850
      9 1851
     11 1852
      9 1853
      7 1854
     13 1855
     10 1856
      8 1857
     12 1858
     10 1859
     16 1860
      7 1861
      6 1862
     13 1863
      9 1864
     18 1865
     10 1866
      8 1867
     15 1868
     15 1869
     17 1870
      7 1871
      9 1872
     11 1873
     11 1874
     10 1875
     10 1876
     12 1877
     13 1878
      5 1879
     12 1880
      9 1881
     10 1882
     12 1883
     11 1884
     10 1885
      9 1886
      9 1887
     10 1888
      7 1889
     11 1890
     10 1891
      4 1892
      9 1893
      9 1894
     14 1895
      8 1896
     14 1897
     10 1898
     16 1899
      8 1900
      9 1901
     15 1902
      6 1903
     11 1904
      9 1905
      9 1906
     10 1907
     10 1908
     10 1909
     12 1910
      2 1911
      5 1912
      3 1913
      7 1914
      9 1915
     11 1916
     10 1917
      6 1918
     15 1919
     10 1920
      9 1921
      5 1922
     11 1923
      7 1924
     12 1925
     18 1926
     10 1927
      9 1928
      9 1929
      7 1930
     11 1931
      8 1932
      7 1933
     14 1934
     12 1935
     14 1936
     12 1937
     10 1938
      9 1939
      7 1940
      6 1941
     12 1942
     10 1943
      8 1944
      7 1945
     10 1946
     10 1947
      6 1948
      2 1949
     10 1950
      7 1951
     12 1952
      8 1953
      6 1954
     10 1955
      6 1956
      7 1957
      7 1958
     18 1959
      7 1960
      6 1961
      9 1962
     10 1963
      7 1964
     10 1965
      7 1966
      5 1967
      6 1968
      7 1969
      9 1970
      6 1971
      7 1972
      4 1973
      7 1974
     11 1975
     12 1976
     10 1977
      3 1978
     13 1979
      6 1980
      7 1981
      8 1982
      6 1983
      5 1984
     10 1985
      6 1986
      7 1987
      8 1988
      7 1989
      8 1990
     11 1991
      7 1992
      3 1993
     10 1994
      4 1995
      8 1996
      6 1997
     13 1998
      8 1999
      3 2000
      8 2001
      7 2002
      8 2003
      5 2004
     12 2005
      3 2006
      6 2007
      7 2008
      6 2009
      9 2010
      6 2011
      5 2012
      8 2013
      8 2014
      2 2015
      4 2016
      4 2017
      6 2018
      3 2019
     10 2020
      2 2021
      8 2022
      8 2023
      8 2024
      6 2025
      3 2026
      6 2027
      8 2028
      5 2029
      3 2030
      4 2031
      6 2032
      5 2033
      5 2034
      8 2035
      3 2036
      7 2037
      3 2038
      9 2039
      8 2040
      7 2041
      9 2042
      6 2043
     10 2044
      4 2045
      4 2046
      6 2047
     10 2048
      7 2049
      6 2050
      3 2051
      7 2052
      2 2053
      4 2054
     14 2055
      5 2056
      7 2057
      6 2058
      7 2059
      6 2060
      9 2061
      6 2062
      6 2063
      8 2064
      6 2065
      2 2066
      8 2067
      6 2068
      3 2069
     16 2070
      7 2072
      6 2073
      5 2074
      3 2075
      5 2076
      3 2077
      7 2078
      6 2079
      6 2080
      4 2081
      5 2082
      4 2083
      2 2084
      4 2085
      1 2086
      5 2087
      5 2088
      5 2089
      3 2090
      3 2091
      5 2092
      4 2093
      4 2094
      3 2095
      4 2096
      3 2097
      1 2098
      4 2099
      7 2100
      3 2101
     10 2102
      3 2103
      9 2104
      4 2105
      3 2106
      5 2107
      2 2108
      2 2109
      7 2110
      2 2111
      3 2112
      5 2113
      6 2114
      6 2115
      4 2116
      9 2117
      1 2118
      7 2119
      5 2120
      4 2121
      6 2122
      2 2123
      6 2124
      6 2125
      5 2126
      6 2127
      6 2128
      4 2129
      8 2130
      3 2131
      1 2132
      6 2133
      2 2134
      1 2135
      5 2136
      6 2137
      4 2138
      4 2139
      7 2140
      6 2141
      4 2142
      3 2143
      3 2144
      7 2145
      8 2146
      6 2148
      4 2149
      6 2150
      2 2151
      4 2152
      2 2153
      2 2154
      3 2155
      8 2156
      5 2157
      3 2158
      3 2159
      3 2160
      3 2161
      6 2162
      2 2163
      3 2164
      2 2165
      3 2166
      3 2167
      4 2168
      1 2169
      5 2170
      3 2171
      6 2172
      5 2173
      4 2174
      4 2175
      5 2176
      4 2177
      3 2178
      4 2179
      2 2180
      5 2181
      2 2182
      6 2184
      7 2185
      4 2186
      2 2187
      5 2188
      8 2189
      3 2190
      3 2191
      5 2192
      3 2193
      3 2194
      3 2195
      6 2196
      2 2197
      1 2198
      1 2199
      1 2200
      4 2201
      5 2202
      5 2203
      3 2204
      4 2205
      4 2206
      4 2207
      2 2208
      3 2209
      9 2210
      8 2211
      2 2212
      2 2213
      1 2214
      1 2215
      4 2216
      2 2217
      2 2218
      4 2219
      4 2220
      3 2221
      3 2222
      5 2223
      4 2224
      9 2225
      1 2226
      3 2227
      3 2228
      5 2229
      6 2230
      4 2231
      3 2232
      6 2233
      4 2234
      5 2235
      2 2236
      3 2237
      5 2238
      6 2239
      5 2240
      2 2241
      3 2242
      4 2243
      3 2244
      1 2245
      2 2246
      3 2247
      1 2248
      3 2249
      3 2250
      4 2251
      5 2252
      3 2253
      2 2254
      5 2255
      3 2256
      4 2258
      2 2259
      1 2260
      1 2261
      5 2262
      6 2263
      1 2264
      1 2265
      2 2266
      5 2267
      2 2268
      2 2269
      3 2270
      4 2271
      3 2272
      3 2274
      3 2275
      3 2276
      1 2277
      4 2278
      2 2280
      2 2281
      3 2282
      4 2283
      2 2284
      2 2285
      3 2286
      4 2287
      1 2288
      3 2289
      1 2290
      1 2291
      3 2292
      1 2293
      1 2295
      4 2296
      2 2297
      5 2299
      4 2300
      5 2301
      4 2302
      4 2303
      2 2304
      1 2305
      4 2306
      4 2307
      3 2308
      2 2309
      3 2310
      5 2311
      2 2312
      1 2314
      1 2316
      3 2317
      3 2318
      3 2319
      2 2320
      3 2321
      3 2322
      3 2323
      3 2324
      2 2325
      3 2326
      1 2327
      1 2328
      2 2329
      2 2330
      1 2331
      4 2332
      2 2333
      4 2335
      1 2336
      5 2337
      3 2339
      6 2340
      1 2341
      1 2342
      3 2344
      2 2345
      4 2346
      3 2347
      2 2348
      3 2349
      1 2350
      2 2351
      3 2352
      1 2353
      2 2354
      1 2355
      1 2356
      3 2357
      1 2358
      2 2360
      2 2361
      4 2362
      1 2363
      1 2364
      1 2365
      1 2366
      2 2368
      4 2369
      2 2372
      3 2373
      1 2374
      2 2376
      1 2377
      1 2378
      2 2379
      2 2381
      2 2382
      3 2383
      5 2384
      3 2386
      2 2387
      2 2389
      2 2390
      1 2391
      2 2392
      1 2393
      2 2394
      2 2395
      2 2396
      2 2397
      2 2398
      2 2399
      2 2400
      1 2401
      1 2402
      3 2403
      4 2404
      1 2406
      1 2407
      2 2408
      1 2409
      1 2410
      2 2411
      2 2412
      1 2413
      2 2414
      3 2416
      4 2417
      2 2418
      2 2419
      1 2420
      3 2421
      4 2422
      3 2424
      2 2425
      2 2426
      1 2427
      1 2428
      1 2429
      1 2430
      5 2431
      2 2432
      3 2433
      2 2436
      1 2437
      4 2438
      2 2440
      1 2442
      1 2443
      1 2444
      1 2446
      1 2447
      3 2448
      3 2449
      3 2450
      3 2451
      3 2452
      3 2453
      3 2456
      2 2457
      1 2458
      2 2459
      1 2460
      2 2461
      4 2462
      1 2463
      2 2466
      1 2467
      1 2468
      2 2469
      2 2470
      2 2472
      1 2473
      1 2474
      2 2475
      2 2478
      2 2479
      2 2480
      6 2482
      1 2483
      2 2484
      1 2485
      2 2486
      3 2487
      3 2488
      2 2490
      1 2491
      1 2492
      2 2493
      3 2494
      1 2496
      1 2497
      1 2498
      2 2499
      2 2500
      5 2501
      4 2502
      2 2503
      3 2504
      2 2505
      1 2506
      3 2507
      2 2508
      3 2509
      2 2510
      2 2511
      2 2512
      4 2514
      1 2515
      1 2516
      2 2517
      1 2518
      2 2522
      5 2524
      1 2525
      2 2526
      2 2528
      1 2530
      4 2531
      2 2532
      1 2533
      2 2534
      1 2535
      2 2537
      2 2539
      5 2540
      3 2541
      1 2542
      1 2543
      2 2545
      2 2546
      2 2547
      2 2548
      3 2550
      2 2551
      3 2552
      1 2553
      2 2554
      1 2555
      2 2556
      1 2558
      1 2559
      1 2564
      2 2565
      4 2567
      2 2568
      1 2569
      2 2570
      3 2571
      2 2572
      3 2574
      1 2577
      1 2578
      2 2579
      2 2581
      2 2582
      2 2583
      2 2584
      1 2585
      2 2586
      3 2587
      3 2588
      1 2592
      3 2593
      1 2597
      1 2598
      1 2599
      1 2602
      2 2603
      2 2605
      1 2606
      2 2607
      1 2608
      1 2609
      2 2610
      1 2611
      1 2612
      1 2613
      1 2614
      2 2615
      2 2616
      2 2617
      1 2618
      2 2619
      3 2620
      1 2621
      2 2622
      1 2624
      2 2625
      1 2626
      1 2628
      2 2629
      2 2631
      1 2632
      2 2633
      1 2634
      3 2635
      1 2636
      1 2637
      1 2638
      1 2642
      1 2646
      1 2647
      4 2648
      2 2649
      1 2652
      1 2655
      1 2657
      3 2658
      1 2659
      1 2660
      1 2661
      1 2662
      1 2663
      1 2664
      3 2666
      4 2667
      2 2668
      2 2669
      1 2670
      2 2671
      1 2672
      2 2673
      2 2676
      1 2677
      2 2678
      1 2681
      2 2682
      3 2685
      1 2688
      1 2689
      4 2693
      1 2694
      5 2696
      2 2701
      2 2702
      1 2704
      2 2706
      3 2707
      1 2708
      1 2710
      1 2711
      2 2712
      2 2716
      1 2718
      1 2719
      2 2721
      1 2722
      1 2723
      1 2724
      1 2726
      2 2729
      2 2730
      1 2731
      2 2733
      1 2735
      2 2738
      1 2739
      1 2740
      1 2742
      2 2743
      1 2746
      1 2749
      1 2750
      2 2751
      1 2752
      1 2754
      2 2756
      1 2757
      1 2760
      1 2761
      1 2762
      1 2763
      1 2764
      1 2765
      3 2766
      2 2768
      1 2769
      1 2773
      2 2775
      1 2777
      1 2778
      1 2779
      1 2780
      1 2784
      1 2785
      2 2788
      2 2789
      2 2790
      1 2792
      2 2794
      2 2795
      1 2796
      1 2797
      3 2800
      3 2801
      1 2802
      1 2805
      1 2806
      2 2808
      2 2809
      2 2811
      1 2814
      1 2816
      1 2819
      3 2820
      2 2821
      2 2822
      3 2824
      2 2826
      1 2827
      1 2831
      1 2833
      2 2834
      2 2840
      1 2843
      1 2845
      2 2847
      2 2848
      1 2850
      2 2852
      1 2853
      2 2855
      1 2856
      3 2857
      1 2858
      1 2860
      4 2861
      2 2863
      1 2864
      1 2866
      1 2869
      2 2870
      1 2871
      2 2872
      1 2873
      2 2875
      1 2877
      1 2878
      1 2879
      1 2880
      1 2882
      1 2883
      2 2886
      1 2887
      1 2889
      1 2891
      3 2892
      1 2895
      1 2897
      1 2900
      2 2901
      1 2902
      1 2903
      1 2904
      2 2907
      2 2908
      1 2910
      1 2911
      1 2912
      1 2914
      1 2915
      1 2916
      1 2917
      1 2919
      1 2922
      1 2923
      1 2925
      1 2926
      2 2927
      2 2929
      4 2930
      1 2932
      2 2933
      2 2934
      1 2935
      1 2936
      2 2937
      1 2938
      1 2948
      1 2951
      2 2953
      2 2954
      1 2957
      2 2962
      1 2964
      1 2973
      1 2976
      2 2977
      2 2978
      5 2979
      2 2981
      1 2982
      3 2983
      1 2984
      1 2985
      1 2986
      1 2988
      1 2992
      2 2993
      1 2994
      2 2995
      2 2996
      1 3000
      1 3002
      1 3003
      2 3004
      1 3005
      1 3006
      1 3007
      1 3010
      1 3012
      1 3013
      4 3015
      2 3016
      1 3018
      2 3020
      1 3021
      1 3026
      1 3027
      2 3031
      2 3033
      1 3037
      3 3038
      1 3039
      2 3040
      1 3041
      1 3043
      1 3044
      1 3046
      1 3048
      1 3050
      3 3051
      3 3052
      2 3053
      1 3055
      3 3056
      1 3058
      1 3059
      1 3060
      1 3066
      1 3067
      1 3072
      1 3075
      1 3078
      1 3079
      1 3080
      1 3081
      2 3082
      1 3083
      1 3084
      1 3085
      1 3086
      1 3088
      2 3090
      2 3094
      3 3095
      1 3096
      2 3099
      1 3100
      2 3102
      2 3103
      1 3105
      2 3107
      1 3109
      1 3112
      2 3113
      1 3114
      1 3116
      3 3119
      1 3120
      3 3125
      1 3132
      3 3134
      1 3135
      1 3139
      2 3142
      1 3145
      1 3148
      2 3149
      1 3150
      1 3154
      2 3159
      1 3162
      1 3163
      1 3166
      1 3168
      1 3173
      2 3175
      1 3177
      1 3178
      2 3180
      3 3181
      1 3182
      1 3194
      1 3196
      1 3203
      2 3204
      1 3206
      2 3207
      1 3208
      1 3213
      2 3216
      2 3217
      1 3218
      1 3219
      2 3223
      1 3227
      1 3229
      2 3231
      1 3235
      2 3236
      1 3237
      1 3238
      1 3243
      1 3244
      1 3245
      1 3247
      1 3251
      1 3253
      1 3257
      1 3262
      1 3264
      2 3265
      1 3272
      1 3279
      2 3280
      3 3281
      1 3283
      1 3286
      1 3288
      2 3292
      2 3299
      2 3300
      1 3302
      1 3303
      2 3307
      2 3308
      1 3309
      1 3310
      1 3311
      1 3312
      1 3313
      1 3316
      1 3317
      1 3326
      2 3327
      1 3328
      1 3329
      1 3330
      2 3331
      1 3332
      1 3335
      2 3337
      1 3339
      1 3341
      1 3343
      1 3344
      2 3345
      2 3348
      1 3349
      1 3355
      1 3356
      2 3357
      1 3359
      1 3362
      1 3363
      2 3366
      2 3367
      1 3370
      1 3371
      1 3373
      2 3374
      2 3375
      1 3377
      1 3378
      2 3383
      1 3386
      1 3387
      1 3389
      2 3390
      3 3391
      4 3392
      1 3393
      1 3394
      1 3396
      1 3397
      2 3399
      2 3400
      1 3401
      1 3405
      1 3407
      1 3412
      1 3414
      1 3415
      1 3416
      1 3417
      1 3420
      1 3421
      1 3422
      2 3425
      2 3426
      1 3430
      1 3435
      2 3436
      3 3438
      2 3448
      1 3449
      1 3451
      1 3455
      2 3456
      2 3459
      1 3468
      1 3470
      1 3472
      2 3473
      1 3481
      1 3486
      1 3492
      1 3493
      1 3497
      1 3499
      1 3504
      1 3508
      1 3522
      1 3523
      1 3525
      1 3526
      1 3529
      1 3534
      1 3539
      1 3543
      2 3548
      2 3550
      1 3555
      2 3557
      1 3561
      1 3565
      1 3566
      1 3571
      1 3572
      1 3573
      1 3574
      1 3575
      1 3580
      2 3585
      1 3588
      1 3594
      1 3598
      1 3602
      1 3603
      2 3606
      1 3613
      1 3614
      1 3618
      1 3619
      1 3626
      1 3631
      2 3632
      1 3637
      2 3640
      1 3641
      1 3642
      1 3649
      1 3650
      1 3652
      1 3657
      1 3660
      1 3664
      1 3667
      1 3668
      1 3669
      1 3670
      1 3671
      1 3672
      1 3674
      2 3679
      1 3682
      1 3690
      2 3695
      1 3700
      1 3701
      1 3705
      1 3706
      1 3708
      1 3709
      1 3710
      1 3715
      1 3716
      2 3718
      1 3719
      1 3720
      1 3724
      2 3726
      1 3734
      1 3735
      1 3736
      2 3738
      1 3742
      1 3745
      1 3752
      1 3753
      1 3754
      1 3755
      1 3759
      1 3762
      2 3766
      1 3770
      1 3782
      1 3788
      1 3795
      1 3796
      1 3798
      1 3801
      1 3803
      1 3808
      2 3813
      1 3814
      1 3817
      2 3819
      1 3823
      1 3834
      2 3839
      1 3840
      1 3845
      2 3854
      1 3861
      1 3865
      3 3869
      1 3871
      1 3872
      1 3875
      1 3877
      1 3879
      2 3881
      1 3889
      3 3893
      1 3894
      1 3908
      2 3921
      1 3927
      2 3928
      1 3929
      1 3942
      1 3943
      1 3945
      1 3953
      2 3955
      1 3957
      1 3963
      1 3966
      1 3971
      1 3973
      1 3974
      2 3987
      1 3988
      1 3992
      1 3993
      1 4002
      1 4009
      1 4016
      1 4042
      1 4045
      1 4048
      1 4052
      1 4061
      2 4069
      1 4076
      1 4107
      1 4111
      1 4127
      1 4135
      1 4137
      1 4159
      1 4161
      1 4168
      1 4171
      1 4175
      1 4178
      1 4180
      2 4183
      1 4193
      1 4194
      1 4196
      1 4199
      1 4203
      1 4217
      1 4221
      1 4222
      1 4228
      2 4230
      1 4232
      1 4251
      1 4255
      1 4262
      1 4281
      1 4291
      1 4304
      1 4320
      1 4321
      1 4323
      1 4324
      1 4326
      1 4335
      1 4337
      1 4353
      1 4359
      2 4368
      1 4373
      1 4390
      1 4414
      1 4415
      1 4423
      1 4475
      1 4481
      1 4495
      2 4507
      1 4512
      1 4514
      1 4528
      1 4531
      1 4557
      1 4558
      1 4599
      1 4627
      1 4633
      1 4635
      1 4660
      1 4676
      1 4680
      1 4683
      1 4720
      1 4730
      1 4737
      1 4739
      1 4748
      1 4768
      1 4772
      1 4779
      1 4784
      1 4799
      1 4817
      1 4826
      1 4844
      1 4868
      1 4882
      3 4887
      1 4899
      1 4921
      1 4924
      1 4933
      1 4979
      1 4999
      1 5007
      1 5022
      1 5044
      1 5045
      1 5078
      1 5084
      1 5087
      1 5129
      1 5164
      1 5181
      1 5234
      1 5286
      1 5290
      1 5320
      1 5322
      1 5331
      1 5344
      1 5380
      1 5429
      1 5440
      1 5455
      1 5459
      1 5519
      1 5533
      1 5603
      1 5605
      1 5608
      1 5611
      1 5628
      1 5668
      1 5715
      1 5717
      1 5733
      1 5738
      1 5903
      1 5915
      1 6092
      1 6240
      1 6352
      1 6380
      1 6491
      1 6531
      1 6639
      1 6658
      1 6671
      1 6692
      1 6887
      1 6893
      1 6895
      1 6963
      1 7055
      1 7125
      1 7195
      1 7226
      1 7353
      1 7437
      1 7459
      1 7516
      1 7613
      1 7739
      1 7849
      1 7900
      1 7970
      1 8105
      1 8271
      1 8478
      1 8772
      1 9316
      1 9503
      1 9752
      1 10038
      1 10484
      1 10698
      1 10915
      1 14536
      1 14713
      1 15829
---AAD-PGBENCH-LAG-US---
