pgbench (18.6 (Debian 18.6-1.pgdg13+2))
starting vacuum...end.
transaction type: <builtin: select only>
scaling factor: 1000
query mode: simple
number of clients: 8
number of threads: 8
maximum number of tries: 1
duration: 60 s
number of transactions actually processed: 1669715
number of failed transactions: 0 (0.000%)
latency average = 0.287 ms
initial connection time = 5.391 ms
tps = 27830.828817 (without initial connection time)
---AAD-PGBENCH-LATENCY-US---
rc=0
samples=33622
      1 226
      1 231
      1 232
      2 233
      3 234
      5 235
      3 236
      9 237
      4 238
      8 239
     10 240
     15 241
     10 242
     20 243
     26 244
     23 245
     27 246
     43 247
     62 248
     81 249
     67 250
     99 251
    122 252
    150 253
    173 254
    174 255
    194 256
    237 257
    267 258
    300 259
    359 260
    448 261
    497 262
    589 263
    616 264
    667 265
    715 266
    816 267
    972 268
   1079 269
   1035 270
   1164 271
   1224 272
   1203 273
   1199 274
   1200 275
   1191 276
   1112 277
    972 278
    886 279
    864 280
    742 281
    691 282
    619 283
    562 284
    500 285
    430 286
    407 287
    375 288
    352 289
    253 290
    296 291
    262 292
    224 293
    235 294
    195 295
    195 296
    180 297
    144 298
    151 299
    126 300
    117 301
    105 302
    122 303
     96 304
    117 305
     89 306
     88 307
     70 308
     74 309
     81 310
     83 311
     68 312
     71 313
     69 314
     90 315
     96 316
     71 317
     85 318
     76 319
     84 320
     91 321
     77 322
     71 323
     90 324
    103 325
    101 326
     88 327
     87 328
     89 329
    109 330
     80 331
     71 332
     84 333
     81 334
    101 335
     73 336
     66 337
     67 338
     51 339
     64 340
     53 341
     50 342
     47 343
     40 344
     39 345
     39 346
     37 347
     37 348
     33 349
     40 350
     25 351
     34 352
     18 353
     26 354
     18 355
     32 356
     25 357
     25 358
     22 359
     16 360
     23 361
     14 362
     17 363
     16 364
     21 365
     22 366
     16 367
     13 368
     18 369
     18 370
     21 371
     12 372
     13 373
     17 374
      9 375
     12 376
     23 377
     20 378
     23 379
     14 380
     19 381
     26 382
     21 383
     20 384
     29 385
     24 386
     19 387
     24 388
     20 389
     31 390
     30 391
     21 392
     30 393
     36 394
     26 395
     26 396
     35 397
     19 398
     33 399
     25 400
     24 401
     28 402
     19 403
     25 404
     12 405
     24 406
     25 407
     16 408
     19 409
     14 410
     25 411
     10 412
     10 413
      8 414
      5 415
      9 416
      9 417
     11 418
      9 419
      8 420
     12 421
      2 422
     11 423
      3 424
      6 425
      7 426
      5 427
      4 428
      9 429
      2 430
      5 431
      6 432
      6 433
      3 434
      4 435
     10 436
      5 437
      2 438
     12 439
      7 440
      3 441
      5 442
      4 443
      5 444
      2 445
      7 446
      6 447
      5 448
      1 449
      6 450
      6 451
      8 452
      2 453
      8 454
      6 455
      7 456
      4 457
      6 458
      4 459
      7 460
      5 461
      3 462
      3 463
      7 464
      5 465
      3 466
      4 467
      2 468
      3 469
      7 470
      5 471
      6 472
      1 473
      6 474
      7 475
      2 476
      3 477
      5 478
      3 479
      1 480
      5 481
      2 482
      6 483
      7 484
      2 485
      3 486
      1 487
      2 488
      1 489
      9 490
      3 491
      2 492
      3 493
      2 494
      3 495
      1 496
      2 497
      2 498
      3 499
      2 500
      3 501
      4 503
      1 505
      4 506
      5 507
      3 508
      5 509
      6 510
      6 511
      7 512
      2 513
      5 514
      2 515
      4 516
      6 518
      3 519
      9 520
      3 521
     17 522
      2 523
      7 524
      6 525
      3 526
      5 527
      1 528
      6 529
      1 530
      2 531
      2 532
      1 533
      2 534
      2 535
      2 536
      1 538
      1 540
      2 543
      2 547
      1 548
      2 552
      1 554
      1 555
      1 564
      1 572
      2 577
      1 580
      1 615
      1 634
---AAD-PGBENCH-LAG-US---
