pgbench (18.6 (Debian 18.6-1.pgdg13+2))
starting vacuum...end.
transaction type: <builtin: select only>
scaling factor: 1000
query mode: simple
number of clients: 16
number of threads: 16
maximum number of tries: 1
duration: 60 s
number of transactions actually processed: 2926647
number of failed transactions: 0 (0.000%)
latency average = 0.328 ms
initial connection time = 7.648 ms
tps = 48783.184463 (without initial connection time)
---AAD-PGBENCH-LATENCY-US---
rc=0
samples=58578
      1 232
      3 233
      1 234
      2 235
      5 236
      5 237
      8 238
      6 239
      9 240
     13 241
     11 242
     12 243
     16 244
     25 245
     29 246
     33 247
     47 248
     40 249
     59 250
     53 251
     65 252
     95 253
     92 254
    119 255
     99 256
    130 257
    155 258
    162 259
    192 260
    194 261
    259 262
    238 263
    261 264
    329 265
    330 266
    356 267
    385 268
    374 269
    414 270
    459 271
    450 272
    431 273
    500 274
    464 275
    571 276
    542 277
    497 278
    501 279
    473 280
    524 281
    506 282
    537 283
    483 284
    447 285
    467 286
    409 287
    469 288
    412 289
    415 290
    401 291
    428 292
    458 293
    386 294
    416 295
    373 296
    379 297
    402 298
    398 299
    439 300
    362 301
    375 302
    363 303
    423 304
    389 305
    402 306
    413 307
    468 308
    403 309
    442 310
    414 311
    459 312
    451 313
    473 314
    502 315
    473 316
    471 317
    511 318
    555 319
    560 320
    568 321
    588 322
    592 323
    608 324
    641 325
    759 326
    798 327
    779 328
    807 329
    909 330
    831 331
    723 332
    727 333
    744 334
    676 335
    656 336
    654 337
    700 338
    602 339
    604 340
    583 341
    618 342
    553 343
    486 344
    571 345
    537 346
    471 347
    400 348
    443 349
    367 350
    392 351
    332 352
    310 353
    362 354
    295 355
    350 356
    288 357
    253 358
    255 359
    224 360
    256 361
    239 362
    210 363
    236 364
    212 365
    196 366
    187 367
    164 368
    177 369
    163 370
    153 371
    163 372
    150 373
    131 374
    130 375
    123 376
    126 377
    123 378
    132 379
    113 380
    134 381
    126 382
    120 383
    115 384
    118 385
     79 386
     95 387
    110 388
    103 389
     96 390
    112 391
    103 392
     99 393
     81 394
    119 395
     90 396
     93 397
    101 398
     89 399
     87 400
     83 401
     67 402
     69 403
     75 404
     75 405
     72 406
     61 407
     54 408
     62 409
     49 410
     56 411
     65 412
     52 413
     48 414
     59 415
     55 416
     50 417
     43 418
     41 419
     44 420
     50 421
     42 422
     41 423
     28 424
     34 425
     40 426
     27 427
     40 428
     31 429
     43 430
     36 431
     32 432
     28 433
     30 434
     23 435
     21 436
     24 437
     20 438
     30 439
     35 440
     27 441
     15 442
     18 443
     33 444
     30 445
     25 446
     15 447
     19 448
     32 449
     35 450
     18 451
     22 452
     18 453
     17 454
     17 455
     21 456
     17 457
     19 458
     18 459
     14 460
     22 461
     23 462
     24 463
     24 464
     15 465
     12 466
     21 467
     17 468
     20 469
     22 470
     22 471
     19 472
     14 473
     14 474
     10 475
     13 476
     10 477
     11 478
     20 479
     17 480
     17 481
     11 482
      9 483
      9 484
     11 485
     15 486
     11 487
     13 488
     19 489
     13 490
     23 491
      9 492
      8 493
      8 494
      8 495
     11 496
     13 497
     13 498
     15 499
     16 500
     17 501
     17 502
     12 503
     11 504
      9 505
     12 506
     11 507
     15 508
     14 509
     16 510
     17 511
     17 512
     19 513
      8 514
     15 515
     17 516
     16 517
     15 518
     10 519
     14 520
     13 521
     15 522
     10 523
     11 524
     16 525
      9 526
     12 527
     13 528
      9 529
     16 530
     13 531
      8 532
     10 533
     11 534
     14 535
      6 536
      8 537
     15 538
     13 539
     13 540
     12 541
      9 542
      3 543
      7 544
      8 545
     10 546
      3 547
     11 548
     19 549
     12 550
      6 551
     11 552
      9 553
      4 554
      6 555
      8 556
      6 557
      4 558
      6 559
     10 560
      8 561
     10 562
      6 563
      8 564
      9 565
      4 566
      9 567
      8 568
      7 569
      5 570
      6 571
      6 572
      4 573
      4 574
      2 575
      5 576
      5 577
      3 578
      5 579
      5 580
      3 581
      4 582
      5 583
      4 584
      8 585
      1 586
      9 587
      8 588
      2 589
      3 590
      7 591
      8 592
      3 593
      3 594
      4 595
      3 596
      1 597
      2 598
      5 599
      4 600
      2 601
      2 602
      3 603
      2 604
      1 605
      1 607
      2 608
      2 609
      1 610
      2 611
      4 612
      3 613
      1 614
      1 615
      1 616
      1 617
      2 618
      2 619
      1 621
      4 622
      2 623
      1 625
      3 626
      2 627
      1 628
      1 629
      1 630
      3 631
      2 633
      3 634
      3 636
      1 637
      2 638
      2 639
      3 640
      2 641
      1 642
      1 645
      1 649
      1 650
      1 651
      1 652
      3 653
      5 654
      3 655
      1 656
      1 657
      3 658
      2 659
      1 660
      1 661
      2 663
      1 664
      1 665
      3 666
      3 667
      1 668
      2 670
      1 674
      1 676
      1 680
      1 681
      1 684
      1 685
      1 688
      1 690
      3 696
      1 705
      1 707
      1 709
      1 710
      2 717
      1 726
      1 730
      1 732
      1 734
      1 739
      1 773
      1 775
      2 798
      1 947
      1 1280
      1 1330
      1 1383
      1 1396
      1 1572
---AAD-PGBENCH-LAG-US---
