pgbench (18.6 (Debian 18.6-1.pgdg13+2))
starting vacuum...end.
transaction type: <builtin: select only>
scaling factor: 1000
query mode: simple
number of clients: 32
number of threads: 16
maximum number of tries: 1
duration: 60 s
number of transactions actually processed: 5399209
number of failed transactions: 0 (0.000%)
latency average = 0.356 ms
initial connection time = 13.270 ms
tps = 90005.783886 (without initial connection time)
---AAD-PGBENCH-LATENCY-US---
rc=0
samples=107105
      2 233
      1 235
      1 236
      4 237
      4 238
      5 239
      1 240
      5 241
      6 242
      5 243
     17 244
     20 245
     19 246
     21 247
     22 248
     17 249
     29 250
     42 251
     39 252
     55 253
     69 254
     83 255
     84 256
     96 257
     99 258
    114 259
    144 260
    141 261
    173 262
    201 263
    193 264
    232 265
    274 266
    246 267
    259 268
    334 269
    328 270
    322 271
    406 272
    385 273
    439 274
    469 275
    483 276
    466 277
    470 278
    470 279
    462 280
    551 281
    492 282
    494 283
    508 284
    471 285
    476 286
    451 287
    493 288
    467 289
    479 290
    422 291
    477 292
    501 293
    463 294
    502 295
    519 296
    488 297
    439 298
    502 299
    533 300
    516 301
    499 302
    513 303
    534 304
    508 305
    501 306
    575 307
    552 308
    567 309
    597 310
    553 311
    613 312
    624 313
    624 314
    637 315
    682 316
    688 317
    687 318
    688 319
    733 320
    722 321
    815 322
    769 323
    747 324
    833 325
    864 326
    939 327
    937 328
   1101 329
   1032 330
    999 331
   1037 332
   1040 333
   1047 334
   1040 335
   1139 336
   1236 337
   1270 338
   1119 339
   1173 340
   1164 341
   1194 342
   1192 343
   1216 344
   1316 345
   1319 346
   1107 347
   1019 348
    958 349
    942 350
    912 351
    880 352
    861 353
    846 354
    819 355
    759 356
    799 357
    736 358
    681 359
    684 360
    662 361
    635 362
    629 363
    620 364
    604 365
    586 366
    570 367
    533 368
    605 369
    554 370
    511 371
    505 372
    524 373
    463 374
    506 375
    486 376
    459 377
    477 378
    471 379
    474 380
    456 381
    498 382
    450 383
    456 384
    447 385
    472 386
    450 387
    486 388
    461 389
    434 390
    459 391
    474 392
    437 393
    442 394
    465 395
    440 396
    483 397
    470 398
    521 399
    431 400
    444 401
    436 402
    423 403
    416 404
    361 405
    399 406
    395 407
    356 408
    341 409
    360 410
    327 411
    337 412
    274 413
    295 414
    310 415
    240 416
    284 417
    259 418
    247 419
    214 420
    234 421
    188 422
    212 423
    188 424
    173 425
    202 426
    187 427
    192 428
    158 429
    164 430
    145 431
    166 432
    153 433
    150 434
    167 435
    118 436
    160 437
    128 438
    145 439
    122 440
    133 441
    141 442
    115 443
    125 444
    115 445
    126 446
    128 447
    126 448
    104 449
    123 450
    118 451
    104 452
    115 453
    116 454
    112 455
    107 456
    108 457
    118 458
    101 459
     99 460
     98 461
     97 462
    107 463
    127 464
    109 465
     96 466
     85 467
     84 468
     99 469
     86 470
     92 471
     89 472
     80 473
     76 474
     73 475
     74 476
     67 477
     75 478
     59 479
     70 480
     73 481
     66 482
     68 483
     68 484
     61 485
     56 486
     60 487
     49 488
     54 489
     50 490
     78 491
     51 492
     61 493
     47 494
     44 495
     58 496
     45 497
     54 498
     33 499
     51 500
     52 501
     35 502
     27 503
     64 504
     42 505
     42 506
     43 507
     49 508
     41 509
     47 510
     45 511
     53 512
     44 513
     44 514
     37 515
     25 516
     34 517
     37 518
     27 519
     40 520
     25 521
     40 522
     46 523
     28 524
     39 525
     36 526
     38 527
     47 528
     41 529
     47 530
     47 531
     40 532
     46 533
     28 534
     22 535
     25 536
     30 537
     31 538
     27 539
     39 540
     39 541
     22 542
     33 543
     28 544
     29 545
     31 546
     32 547
     36 548
     22 549
     24 550
     30 551
     24 552
     18 553
     31 554
     30 555
     18 556
     28 557
     25 558
     17 559
     12 560
     20 561
     27 562
     21 563
     12 564
     23 565
     16 566
     22 567
     10 568
     13 569
     11 570
     13 571
     20 572
     17 573
     10 574
     15 575
     18 576
     11 577
     13 578
     12 579
      8 580
      9 581
     12 582
     11 583
     18 584
     13 585
     16 586
     12 587
     22 588
     22 589
     10 590
     15 591
     12 592
     17 593
     11 594
      9 595
     12 596
      8 597
      8 598
      9 599
     12 600
      9 601
     10 602
     14 603
      9 604
     10 605
      5 606
      7 607
      8 608
      6 609
      9 610
      8 611
      4 612
      7 613
      2 614
      1 615
      6 616
      1 617
      5 618
      9 619
      6 620
      2 621
      4 622
      2 623
      1 624
      4 625
      6 626
      3 627
      1 628
      5 629
      4 630
      3 631
      3 632
      4 633
      2 634
      4 635
      3 636
      3 637
      3 638
      2 640
      1 641
      6 642
      3 643
      3 645
      4 646
      4 648
      2 649
      1 650
      2 652
      3 653
      1 654
      1 655
      3 656
      6 657
      3 658
      3 659
      3 660
      1 661
      3 662
      4 663
      2 664
      2 665
      2 667
      1 668
      2 669
      3 670
      3 671
      1 672
      3 673
      1 678
      2 680
      1 682
      1 684
      1 685
      1 686
      1 687
      1 689
      1 691
      2 692
      1 693
      1 696
      1 698
      1 700
      2 702
      1 703
      2 704
      1 705
      2 707
      1 708
      2 710
      1 711
      3 712
      1 714
      1 716
      1 717
      1 718
      1 719
      1 720
      1 724
      1 733
      2 740
      1 741
      1 747
      1 748
      2 751
      1 752
      2 754
      1 758
      1 759
      1 760
      1 761
      1 767
      1 771
      1 781
      2 793
      1 798
      1 802
      1 811
      1 814
      2 818
      1 831
      1 845
      1 849
      1 858
      1 865
      1 872
      1 874
      1 878
      1 879
      1 885
      1 886
      1 891
      1 897
      1 902
      1 908
      1 945
      1 971
      1 980
      1 993
      1 1000
      1 1014
      1 1019
      1 1042
      2 1043
      1 1046
      2 1048
      1 1049
      1 1056
      1 1062
      1 1069
      1 1070
      1 1082
      1 1083
      1 1085
      1 1091
      1 1093
      1 1096
      1 1108
      1 1128
      1 1129
      1 1136
      1 1139
      1 1151
      1 1159
      1 1162
      1 1171
      1 1178
      1 1183
      1 1184
      1 1192
      1 1197
      1 1222
      2 1253
      1 1263
      1 1278
      1 1281
      1 1284
      1 1288
      1 1290
      1 1292
      1 1301
      1 1338
      1 1354
      1 1378
      1 1383
      1 1390
      1 1394
      1 1403
      1 1413
      2 1426
      1 1432
      1 1434
      1 1435
      1 1437
      1 1442
      1 1444
      1 1445
      1 1450
      1 1458
      2 1460
      1 1463
      1 1465
      1 1468
      1 1478
      1 1481
      1 1483
      1 1486
      1 1487
      1 1488
      1 1491
      1 1498
      1 1501
      1 1539
      2 1554
      1 1648
      1 2476
---AAD-PGBENCH-LAG-US---
