pgbench (18.6 (Debian 18.6-1.pgdg13+2))
starting vacuum...end.
transaction type: <builtin: select only>
scaling factor: 1000
query mode: simple
number of clients: 128
number of threads: 16
maximum number of tries: 1
duration: 60 s
number of transactions actually processed: 8107072
number of failed transactions: 0 (0.000%)
latency average = 0.942 ms
initial connection time = 348.724 ms
tps = 135848.805694 (without initial connection time)
---AAD-PGBENCH-LATENCY-US---
rc=0
samples=162241
      2 248
      1 257
      1 258
      1 261
      3 262
      3 263
      2 264
      3 265
      6 266
      2 267
      2 268
      7 269
      7 271
      8 272
      4 273
      3 274
      5 275
      3 276
     12 277
     12 278
      9 279
      9 280
      7 281
      7 282
      7 283
      4 284
      7 285
     10 286
      5 287
     11 288
     10 289
      5 290
      7 291
      5 292
      7 293
      7 294
      8 295
      8 296
      9 297
      8 298
      8 299
     10 300
      8 301
      3 302
      5 303
      5 304
     15 305
      5 306
     14 307
     13 308
     16 309
     15 310
     13 311
     11 312
     14 313
     13 314
     18 315
     15 316
     13 317
     18 318
     13 319
     23 320
     21 321
     12 322
     25 323
     17 324
     21 325
     18 326
     26 327
     34 328
     23 329
     34 330
     40 331
     26 332
     40 333
     39 334
     36 335
     47 336
     37 337
     64 338
     45 339
     52 340
     53 341
     56 342
     53 343
     63 344
     65 345
     64 346
     58 347
     47 348
     56 349
     72 350
     73 351
     50 352
     64 353
     58 354
     54 355
     53 356
     53 357
     56 358
     37 359
     51 360
     54 361
     38 362
     51 363
     46 364
     36 365
     55 366
     51 367
     63 368
     46 369
     37 370
     41 371
     38 372
     48 373
     40 374
     40 375
     42 376
     45 377
     36 378
     46 379
     43 380
     34 381
     32 382
     46 383
     54 384
     45 385
     45 386
     36 387
     53 388
     44 389
     45 390
     48 391
     49 392
     47 393
     53 394
     38 395
     58 396
     55 397
     57 398
     68 399
     55 400
     67 401
     82 402
     70 403
     87 404
     81 405
     82 406
     90 407
    100 408
     95 409
     86 410
     92 411
     91 412
    106 413
    119 414
     87 415
     92 416
     89 417
    105 418
    106 419
     87 420
     80 421
     83 422
    102 423
     82 424
     76 425
     64 426
     66 427
     62 428
     46 429
     50 430
     59 431
     60 432
     52 433
     66 434
     56 435
     42 436
     48 437
     60 438
     59 439
     47 440
     48 441
     51 442
     56 443
     61 444
     50 445
     50 446
     60 447
     58 448
     47 449
     58 450
     53 451
     50 452
     52 453
     48 454
     62 455
     59 456
     66 457
     61 458
     53 459
     73 460
     51 461
     75 462
     64 463
     65 464
     67 465
     73 466
     74 467
     77 468
     70 469
     96 470
     75 471
     83 472
     80 473
     77 474
    101 475
     83 476
     95 477
     98 478
    110 479
    105 480
    118 481
    129 482
    112 483
    122 484
    119 485
    114 486
    117 487
     99 488
    118 489
     96 490
     97 491
    117 492
     99 493
     85 494
     96 495
     93 496
     89 497
     91 498
    117 499
     96 500
     86 501
     95 502
     94 503
     89 504
     87 505
     92 506
     91 507
    104 508
     92 509
     95 510
     92 511
     82 512
    107 513
    118 514
    102 515
     96 516
     94 517
     80 518
     82 519
     93 520
    114 521
     82 522
     94 523
    105 524
    108 525
     95 526
    108 527
    107 528
    100 529
    115 530
    127 531
    141 532
    155 533
    129 534
    133 535
    109 536
    126 537
    152 538
    138 539
    155 540
    148 541
    162 542
    178 543
    166 544
    187 545
    171 546
    185 547
    186 548
    187 549
    226 550
    216 551
    201 552
    210 553
    211 554
    216 555
    217 556
    198 557
    197 558
    198 559
    183 560
    202 561
    176 562
    167 563
    217 564
    196 565
    226 566
    192 567
    165 568
    181 569
    165 570
    178 571
    197 572
    183 573
    150 574
    174 575
    179 576
    178 577
    179 578
    173 579
    187 580
    187 581
    193 582
    195 583
    181 584
    180 585
    187 586
    200 587
    184 588
    168 589
    188 590
    184 591
    180 592
    205 593
    178 594
    175 595
    215 596
    193 597
    206 598
    216 599
    224 600
    192 601
    218 602
    250 603
    234 604
    239 605
    203 606
    232 607
    260 608
    250 609
    258 610
    272 611
    270 612
    283 613
    261 614
    279 615
    313 616
    302 617
    327 618
    332 619
    314 620
    329 621
    337 622
    333 623
    300 624
    308 625
    320 626
    296 627
    300 628
    286 629
    284 630
    279 631
    265 632
    288 633
    248 634
    241 635
    269 636
    254 637
    265 638
    238 639
    227 640
    235 641
    227 642
    233 643
    214 644
    214 645
    199 646
    256 647
    254 648
    211 649
    227 650
    222 651
    193 652
    239 653
    220 654
    229 655
    217 656
    236 657
    209 658
    217 659
    219 660
    246 661
    218 662
    222 663
    224 664
    209 665
    194 666
    232 667
    237 668
    243 669
    204 670
    224 671
    247 672
    221 673
    255 674
    226 675
    246 676
    245 677
    239 678
    233 679
    252 680
    252 681
    233 682
    279 683
    262 684
    272 685
    285 686
    275 687
    276 688
    263 689
    258 690
    295 691
    289 692
    302 693
    263 694
    277 695
    233 696
    259 697
    235 698
    248 699
    285 700
    228 701
    220 702
    237 703
    217 704
    222 705
    238 706
    224 707
    192 708
    179 709
    206 710
    202 711
    221 712
    190 713
    194 714
    186 715
    200 716
    195 717
    183 718
    190 719
    179 720
    188 721
    192 722
    175 723
    188 724
    186 725
    165 726
    195 727
    186 728
    171 729
    182 730
    164 731
    194 732
    185 733
    190 734
    176 735
    175 736
    203 737
    174 738
    158 739
    193 740
    201 741
    156 742
    192 743
    192 744
    181 745
    194 746
    208 747
    199 748
    183 749
    188 750
    205 751
    220 752
    209 753
    212 754
    191 755
    217 756
    224 757
    220 758
    204 759
    227 760
    238 761
    191 762
    224 763
    203 764
    200 765
    190 766
    188 767
    173 768
    223 769
    175 770
    203 771
    191 772
    175 773
    162 774
    198 775
    177 776
    142 777
    188 778
    181 779
    167 780
    146 781
    156 782
    179 783
    154 784
    163 785
    149 786
    150 787
    153 788
    155 789
    168 790
    164 791
    147 792
    142 793
    156 794
    153 795
    135 796
    142 797
    144 798
    148 799
    147 800
    155 801
    144 802
    168 803
    172 804
    150 805
    143 806
    148 807
    153 808
    148 809
    170 810
    160 811
    158 812
    160 813
    183 814
    168 815
    155 816
    152 817
    179 818
    159 819
    161 820
    171 821
    193 822
    177 823
    158 824
    165 825
    170 826
    155 827
    196 828
    200 829
    173 830
    186 831
    157 832
    158 833
    157 834
    176 835
    168 836
    160 837
    163 838
    192 839
    172 840
    164 841
    148 842
    155 843
    155 844
    173 845
    141 846
    155 847
    159 848
    144 849
    154 850
    139 851
    134 852
    144 853
    147 854
    141 855
    133 856
    150 857
    146 858
    133 859
    152 860
    142 861
    152 862
    141 863
    148 864
    136 865
    157 866
    137 867
    142 868
    146 869
    144 870
    120 871
    148 872
    147 873
    145 874
    153 875
    138 876
    143 877
    127 878
    133 879
    120 880
    139 881
    176 882
    126 883
    151 884
    126 885
    134 886
    127 887
    173 888
    153 889
    158 890
    167 891
    148 892
    120 893
    167 894
    155 895
    164 896
    164 897
    173 898
    164 899
    175 900
    132 901
    180 902
    145 903
    145 904
    161 905
    129 906
    134 907
    156 908
    153 909
    149 910
    167 911
    149 912
    148 913
    148 914
    151 915
    134 916
    143 917
    144 918
    154 919
    149 920
    139 921
    145 922
    146 923
    127 924
    143 925
    125 926
    130 927
    137 928
    142 929
    136 930
    144 931
    127 932
    126 933
    102 934
    110 935
    136 936
    113 937
    124 938
    106 939
    135 940
    131 941
    123 942
    127 943
    145 944
    118 945
    138 946
    165 947
    139 948
    134 949
    138 950
    124 951
    139 952
    143 953
    128 954
    152 955
    155 956
    139 957
    137 958
    153 959
    146 960
    164 961
    155 962
    167 963
    159 964
    152 965
    157 966
    164 967
    134 968
    136 969
    161 970
    120 971
    130 972
    152 973
    142 974
    149 975
    142 976
    135 977
    136 978
    141 979
    153 980
    148 981
    165 982
    126 983
    127 984
    161 985
    152 986
    145 987
    127 988
    138 989
    140 990
    139 991
    144 992
    136 993
    132 994
    131 995
    111 996
    126 997
    130 998
    130 999
    131 1000
    146 1001
    141 1002
    135 1003
    132 1004
    126 1005
    122 1006
    142 1007
    114 1008
    123 1009
    143 1010
    136 1011
    137 1012
    117 1013
    131 1014
    120 1015
    129 1016
    145 1017
    112 1018
    142 1019
    149 1020
    141 1021
    117 1022
    139 1023
    134 1024
    143 1025
    156 1026
    166 1027
    146 1028
    131 1029
    159 1030
    178 1031
    131 1032
    159 1033
    143 1034
    135 1035
    144 1036
    146 1037
    155 1038
    146 1039
    157 1040
    152 1041
    144 1042
    138 1043
    151 1044
    148 1045
    148 1046
    160 1047
    137 1048
    146 1049
    154 1050
    142 1051
    122 1052
    156 1053
    153 1054
    136 1055
    139 1056
    145 1057
    135 1058
    147 1059
    128 1060
    117 1061
    154 1062
    127 1063
    144 1064
    147 1065
    132 1066
    143 1067
    123 1068
    127 1069
    127 1070
    129 1071
    121 1072
    137 1073
    141 1074
    115 1075
    139 1076
    150 1077
    117 1078
    153 1079
    145 1080
    140 1081
    145 1082
    120 1083
    129 1084
    137 1085
    137 1086
    112 1087
    114 1088
    153 1089
    150 1090
    134 1091
    127 1092
    130 1093
    156 1094
    146 1095
    135 1096
    133 1097
    129 1098
    149 1099
    140 1100
    150 1101
    132 1102
    137 1103
    143 1104
    146 1105
    125 1106
    132 1107
    155 1108
    152 1109
    145 1110
    166 1111
    162 1112
    147 1113
    152 1114
    148 1115
    176 1116
    140 1117
    142 1118
    113 1119
    143 1120
    145 1121
    130 1122
    110 1123
    142 1124
    139 1125
    146 1126
    125 1127
    134 1128
    136 1129
    116 1130
    133 1131
    131 1132
    120 1133
    133 1134
    119 1135
    136 1136
    131 1137
    120 1138
    132 1139
    113 1140
    125 1141
    110 1142
    135 1143
    121 1144
    129 1145
    111 1146
    132 1147
    146 1148
    116 1149
    112 1150
    142 1151
    123 1152
    130 1153
    125 1154
    132 1155
    119 1156
    122 1157
    113 1158
    115 1159
     99 1160
    127 1161
    132 1162
    122 1163
    132 1164
    135 1165
    153 1166
    121 1167
    127 1168
    136 1169
    143 1170
    120 1171
    125 1172
    130 1173
    132 1174
    123 1175
    118 1176
    139 1177
    140 1178
    128 1179
    128 1180
    139 1181
    139 1182
    133 1183
    148 1184
    150 1185
    130 1186
    140 1187
    116 1188
    111 1189
    123 1190
    107 1191
    131 1192
    133 1193
    130 1194
    137 1195
    123 1196
    111 1197
    136 1198
    118 1199
    122 1200
    121 1201
    108 1202
    135 1203
    123 1204
    101 1205
    107 1206
    115 1207
    101 1208
    108 1209
    105 1210
    116 1211
     95 1212
    112 1213
    104 1214
     95 1215
    116 1216
    113 1217
     92 1218
    108 1219
    107 1220
     95 1221
    120 1222
    106 1223
    127 1224
    102 1225
    108 1226
     92 1227
     95 1228
     99 1229
    105 1230
     95 1231
    101 1232
    105 1233
    124 1234
    122 1235
    124 1236
    102 1237
     97 1238
     84 1239
    119 1240
    139 1241
    119 1242
     98 1243
    107 1244
    129 1245
    116 1246
    114 1247
    112 1248
    114 1249
    105 1250
    105 1251
     86 1252
    119 1253
     98 1254
     97 1255
    101 1256
    100 1257
     87 1258
    100 1259
    103 1260
    104 1261
     86 1262
    102 1263
    114 1264
     99 1265
     93 1266
     81 1267
     94 1268
     93 1269
     82 1270
    103 1271
     94 1272
     97 1273
    101 1274
     84 1275
    116 1276
     97 1277
     79 1278
     84 1279
    100 1280
     88 1281
    101 1282
     84 1283
    110 1284
     84 1285
     98 1286
     88 1287
     80 1288
     88 1289
     70 1290
     83 1291
     84 1292
     79 1293
    104 1294
     92 1295
     93 1296
     79 1297
     76 1298
     98 1299
     72 1300
     75 1301
     75 1302
     84 1303
     89 1304
     70 1305
     78 1306
     82 1307
     92 1308
     84 1309
     85 1310
     96 1311
     76 1312
     70 1313
     86 1314
     75 1315
     88 1316
     90 1317
     99 1318
     69 1319
     70 1320
     96 1321
     65 1322
     88 1323
     79 1324
     77 1325
     82 1326
     84 1327
     79 1328
     91 1329
     80 1330
     87 1331
     73 1332
     71 1333
     84 1334
     80 1335
     68 1336
     86 1337
     75 1338
     72 1339
     90 1340
     72 1341
     59 1342
     74 1343
     61 1344
     54 1345
     82 1346
     80 1347
     68 1348
     62 1349
     60 1350
     63 1351
     63 1352
     58 1353
     65 1354
     71 1355
     63 1356
     74 1357
     79 1358
     69 1359
     72 1360
     63 1361
     73 1362
     75 1363
     62 1364
     63 1365
     88 1366
     75 1367
     64 1368
     60 1369
     58 1370
     65 1371
     64 1372
     54 1373
     57 1374
     57 1375
     57 1376
     59 1377
     63 1378
     50 1379
     80 1380
     54 1381
     66 1382
     73 1383
     69 1384
     66 1385
     54 1386
     64 1387
     66 1388
     68 1389
     68 1390
     56 1391
     60 1392
     65 1393
     67 1394
     67 1395
     59 1396
     64 1397
     56 1398
     59 1399
     72 1400
     63 1401
     59 1402
     50 1403
     61 1404
     59 1405
     59 1406
     45 1407
     53 1408
     63 1409
     62 1410
     63 1411
     58 1412
     54 1413
     46 1414
     35 1415
     60 1416
     49 1417
     45 1418
     50 1419
     63 1420
     47 1421
     64 1422
     45 1423
     40 1424
     60 1425
     39 1426
     47 1427
     58 1428
     40 1429
     50 1430
     48 1431
     59 1432
     54 1433
     55 1434
     43 1435
     43 1436
     58 1437
     46 1438
     43 1439
     43 1440
     47 1441
     49 1442
     53 1443
     61 1444
     54 1445
     41 1446
     61 1447
     55 1448
     43 1449
     56 1450
     40 1451
     50 1452
     44 1453
     66 1454
     57 1455
     35 1456
     41 1457
     40 1458
     43 1459
     51 1460
     47 1461
     48 1462
     47 1463
     50 1464
     36 1465
     38 1466
     51 1467
     46 1468
     33 1469
     45 1470
     36 1471
     36 1472
     30 1473
     50 1474
     55 1475
     40 1476
     36 1477
     39 1478
     35 1479
     42 1480
     51 1481
     40 1482
     30 1483
     57 1484
     40 1485
     49 1486
     42 1487
     39 1488
     32 1489
     42 1490
     33 1491
     30 1492
     39 1493
     38 1494
     41 1495
     51 1496
     39 1497
     46 1498
     36 1499
     45 1500
     37 1501
     35 1502
     27 1503
     38 1504
     44 1505
     37 1506
     35 1507
     35 1508
     35 1509
     40 1510
     41 1511
     31 1512
     50 1513
     50 1514
     44 1515
     38 1516
     37 1517
     36 1518
     34 1519
     37 1520
     39 1521
     33 1522
     47 1523
     43 1524
     39 1525
     42 1526
     44 1527
     33 1528
     38 1529
     29 1530
     38 1531
     39 1532
     40 1533
     25 1534
     34 1535
     27 1536
     40 1537
     32 1538
     35 1539
     26 1540
     33 1541
     40 1542
     32 1543
     39 1544
     39 1545
     47 1546
     34 1547
     40 1548
     26 1549
     28 1550
     30 1551
     30 1552
     31 1553
     33 1554
     31 1555
     30 1556
     36 1557
     46 1558
     29 1559
     47 1560
     25 1561
     26 1562
     24 1563
     34 1564
     30 1565
     25 1566
     30 1567
     31 1568
     39 1569
     17 1570
     35 1571
     22 1572
     28 1573
     27 1574
     33 1575
     29 1576
     26 1577
     33 1578
     34 1579
     32 1580
     22 1581
     23 1582
     29 1583
     32 1584
     27 1585
     25 1586
     32 1587
     36 1588
     39 1589
     20 1590
     34 1591
     23 1592
     29 1593
     25 1594
     29 1595
     37 1596
     29 1597
     23 1598
     37 1599
     28 1600
     38 1601
     28 1602
     26 1603
     38 1604
     24 1605
     30 1606
     26 1607
     36 1608
     26 1609
     38 1610
     28 1611
     30 1612
     24 1613
     20 1614
     31 1615
     24 1616
     25 1617
     18 1618
     22 1619
     19 1620
     25 1621
     23 1622
     22 1623
     21 1624
     21 1625
     22 1626
     21 1627
     19 1628
     20 1629
     20 1630
     23 1631
     19 1632
     18 1633
     30 1634
     18 1635
     14 1636
     23 1637
     27 1638
     27 1639
     29 1640
     31 1641
     27 1642
     29 1643
     27 1644
     29 1645
     23 1646
     19 1647
     31 1648
     21 1649
     26 1650
     23 1651
     16 1652
     13 1653
     28 1654
     25 1655
     24 1656
     26 1657
     23 1658
     25 1659
     18 1660
     18 1661
     21 1662
     27 1663
     26 1664
     25 1665
     25 1666
     21 1667
     19 1668
     22 1669
     29 1670
     27 1671
     23 1672
     16 1673
     19 1674
     20 1675
     24 1676
     22 1677
     22 1678
     30 1679
     24 1680
     22 1681
     24 1682
     25 1683
     25 1684
     25 1685
     18 1686
     21 1687
     26 1688
     10 1689
     23 1690
     16 1691
     12 1692
     14 1693
     26 1694
     20 1695
     11 1696
     26 1697
     20 1698
     27 1699
     17 1700
     17 1701
     21 1702
     25 1703
     25 1704
     23 1705
     18 1706
     16 1707
     10 1708
     18 1709
     23 1710
     24 1711
     22 1712
     22 1713
     15 1714
     20 1715
     13 1716
     19 1717
     17 1718
     17 1719
     16 1720
     17 1721
     18 1722
     18 1723
     18 1724
     18 1725
     21 1726
     16 1727
     25 1728
      9 1729
     13 1730
     24 1731
     22 1732
     13 1733
     25 1734
     12 1735
     19 1736
     16 1737
     24 1738
     22 1739
     13 1740
     19 1741
     12 1742
      7 1743
     14 1744
     15 1745
     19 1746
     15 1747
     18 1748
     16 1749
     23 1750
     23 1751
     21 1752
     23 1753
     21 1754
     18 1755
     21 1756
     10 1757
     21 1758
     12 1759
     22 1760
     20 1761
     12 1762
     12 1763
     11 1764
     16 1765
     16 1766
     10 1767
     18 1768
     13 1769
     13 1770
     19 1771
     17 1772
     11 1773
     14 1774
     17 1775
     17 1776
     17 1777
     26 1778
     25 1779
     17 1780
     11 1781
     12 1782
     13 1783
     14 1784
     17 1785
     20 1786
     15 1787
      9 1788
     15 1789
      9 1790
     19 1791
     19 1792
     11 1793
     14 1794
     15 1795
     22 1796
     15 1797
     11 1798
     13 1799
     14 1800
      8 1801
     12 1802
      8 1803
     12 1804
      8 1805
     16 1806
      8 1807
     23 1808
     12 1809
     21 1810
      4 1811
     16 1812
     15 1813
     15 1814
     17 1815
     10 1816
     11 1817
     15 1818
     10 1819
     11 1820
     18 1821
     11 1822
      9 1823
     16 1824
     12 1825
     16 1826
     11 1827
     17 1828
      9 1829
     14 1830
     15 1831
     13 1832
     13 1833
     11 1834
     13 1835
      9 1836
      8 1837
     13 1838
      8 1839
     14 1840
     17 1841
     10 1842
     12 1843
     11 1844
      6 1845
     15 1846
      9 1847
      8 1848
      5 1849
     15 1850
     11 1851
     10 1852
     17 1853
      8 1854
      4 1855
     16 1856
      8 1857
     15 1858
     16 1859
     13 1860
     14 1861
      7 1862
      6 1863
     12 1864
     18 1865
     11 1866
     17 1867
      8 1868
     12 1869
     15 1870
     11 1871
     11 1872
      8 1873
     18 1874
     13 1875
     10 1876
     10 1877
      5 1878
      9 1879
      8 1880
     14 1881
      8 1882
     11 1883
     10 1884
     16 1885
     12 1886
      3 1887
      8 1888
      8 1889
     13 1890
     11 1891
     10 1892
     21 1893
     10 1894
     13 1895
      9 1896
     11 1897
      5 1898
      8 1899
      9 1900
      5 1901
      8 1902
     13 1903
     10 1904
      7 1905
      9 1906
      9 1907
     15 1908
     12 1909
      9 1910
     15 1911
     11 1912
      8 1913
     10 1914
     12 1915
     10 1917
      5 1918
     13 1919
      5 1920
      9 1921
     10 1922
      7 1923
     12 1924
      8 1925
     13 1926
      4 1927
      7 1928
     11 1929
      8 1930
     11 1931
     12 1932
      8 1933
      4 1934
      6 1935
     11 1936
     11 1937
      9 1938
      7 1939
     10 1940
     11 1941
     12 1942
      7 1943
     11 1944
      3 1945
     10 1946
     13 1947
      7 1948
      7 1949
     11 1950
      9 1951
      3 1952
      7 1953
      7 1954
      4 1955
      6 1956
     11 1957
      7 1958
      5 1959
      7 1960
      5 1961
      6 1962
      5 1963
      9 1964
      9 1965
      4 1966
      1 1967
      5 1968
      7 1969
      9 1970
     10 1971
      6 1972
      8 1973
      7 1974
      7 1975
      7 1976
      5 1977
      5 1978
      4 1979
      5 1980
      9 1981
      7 1982
     15 1983
      7 1984
      9 1985
     11 1986
      9 1987
      4 1988
      6 1989
      8 1990
      3 1991
      4 1992
      9 1993
      7 1994
      5 1995
      6 1996
      5 1997
      7 1998
      5 1999
      5 2000
     13 2001
      8 2002
      6 2003
      6 2004
      7 2005
      9 2006
      6 2007
      7 2008
      8 2009
      7 2010
      8 2011
     10 2012
      3 2013
      5 2014
      3 2015
      5 2016
      7 2017
      6 2018
      3 2019
      8 2020
      5 2021
      7 2022
      4 2023
      5 2024
      7 2025
      6 2026
      8 2027
      7 2028
     11 2029
      8 2030
      6 2031
      1 2032
      7 2033
      6 2034
      5 2035
      7 2036
      4 2037
      8 2038
      4 2039
      3 2040
      6 2041
      9 2042
      4 2043
      6 2044
      6 2045
      7 2046
     11 2047
      4 2048
      8 2049
      3 2050
      4 2051
      4 2052
      7 2053
      5 2054
      5 2055
      6 2056
      2 2057
      6 2058
      4 2059
      5 2060
      5 2062
      5 2063
      5 2064
      4 2065
      9 2066
      4 2067
      6 2068
      3 2069
      5 2070
      7 2071
      3 2072
      4 2073
      2 2074
      5 2075
      5 2076
      4 2077
      8 2078
     12 2079
      4 2080
      3 2081
      5 2082
      1 2083
      6 2084
      2 2085
      5 2086
      4 2087
      2 2088
      8 2089
      6 2090
      4 2091
      4 2092
      4 2093
      3 2094
      6 2095
      5 2096
      6 2097
      4 2098
      5 2099
      1 2100
      3 2101
      6 2102
      3 2103
      9 2104
      4 2105
      3 2106
      2 2107
      5 2108
      3 2109
      5 2110
      5 2111
      6 2112
      2 2113
      2 2114
      5 2115
      3 2116
      1 2117
      2 2118
      3 2119
      4 2120
      5 2121
      1 2122
      6 2123
      5 2124
      8 2125
      7 2126
      6 2127
      4 2128
      7 2129
      4 2130
      2 2131
      5 2132
      3 2133
      4 2134
      5 2135
      3 2136
      8 2137
      3 2138
      1 2139
      5 2140
      2 2141
      3 2142
      4 2143
      6 2144
      2 2145
      5 2146
      3 2147
      2 2148
      2 2149
      4 2150
      4 2151
      3 2152
      7 2154
      5 2155
      9 2156
      5 2157
      2 2158
      3 2159
      6 2160
      3 2161
      3 2162
      4 2163
      3 2164
      3 2165
      4 2166
      4 2167
      3 2168
      2 2169
      2 2170
      2 2171
      4 2172
      3 2173
      3 2174
      3 2175
      2 2176
      3 2177
      3 2178
      2 2179
      2 2181
      3 2182
      4 2183
      5 2184
      4 2185
      3 2186
      7 2187
      2 2188
      4 2189
      2 2190
      1 2192
      2 2193
      2 2194
      3 2195
      3 2196
      2 2197
      2 2198
      5 2199
      6 2200
      6 2201
      3 2202
      2 2203
      4 2204
      2 2205
      1 2206
      1 2207
      2 2208
      3 2209
      3 2210
      3 2211
      5 2212
      4 2213
      2 2214
      2 2215
      1 2216
      4 2217
      5 2218
      1 2219
      1 2220
      4 2221
      5 2222
      3 2223
      4 2224
      1 2225
      1 2226
      3 2227
      4 2228
      4 2229
      1 2230
      7 2231
      1 2232
      3 2233
      1 2234
      5 2235
      4 2236
      3 2237
      3 2238
      2 2239
      1 2240
      2 2241
      2 2242
      2 2243
      3 2244
      2 2245
      4 2246
      4 2247
      2 2248
      2 2249
      2 2250
      6 2251
      1 2252
      7 2253
      5 2254
      5 2255
      4 2256
      4 2257
      2 2258
      3 2259
      2 2260
      4 2261
      1 2262
      4 2263
      1 2264
      2 2265
      3 2266
      4 2267
      3 2268
      3 2270
      1 2271
      4 2272
      3 2273
      8 2274
      2 2275
      2 2277
      2 2278
      1 2279
      2 2281
      2 2282
      1 2283
      3 2284
      1 2285
      1 2286
      3 2287
      3 2288
      2 2289
      2 2290
      3 2292
      2 2293
      4 2294
      2 2296
      3 2297
      2 2298
      3 2299
      2 2300
      3 2301
      1 2302
      4 2303
      2 2304
      4 2305
      1 2306
      3 2307
      3 2308
      7 2309
      1 2310
      2 2311
      4 2313
      2 2314
      1 2315
      1 2316
      1 2317
      4 2318
      2 2319
      1 2320
      2 2321
      4 2322
      2 2323
      3 2324
      1 2325
      2 2326
      3 2327
      1 2328
      3 2329
      2 2330
      4 2331
      1 2332
      3 2333
      2 2334
      7 2335
      3 2336
      1 2337
      1 2338
      1 2339
      1 2341
      3 2342
      2 2343
      1 2344
      3 2345
      1 2346
      1 2348
      1 2350
      2 2351
      3 2353
      1 2354
      1 2357
      4 2358
      1 2359
      2 2360
      2 2361
      2 2362
      2 2363
      4 2364
      3 2365
      3 2366
      2 2367
      2 2368
      2 2369
      1 2370
      3 2371
      3 2372
      1 2373
      5 2374
      2 2375
      2 2376
      2 2377
      1 2379
      1 2381
      2 2382
      1 2383
      3 2384
      2 2386
      1 2387
      2 2388
      1 2389
      1 2390
      2 2391
      2 2392
      5 2393
      1 2394
      5 2395
      2 2396
      2 2397
      2 2398
      1 2399
      2 2400
      6 2401
      3 2403
      1 2404
      1 2405
      2 2406
      1 2407
      1 2408
      3 2409
      2 2411
      1 2412
      1 2413
      1 2414
      2 2415
      2 2416
      3 2420
      2 2421
      4 2423
      6 2424
      3 2426
      2 2427
      4 2429
      1 2431
      3 2433
      1 2434
      1 2435
      1 2436
      2 2437
      4 2439
      3 2441
      7 2442
      2 2443
      2 2445
      1 2446
      1 2447
      1 2448
      1 2449
      1 2450
      2 2451
      1 2452
      1 2453
      1 2454
      1 2455
      1 2456
      1 2458
      2 2460
      3 2461
      3 2462
      2 2463
      3 2464
      1 2466
      2 2467
      2 2468
      1 2470
      1 2471
      2 2472
      3 2475
      1 2476
      2 2479
      1 2480
      3 2481
      5 2482
      3 2483
      6 2484
      1 2485
      1 2486
      2 2489
      1 2490
      1 2492
      1 2493
      1 2494
      1 2495
      1 2497
      3 2498
      1 2499
      1 2500
      1 2502
      4 2503
      2 2505
      1 2506
      4 2507
      1 2508
      3 2511
      5 2512
      1 2513
      1 2514
      1 2515
      3 2516
      3 2517
      2 2519
      1 2520
      3 2521
      1 2522
      1 2523
      2 2525
      2 2526
      1 2527
      2 2528
      1 2531
      3 2532
      2 2534
      1 2535
      2 2536
      1 2537
      3 2538
      1 2542
      3 2543
      1 2546
      1 2547
      2 2548
      4 2549
      2 2550
      2 2551
      3 2552
      1 2553
      1 2554
      1 2555
      3 2556
      2 2557
      2 2558
      2 2560
      1 2561
      1 2562
      2 2563
      2 2564
      2 2565
      8 2566
      1 2568
      2 2570
      1 2572
      2 2573
      1 2574
      1 2575
      1 2576
      1 2578
      3 2580
      2 2581
      2 2582
      3 2583
      1 2585
      3 2586
      2 2587
      2 2588
      1 2590
      1 2591
      2 2592
      2 2593
      1 2594
      1 2596
      1 2598
      1 2599
      1 2600
      2 2601
      1 2603
      1 2604
      1 2606
      2 2607
      2 2609
      2 2611
      3 2612
      1 2613
      2 2615
      2 2616
      1 2617
      2 2618
      1 2619
      1 2620
      1 2621
      1 2622
      3 2623
      1 2624
      2 2625
      2 2626
      1 2627
      2 2628
      1 2629
      1 2630
      1 2631
      2 2632
      2 2637
      4 2638
      2 2639
      2 2640
      3 2641
      1 2643
      6 2644
      1 2646
      1 2647
      1 2649
      2 2650
      2 2653
      2 2657
      2 2658
      2 2661
      4 2662
      1 2663
      3 2664
      2 2665
      6 2666
      2 2667
      3 2668
      1 2669
      1 2671
      3 2672
      1 2673
      2 2674
      1 2675
      3 2677
      2 2678
      2 2679
      1 2681
      1 2683
      3 2684
      2 2688
      2 2689
      1 2690
      1 2696
      1 2700
      2 2702
      2 2703
      2 2704
      1 2705
      1 2706
      1 2707
      1 2708
      2 2709
      1 2711
      1 2712
      1 2713
      1 2714
      4 2716
      1 2717
      3 2719
      2 2720
      5 2722
      2 2723
      2 2724
      3 2725
      2 2728
      2 2729
      2 2731
      2 2732
      2 2733
      2 2734
      1 2735
      1 2738
      3 2739
      2 2741
      2 2742
      4 2744
      1 2746
      1 2747
      2 2750
      1 2753
      3 2754
      2 2755
      1 2757
      1 2759
      2 2761
      1 2762
      1 2763
      1 2765
      2 2767
      2 2768
      2 2772
      2 2774
      3 2776
      1 2777
      1 2778
      1 2779
      1 2780
      1 2781
      2 2782
      1 2783
      1 2784
      2 2785
      1 2788
      1 2789
      2 2790
      1 2792
      2 2793
      1 2796
      2 2797
      1 2800
      1 2804
      3 2806
      1 2807
      1 2808
      3 2810
      1 2811
      1 2812
      1 2813
      1 2817
      2 2820
      2 2821
      2 2822
      1 2823
      1 2824
      4 2825
      3 2826
      1 2829
      1 2830
      2 2833
      2 2835
      1 2836
      1 2837
      1 2838
      1 2839
      1 2844
      1 2845
      3 2850
      2 2853
      1 2855
      3 2858
      1 2860
      1 2861
      1 2862
      2 2863
      1 2865
      2 2866
      1 2870
      1 2877
      1 2878
      1 2880
      2 2883
      2 2886
      3 2887
      1 2889
      1 2892
      1 2894
      2 2896
      1 2897
      1 2898
      1 2899
      1 2900
      2 2902
      1 2903
      2 2905
      2 2906
      2 2908
      1 2909
      2 2912
      1 2913
      2 2914
      1 2915
      1 2916
      1 2917
      3 2918
      2 2919
      1 2920
      1 2921
      1 2923
      1 2924
      1 2928
      1 2929
      1 2931
      1 2932
      1 2933
      1 2937
      1 2938
      2 2939
      1 2940
      1 2941
      1 2942
      1 2943
      2 2944
      1 2946
      1 2947
      1 2948
      1 2949
      1 2951
      1 2952
      1 2953
      3 2954
      2 2955
      1 2956
      1 2962
      2 2964
      3 2965
      1 2968
      1 2970
      1 2971
      2 2975
      1 2977
      1 2978
      3 2980
      1 2982
      1 2986
      1 2987
      3 2990
      1 2992
      1 2997
      1 2998
      1 3000
      1 3001
      1 3002
      2 3005
      1 3006
      2 3009
      2 3010
      1 3011
      1 3015
      2 3016
      2 3017
      1 3018
      1 3020
      1 3024
      1 3025
      1 3026
      2 3027
      1 3028
      1 3030
      2 3033
      2 3035
      1 3038
      1 3039
      1 3040
      2 3041
      3 3044
      1 3046
      1 3047
      1 3048
      1 3049
      1 3050
      1 3054
      1 3056
      1 3057
      3 3058
      1 3059
      1 3060
      1 3061
      1 3064
      1 3066
      2 3072
      1 3073
      1 3074
      1 3075
      1 3076
      1 3078
      2 3079
      1 3081
      1 3083
      3 3084
      1 3088
      3 3089
      1 3091
      1 3092
      2 3097
      2 3099
      2 3100
      3 3101
      2 3102
      1 3103
      1 3104
      1 3106
      2 3108
      1 3109
      1 3110
      3 3111
      1 3113
      2 3119
      1 3121
      1 3122
      1 3124
      1 3125
      1 3127
      3 3132
      2 3139
      2 3142
      1 3143
      2 3144
      1 3147
      2 3148
      2 3150
      1 3152
      3 3155
      1 3161
      1 3163
      2 3164
      1 3165
      1 3168
      2 3169
      1 3171
      1 3172
      2 3174
      1 3175
      2 3176
      1 3177
      1 3181
      1 3183
      2 3187
      1 3189
      1 3192
      1 3193
      2 3195
      2 3196
      1 3198
      1 3200
      2 3201
      1 3203
      1 3206
      1 3208
      2 3209
      1 3210
      2 3219
      1 3220
      1 3228
      1 3234
      1 3237
      2 3238
      1 3239
      1 3241
      2 3243
      1 3248
      1 3249
      1 3252
      2 3253
      1 3256
      1 3258
      1 3259
      2 3264
      2 3265
      1 3266
      1 3267
      2 3268
      2 3269
      1 3271
      1 3272
      1 3275
      1 3277
      1 3279
      2 3280
      1 3281
      2 3282
      1 3283
      2 3285
      1 3293
      1 3296
      1 3300
      2 3304
      1 3305
      2 3306
      2 3307
      1 3308
      2 3309
      3 3310
      2 3316
      2 3319
      1 3322
      1 3324
      1 3326
      2 3328
      1 3329
      1 3333
      2 3338
      1 3341
      1 3342
      1 3348
      1 3350
      1 3353
      3 3354
      1 3355
      1 3362
      1 3367
      1 3372
      1 3375
      1 3379
      2 3381
      1 3387
      1 3389
      3 3390
      2 3397
      1 3400
      1 3402
      1 3404
      1 3406
      2 3407
      1 3408
      1 3409
      1 3414
      1 3415
      1 3420
      2 3422
      1 3423
      1 3426
      1 3427
      1 3430
      2 3432
      1 3433
      1 3434
      1 3435
      1 3441
      1 3443
      1 3444
      1 3452
      2 3453
      1 3456
      1 3457
      1 3458
      1 3460
      3 3462
      2 3466
      1 3469
      1 3475
      2 3476
      2 3478
      1 3479
      1 3482
      1 3493
      2 3495
      1 3500
      1 3505
      2 3506
      1 3508
      1 3509
      1 3519
      1 3521
      2 3522
      1 3525
      1 3528
      1 3530
      1 3532
      1 3535
      1 3536
      1 3537
      1 3542
      1 3543
      1 3544
      1 3545
      1 3548
      1 3550
      1 3551
      1 3554
      2 3560
      1 3564
      1 3569
      1 3572
      1 3574
      1 3577
      2 3580
      1 3583
      1 3586
      1 3591
      1 3592
      1 3595
      1 3596
      1 3598
      1 3606
      1 3608
      1 3610
      1 3611
      1 3615
      2 3617
      1 3620
      2 3623
      1 3626
      1 3631
      1 3632
      1 3634
      1 3636
      1 3639
      1 3641
      1 3642
      1 3643
      1 3644
      2 3645
      1 3651
      1 3653
      1 3655
      1 3659
      1 3663
      1 3664
      1 3665
      1 3671
      1 3672
      1 3673
      1 3675
      1 3680
      2 3683
      2 3691
      1 3692
      1 3693
      1 3696
      1 3697
      1 3712
      1 3714
      1 3723
      1 3729
      1 3730
      2 3732
      1 3736
      1 3738
      1 3741
      1 3744
      1 3746
      1 3753
      1 3761
      1 3766
      1 3776
      1 3777
      2 3778
      1 3779
      1 3780
      1 3788
      1 3792
      1 3793
      2 3794
      2 3795
      1 3806
      1 3807
      1 3810
      1 3813
      1 3817
      1 3818
      1 3823
      1 3828
      1 3830
      1 3832
      1 3836
      1 3840
      1 3849
      1 3851
      1 3856
      1 3863
      1 3873
      1 3876
      2 3883
      1 3889
      2 3894
      1 3896
      1 3897
      1 3899
      1 3900
      1 3901
      1 3905
      1 3912
      1 3914
      1 3920
      1 3921
      1 3928
      1 3930
      1 3934
      1 3939
      1 3954
      1 3958
      1 3959
      2 3962
      1 3965
      1 3972
      1 3979
      1 3980
      1 3983
      2 3984
      1 3992
      1 3995
      1 4000
      1 4004
      2 4007
      1 4011
      1 4022
      1 4024
      1 4026
      2 4032
      2 4037
      1 4053
      2 4056
      1 4057
      1 4064
      1 4069
      1 4070
      1 4077
      1 4088
      1 4090
      1 4093
      1 4097
      1 4104
      1 4105
      1 4112
      1 4113
      1 4116
      1 4118
      1 4120
      1 4124
      1 4133
      1 4142
      1 4146
      1 4149
      1 4154
      1 4162
      1 4186
      1 4187
      1 4198
      1 4219
      1 4226
      1 4246
      1 4249
      1 4254
      1 4258
      1 4267
      1 4268
      1 4283
      1 4304
      1 4319
      1 4336
      1 4342
      1 4350
      1 4382
      1 4386
      1 4389
      1 4395
      1 4398
      1 4402
      1 4410
      1 4414
      1 4425
      1 4441
      1 4449
      2 4450
      1 4456
      1 4468
      2 4484
      1 4491
      1 4503
      2 4529
      1 4548
      1 4563
      1 4567
      1 4581
      1 4602
      1 4611
      1 4617
      1 4623
      1 4625
      1 4633
      1 4641
      1 4659
      1 4662
      1 4678
      1 4686
      1 4716
      1 4717
      1 4736
      1 4737
      1 4754
      1 4780
      1 4796
      1 4799
      1 4823
      1 4827
      1 4849
      1 4884
      1 4902
      1 4904
      1 4905
      1 4918
      1 4932
      1 4938
      1 4961
      1 4991
      1 5028
      1 5080
      1 5081
      1 5141
      1 5151
      1 5159
      1 5162
      1 5163
      1 5166
      1 5192
      1 5202
      1 5229
      1 5231
      1 5274
      1 5338
      1 5345
      1 5359
      1 5373
      1 5392
      1 5405
      1 5416
      1 5433
      1 5523
      1 5524
      1 5525
      1 5536
      1 5559
      1 5564
      1 5572
      1 5586
      1 5622
      1 5678
      1 5692
      1 5703
      1 5707
      1 5718
      1 5721
      1 5729
      1 5820
      1 5851
      1 5917
      1 5943
      1 6018
      1 6131
      1 6352
      1 6355
      1 6383
      1 6471
      1 6533
      1 6542
      1 6597
      1 6883
      1 6916
      1 6927
      1 6931
      1 7038
      1 7099
      1 7157
      1 7206
      1 7240
      1 7401
      1 7439
      1 7496
      1 7719
      1 7750
      1 7837
      1 7855
      1 8038
      1 8169
      1 8177
      1 8455
      1 8507
      1 8844
      1 9083
      1 9181
      1 9622
      1 9631
      1 9996
      1 10419
      1 17738
      1 25406
      1 26135
      1 26884
---AAD-PGBENCH-LAG-US---
