pgbench (18.6 (Debian 18.6-1.pgdg13+2))
starting vacuum...end.
transaction type: <builtin: select only>
scaling factor: 1000
query mode: simple
number of clients: 256
number of threads: 16
maximum number of tries: 1
duration: 60 s
number of transactions actually processed: 7742897
number of failed transactions: 0 (0.000%)
latency average = 1.952 ms
initial connection time = 1019.094 ms
tps = 131162.664839 (without initial connection time)
---AAD-PGBENCH-LATENCY-US---
rc=0
samples=154974
      2 256
      3 263
      1 264
      1 267
      1 272
      1 276
      2 277
      1 278
      1 280
      2 281
      4 283
      1 284
      1 285
      2 286
      1 289
      4 290
      1 291
      2 293
      2 294
      1 295
      2 296
      5 297
      2 298
      2 299
      1 300
      2 301
      1 302
      3 303
      2 304
      2 305
      5 306
      4 307
      3 308
      3 309
      3 310
      4 311
      1 312
      1 313
      4 314
      7 315
      6 316
      3 317
      2 318
      1 319
      1 320
      2 322
      4 323
      1 324
      3 325
      3 326
      3 327
      6 328
      5 329
      2 330
      5 331
      5 332
     10 333
      4 334
      6 335
      3 336
      5 337
      5 338
      6 339
      5 340
     10 341
      7 342
      8 343
      5 344
      7 345
      4 346
      4 347
     11 348
      5 349
      4 350
      3 351
      4 352
      9 353
      6 354
      3 355
      7 356
      8 357
      7 358
      4 359
      8 360
      5 361
      6 362
      8 363
      6 364
      7 365
      8 366
      2 367
      3 368
      7 369
      3 370
      6 371
      4 372
      3 373
      6 374
      5 375
      6 376
     11 377
     11 378
      1 379
      6 380
      3 381
      3 382
      4 383
      3 384
      2 385
      5 386
      3 387
      5 388
      5 389
      9 390
      4 391
      4 392
      7 393
     11 394
     14 395
      5 396
      6 397
     11 398
      9 399
      5 400
      8 401
     14 402
      6 403
      8 404
      6 405
     14 406
      6 407
      9 408
     10 409
      9 410
     10 411
     10 412
     13 413
      7 414
     11 415
     10 416
     12 417
      8 418
     15 419
     12 420
      7 421
      6 422
      9 423
      9 424
     12 425
      8 426
      7 427
      6 428
      8 429
      7 430
     10 431
      8 432
     10 433
      7 434
      6 435
     11 436
      6 437
      3 438
      8 439
      6 440
      5 441
      8 442
      4 443
      8 444
      8 445
      5 446
      4 447
      9 448
      6 449
      5 450
      8 451
      4 452
     10 453
     12 454
      5 455
      5 456
      7 457
      7 458
      6 459
     12 460
      6 461
      7 462
      9 463
     10 464
     13 465
     10 466
     10 467
     13 468
      7 469
      7 470
      8 471
     10 472
      8 473
      9 474
     10 475
      7 476
     13 477
      8 478
     18 479
     10 480
     14 481
     10 482
     11 483
     10 484
     10 485
      9 486
     13 487
     15 488
      9 489
     13 490
      7 491
     14 492
      9 493
     13 494
     16 495
      6 496
     11 497
     12 498
      9 499
      6 500
      8 501
     18 502
     10 503
     14 504
     10 505
     11 506
     12 507
      7 508
      7 509
     13 510
      8 511
     11 512
     11 513
      9 514
      7 515
     12 516
     11 517
     15 518
      9 519
     11 520
      7 521
     11 522
      9 523
      3 524
      4 525
      8 526
     16 527
      7 528
      6 529
     13 530
     12 531
     17 532
     10 533
     18 534
     15 535
     14 536
     13 537
     12 538
     13 539
     15 540
     17 541
     15 542
     22 543
     30 544
     10 545
     17 546
     13 547
     18 548
     17 549
     21 550
     20 551
     21 552
     18 553
     11 554
     19 555
     16 556
     16 557
     21 558
     12 559
     17 560
     17 561
     21 562
     19 563
     17 564
     18 565
     13 566
     17 567
     18 568
     17 569
     16 570
     21 571
     11 572
     10 573
     11 574
     10 575
     14 576
     15 577
      7 578
     15 579
     17 580
     18 581
      6 582
     18 583
     12 584
     13 585
     25 586
     14 587
     11 588
     18 589
      7 590
     16 591
     17 592
     14 593
     29 594
     11 595
     26 596
     20 597
     18 598
     11 599
     14 600
     25 601
     13 602
     12 603
     16 604
     18 605
     20 606
     20 607
     22 608
     23 609
     25 610
     25 611
     27 612
     29 613
     18 614
     27 615
     17 616
     22 617
     10 618
     24 619
     15 620
     29 621
     28 622
     22 623
     23 624
     31 625
     18 626
     23 627
     16 628
     28 629
     26 630
     31 631
     20 632
     28 633
     13 634
     17 635
     19 636
     26 637
     11 638
     26 639
     28 640
     14 641
     25 642
     18 643
     29 644
     19 645
     16 646
     23 647
     22 648
     12 649
     17 650
     17 651
     17 652
     15 653
     19 654
     18 655
     20 656
     15 657
     26 658
     25 659
     16 660
     17 661
     20 662
     11 663
     14 664
     17 665
     11 666
     19 667
     25 668
     24 669
     17 670
     21 671
     21 672
     23 673
     20 674
     14 675
     16 676
     19 677
     18 678
     10 679
     23 680
     24 681
     24 682
     14 683
     17 684
     28 685
     25 686
     19 687
     19 688
     17 689
     19 690
     17 691
     23 692
     22 693
     20 694
     17 695
     21 696
     18 697
     34 698
     18 699
     23 700
     16 701
     21 702
     18 703
     23 704
     23 705
     19 706
     13 707
     22 708
     15 709
     11 710
     21 711
     18 712
     21 713
     19 714
     20 715
     16 716
     25 717
     13 718
     12 719
     22 720
     17 721
     28 722
     19 723
     19 724
     13 725
     17 726
     18 727
      7 728
     21 729
     18 730
     15 731
     21 732
     15 733
     13 734
     15 735
     23 736
     17 737
     15 738
     16 739
     18 740
     17 741
     10 742
      8 743
     18 744
     18 745
     23 746
     16 747
     21 748
     16 749
     19 750
     19 751
     22 752
     23 753
     20 754
     15 755
     22 756
     19 757
     16 758
     19 759
     19 760
     19 761
     13 762
     25 763
     18 764
     23 765
     15 766
     11 767
     23 768
     25 769
     20 770
     26 771
     13 772
     10 773
     16 774
     20 775
     15 776
     23 777
     17 778
     16 779
     16 780
     14 781
      7 782
     14 783
     12 784
     14 785
     13 786
     19 787
     11 788
      8 789
      8 790
     18 791
     15 792
     13 793
     15 794
     18 795
     11 796
     11 797
     12 798
     23 799
     10 800
     16 801
     10 802
     22 803
     19 804
     18 805
      9 806
     17 807
     13 808
      8 809
     17 810
     22 811
     27 812
     21 813
     15 814
     17 815
     12 816
     18 817
     13 818
     20 819
     26 820
     11 821
     18 822
     28 823
     19 824
     26 825
     15 826
     24 827
     19 828
     19 829
     20 830
     13 831
     19 832
     16 833
     13 834
      8 835
     26 836
     30 837
     18 838
     21 839
     14 840
     22 841
     17 842
     17 843
     26 844
     18 845
     13 846
     14 847
     18 848
      9 849
     11 850
     15 851
     18 852
     13 853
     17 854
     20 855
     19 856
     19 857
     22 858
     21 859
     22 860
     13 861
     24 862
     17 863
     18 864
     16 865
     16 866
     18 867
     17 868
     14 869
     21 870
     12 871
     17 872
     16 873
     17 874
     22 875
     15 876
     24 877
     16 878
     14 879
     17 880
     20 881
     19 882
     19 883
     11 884
     16 885
     24 886
     20 887
     15 888
     25 889
     15 890
     14 891
     18 892
     19 893
     22 894
     18 895
     15 896
     20 897
     17 898
     31 899
     25 900
     21 901
     13 902
     17 903
     17 904
     17 905
     24 906
     20 907
     19 908
     23 909
     16 910
     21 911
     18 912
     26 913
     21 914
     22 915
     12 916
     23 917
     20 918
     18 919
     15 920
     15 921
     21 922
     18 923
     21 924
     20 925
     14 926
     21 927
     22 928
     14 929
     16 930
     21 931
     17 932
     18 933
     12 934
     18 935
     13 936
     16 937
     21 938
     21 939
     19 940
     16 941
     24 942
     22 943
     17 944
     21 945
     16 946
     27 947
     18 948
     26 949
     14 950
     32 951
     22 952
     21 953
     20 954
     28 955
     24 956
     24 957
     34 958
     25 959
     29 960
     19 961
     15 962
     23 963
     20 964
     24 965
     24 966
     25 967
     31 968
     34 969
     29 970
     26 971
     28 972
     25 973
     25 974
     23 975
     31 976
     22 977
     27 978
     27 979
     26 980
     22 981
     19 982
     27 983
     22 984
     26 985
     22 986
     16 987
     16 988
     15 989
     15 990
     20 991
     25 992
     22 993
     14 994
     26 995
     20 996
     31 997
     16 998
     24 999
     17 1000
     20 1001
     21 1002
     21 1003
     20 1004
     18 1005
     33 1006
     19 1007
     20 1008
     29 1009
     18 1010
     21 1011
     26 1012
     24 1013
     25 1014
     15 1015
     24 1016
     22 1017
     33 1018
     22 1019
     24 1020
     24 1021
     22 1022
     26 1023
     28 1024
     18 1025
     19 1026
     33 1027
     36 1028
     21 1029
     34 1030
     31 1031
     25 1032
     18 1033
     35 1034
     26 1035
     34 1036
     26 1037
     30 1038
     33 1039
     26 1040
     22 1041
     29 1042
     32 1043
     24 1044
     16 1045
     26 1046
     31 1047
     29 1048
     32 1049
     23 1050
     31 1051
     29 1052
     39 1053
     34 1054
     38 1055
     31 1056
     21 1057
     25 1058
     27 1059
     38 1060
     34 1061
     27 1062
     32 1063
     27 1064
     32 1065
     31 1066
     36 1067
     28 1068
     36 1069
     38 1070
     25 1071
     24 1072
     36 1073
     22 1074
     32 1075
     30 1076
     27 1077
     40 1078
     29 1079
     35 1080
     35 1081
     35 1082
     35 1083
     31 1084
     35 1085
     31 1086
     35 1087
     22 1088
     30 1089
     40 1090
     40 1091
     38 1092
     33 1093
     37 1094
     35 1095
     23 1096
     38 1097
     40 1098
     49 1099
     37 1100
     45 1101
     36 1102
     41 1103
     35 1104
     50 1105
     50 1106
     45 1107
     43 1108
     44 1109
     42 1110
     47 1111
     34 1112
     28 1113
     44 1114
     38 1115
     38 1116
     38 1117
     38 1118
     42 1119
     38 1120
     54 1121
     34 1122
     42 1123
     47 1124
     38 1125
     40 1126
     26 1127
     36 1128
     29 1129
     46 1130
     44 1131
     43 1132
     41 1133
     47 1134
     41 1135
     59 1136
     44 1137
     32 1138
     34 1139
     41 1140
     42 1141
     43 1142
     48 1143
     45 1144
     48 1145
     49 1146
     55 1147
     44 1148
     46 1149
     62 1150
     48 1151
     45 1152
     41 1153
     55 1154
     54 1155
     51 1156
     42 1157
     41 1158
     43 1159
     52 1160
     52 1161
     59 1162
     47 1163
     50 1164
     48 1165
     56 1166
     52 1167
     51 1168
     57 1169
     53 1170
     64 1171
     52 1172
     64 1173
     52 1174
     56 1175
     57 1176
     59 1177
     43 1178
     69 1179
     59 1180
     59 1181
     41 1182
     56 1183
     60 1184
     68 1185
     62 1186
     59 1187
     64 1188
     62 1189
     55 1190
     73 1191
     61 1192
     52 1193
     46 1194
     35 1195
     58 1196
     70 1197
     58 1198
     63 1199
     57 1200
     56 1201
     55 1202
     49 1203
     69 1204
     60 1205
     54 1206
     63 1207
     62 1208
     67 1209
     60 1210
     59 1211
     57 1212
     58 1213
     70 1214
     56 1215
     74 1216
     61 1217
     81 1218
     73 1219
     65 1220
     60 1221
     64 1222
     80 1223
     50 1224
     72 1225
     70 1226
     67 1227
     68 1228
     62 1229
     63 1230
     81 1231
     73 1232
     69 1233
     78 1234
     74 1235
     61 1236
     74 1237
     85 1238
     86 1239
     75 1240
     78 1241
     85 1242
     80 1243
     81 1244
     70 1245
    101 1246
     85 1247
     87 1248
     93 1249
     88 1250
    103 1251
    106 1252
     84 1253
     92 1254
     69 1255
     81 1256
     79 1257
     88 1258
     78 1259
     83 1260
     87 1261
     63 1262
     86 1263
     94 1264
     86 1265
     97 1266
     98 1267
     88 1268
     90 1269
    101 1270
     96 1271
     96 1272
    100 1273
     98 1274
     84 1275
     99 1276
    100 1277
     91 1278
    121 1279
    107 1280
     96 1281
    108 1282
    104 1283
     82 1284
     95 1285
     76 1286
     95 1287
     90 1288
    115 1289
    125 1290
    113 1291
     85 1292
     88 1293
    105 1294
    102 1295
    110 1296
    108 1297
    102 1298
    108 1299
    103 1300
    112 1301
    131 1302
    125 1303
    111 1304
    123 1305
    110 1306
    116 1307
    125 1308
    121 1309
    126 1310
    126 1311
    124 1312
    121 1313
    121 1314
    134 1315
    131 1316
    115 1317
    123 1318
    103 1319
    129 1320
    105 1321
    151 1322
    126 1323
    114 1324
    111 1325
    123 1326
    141 1327
    120 1328
    113 1329
    124 1330
    150 1331
    124 1332
    123 1333
    135 1334
    145 1335
    140 1336
    139 1337
    115 1338
    147 1339
    128 1340
    148 1341
    140 1342
    130 1343
    144 1344
    117 1345
    121 1346
    134 1347
    112 1348
    141 1349
    128 1350
    137 1351
    127 1352
    133 1353
    160 1354
    151 1355
    137 1356
    159 1357
    144 1358
    132 1359
    160 1360
    151 1361
    152 1362
    142 1363
    131 1364
    132 1365
    157 1366
    160 1367
    143 1368
    146 1369
    163 1370
    132 1371
    144 1372
    154 1373
    158 1374
    178 1375
    180 1376
    157 1377
    156 1378
    153 1379
    160 1380
    137 1381
    154 1382
    176 1383
    153 1384
    161 1385
    165 1386
    166 1387
    155 1388
    167 1389
    159 1390
    153 1391
    180 1392
    162 1393
    164 1394
    179 1395
    162 1396
    169 1397
    154 1398
    165 1399
    161 1400
    177 1401
    166 1402
    156 1403
    149 1404
    154 1405
    181 1406
    168 1407
    167 1408
    183 1409
    169 1410
    180 1411
    148 1412
    164 1413
    179 1414
    176 1415
    188 1416
    151 1417
    135 1418
    180 1419
    157 1420
    157 1421
    190 1422
    169 1423
    157 1424
    168 1425
    157 1426
    162 1427
    162 1428
    155 1429
    155 1430
    165 1431
    165 1432
    176 1433
    158 1434
    160 1435
    165 1436
    155 1437
    159 1438
    163 1439
    184 1440
    181 1441
    152 1442
    174 1443
    168 1444
    186 1445
    146 1446
    165 1447
    173 1448
    156 1449
    182 1450
    152 1451
    181 1452
    169 1453
    170 1454
    186 1455
    163 1456
    187 1457
    152 1458
    192 1459
    167 1460
    173 1461
    165 1462
    198 1463
    155 1464
    178 1465
    158 1466
    169 1467
    151 1468
    170 1469
    172 1470
    136 1471
    187 1472
    148 1473
    166 1474
    162 1475
    157 1476
    187 1477
    163 1478
    158 1479
    158 1480
    169 1481
    162 1482
    155 1483
    158 1484
    152 1485
    147 1486
    154 1487
    180 1488
    149 1489
    168 1490
    163 1491
    142 1492
    162 1493
    151 1494
    171 1495
    161 1496
    166 1497
    137 1498
    163 1499
    162 1500
    146 1501
    165 1502
    173 1503
    163 1504
    139 1505
    142 1506
    122 1507
    165 1508
    163 1509
    160 1510
    141 1511
    163 1512
    130 1513
    138 1514
    144 1515
    144 1516
    148 1517
    139 1518
    129 1519
    152 1520
    165 1521
    111 1522
    169 1523
    147 1524
    136 1525
    140 1526
    150 1527
    140 1528
    144 1529
    154 1530
    149 1531
    124 1532
    156 1533
    139 1534
    141 1535
    135 1536
    136 1537
    115 1538
    112 1539
    149 1540
    121 1541
    126 1542
    143 1543
    158 1544
    123 1545
    137 1546
    118 1547
    140 1548
    141 1549
    117 1550
    125 1551
    138 1552
    136 1553
    125 1554
    114 1555
    144 1556
    127 1557
    133 1558
    125 1559
    124 1560
    124 1561
    131 1562
    123 1563
    117 1564
    126 1565
    120 1566
    116 1567
    113 1568
    124 1569
    137 1570
    101 1571
    122 1572
    127 1573
    124 1574
    115 1575
    110 1576
    123 1577
    118 1578
    104 1579
    133 1580
    106 1581
    114 1582
    122 1583
    104 1584
    110 1585
    100 1586
    119 1587
    107 1588
    103 1589
     99 1590
     98 1591
    104 1592
     96 1593
    111 1594
     89 1595
    121 1596
    102 1597
    105 1598
    123 1599
    112 1600
    127 1601
    106 1602
    106 1603
     95 1604
    117 1605
    101 1606
    101 1607
     98 1608
     85 1609
     87 1610
    110 1611
    109 1612
     89 1613
     98 1614
    100 1615
     94 1616
    101 1617
     91 1618
    111 1619
     85 1620
    104 1621
     96 1622
    102 1623
    108 1624
     90 1625
     98 1626
    101 1627
     83 1628
     83 1629
     90 1630
     93 1631
     66 1632
     88 1633
     95 1634
     76 1635
    100 1636
     89 1637
    109 1638
     75 1639
     81 1640
     96 1641
     74 1642
     84 1643
     97 1644
     86 1645
     80 1646
     87 1647
     92 1648
     96 1649
     83 1650
     82 1651
     85 1652
     63 1653
     75 1654
     84 1655
    100 1656
     85 1657
     66 1658
     85 1659
     79 1660
     86 1661
     83 1662
     88 1663
     75 1664
     83 1665
     92 1666
     90 1667
     84 1668
     70 1669
     80 1670
     77 1671
     81 1672
     67 1673
     81 1674
    102 1675
     89 1676
     75 1677
     68 1678
     84 1679
     72 1680
     83 1681
     83 1682
     76 1683
     72 1684
     77 1685
     69 1686
     73 1687
     76 1688
     64 1689
     58 1690
     60 1691
     74 1692
     81 1693
     74 1694
     88 1695
     75 1696
     78 1697
     77 1698
     68 1699
     60 1700
     80 1701
     71 1702
     59 1703
     88 1704
     71 1705
     76 1706
     73 1707
     67 1708
     58 1709
     76 1710
     72 1711
     69 1712
     69 1713
     83 1714
     47 1715
     79 1716
     66 1717
     79 1718
     57 1719
     77 1720
     92 1721
     76 1722
     67 1723
     66 1724
     62 1725
     69 1726
     73 1727
     73 1728
     72 1729
     63 1730
     73 1731
     62 1732
     65 1733
     92 1734
     69 1735
     69 1736
     73 1737
     64 1738
     67 1739
     65 1740
     62 1741
     67 1742
     69 1743
     75 1744
     76 1745
     67 1746
     70 1747
     60 1748
     56 1749
     65 1750
     62 1751
     52 1752
     64 1753
     57 1754
     73 1755
     46 1756
     62 1757
     63 1758
     64 1759
     57 1760
     70 1761
     58 1762
     58 1763
     54 1764
     62 1765
     57 1766
     68 1767
     60 1768
     58 1769
     64 1770
     61 1771
     72 1772
     60 1773
     61 1774
     58 1775
     68 1776
     58 1777
     58 1778
     52 1779
     39 1780
     50 1781
     64 1782
     64 1783
     59 1784
     53 1785
     49 1786
     63 1787
     71 1788
     63 1789
     52 1790
     63 1791
     66 1792
     62 1793
     53 1794
     71 1795
     62 1796
     60 1797
     58 1798
     57 1799
     65 1800
     46 1801
     69 1802
     41 1803
     52 1804
     48 1805
     49 1806
     51 1807
     45 1808
     72 1809
     57 1810
     68 1811
     56 1812
     59 1813
     69 1814
     57 1815
     60 1816
     73 1817
     50 1818
     56 1819
     62 1820
     62 1821
     54 1822
     46 1823
     54 1824
     58 1825
     54 1826
     54 1827
     57 1828
     65 1829
     45 1830
     53 1831
     69 1832
     58 1833
     35 1834
     64 1835
     59 1836
     67 1837
     53 1838
     71 1839
     62 1840
     48 1841
     63 1842
     51 1843
     50 1844
     63 1845
     58 1846
     48 1847
     42 1848
     59 1849
     62 1850
     44 1851
     51 1852
     53 1853
     68 1854
     52 1855
     57 1856
     53 1857
     50 1858
     55 1859
     55 1860
     56 1861
     62 1862
     73 1863
     53 1864
     65 1865
     57 1866
     46 1867
     39 1868
     54 1869
     57 1870
     50 1871
     54 1872
     62 1873
     51 1874
     50 1875
     45 1876
     45 1877
     52 1878
     55 1879
     51 1880
     60 1881
     55 1882
     50 1883
     68 1884
     48 1885
     57 1886
     50 1887
     45 1888
     49 1889
     61 1890
     50 1891
     52 1892
     45 1893
     58 1894
     40 1895
     51 1896
     41 1897
     47 1898
     47 1899
     58 1900
     50 1901
     53 1902
     55 1903
     47 1904
     51 1905
     55 1906
     48 1907
     56 1908
     46 1909
     52 1910
     53 1911
     51 1912
     50 1913
     57 1914
     61 1915
     45 1916
     38 1917
     61 1918
     44 1919
     48 1920
     54 1921
     49 1922
     52 1923
     43 1924
     59 1925
     52 1926
     50 1927
     56 1928
     46 1929
     48 1930
     49 1931
     49 1932
     44 1933
     43 1934
     46 1935
     47 1936
     46 1937
     48 1938
     45 1939
     54 1940
     49 1941
     39 1942
     65 1943
     50 1944
     47 1945
     67 1946
     50 1947
     42 1948
     53 1949
     52 1950
     57 1951
     51 1952
     59 1953
     48 1954
     53 1955
     54 1956
     56 1957
     43 1958
     64 1959
     46 1960
     53 1961
     59 1962
     51 1963
     50 1964
     61 1965
     59 1966
     52 1967
     50 1968
     54 1969
     48 1970
     50 1971
     58 1972
     50 1973
     45 1974
     52 1975
     56 1976
     54 1977
     46 1978
     47 1979
     40 1980
     59 1981
     54 1982
     51 1983
     47 1984
     45 1985
     48 1986
     49 1987
     66 1988
     50 1989
     54 1990
     47 1991
     64 1992
     49 1993
     50 1994
     51 1995
     55 1996
     34 1997
     47 1998
     59 1999
     49 2000
     47 2001
     47 2002
     57 2003
     62 2004
     57 2005
     54 2006
     63 2007
     56 2008
     49 2009
     41 2010
     51 2011
     58 2012
     35 2013
     56 2014
     42 2015
     62 2016
     61 2017
     47 2018
     69 2019
     60 2020
     48 2021
     62 2022
     68 2023
     50 2024
     46 2025
     50 2026
     68 2027
     51 2028
     62 2029
     61 2030
     52 2031
     54 2032
     49 2033
     55 2034
     41 2035
     51 2036
     58 2037
     60 2038
     51 2039
     45 2040
     45 2041
     41 2042
     58 2043
     51 2044
     57 2045
     54 2046
     69 2047
     58 2048
     50 2049
     79 2050
     59 2051
     46 2052
     41 2053
     40 2054
     56 2055
     51 2056
     48 2057
     44 2058
     43 2059
     67 2060
     45 2061
     54 2062
     48 2063
     69 2064
     38 2065
     57 2066
     52 2067
     61 2068
     68 2069
     47 2070
     60 2071
     60 2072
     40 2073
     51 2074
     51 2075
     46 2076
     54 2077
     49 2078
     59 2079
     57 2080
     59 2081
     49 2082
     49 2083
     58 2084
     45 2085
     65 2086
     55 2087
     59 2088
     62 2089
     60 2090
     75 2091
     54 2092
     49 2093
     62 2094
     39 2095
     53 2096
     52 2097
     66 2098
     59 2099
     63 2100
     61 2101
     44 2102
     63 2103
     64 2104
     79 2105
     71 2106
     62 2107
     60 2108
     59 2109
     54 2110
     66 2111
     52 2112
     55 2113
     48 2114
     52 2115
     58 2116
     76 2117
     44 2118
     55 2119
     54 2120
     47 2121
     67 2122
     66 2123
     57 2124
     55 2125
     63 2126
     57 2127
     56 2128
     65 2129
     65 2130
     73 2131
     54 2132
     56 2133
     67 2134
     60 2135
     72 2136
     62 2137
     57 2138
     68 2139
     60 2140
     73 2141
     57 2142
     50 2143
     48 2144
     72 2145
     66 2146
     52 2147
     71 2148
     49 2149
     65 2150
     47 2151
     67 2152
     73 2153
     54 2154
     59 2155
     60 2156
     51 2157
     58 2158
     63 2159
     65 2160
     55 2161
     57 2162
     60 2163
     68 2164
     65 2165
     55 2166
     72 2167
     45 2168
     61 2169
     61 2170
     63 2171
     62 2172
     76 2173
     67 2174
     53 2175
     70 2176
     55 2177
     67 2178
     76 2179
     67 2180
     65 2181
     48 2182
     64 2183
     77 2184
     56 2185
     61 2186
     58 2187
     64 2188
     54 2189
     62 2190
     54 2191
     62 2192
     65 2193
     52 2194
     55 2195
     60 2196
     61 2197
     67 2198
     68 2199
     65 2200
     64 2201
     64 2202
     67 2203
     71 2204
     48 2205
     57 2206
     62 2207
     60 2208
     85 2209
     69 2210
     65 2211
     72 2212
     67 2213
     64 2214
     84 2215
     60 2216
     65 2217
     70 2218
     67 2219
     61 2220
     59 2221
     73 2222
     64 2223
     70 2224
     53 2225
     74 2226
     66 2227
     71 2228
     72 2229
     49 2230
     61 2231
     66 2232
     60 2233
     60 2234
     60 2235
     66 2236
     68 2237
     83 2238
     57 2239
     75 2240
     66 2241
     68 2242
     64 2243
     48 2244
     50 2245
     63 2246
     72 2247
     79 2248
     62 2249
     63 2250
     63 2251
     58 2252
     69 2253
     73 2254
     71 2255
     61 2256
     61 2257
     65 2258
     73 2259
     74 2260
     70 2261
     77 2262
     79 2263
     76 2264
     57 2265
     60 2266
     75 2267
     67 2268
     74 2269
     65 2270
     66 2271
     69 2272
     67 2273
     75 2274
     66 2275
     67 2276
     76 2277
     53 2278
     55 2279
     65 2280
     70 2281
     74 2282
     68 2283
     59 2284
     64 2285
     73 2286
     66 2287
     43 2288
     69 2289
     65 2290
     69 2291
     54 2292
     58 2293
     58 2294
     71 2295
     76 2296
     76 2297
     66 2298
     66 2299
     60 2300
     64 2301
     61 2302
     56 2303
     56 2304
     67 2305
     63 2306
     74 2307
     60 2308
     65 2309
     62 2310
     52 2311
     64 2312
     63 2313
     64 2314
     62 2315
     66 2316
     64 2317
     72 2318
     73 2319
     57 2320
     70 2321
     70 2322
     81 2323
     66 2324
     74 2325
     77 2326
     74 2327
     63 2328
     65 2329
     67 2330
     52 2331
     65 2332
     59 2333
     83 2334
     63 2335
     77 2336
     66 2337
     62 2338
     54 2339
     58 2340
     75 2341
     67 2342
     76 2343
     75 2344
     61 2345
     64 2346
     77 2347
     82 2348
     59 2349
     86 2350
     71 2351
     64 2352
     83 2353
     72 2354
     65 2355
     57 2356
     64 2357
     74 2358
     68 2359
     56 2360
     66 2361
     65 2362
     85 2363
     73 2364
     81 2365
     60 2366
     70 2367
     65 2368
     71 2369
     66 2370
     60 2371
     72 2372
     65 2373
     75 2374
     72 2375
     75 2376
     77 2377
     69 2378
     77 2379
     60 2380
     81 2381
     65 2382
     58 2383
     67 2384
     76 2385
     74 2386
     58 2387
     63 2388
     66 2389
     70 2390
     83 2391
     81 2392
     68 2393
     61 2394
     62 2395
     58 2396
     59 2397
     71 2398
     67 2399
     71 2400
     69 2401
     76 2402
     66 2403
     63 2404
     60 2405
     71 2406
     71 2407
     71 2408
     64 2409
     58 2410
     44 2411
     61 2412
     79 2413
     55 2414
     57 2415
     63 2416
     67 2417
     62 2418
     68 2419
     67 2420
     78 2421
     78 2422
     74 2423
     62 2424
     55 2425
     54 2426
     58 2427
     59 2428
     70 2429
     63 2430
     72 2431
     63 2432
     60 2433
     67 2434
     70 2435
     68 2436
     66 2437
     40 2438
     51 2439
     68 2440
     76 2441
     58 2442
     75 2443
     69 2444
     67 2445
     66 2446
     68 2447
     70 2448
     56 2449
     69 2450
     77 2451
     62 2452
     68 2453
     52 2454
     60 2455
     70 2456
     57 2457
     67 2458
     67 2459
     61 2460
     68 2461
     52 2462
     58 2463
     53 2464
     60 2465
     53 2466
     52 2467
     63 2468
     55 2469
     66 2470
     46 2471
     69 2472
     63 2473
     73 2474
     62 2475
     60 2476
     55 2477
     53 2478
     65 2479
     56 2480
     58 2481
     74 2482
     53 2483
     52 2484
     49 2485
     73 2486
     59 2487
     49 2488
     62 2489
     54 2490
     49 2491
     62 2492
     65 2493
     60 2494
     66 2495
     55 2496
     67 2497
     57 2498
     62 2499
     62 2500
     61 2501
     44 2502
     53 2503
     65 2504
     63 2505
     60 2506
     62 2507
     62 2508
     65 2509
     55 2510
     63 2511
     68 2512
     58 2513
     57 2514
     68 2515
     62 2516
     58 2517
     60 2518
     57 2519
     54 2520
     58 2521
     66 2522
     53 2523
     65 2524
     58 2525
     66 2526
     65 2527
     49 2528
     65 2529
     57 2530
     54 2531
     51 2532
     66 2533
     57 2534
     61 2535
     47 2536
     65 2537
     79 2538
     71 2539
     45 2540
     48 2541
     62 2542
     53 2543
     60 2544
     57 2545
     40 2546
     57 2547
     56 2548
     60 2549
     49 2550
     58 2551
     56 2552
     52 2553
     56 2554
     49 2555
     56 2556
     43 2557
     58 2558
     54 2559
     38 2560
     47 2561
     46 2562
     47 2563
     57 2564
     43 2565
     47 2566
     50 2567
     60 2568
     49 2569
     52 2570
     53 2571
     55 2572
     60 2573
     47 2574
     50 2575
     55 2576
     48 2577
     51 2578
     46 2579
     44 2580
     39 2581
     40 2582
     41 2583
     42 2584
     51 2585
     54 2586
     51 2587
     41 2588
     55 2589
     53 2590
     44 2591
     55 2592
     51 2593
     46 2594
     45 2595
     54 2596
     40 2597
     48 2598
     59 2599
     39 2600
     44 2601
     50 2602
     41 2603
     66 2604
     36 2605
     48 2606
     49 2607
     49 2608
     66 2609
     49 2610
     48 2611
     45 2612
     43 2613
     50 2614
     45 2615
     49 2616
     47 2617
     41 2618
     41 2619
     53 2620
     51 2621
     67 2622
     44 2623
     45 2624
     48 2625
     57 2626
     43 2627
     47 2628
     48 2629
     46 2630
     36 2631
     36 2632
     47 2633
     48 2634
     51 2635
     42 2636
     38 2637
     45 2638
     40 2639
     39 2640
     43 2641
     47 2642
     57 2643
     45 2644
     37 2645
     41 2646
     32 2647
     40 2648
     53 2649
     47 2650
     37 2651
     52 2652
     28 2653
     42 2654
     48 2655
     43 2656
     48 2657
     43 2658
     40 2659
     47 2660
     44 2661
     39 2662
     40 2663
     44 2664
     46 2665
     41 2666
     44 2667
     41 2668
     46 2669
     40 2670
     44 2671
     26 2672
     53 2673
     44 2674
     38 2675
     30 2676
     34 2677
     36 2678
     35 2679
     47 2680
     47 2681
     31 2682
     47 2683
     54 2684
     42 2685
     35 2686
     47 2687
     33 2688
     42 2689
     33 2690
     26 2691
     43 2692
     34 2693
     36 2694
     36 2695
     26 2696
     38 2697
     31 2698
     36 2699
     44 2700
     41 2701
     37 2702
     33 2703
     38 2704
     39 2705
     40 2706
     30 2707
     45 2708
     27 2709
     34 2710
     41 2711
     44 2712
     37 2713
     34 2714
     31 2715
     31 2716
     41 2717
     32 2718
     32 2719
     31 2720
     43 2721
     31 2722
     40 2723
     28 2724
     37 2725
     41 2726
     32 2727
     32 2728
     45 2729
     30 2730
     33 2731
     35 2732
     32 2733
     35 2734
     29 2735
     44 2736
     31 2737
     34 2738
     44 2739
     38 2740
     40 2741
     27 2742
     34 2743
     39 2744
     41 2745
     40 2746
     44 2747
     23 2748
     34 2749
     46 2750
     29 2751
     22 2752
     32 2753
     35 2754
     41 2755
     27 2756
     33 2757
     32 2758
     41 2759
     33 2760
     34 2761
     29 2762
     32 2763
     32 2764
     33 2765
     31 2766
     27 2767
     21 2768
     22 2769
     41 2770
     30 2771
     23 2772
     27 2773
     26 2774
     35 2775
     30 2776
     36 2777
     20 2778
     39 2779
     31 2780
     32 2781
     25 2782
     32 2783
     25 2784
     30 2785
     36 2786
     23 2787
     27 2788
     22 2789
     34 2790
     30 2791
     27 2792
     28 2793
     36 2794
     34 2795
     32 2796
     37 2797
     29 2798
     27 2799
     29 2800
     23 2801
     32 2802
     22 2803
     27 2804
     33 2805
     22 2806
     39 2807
     18 2808
     34 2809
     31 2810
     31 2811
     34 2812
     20 2813
     22 2814
     27 2815
     26 2816
     37 2817
     27 2818
     28 2819
     26 2820
     31 2821
     39 2822
     22 2823
     22 2824
     30 2825
     36 2826
     27 2827
     27 2828
     13 2829
     22 2830
     16 2831
     26 2832
     25 2833
     25 2834
     36 2835
     21 2836
     18 2837
     32 2838
     32 2839
     37 2840
     25 2841
     22 2842
     21 2843
     26 2844
     24 2845
     32 2846
     23 2847
     33 2848
     30 2849
     16 2850
     18 2851
     29 2852
     33 2853
     30 2854
     16 2855
     28 2856
     20 2857
     31 2858
     23 2859
     21 2860
     23 2861
     33 2862
     31 2863
     21 2864
     29 2865
     22 2866
     30 2867
     22 2868
     21 2869
     19 2870
     21 2871
     25 2872
     23 2873
     23 2874
     26 2875
     23 2876
     22 2877
     19 2878
     24 2879
     24 2880
     26 2881
     23 2882
     25 2883
     19 2884
     21 2885
     27 2886
     19 2887
     20 2888
     22 2889
     19 2890
     19 2891
     21 2892
     25 2893
     25 2894
     17 2895
     22 2896
     24 2897
     23 2898
     24 2899
     16 2900
     20 2901
     33 2902
     27 2903
     21 2904
     21 2905
     16 2906
     15 2907
     21 2908
     19 2909
     23 2910
     26 2911
     22 2912
     24 2913
     29 2914
     31 2915
     28 2916
     25 2917
     24 2918
     17 2919
     19 2920
     26 2921
     29 2922
     22 2923
     23 2924
     34 2925
     20 2926
     18 2927
     18 2928
     29 2929
     11 2930
     18 2931
     22 2932
     22 2933
     13 2934
     23 2935
     27 2936
     23 2937
     24 2938
     22 2939
     14 2940
     15 2941
     21 2942
     12 2943
     21 2944
     18 2945
     12 2946
     24 2947
     18 2948
     29 2949
     25 2950
     11 2951
     16 2952
     21 2953
     15 2954
     16 2955
     16 2956
     25 2957
     19 2958
     20 2959
     16 2960
     23 2961
     30 2962
     19 2963
     17 2964
     24 2965
     14 2966
     16 2967
     23 2968
     19 2969
     21 2970
     16 2971
     13 2972
     22 2973
     20 2974
     18 2975
     28 2976
     24 2977
     20 2978
     18 2979
     17 2980
     25 2981
     14 2982
     25 2983
     13 2984
     20 2985
     19 2986
     20 2987
     22 2988
     12 2989
     11 2990
     19 2991
     12 2992
     18 2993
      6 2994
     20 2995
     21 2996
     11 2997
     16 2998
     16 2999
     20 3000
     14 3001
     11 3002
     18 3003
     18 3004
     14 3005
     14 3006
     12 3007
     25 3008
     15 3009
     20 3010
     17 3011
     14 3012
     19 3013
     21 3014
     20 3015
     20 3016
     18 3017
     20 3018
     19 3019
     16 3020
     13 3021
     20 3022
     18 3023
     11 3024
     21 3025
     11 3026
     19 3027
     13 3028
     17 3029
      9 3030
     24 3031
     23 3032
     20 3033
     16 3034
     19 3035
     17 3036
     12 3037
     13 3038
     16 3039
      9 3040
     16 3041
     16 3042
     19 3043
      9 3044
     20 3045
     14 3046
     20 3047
     11 3048
     14 3049
     15 3050
     28 3051
     13 3052
     15 3053
     19 3054
     12 3055
     15 3056
     20 3057
     28 3058
     21 3059
     18 3060
     12 3061
     12 3062
     16 3063
     14 3064
     15 3065
     12 3066
      9 3067
     14 3068
      9 3069
     14 3070
     12 3071
     11 3072
     18 3073
      9 3074
     16 3075
      9 3076
     19 3077
     16 3078
     22 3079
     17 3080
     24 3081
     10 3082
     14 3083
     11 3084
     17 3085
     16 3086
      6 3087
     16 3088
     21 3089
     16 3090
     14 3091
     15 3092
     16 3093
     13 3094
     14 3095
     18 3096
      7 3097
     18 3098
     16 3099
     11 3100
     16 3101
     15 3102
      8 3103
     12 3104
     10 3105
     13 3106
      7 3107
     10 3108
     16 3109
     13 3110
     13 3111
     12 3112
     16 3113
     10 3114
     17 3115
     12 3116
     15 3117
     13 3118
     18 3119
     15 3120
     11 3121
     12 3122
     12 3123
     12 3124
      8 3125
     16 3126
     14 3127
     15 3128
     11 3129
     12 3130
     16 3131
     16 3132
      9 3133
     10 3134
     12 3135
     13 3136
     22 3137
      7 3138
     10 3139
     10 3140
     10 3141
     15 3142
     12 3143
     19 3144
      8 3145
     15 3146
     10 3147
     13 3148
      7 3149
      9 3150
     11 3151
     14 3152
     21 3153
      9 3154
     18 3155
     19 3156
     12 3157
     14 3158
      4 3159
     13 3160
     12 3161
     18 3162
     18 3163
     12 3164
     21 3165
     11 3166
     18 3167
     12 3168
     17 3169
     11 3170
      9 3171
     13 3172
     11 3173
      8 3174
     13 3175
     19 3176
     10 3177
     20 3178
      8 3179
     16 3180
      6 3181
     18 3182
     17 3183
      8 3184
     17 3185
     13 3186
      9 3187
     14 3188
     10 3189
      8 3190
      8 3191
     17 3192
     17 3193
     11 3194
     10 3195
     13 3196
     11 3197
     14 3198
      5 3199
     18 3200
     10 3201
     15 3202
     17 3203
     11 3204
     13 3205
     11 3206
     11 3207
     11 3208
     15 3209
     14 3210
      8 3211
     13 3212
     12 3213
      9 3214
      8 3215
     10 3216
      7 3217
     11 3218
      4 3219
     14 3220
     13 3221
     11 3222
      7 3223
     11 3224
     14 3225
     11 3226
      6 3227
      8 3228
     12 3229
      6 3230
      6 3231
     11 3232
     13 3233
     13 3234
     10 3235
     18 3236
      9 3237
     11 3238
      9 3239
      8 3240
      9 3241
     13 3242
     17 3243
     14 3244
     11 3245
     16 3246
     17 3247
     20 3248
     11 3249
      8 3250
     13 3251
      7 3252
      8 3253
      6 3254
     10 3255
     13 3256
      7 3257
      9 3258
      9 3259
     14 3260
      7 3261
      8 3262
      7 3263
      9 3264
      8 3265
     14 3266
     12 3267
      9 3268
      8 3269
      8 3270
     12 3271
      9 3272
      4 3273
      6 3274
     17 3275
      6 3276
      5 3277
     14 3278
      6 3279
     14 3280
     16 3281
      3 3282
      7 3283
     15 3284
     10 3285
      9 3286
      3 3287
     18 3288
     11 3289
      6 3290
     14 3291
     10 3292
      3 3293
      9 3294
      9 3295
     11 3296
     12 3297
      9 3298
     11 3299
      8 3300
      9 3301
      9 3302
     14 3303
      7 3304
      9 3305
      8 3306
     13 3307
      9 3308
      9 3309
      9 3310
     11 3311
     13 3312
     16 3313
      9 3314
      6 3315
     17 3316
      5 3317
      6 3318
     15 3319
      3 3320
     12 3321
     11 3322
      2 3323
     10 3324
     11 3325
     14 3326
      9 3327
     12 3328
     11 3329
     15 3330
     17 3331
      8 3332
      6 3333
      4 3334
      6 3335
     11 3336
      9 3337
      6 3338
     12 3339
     12 3340
      3 3341
      5 3342
      4 3343
      8 3344
      5 3345
      9 3346
     10 3347
     13 3348
      9 3349
      9 3350
      7 3351
     12 3352
      6 3353
     10 3354
     10 3355
     12 3356
     11 3357
      9 3358
     11 3359
      9 3360
      7 3361
      5 3362
      5 3363
      5 3364
     11 3365
     13 3366
      8 3367
     12 3368
      7 3369
      8 3370
      8 3371
      9 3372
      8 3373
      9 3374
      7 3375
      4 3376
      6 3377
      8 3378
     10 3379
     10 3380
     12 3381
     11 3382
      7 3383
      8 3384
     10 3385
     11 3386
      8 3387
      7 3388
      7 3389
      8 3390
      4 3391
      8 3392
      4 3393
      4 3394
     11 3395
      7 3396
      6 3397
      8 3398
      6 3399
     10 3400
      9 3401
     10 3402
     10 3403
      8 3404
     10 3405
      3 3406
     11 3407
      8 3408
      4 3409
      5 3410
      7 3411
      4 3412
      6 3413
      3 3414
      6 3415
     10 3416
      5 3417
      4 3418
      9 3419
     11 3420
      4 3421
      7 3422
      7 3423
      5 3424
      8 3425
     10 3426
      6 3427
      9 3428
      6 3429
     11 3430
      7 3431
      7 3432
      7 3433
      9 3434
      8 3435
      7 3436
     10 3437
      8 3438
      5 3439
      6 3440
      7 3441
      5 3442
      3 3443
      6 3444
      6 3445
      6 3446
      4 3447
     10 3448
      5 3449
      9 3450
      8 3451
      6 3452
      9 3453
      4 3454
     10 3455
      4 3456
      5 3457
     11 3458
      6 3459
      5 3460
      9 3461
      9 3462
      5 3463
      4 3464
      7 3465
      7 3466
      5 3467
     12 3468
     11 3469
      5 3470
      2 3471
      7 3472
      6 3473
      8 3474
      5 3475
      3 3476
      9 3477
      2 3478
      9 3479
     11 3480
      7 3481
      8 3482
      8 3483
      7 3484
      4 3485
      4 3486
      4 3487
     13 3488
     12 3489
      4 3490
      4 3491
     12 3492
      7 3493
      6 3494
      7 3495
      6 3496
      7 3497
      6 3498
      7 3499
      9 3500
      4 3501
      7 3502
      6 3503
      6 3504
      6 3505
      2 3506
      5 3507
      6 3508
      6 3509
      5 3510
      3 3511
      4 3512
      9 3513
      4 3514
      6 3515
      4 3516
      3 3517
      3 3518
      6 3519
      2 3520
      4 3521
      2 3522
     10 3523
      8 3524
      4 3525
      6 3526
     12 3527
      4 3528
      6 3529
      6 3530
      6 3531
      6 3532
      7 3533
      5 3534
      5 3535
      6 3536
      5 3537
      4 3538
      4 3539
      4 3540
      8 3541
      8 3542
      2 3543
      6 3544
      5 3545
      7 3546
     10 3547
      3 3548
      5 3549
     10 3550
      6 3551
      7 3552
      4 3553
      2 3554
      3 3555
      2 3556
      5 3557
      8 3558
      7 3559
      5 3560
      6 3561
      5 3562
      6 3563
      8 3564
      6 3565
      5 3566
      1 3567
      5 3568
      7 3569
      3 3570
      5 3571
      6 3572
      5 3573
      4 3574
      5 3575
      3 3576
      9 3577
      8 3578
      5 3579
      5 3580
      9 3581
      2 3582
      6 3583
      3 3584
      6 3585
      3 3586
      7 3587
      9 3588
      5 3589
      7 3590
      3 3591
      4 3592
      4 3593
      5 3594
      3 3595
      8 3596
      3 3597
      4 3598
      5 3600
     10 3601
      7 3602
      5 3603
      7 3604
      4 3605
      4 3606
      6 3607
      3 3608
      3 3609
      6 3610
      4 3611
      6 3612
      4 3613
      5 3614
      4 3615
      6 3616
      8 3617
      3 3618
      1 3619
      5 3620
      9 3621
      3 3622
      7 3623
      4 3624
      4 3625
      3 3626
      7 3627
      2 3628
      5 3629
      4 3630
      9 3631
      1 3632
      6 3633
      3 3634
      3 3635
      3 3636
      6 3637
      6 3638
      6 3639
      1 3640
      6 3641
      6 3642
      3 3643
      5 3644
      6 3645
      6 3646
      5 3647
      6 3648
      5 3649
      4 3650
      4 3651
      6 3652
      5 3653
      3 3654
      6 3655
      5 3656
      7 3657
      6 3658
      8 3659
      7 3660
      6 3661
      2 3662
      2 3663
      9 3664
      2 3665
      1 3666
      1 3667
      3 3668
      7 3669
      8 3670
      5 3671
     10 3672
      2 3673
      6 3674
      3 3675
      6 3676
      2 3677
      5 3678
      1 3679
      4 3680
      7 3681
      7 3682
      3 3683
      6 3684
      5 3685
      5 3686
      4 3687
      4 3688
      2 3689
      3 3690
      4 3691
      3 3692
      7 3693
      3 3694
      5 3695
      2 3696
      4 3697
      1 3698
      7 3699
      6 3700
      4 3701
      9 3702
      1 3703
      6 3704
      3 3705
      6 3706
      6 3707
      4 3708
      4 3709
      5 3710
      6 3711
      4 3712
      3 3713
      2 3714
      4 3715
      1 3716
      6 3717
      5 3718
      6 3719
      6 3720
      4 3721
      1 3722
      7 3723
      4 3724
      5 3725
      4 3726
      5 3727
      4 3728
      3 3729
      2 3730
      4 3731
      4 3732
      1 3733
      4 3734
      4 3735
      3 3736
      5 3737
      2 3738
      4 3739
      3 3740
      3 3741
      2 3742
      2 3743
      1 3744
      1 3745
      3 3746
      4 3747
      3 3748
      2 3749
      5 3750
      2 3751
      2 3752
      5 3753
      6 3754
      4 3755
      5 3756
      3 3758
      3 3759
      2 3760
      4 3761
      2 3762
      6 3763
      6 3764
      5 3765
      5 3766
      5 3767
      2 3768
      5 3769
      1 3770
      5 3771
      2 3772
      5 3773
      5 3774
      4 3775
      3 3776
      6 3777
      4 3778
      2 3779
      4 3780
      3 3781
      4 3783
      3 3784
      4 3785
      3 3786
      5 3787
      1 3788
      3 3789
      3 3791
      4 3793
      4 3794
      3 3795
      2 3796
      1 3797
      3 3798
      2 3799
      3 3800
      3 3801
      4 3802
      2 3803
      5 3804
      5 3805
      1 3807
      2 3808
      4 3809
      1 3810
      2 3811
      6 3812
      4 3813
      6 3814
      4 3815
      2 3816
      2 3817
      2 3818
      5 3819
      2 3820
      5 3821
      2 3822
      4 3823
      2 3824
      2 3825
      2 3826
      3 3827
      4 3828
      2 3829
      3 3830
      3 3831
      4 3832
      2 3833
      5 3834
      5 3835
      5 3836
      5 3837
      6 3838
      4 3839
      1 3840
      3 3841
      5 3842
      3 3843
      5 3844
     10 3845
      2 3846
      4 3847
      6 3848
      1 3849
      2 3850
      3 3851
      4 3852
      4 3853
      1 3854
      2 3855
      2 3856
      2 3858
      3 3859
      1 3860
      1 3861
      1 3862
      1 3863
      4 3864
      4 3865
      1 3866
      4 3868
      3 3869
      4 3870
      2 3871
      4 3873
      1 3874
      3 3876
      4 3877
      3 3878
      3 3879
      6 3880
      1 3881
      4 3883
      4 3884
      1 3885
      3 3886
      1 3887
      3 3888
      3 3889
      1 3890
      1 3891
      1 3892
      4 3893
      6 3894
      5 3895
      2 3896
      5 3897
      1 3898
      2 3899
      5 3900
      2 3901
      4 3902
      1 3903
      1 3904
      2 3905
      1 3906
      3 3907
      2 3908
      3 3909
      1 3910
      2 3911
      1 3913
      2 3914
      2 3915
      3 3916
      2 3917
      1 3918
      1 3919
      2 3920
      2 3921
      4 3922
      2 3923
      3 3924
      4 3925
      1 3926
      3 3927
      3 3928
      3 3929
      2 3930
      3 3932
      3 3933
      1 3934
      2 3935
      3 3936
      6 3937
      1 3938
      2 3940
      1 3941
      2 3942
      5 3943
      1 3944
      1 3945
      1 3946
      3 3947
      1 3948
      4 3949
      1 3951
      4 3953
      2 3954
      3 3955
      1 3956
      3 3957
      4 3958
      3 3959
      3 3960
      2 3961
      1 3962
      3 3963
      4 3964
      3 3965
      2 3966
      4 3967
      1 3968
      6 3969
      3 3970
      4 3971
      1 3972
      2 3973
      1 3974
      1 3975
      3 3976
      2 3977
      2 3978
      1 3979
      3 3980
      2 3981
      1 3982
      1 3983
      1 3984
      4 3985
      1 3986
      4 3987
      2 3988
      2 3989
      2 3990
      1 3991
      3 3992
      1 3993
      1 3994
      1 3995
      4 3997
      2 3999
      2 4000
      3 4001
      2 4002
      1 4003
      4 4004
      1 4005
      3 4006
      1 4007
      1 4008
      1 4010
      2 4011
      1 4012
      1 4013
      2 4014
      3 4015
      4 4016
      2 4017
      1 4019
      1 4020
      1 4022
      1 4023
      1 4024
      3 4025
      3 4026
      3 4027
      2 4028
      1 4029
      2 4030
      1 4031
      4 4032
      2 4033
      3 4034
      2 4035
      1 4036
      4 4037
      2 4038
      2 4039
      2 4040
      1 4041
      1 4042
      3 4043
      3 4044
      1 4046
      2 4047
      3 4048
      1 4049
      1 4050
      1 4051
      3 4052
      2 4053
      3 4055
      2 4057
      1 4058
      3 4059
      2 4060
      1 4061
      1 4062
      1 4063
      1 4065
      2 4067
      3 4068
      6 4069
      3 4070
      2 4071
      2 4072
      2 4073
      3 4074
      2 4075
      3 4076
      2 4077
      3 4078
      1 4079
      3 4080
      3 4081
      3 4082
      2 4083
      4 4084
      2 4085
      3 4086
      2 4088
      3 4089
      2 4090
      4 4091
      3 4092
      3 4094
      2 4095
      4 4098
      1 4099
      2 4100
      5 4101
      2 4102
      3 4103
      1 4104
      2 4106
      4 4107
      7 4108
      1 4109
      1 4110
      3 4111
      3 4112
      5 4113
      3 4114
      1 4115
      3 4116
      3 4118
      3 4120
      1 4122
      3 4123
      1 4124
      3 4125
      1 4126
      1 4128
      1 4129
      4 4130
      2 4131
      1 4133
      1 4134
      1 4137
      1 4138
      1 4139
      3 4141
      2 4142
      4 4145
      2 4146
      1 4147
      1 4148
      1 4149
      3 4152
      1 4153
      1 4154
      3 4155
      2 4156
      3 4157
      1 4158
      2 4159
      3 4160
      2 4161
      2 4162
      1 4163
      1 4164
      1 4165
      2 4166
      1 4168
      1 4170
      3 4171
      1 4172
      2 4173
      1 4174
      3 4175
      3 4176
      1 4177
      3 4179
      2 4180
      1 4181
      3 4182
      1 4183
      1 4184
      4 4186
      1 4187
      4 4189
      2 4191
      2 4192
      3 4193
      2 4194
      2 4195
      1 4196
      1 4197
      1 4198
      1 4199
      1 4200
      2 4201
      1 4202
      1 4204
      4 4205
      4 4206
      1 4207
      2 4208
      3 4209
      4 4210
      2 4211
      3 4212
      1 4213
      2 4214
      2 4215
      2 4216
      4 4217
      1 4218
      3 4219
      1 4220
      3 4221
      3 4222
      2 4223
      2 4224
      1 4225
      1 4226
      3 4227
      5 4228
      1 4229
      5 4230
      1 4231
      2 4232
      1 4233
      1 4234
      2 4235
      1 4236
      3 4237
      1 4239
      1 4240
      2 4241
      1 4243
      3 4244
      4 4246
      2 4247
      1 4249
      2 4250
      2 4252
      3 4253
      2 4254
      3 4255
      2 4257
      2 4258
      1 4259
      1 4260
      1 4261
      1 4262
      3 4264
      3 4266
      2 4267
      1 4268
      1 4270
      1 4271
      1 4273
      1 4274
      1 4275
      3 4276
      3 4277
      3 4279
      4 4280
      1 4281
      2 4282
      1 4283
      1 4284
      2 4285
      2 4286
      3 4289
      1 4290
      1 4291
      2 4292
      2 4293
      1 4295
      1 4296
      1 4297
      1 4298
      3 4299
      1 4300
      2 4301
      2 4302
      1 4305
      1 4306
      5 4309
      3 4310
      2 4314
      1 4315
      2 4316
      1 4317
      1 4319
      2 4320
      2 4321
      2 4324
      1 4325
      1 4327
      4 4328
      5 4329
      1 4330
      2 4331
      2 4334
      2 4336
      3 4340
      2 4341
      3 4342
      1 4343
      1 4344
      1 4347
      1 4348
      1 4349
      2 4351
      1 4352
      1 4353
      1 4354
      1 4355
      1 4356
      2 4357
      1 4358
      3 4360
      2 4361
      2 4364
      5 4366
      2 4369
      1 4370
      4 4374
      2 4375
      4 4376
      4 4378
      1 4379
      3 4381
      1 4383
      1 4384
      1 4388
      2 4390
      1 4393
      2 4394
      2 4397
      2 4398
      1 4399
      3 4400
      2 4401
      4 4402
      1 4403
      1 4404
      1 4406
      2 4407
      1 4409
      3 4410
      2 4412
      1 4413
      2 4414
      2 4415
      3 4418
      6 4420
      1 4421
      1 4422
      2 4424
      1 4425
      5 4426
      2 4427
      1 4429
      1 4430
      2 4431
      1 4432
      2 4433
      1 4434
      2 4436
      1 4437
      2 4439
      2 4441
      1 4442
      2 4444
      1 4445
      2 4450
      2 4451
      1 4452
      3 4453
      2 4454
      6 4455
      1 4458
      2 4459
      2 4460
      2 4461
      1 4462
      1 4463
      1 4464
      2 4465
      1 4466
      1 4470
      2 4471
      2 4473
      2 4475
      2 4476
      2 4478
      3 4480
      1 4481
      1 4482
      1 4486
      2 4487
      2 4489
      1 4490
      1 4492
      1 4493
      1 4496
      1 4497
      2 4500
      1 4504
      1 4505
      1 4508
      1 4509
      2 4510
      1 4511
      1 4513
      1 4515
      2 4517
      4 4518
      1 4519
      1 4520
      3 4523
      1 4524
      1 4526
      3 4527
      1 4528
      1 4529
      2 4530
      1 4531
      5 4532
      1 4533
      1 4537
      3 4538
      1 4539
      1 4541
      3 4542
      3 4543
      2 4544
      1 4545
      1 4547
      1 4548
      1 4549
      2 4551
      1 4552
      3 4555
      2 4556
      1 4557
      1 4559
      1 4560
      2 4563
      1 4565
      1 4566
      2 4567
      3 4568
      1 4571
      3 4572
      4 4576
      1 4577
      1 4578
      1 4580
      1 4581
      2 4584
      2 4588
      2 4589
      2 4592
      2 4595
      2 4596
      2 4597
      3 4598
      1 4599
      2 4601
      2 4602
      2 4603
      1 4604
      1 4605
      2 4606
      3 4607
      2 4608
      1 4609
      2 4610
      3 4612
      3 4614
      1 4616
      2 4617
      1 4619
      1 4620
      1 4622
      1 4625
      2 4627
      1 4628
      2 4630
      1 4634
      1 4635
      1 4636
      1 4638
      1 4639
      2 4640
      1 4641
      2 4643
      1 4644
      1 4647
      1 4649
      2 4652
      1 4655
      1 4656
      1 4657
      1 4658
      1 4661
      1 4664
      1 4665
      1 4666
      2 4668
      2 4669
      3 4671
      1 4674
      1 4675
      2 4676
      5 4677
      1 4678
      2 4679
      2 4684
      1 4685
      1 4688
      2 4690
      1 4692
      2 4693
      1 4695
      1 4696
      1 4698
      1 4699
      1 4700
      1 4701
      2 4702
      1 4703
      1 4704
      1 4706
      5 4707
      1 4709
      1 4713
      2 4714
      3 4715
      1 4716
      2 4717
      1 4719
      1 4721
      1 4725
      1 4726
      1 4727
      2 4729
      1 4730
      3 4731
      1 4732
      2 4733
      4 4734
      2 4735
      1 4736
      2 4737
      1 4738
      1 4739
      2 4744
      1 4747
      1 4748
      3 4750
      1 4751
      3 4752
      1 4754
      2 4755
      2 4757
      1 4758
      1 4759
      1 4760
      1 4763
      1 4765
      3 4766
      1 4767
      1 4769
      1 4770
      1 4772
      2 4775
      1 4777
      3 4778
      1 4779
      1 4781
      1 4783
      1 4784
      2 4787
      1 4789
      2 4790
      1 4791
      3 4792
      2 4796
      1 4797
      2 4799
      1 4800
      3 4803
      1 4804
      1 4806
      2 4808
      1 4810
      1 4811
      1 4812
      1 4813
      3 4814
      2 4815
      2 4817
      1 4818
      2 4819
      2 4820
      1 4821
      2 4823
      1 4824
      1 4825
      2 4826
      1 4829
      1 4831
      3 4832
      2 4833
      2 4834
      1 4837
      1 4838
      3 4839
      2 4840
      1 4841
      2 4843
      1 4845
      2 4846
      1 4848
      1 4850
      1 4851
      2 4852
      1 4853
      1 4854
      1 4856
      1 4857
      1 4858
      2 4862
      1 4863
      1 4866
      3 4867
      1 4869
      1 4871
      1 4875
      1 4876
      1 4878
      1 4879
      1 4880
      1 4881
      2 4883
      1 4884
      1 4888
      1 4889
      1 4891
      1 4892
      1 4894
      1 4896
      1 4898
      2 4900
      2 4902
      2 4904
      2 4906
      1 4907
      2 4908
      1 4909
      1 4910
      1 4912
      1 4913
      3 4916
      3 4917
      3 4919
      1 4921
      1 4923
      3 4924
      2 4925
      1 4926
      1 4927
      1 4930
      1 4932
      1 4933
      1 4938
      1 4940
      1 4942
      1 4945
      1 4946
      3 4948
      2 4951
      1 4952
      3 4953
      1 4954
      1 4955
      1 4956
      1 4957
      1 4959
      2 4960
      1 4962
      1 4963
      2 4964
      1 4965
      1 4966
      2 4967
      2 4968
      1 4972
      1 4973
      1 4974
      1 4975
      1 4976
      1 4980
      1 4983
      1 4984
      1 4985
      2 4988
      2 4989
      1 4990
      1 4993
      1 4994
      2 4995
      1 4996
      1 4997
      2 4998
      1 5000
      1 5003
      1 5007
      1 5008
      1 5010
      1 5011
      1 5012
      1 5013
      1 5014
      2 5016
      1 5017
      1 5019
      1 5020
      1 5021
      1 5022
      1 5025
      2 5026
      1 5027
      2 5030
      2 5032
      1 5036
      3 5038
      1 5041
      1 5045
      1 5047
      2 5049
      1 5050
      1 5051
      1 5053
      2 5055
      1 5056
      1 5057
      3 5058
      1 5059
      1 5060
      1 5062
      1 5063
      1 5065
      1 5066
      2 5067
      1 5070
      2 5071
      1 5072
      1 5076
      1 5077
      1 5079
      1 5082
      1 5084
      2 5088
      2 5089
      2 5090
      1 5092
      1 5093
      2 5094
      1 5095
      1 5098
      1 5100
      1 5105
      2 5106
      2 5109
      2 5111
      1 5113
      2 5117
      1 5119
      1 5123
      2 5124
      1 5125
      2 5127
      3 5129
      1 5130
      2 5131
      1 5132
      1 5133
      2 5135
      1 5136
      1 5139
      2 5140
      1 5144
      1 5147
      1 5148
      3 5150
      2 5152
      1 5153
      1 5154
      3 5157
      1 5158
      1 5159
      1 5160
      1 5163
      1 5165
      2 5166
      1 5167
      1 5168
      1 5169
      1 5170
      1 5173
      1 5175
      1 5176
      1 5179
      1 5180
      1 5181
      1 5182
      1 5183
      1 5184
      3 5186
      2 5188
      2 5192
      1 5193
      1 5195
      2 5197
      1 5198
      1 5199
      1 5203
      2 5207
      1 5208
      1 5209
      1 5211
      1 5212
      1 5213
      1 5214
      1 5216
      2 5219
      1 5221
      1 5222
      2 5223
      2 5225
      1 5232
      1 5233
      1 5234
      1 5235
      1 5238
      1 5243
      1 5244
      1 5246
      1 5247
      2 5248
      1 5251
      1 5252
      1 5253
      1 5256
      1 5257
      2 5258
      1 5259
      1 5260
      1 5261
      1 5262
      1 5263
      1 5265
      1 5266
      2 5267
      1 5268
      2 5270
      3 5273
      1 5274
      1 5278
      1 5283
      3 5284
      2 5285
      2 5288
      2 5289
      2 5290
      1 5291
      1 5292
      1 5293
      2 5297
      1 5304
      1 5309
      2 5310
      1 5311
      1 5312
      2 5314
      1 5315
      1 5319
      1 5322
      1 5326
      2 5327
      1 5328
      2 5330
      3 5331
      1 5332
      1 5333
      1 5336
      2 5337
      1 5339
      1 5341
      2 5343
      2 5345
      1 5346
      1 5347
      1 5350
      1 5352
      1 5354
      1 5357
      1 5360
      2 5362
      1 5364
      2 5365
      1 5370
      1 5371
      1 5372
      2 5374
      2 5380
      2 5381
      1 5385
      1 5386
      1 5387
      2 5388
      1 5389
      1 5390
      1 5392
      2 5394
      2 5395
      1 5397
      1 5401
      1 5407
      1 5410
      2 5411
      1 5413
      1 5414
      3 5415
      1 5418
      1 5421
      1 5423
      1 5424
      1 5427
      1 5428
      1 5429
      1 5430
      1 5432
      1 5433
      1 5435
      1 5436
      1 5437
      1 5444
      3 5446
      1 5447
      1 5449
      4 5450
      2 5451
      2 5452
      1 5453
      2 5457
      1 5459
      2 5460
      1 5470
      2 5471
      1 5472
      1 5476
      1 5480
      1 5481
      2 5483
      1 5484
      2 5488
      1 5493
      1 5494
      1 5498
      1 5500
      1 5501
      3 5505
      1 5509
      1 5510
      1 5516
      1 5520
      1 5521
      2 5522
      1 5524
      2 5526
      1 5530
      2 5531
      1 5537
      1 5538
      1 5539
      1 5541
      1 5542
      1 5544
      1 5548
      1 5549
      2 5551
      3 5552
      1 5553
      2 5555
      2 5558
      1 5559
      3 5566
      1 5570
      2 5571
      3 5573
      3 5574
      1 5578
      1 5582
      2 5583
      1 5584
      1 5587
      1 5590
      1 5595
      2 5599
      1 5602
      1 5603
      1 5604
      1 5606
      2 5609
      1 5611
      1 5612
      1 5617
      2 5622
      2 5625
      1 5626
      2 5627
      2 5630
      4 5631
      1 5633
      1 5636
      2 5637
      1 5641
      1 5646
      2 5647
      1 5651
      1 5652
      2 5654
      2 5655
      1 5658
      1 5660
      1 5662
      2 5663
      1 5666
      1 5670
      1 5674
      1 5676
      1 5677
      2 5680
      1 5681
      1 5686
      1 5687
      1 5688
      2 5690
      1 5693
      2 5695
      1 5696
      1 5700
      1 5703
      1 5707
      2 5708
      1 5709
      3 5711
      1 5712
      1 5713
      2 5714
      2 5715
      1 5717
      1 5718
      2 5719
      1 5720
      2 5722
      1 5727
      1 5728
      1 5729
      1 5731
      1 5732
      1 5734
      1 5735
      1 5739
      1 5740
      1 5743
      1 5745
      1 5748
      1 5749
      1 5758
      1 5759
      2 5760
      1 5763
      1 5764
      2 5765
      1 5766
      1 5767
      1 5768
      2 5773
      1 5774
      1 5775
      2 5777
      1 5780
      1 5784
      2 5787
      2 5788
      1 5791
      1 5796
      1 5798
      2 5799
      1 5803
      1 5804
      1 5805
      1 5806
      1 5807
      3 5811
      2 5816
      1 5817
      1 5821
      1 5822
      1 5825
      1 5826
      1 5827
      1 5830
      2 5832
      1 5834
      1 5835
      1 5836
      1 5837
      1 5838
      2 5849
      1 5850
      1 5851
      2 5852
      1 5853
      1 5854
      1 5860
      1 5872
      1 5874
      1 5876
      2 5879
      1 5882
      1 5888
      1 5889
      1 5890
      1 5892
      2 5893
      1 5894
      1 5897
      2 5899
      1 5901
      1 5902
      1 5903
      2 5908
      1 5911
      1 5912
      1 5915
      1 5916
      2 5921
      1 5922
      1 5925
      1 5932
      1 5935
      2 5939
      1 5942
      2 5948
      1 5957
      1 5959
      1 5961
      1 5962
      1 5964
      1 5966
      3 5967
      1 5969
      1 5972
      3 5976
      1 5982
      1 5985
      2 5987
      1 5988
      1 5993
      2 5994
      1 5995
      1 5996
      2 6003
      1 6005
      1 6006
      1 6007
      1 6010
      2 6014
      2 6015
      1 6018
      1 6021
      1 6027
      1 6029
      1 6030
      1 6031
      1 6033
      1 6034
      1 6036
      1 6046
      1 6048
      1 6050
      2 6053
      1 6055
      1 6060
      1 6063
      1 6069
      3 6073
      1 6075
      1 6076
      1 6077
      1 6078
      1 6082
      1 6089
      1 6092
      2 6094
      2 6095
      1 6100
      1 6107
      1 6109
      5 6110
      1 6111
      1 6112
      1 6115
      3 6121
      1 6125
      3 6128
      1 6130
      2 6132
      1 6137
      2 6138
      1 6142
      1 6143
      1 6146
      3 6147
      1 6149
      2 6153
      1 6154
      1 6155
      1 6157
      1 6163
      1 6164
      1 6173
      1 6181
      1 6182
      1 6184
      1 6185
      3 6187
      2 6188
      1 6190
      2 6191
      1 6195
      2 6199
      2 6200
      2 6203
      1 6206
      1 6210
      1 6211
      2 6212
      1 6214
      1 6215
      1 6221
      1 6222
      1 6225
      2 6229
      1 6230
      2 6231
      1 6237
      2 6244
      3 6246
      2 6249
      1 6251
      1 6253
      1 6257
      1 6259
      1 6261
      1 6263
      1 6264
      2 6267
      1 6268
      2 6273
      1 6276
      1 6282
      1 6284
      1 6287
      2 6289
      1 6293
      2 6295
      1 6296
      1 6299
      1 6305
      3 6306
      1 6307
      1 6308
      1 6309
      2 6311
      2 6312
      1 6318
      1 6320
      1 6323
      1 6325
      1 6326
      1 6332
      2 6335
      1 6336
      1 6339
      1 6340
      1 6341
      1 6343
      1 6344
      1 6345
      1 6346
      1 6347
      2 6349
      1 6351
      1 6352
      1 6353
      1 6355
      1 6358
      4 6360
      1 6362
      2 6366
      1 6370
      1 6372
      1 6373
      1 6375
      1 6381
      1 6385
      1 6387
      1 6388
      1 6389
      1 6390
      1 6392
      1 6394
      1 6396
      1 6398
      1 6401
      1 6403
      2 6404
      1 6412
      2 6415
      1 6424
      1 6431
      1 6433
      1 6437
      1 6438
      1 6440
      1 6442
      2 6443
      1 6444
      2 6449
      1 6450
      1 6454
      1 6455
      1 6460
      1 6462
      1 6463
      2 6464
      1 6465
      1 6466
      1 6467
      2 6470
      1 6472
      2 6473
      1 6475
      1 6478
      1 6480
      1 6481
      1 6483
      2 6484
      1 6485
      2 6489
      1 6492
      1 6496
      1 6498
      2 6500
      1 6502
      1 6506
      1 6508
      1 6510
      2 6513
      2 6515
      1 6519
      1 6521
      2 6525
      1 6526
      1 6530
      1 6535
      1 6538
      1 6539
      2 6541
      1 6544
      1 6548
      1 6561
      1 6563
      1 6564
      1 6572
      1 6573
      1 6574
      1 6577
      1 6579
      3 6584
      1 6591
      2 6592
      1 6593
      1 6594
      1 6596
      1 6597
      2 6602
      1 6603
      1 6605
      1 6606
      1 6608
      1 6613
      1 6614
      1 6619
      2 6623
      1 6624
      1 6628
      1 6629
      2 6634
      1 6640
      1 6642
      1 6644
      1 6645
      1 6647
      2 6648
      1 6652
      1 6653
      1 6659
      1 6660
      1 6663
      1 6666
      2 6667
      2 6670
      1 6672
      1 6678
      1 6690
      2 6692
      1 6693
      1 6694
      2 6695
      2 6697
      1 6705
      1 6714
      1 6715
      1 6717
      1 6720
      1 6722
      1 6724
      2 6725
      1 6731
      3 6742
      2 6747
      1 6750
      2 6752
      1 6756
      2 6760
      2 6762
      1 6763
      1 6769
      1 6770
      2 6772
      1 6775
      1 6777
      1 6778
      1 6779
      1 6786
      1 6789
      1 6794
      1 6796
      1 6797
      1 6800
      1 6802
      1 6803
      1 6804
      1 6805
      1 6807
      1 6813
      1 6818
      2 6820
      2 6821
      1 6823
      1 6825
      1 6826
      2 6828
      1 6831
      1 6836
      1 6842
      2 6843
      5 6846
      1 6847
      1 6848
      1 6851
      1 6856
      1 6860
      1 6862
      1 6865
      1 6874
      1 6878
      1 6880
      1 6881
      2 6882
      1 6896
      1 6902
      1 6904
      1 6906
      1 6910
      1 6912
      2 6913
      1 6914
      1 6916
      2 6926
      3 6927
      2 6929
      1 6934
      1 6935
      1 6936
      1 6938
      1 6939
      1 6945
      1 6948
      1 6950
      1 6951
      2 6954
      1 6955
      1 6956
      1 6958
      1 6962
      1 6966
      1 6967
      1 6970
      2 6972
      1 6974
      1 6976
      1 6981
      1 6982
      1 6984
      1 6986
      1 6995
      1 6998
      1 7004
      1 7010
      1 7011
      1 7013
      1 7018
      1 7020
      1 7021
      1 7023
      1 7027
      1 7033
      1 7035
      1 7037
      1 7039
      1 7040
      1 7043
      1 7046
      1 7049
      3 7054
      1 7059
      1 7060
      1 7063
      1 7064
      1 7074
      2 7080
      2 7082
      1 7087
      1 7089
      1 7091
      1 7093
      1 7096
      1 7100
      1 7101
      1 7105
      2 7110
      1 7113
      3 7114
      1 7115
      1 7119
      1 7125
      1 7127
      1 7132
      1 7133
      1 7136
      1 7138
      1 7140
      1 7141
      1 7142
      1 7143
      1 7147
      1 7160
      1 7162
      2 7164
      1 7165
      1 7170
      1 7178
      1 7180
      1 7181
      1 7184
      1 7185
      1 7189
      2 7191
      2 7193
      1 7199
      1 7204
      1 7209
      1 7211
      1 7215
      1 7217
      2 7219
      2 7221
      1 7223
      1 7229
      1 7230
      3 7240
      1 7250
      2 7251
      1 7253
      3 7257
      1 7259
      1 7264
      1 7272
      1 7273
      1 7274
      1 7282
      1 7285
      1 7287
      3 7292
      1 7293
      1 7298
      1 7316
      1 7319
      1 7320
      1 7326
      1 7330
      1 7331
      1 7332
      2 7333
      1 7335
      1 7351
      1 7353
      1 7354
      1 7362
      1 7367
      1 7376
      1 7381
      1 7383
      1 7385
      1 7390
      1 7391
      1 7394
      2 7396
      1 7398
      1 7403
      2 7409
      2 7410
      4 7423
      1 7427
      1 7428
      1 7435
      1 7442
      1 7443
      1 7444
      1 7447
      2 7452
      1 7456
      1 7463
      1 7471
      1 7472
      2 7475
      1 7477
      1 7485
      1 7486
      1 7489
      1 7495
      1 7505
      1 7513
      1 7519
      1 7520
      1 7526
      1 7542
      1 7547
      2 7548
      1 7550
      1 7558
      1 7560
      2 7563
      1 7566
      1 7568
      1 7573
      1 7580
      1 7586
      1 7594
      2 7596
      1 7611
      1 7624
      1 7630
      1 7631
      1 7633
      1 7636
      1 7639
      1 7640
      1 7658
      1 7663
      1 7667
      1 7670
      1 7684
      1 7695
      1 7696
      1 7697
      1 7700
      1 7705
      1 7708
      1 7718
      1 7728
      1 7730
      1 7732
      1 7736
      1 7742
      1 7746
      1 7747
      1 7748
      1 7749
      1 7750
      1 7752
      2 7754
      1 7756
      2 7760
      1 7765
      1 7767
      1 7770
      1 7773
      1 7783
      1 7787
      1 7793
      1 7797
      2 7808
      1 7817
      2 7822
      1 7823
      1 7830
      1 7838
      1 7841
      1 7846
      1 7847
      1 7852
      1 7853
      1 7854
      2 7855
      1 7870
      1 7872
      3 7879
      1 7887
      1 7891
      1 7905
      1 7925
      1 7927
      1 7933
      1 7935
      1 7936
      1 7938
      1 7939
      1 7941
      2 7967
      1 7969
      2 7971
      1 7975
      2 7982
      2 7984
      1 7985
      1 7992
      1 8000
      1 8001
      2 8002
      1 8006
      1 8010
      1 8024
      1 8028
      2 8037
      1 8051
      1 8063
      1 8064
      1 8065
      1 8067
      1 8071
      1 8074
      1 8086
      1 8089
      1 8095
      1 8112
      1 8128
      1 8132
      1 8134
      1 8139
      1 8141
      1 8152
      1 8169
      1 8170
      1 8171
      1 8183
      1 8186
      1 8190
      1 8198
      1 8202
      1 8218
      1 8221
      1 8226
      1 8234
      1 8238
      1 8243
      3 8255
      1 8259
      1 8270
      1 8274
      2 8278
      1 8291
      1 8293
      1 8302
      1 8312
      1 8316
      1 8318
      1 8332
      1 8336
      1 8345
      1 8348
      1 8353
      1 8355
      1 8360
      1 8361
      1 8369
      2 8371
      2 8372
      1 8375
      1 8376
      1 8387
      1 8397
      1 8401
      1 8403
      1 8410
      1 8415
      1 8416
      1 8427
      2 8428
      1 8440
      1 8441
      1 8450
      1 8453
      1 8456
      1 8470
      1 8487
      1 8505
      1 8515
      1 8521
      1 8524
      1 8532
      1 8538
      1 8541
      1 8549
      1 8556
      1 8570
      1 8574
      1 8583
      1 8588
      1 8593
      1 8594
      1 8606
      1 8607
      1 8609
      1 8612
      1 8620
      1 8649
      1 8656
      1 8658
      1 8662
      1 8669
      1 8671
      1 8686
      1 8699
      1 8704
      2 8707
      1 8709
      1 8711
      1 8717
      1 8726
      1 8733
      1 8738
      1 8745
      1 8763
      1 8769
      1 8777
      1 8787
      1 8789
      1 8793
      2 8818
      1 8823
      1 8826
      1 8831
      1 8833
      1 8843
      1 8849
      1 8850
      1 8875
      1 8881
      1 8882
      1 8887
      1 8891
      1 8907
      1 8908
      1 8922
      1 8926
      1 8927
      1 8929
      2 8936
      1 8938
      1 8950
      1 8952
      1 8956
      1 8960
      1 8966
      1 8988
      1 9014
      1 9018
      2 9033
      1 9038
      1 9057
      1 9061
      1 9071
      1 9098
      1 9100
      1 9104
      1 9114
      2 9121
      1 9124
      1 9125
      1 9128
      1 9137
      1 9138
      1 9141
      1 9146
      1 9148
      1 9150
      1 9151
      1 9152
      1 9154
      1 9158
      1 9168
      1 9199
      1 9201
      1 9203
      1 9210
      1 9214
      1 9216
      1 9224
      1 9233
      1 9241
      1 9247
      1 9257
      1 9269
      1 9293
      1 9298
      1 9317
      1 9320
      1 9328
      1 9335
      1 9338
      2 9341
      1 9364
      1 9365
      1 9390
      1 9392
      2 9397
      1 9404
      1 9430
      1 9470
      1 9491
      1 9493
      1 9495
      1 9499
      1 9510
      1 9514
      1 9529
      1 9571
      1 9573
      1 9575
      1 9576
      1 9580
      1 9606
      1 9610
      1 9628
      1 9629
      1 9638
      1 9643
      1 9650
      1 9678
      1 9697
      2 9713
      1 9728
      1 9730
      1 9746
      1 9753
      1 9757
      1 9776
      2 9796
      1 9806
      1 9810
      1 9812
      1 9820
      1 9831
      1 9835
      1 9839
      1 9842
      1 9858
      1 9866
      2 9895
      2 9898
      1 9904
      1 9905
      1 9936
      1 9944
      1 9973
      1 9977
      1 9998
      1 10005
      1 10007
      1 10040
      1 10060
      1 10065
      1 10077
      1 10095
      1 10097
      1 10119
      1 10123
      1 10130
      1 10134
      1 10196
      1 10212
      1 10217
      1 10224
      1 10226
      1 10232
      1 10252
      1 10291
      1 10307
      1 10345
      1 10373
      1 10388
      1 10392
      1 10399
      1 10413
      1 10432
      1 10442
      1 10468
      1 10481
      1 10489
      1 10499
      1 10505
      1 10506
      1 10521
      1 10568
      1 10584
      1 10614
      1 10629
      2 10630
      1 10656
      1 10676
      1 10685
      1 10722
      1 10723
      1 10726
      1 10742
      1 10746
      1 10767
      1 10776
      2 10779
      1 10815
      1 10820
      1 10845
      1 10877
      1 10889
      1 10898
      1 10903
      1 10906
      1 10917
      1 10939
      1 10960
      1 10969
      1 10973
      1 10981
      1 11081
      1 11106
      1 11107
      1 11135
      1 11171
      1 11196
      1 11224
      1 11244
      1 11246
      1 11249
      1 11265
      1 11315
      1 11358
      1 11421
      1 11445
      1 11474
      1 11487
      1 11495
      1 11498
      1 11541
      1 11562
      1 11592
      1 11595
      1 11617
      1 11643
      1 11696
      1 11724
      1 11748
      1 11763
      1 11788
      1 11795
      1 11822
      1 11849
      1 11859
      1 11919
      1 11953
      1 11987
      1 11996
      1 12042
      1 12060
      1 12070
      1 12087
      1 12093
      1 12100
      1 12111
      2 12165
      1 12170
      1 12184
      1 12199
      1 12241
      1 12261
      1 12273
      1 12301
      1 12335
      1 12364
      1 12411
      1 12445
      1 12469
      1 12558
      1 12565
      1 12617
      1 12620
      1 12660
      1 12696
      1 12697
      1 12715
      1 12737
      1 12772
      1 12816
      1 12822
      1 12872
      1 12892
      1 12958
      1 12984
      1 13067
      1 13080
      1 13098
      1 13163
      1 13243
      1 13252
      1 13278
      1 13280
      1 13285
      1 13286
      1 13303
      1 13304
      1 13367
      1 13396
      1 13431
      1 13544
      1 13554
      1 13569
      1 13663
      1 13664
      1 13698
      1 13750
      1 13840
      1 13842
      1 13864
      1 13967
      1 14055
      1 14092
      1 14167
      1 14237
      1 14279
      1 14303
      1 14313
      1 14340
      1 14343
      1 14362
      1 14365
      1 14374
      1 14434
      1 14452
      1 14536
      1 14548
      1 14556
      1 14627
      1 14659
      1 14815
      1 14817
      1 14997
      1 15021
      1 15025
      1 15031
      1 15047
      1 15110
      1 15113
      1 15132
      1 15372
      1 15418
      1 15419
      1 15423
      1 15546
      1 15556
      1 15577
      1 15637
      1 15697
      1 15774
      1 15831
      1 15883
      1 15963
      1 16030
      1 16037
      1 16150
      1 16268
      1 16321
      1 16351
      1 16440
      1 16467
      1 16468
      1 16559
      1 16593
      1 16864
      1 16888
      1 17380
      1 17402
      1 17457
      1 17496
      1 17551
      1 17616
      1 17627
      1 17745
      1 17786
      1 17831
      1 17883
      1 17897
      1 17902
      1 17909
      1 17931
      1 18058
      1 18060
      1 18217
      1 18220
      1 18295
      1 18309
      1 18327
      1 18456
      1 18497
      1 18515
      1 18647
      1 18738
      1 18800
      1 18813
      1 18851
      1 18856
      1 18937
      1 19001
      1 19005
      1 19163
      1 19239
      1 19252
      1 19507
      1 19554
      2 19588
      1 19601
      1 19668
      1 19711
      1 19786
      1 19976
      1 20054
      1 20063
      1 20146
      1 20205
      1 20283
      1 20530
      1 20579
      1 20612
      1 20761
      1 20848
      1 20887
      1 21288
      1 21319
      1 21371
      1 21463
      1 21642
      1 21655
      1 21672
      1 21750
      1 21850
      1 21891
      1 22037
      1 22182
      1 22279
      1 22307
      1 22510
      1 22545
      1 22632
      1 22714
      1 22756
      1 22857
      1 22904
      1 22912
      1 22968
      1 23152
      1 23406
      1 23581
      1 23729
      1 23851
      1 23962
      1 24092
      1 24361
      1 24383
      1 24411
      1 24693
      1 24807
      1 24828
      1 24943
      1 25208
      1 25271
      1 25326
      1 25545
      1 25599
      1 25622
      1 25682
      1 25815
      1 26054
      1 26186
      1 26260
      1 26314
      1 26355
      1 26361
      1 26382
      1 26913
      1 27089
      1 27153
      1 27264
      1 27511
      1 27801
      1 28187
      1 28268
      1 28425
      1 28606
      1 28791
      1 28813
      1 29073
      1 29116
      1 29134
      1 29636
      1 29828
      1 29923
      1 29960
      1 29980
      1 30267
      1 30421
      1 30595
      1 30879
      1 31521
      1 31602
      1 31748
      1 31860
      1 31955
      1 32146
      1 32398
      1 32427
      1 32524
      1 33165
      1 33340
      1 33367
      1 33393
      1 33632
      1 33641
      1 33669
      1 33885
      1 33909
      1 34077
      1 34158
      1 35165
      1 35718
      1 35797
      1 36006
      1 36099
      1 36235
      1 36818
      1 36899
      1 37042
      1 37116
      1 38127
      1 38578
      1 39672
      1 39675
      1 39719
      1 40061
      1 40302
      1 41252
      1 41477
      1 41685
      1 41797
      1 42133
      1 42956
      1 43434
      1 44027
      1 44370
      1 47464
      1 47636
      1 50429
      1 50673
      1 54962
      1 57084
      1 60681
      1 62151
---AAD-PGBENCH-LAG-US---
