pgbench (18.6 (Debian 18.6-1.pgdg13+2))
starting vacuum...end.
transaction type: <builtin: select only>
scaling factor: 1000
query mode: simple
number of clients: 8
number of threads: 8
maximum number of tries: 1
duration: 60 s
number of transactions actually processed: 1615189
number of failed transactions: 0 (0.000%)
latency average = 0.297 ms
initial connection time = 5.606 ms
tps = 26922.099212 (without initial connection time)
---AAD-PGBENCH-LATENCY-US---
rc=0
samples=32031
      1 228
      1 231
      1 234
      1 235
      3 236
      4 237
      1 238
      5 239
      6 240
      9 241
      9 242
      7 243
     13 244
     23 245
     26 246
     21 247
     33 248
     56 249
     46 250
     67 251
     75 252
    100 253
     89 254
    118 255
    139 256
    165 257
    174 258
    224 259
    271 260
    270 261
    307 262
    348 263
    427 264
    542 265
    570 266
    647 267
    748 268
    839 269
    812 270
    863 271
   1035 272
    989 273
    992 274
   1026 275
   1178 276
    984 277
    928 278
    856 279
    838 280
    688 281
    679 282
    558 283
    577 284
    521 285
    414 286
    411 287
    404 288
    338 289
    306 290
    293 291
    299 292
    238 293
    246 294
    238 295
    190 296
    178 297
    182 298
    161 299
    143 300
    137 301
    142 302
    128 303
    121 304
    122 305
    118 306
    115 307
    106 308
    102 309
     99 310
    103 311
    115 312
     96 313
    118 314
    126 315
     89 316
     82 317
     95 318
     95 319
     99 320
    107 321
    125 322
    108 323
    108 324
    123 325
    114 326
    120 327
    116 328
    123 329
    129 330
    127 331
    118 332
    106 333
    109 334
     88 335
    113 336
     71 337
     72 338
     82 339
     68 340
     74 341
     70 342
     47 343
     61 344
     58 345
     59 346
     41 347
     49 348
     40 349
     38 350
     47 351
     36 352
     37 353
     26 354
     30 355
     26 356
     38 357
     24 358
     24 359
     19 360
     34 361
     30 362
     23 363
     26 364
     20 365
     19 366
     27 367
     28 368
     24 369
     25 370
     17 371
     27 372
     27 373
     31 374
     16 375
     22 376
     18 377
     33 378
     25 379
     23 380
     31 381
     31 382
     29 383
     25 384
     30 385
     36 386
     44 387
     36 388
     48 389
     36 390
     50 391
     47 392
     48 393
     51 394
     49 395
     50 396
     48 397
     52 398
     45 399
     34 400
     49 401
     43 402
     48 403
     54 404
     44 405
     31 406
     32 407
     34 408
     22 409
     35 410
     33 411
     19 412
     17 413
     31 414
     20 415
     26 416
     18 417
     18 418
     13 419
     19 420
     12 421
      6 422
     10 423
      9 424
     17 425
      7 426
     10 427
      5 428
      5 429
     14 430
      7 431
      4 432
      7 433
      4 434
      9 435
      3 436
      7 437
     11 438
      8 439
      7 440
      8 441
     12 442
      7 443
      8 444
     11 445
      7 446
      6 447
      7 448
      7 449
      5 450
      6 451
      8 452
      7 453
      5 454
     11 455
      7 456
      7 457
      3 458
      7 459
      9 460
      8 461
      5 462
      8 463
      8 464
      5 465
      9 466
      4 467
      4 468
      3 469
      6 470
      5 471
     13 472
      7 473
      5 474
      6 475
      2 476
      3 477
     11 478
      5 479
      6 480
      2 481
      5 482
      5 483
     15 484
      3 485
     10 486
      2 487
      5 488
      5 489
      5 490
      4 491
      5 492
      4 493
      4 494
      4 495
      3 496
      9 497
     11 498
      8 499
      5 500
      6 501
     11 502
      9 503
      6 504
      7 505
     13 506
      8 507
      7 508
      6 509
      9 510
      9 511
     14 512
     22 513
     10 514
     16 515
     12 516
     18 517
      5 518
     12 519
     16 520
     21 521
     13 522
     14 523
      3 524
      8 525
     12 526
     11 527
     11 528
      5 529
      6 530
      6 531
      5 532
      3 533
      2 534
      7 535
      5 536
      5 537
      4 538
      2 539
      7 540
      1 541
      5 542
      3 543
      3 544
      1 545
      3 546
      1 547
      1 548
      3 549
      4 550
      1 551
      3 552
      4 554
      2 555
      1 557
      1 558
      1 559
      1 560
      1 561
      2 562
      3 563
      2 565
      2 566
      1 567
      1 568
      1 576
      1 579
      1 581
      1 582
      1 588
      2 593
      1 598
      1 600
      1 601
      1 619
      1 626
      1 648
      1 752
      1 830
      1 842
---AAD-PGBENCH-LAG-US---
