pgbench (18.6 (Debian 18.6-1.pgdg13+2))
starting vacuum...end.
transaction type: <builtin: select only>
scaling factor: 1000
query mode: simple
number of clients: 16
number of threads: 16
maximum number of tries: 1
duration: 60 s
number of transactions actually processed: 2922379
number of failed transactions: 0 (0.000%)
latency average = 0.328 ms
initial connection time = 6.959 ms
tps = 48711.336370 (without initial connection time)
---AAD-PGBENCH-LATENCY-US---
rc=0
samples=58535
      1 228
      3 232
      4 237
      4 238
      2 239
     11 240
     14 241
     14 242
     18 243
     14 244
     19 245
     27 246
     30 247
     44 248
     44 249
     51 250
     64 251
     84 252
     96 253
    106 254
    118 255
    129 256
    152 257
    182 258
    171 259
    211 260
    226 261
    259 262
    277 263
    301 264
    291 265
    356 266
    342 267
    406 268
    447 269
    414 270
    458 271
    467 272
    464 273
    531 274
    508 275
    534 276
    537 277
    529 278
    508 279
    522 280
    492 281
    471 282
    494 283
    492 284
    448 285
    474 286
    484 287
    485 288
    485 289
    458 290
    435 291
    427 292
    427 293
    442 294
    421 295
    422 296
    406 297
    399 298
    382 299
    388 300
    393 301
    404 302
    406 303
    410 304
    419 305
    388 306
    383 307
    385 308
    395 309
    384 310
    478 311
    394 312
    446 313
    465 314
    478 315
    467 316
    472 317
    521 318
    531 319
    525 320
    583 321
    578 322
    600 323
    618 324
    649 325
    764 326
    715 327
    742 328
    862 329
    889 330
    806 331
    737 332
    721 333
    749 334
    654 335
    645 336
    658 337
    664 338
    634 339
    579 340
    544 341
    501 342
    548 343
    541 344
    541 345
    511 346
    438 347
    433 348
    418 349
    363 350
    356 351
    349 352
    365 353
    272 354
    281 355
    284 356
    281 357
    294 358
    243 359
    233 360
    222 361
    217 362
    205 363
    202 364
    209 365
    189 366
    156 367
    170 368
    159 369
    153 370
    153 371
    150 372
    106 373
    128 374
    123 375
    121 376
    107 377
    125 378
    137 379
    110 380
    111 381
    106 382
     98 383
     92 384
    108 385
    106 386
     88 387
    110 388
    109 389
     91 390
    106 391
     85 392
     91 393
     98 394
    111 395
     77 396
     97 397
     98 398
     98 399
     94 400
     77 401
     75 402
     77 403
     63 404
     65 405
     68 406
     72 407
     66 408
     54 409
     51 410
     63 411
     47 412
     33 413
     35 414
     53 415
     38 416
     41 417
     42 418
     37 419
     35 420
     34 421
     30 422
     39 423
     26 424
     30 425
     29 426
     24 427
     20 428
     28 429
     27 430
     28 431
     24 432
     22 433
     23 434
     24 435
     19 436
     31 437
     19 438
     17 439
     26 440
     19 441
     19 442
     20 443
     21 444
     27 445
     18 446
     17 447
     20 448
     18 449
     24 450
     13 451
     19 452
     16 453
     18 454
     19 455
     14 456
     15 457
     16 458
     21 459
     22 460
     20 461
     20 462
     13 463
     18 464
     17 465
     11 466
     17 467
     23 468
     22 469
     18 470
     15 471
     15 472
     11 473
     19 474
     13 475
     15 476
     19 477
     15 478
     12 479
     15 480
     13 481
     11 482
     21 483
     13 484
      8 485
     12 486
      6 487
     19 488
     14 489
     27 490
     20 491
     15 492
     14 493
     18 494
     11 495
     10 496
     12 497
     12 498
     11 499
     23 500
     13 501
     15 502
     17 503
      9 504
     10 505
     10 506
     14 507
     13 508
     12 509
      9 510
     25 511
     18 512
     17 513
     13 514
     14 515
     17 516
     13 517
     14 518
     14 519
     20 520
     17 521
     15 522
     17 523
     11 524
     14 525
     18 526
     20 527
     15 528
     24 529
     19 530
     25 531
     20 532
     16 533
     11 534
     16 535
     11 536
     10 537
     16 538
      9 539
     11 540
     13 541
     14 542
     10 543
     10 544
     12 545
     15 546
      8 547
     19 548
      7 549
     16 550
      8 551
     17 552
     16 553
     22 554
     15 555
      8 556
     10 557
     11 558
     18 559
      9 560
      4 561
      8 562
     10 563
      3 564
     14 565
      8 566
     13 567
     10 568
     10 569
      7 570
     12 571
      9 572
     14 573
     11 574
      7 575
      9 576
      7 577
      8 578
      7 579
      2 580
      6 581
      8 582
      7 583
      6 584
      8 585
      6 586
      7 587
     10 588
      4 589
      9 590
     11 591
     11 592
     14 593
      8 594
      3 595
      6 596
      4 597
      4 598
      3 599
      4 600
      6 601
      4 602
      7 603
      2 604
      4 605
      3 606
     10 607
      5 608
      1 609
      5 610
      3 612
      8 613
      8 614
      9 615
      4 616
      9 617
      4 618
      3 619
      4 620
      7 622
      1 623
      4 624
      5 625
      4 626
      1 627
      3 628
      4 629
      1 630
      4 631
      2 632
      6 633
      6 634
      5 635
      5 636
      2 638
      2 639
      5 640
      5 641
      3 642
      4 643
      6 644
      3 645
      5 646
      2 647
      1 648
      2 649
      4 650
      5 651
      3 652
      7 654
      6 655
      5 656
      5 658
      2 659
      6 660
      2 661
      1 662
      3 663
      3 664
      3 665
      2 666
      4 667
      3 669
      1 670
      2 671
      1 673
      1 674
      2 675
      2 678
      3 679
      2 680
      2 681
      2 684
      1 686
      1 688
      2 689
      1 693
      3 694
      2 695
      3 696
      1 702
      2 703
      3 704
      1 706
      1 710
      1 711
      1 712
      1 714
      1 716
      2 717
      1 720
      1 722
      1 725
      2 727
      1 732
      2 737
      1 738
      1 746
      1 751
      1 760
      1 768
      1 776
      1 782
      1 785
      1 788
      1 790
      1 808
      1 810
      1 850
      1 921
      1 970
      1 971
      1 1312
      1 1421
---AAD-PGBENCH-LAG-US---
