pgbench (18.6 (Debian 18.6-1.pgdg13+2))
starting vacuum...end.
transaction type: <builtin: select only>
scaling factor: 1000
query mode: simple
number of clients: 128
number of threads: 16
maximum number of tries: 1
duration: 480 s
number of transactions actually processed: 64466764
number of failed transactions: 0 (0.000%)
latency average = 0.418 ms
latency stddev = 0.100 ms
rate limit schedule lag: avg 0.046 (max 20.590) ms
initial connection time = 287.636 ms
tps = 134382.935853 (without initial connection time)
---AAD-PGBENCH-LATENCY-US---
rc=0
samples=1289807
      1 227
      2 228
      2 229
      5 230
      7 231
      8 232
      8 233
     12 234
     15 235
     24 236
     34 237
     37 238
     45 239
     49 240
     82 241
     81 242
    105 243
    118 244
    158 245
    172 246
    220 247
    216 248
    272 249
    304 250
    292 251
    403 252
    434 253
    519 254
    525 255
    622 256
    712 257
    761 258
    866 259
    898 260
    957 261
   1056 262
   1173 263
   1264 264
   1302 265
   1462 266
   1596 267
   1641 268
   1767 269
   1973 270
   1991 271
   2087 272
   2251 273
   2389 274
   2450 275
   2648 276
   2817 277
   2806 278
   3085 279
   3095 280
   3327 281
   3311 282
   3450 283
   3618 284
   3775 285
   3944 286
   3946 287
   4060 288
   4154 289
   4372 290
   4453 291
   4597 292
   4699 293
   4845 294
   4971 295
   5090 296
   5139 297
   5438 298
   5503 299
   5776 300
   5970 301
   5986 302
   6322 303
   6308 304
   6550 305
   6728 306
   6887 307
   6930 308
   7180 309
   7326 310
   7561 311
   7758 312
   7789 313
   7726 314
   8078 315
   8262 316
   8437 317
   8438 318
   8564 319
   8673 320
   8867 321
   8778 322
   8911 323
   9098 324
   9127 325
   9429 326
   9158 327
   9157 328
   9523 329
   9493 330
   9417 331
   9472 332
   9419 333
   9345 334
   9486 335
   9698 336
   9922 337
   9890 338
   9744 339
   9838 340
   9863 341
   9977 342
  10036 343
   9878 344
  10000 345
  10179 346
   9791 347
   9843 348
   9743 349
   9672 350
   9641 351
   9526 352
   9487 353
   9368 354
   9123 355
   9245 356
   9270 357
   8966 358
   8997 359
   8943 360
   8696 361
   8684 362
   8657 363
   8525 364
   8473 365
   8371 366
   8239 367
   8229 368
   8134 369
   8150 370
   7888 371
   7891 372
   7874 373
   7804 374
   7755 375
   7467 376
   7445 377
   7207 378
   7273 379
   7228 380
   7166 381
   6972 382
   6840 383
   6735 384
   6822 385
   6748 386
   6528 387
   6283 388
   6268 389
   6020 390
   6107 391
   5955 392
   5841 393
   5826 394
   5794 395
   5618 396
   5579 397
   5517 398
   5325 399
   5461 400
   5342 401
   5203 402
   5355 403
   5208 404
   5139 405
   5122 406
   4811 407
   4827 408
   4829 409
   4774 410
   4835 411
   4765 412
   4614 413
   4605 414
   4602 415
   4454 416
   4394 417
   4142 418
   4253 419
   4165 420
   4128 421
   4030 422
   3862 423
   3923 424
   3755 425
   3834 426
   3553 427
   3737 428
   3509 429
   3428 430
   3371 431
   3314 432
   3295 433
   3186 434
   3163 435
   3076 436
   3122 437
   2966 438
   3032 439
   2861 440
   2809 441
   2790 442
   2861 443
   2694 444
   2766 445
   2734 446
   2614 447
   2586 448
   2517 449
   2506 450
   2479 451
   2453 452
   2356 453
   2270 454
   2320 455
   2244 456
   2281 457
   2127 458
   2162 459
   2249 460
   2086 461
   2009 462
   2044 463
   1977 464
   1981 465
   1819 466
   1875 467
   1948 468
   1835 469
   1818 470
   1819 471
   1734 472
   1776 473
   1701 474
   1760 475
   1697 476
   1640 477
   1592 478
   1589 479
   1633 480
   1632 481
   1517 482
   1516 483
   1456 484
   1481 485
   1447 486
   1465 487
   1378 488
   1389 489
   1302 490
   1360 491
   1367 492
   1225 493
   1252 494
   1218 495
   1187 496
   1164 497
   1091 498
   1113 499
   1121 500
   1039 501
   1146 502
   1097 503
   1021 504
   1021 505
    997 506
   1014 507
    954 508
    957 509
    949 510
    887 511
    929 512
    893 513
    863 514
    946 515
    894 516
    848 517
    821 518
    864 519
    801 520
    784 521
    782 522
    811 523
    747 524
    715 525
    723 526
    715 527
    716 528
    705 529
    712 530
    681 531
    621 532
    653 533
    655 534
    665 535
    586 536
    630 537
    655 538
    613 539
    588 540
    594 541
    544 542
    553 543
    543 544
    502 545
    560 546
    531 547
    488 548
    511 549
    514 550
    509 551
    484 552
    485 553
    467 554
    460 555
    402 556
    440 557
    439 558
    413 559
    405 560
    410 561
    384 562
    416 563
    370 564
    346 565
    361 566
    336 567
    365 568
    354 569
    331 570
    323 571
    302 572
    341 573
    338 574
    298 575
    306 576
    304 577
    309 578
    284 579
    278 580
    284 581
    286 582
    273 583
    254 584
    241 585
    251 586
    253 587
    263 588
    248 589
    238 590
    257 591
    230 592
    234 593
    199 594
    213 595
    191 596
    197 597
    192 598
    207 599
    201 600
    169 601
    204 602
    190 603
    148 604
    171 605
    158 606
    193 607
    177 608
    158 609
    160 610
    179 611
    164 612
    171 613
    162 614
    156 615
    128 616
    146 617
    128 618
    144 619
    145 620
    124 621
    125 622
    137 623
    120 624
    133 625
    128 626
    106 627
    145 628
    119 629
    120 630
    122 631
    120 632
    105 633
    107 634
    105 635
    122 636
     96 637
     99 638
     94 639
    109 640
    102 641
    104 642
     94 643
     77 644
     87 645
     81 646
     82 647
     76 648
     79 649
     89 650
     71 651
     78 652
     77 653
     64 654
     65 655
     66 656
     78 657
     65 658
     57 659
     65 660
     72 661
     66 662
     75 663
     53 664
     61 665
     58 666
     66 667
     53 668
     56 669
     53 670
     60 671
     49 672
     50 673
     51 674
     56 675
     51 676
     38 677
     58 678
     49 679
     44 680
     55 681
     40 682
     46 683
     49 684
     49 685
     44 686
     54 687
     47 688
     54 689
     47 690
     39 691
     35 692
     43 693
     35 694
     31 695
     39 696
     37 697
     37 698
     32 699
     37 700
     28 701
     48 702
     38 703
     29 704
     38 705
     33 706
     31 707
     21 708
     30 709
     26 710
     32 711
     29 712
     23 713
     26 714
     25 715
     26 716
     23 717
     21 718
     22 719
     33 720
     19 721
     30 722
     25 723
     22 724
     24 725
     19 726
     16 727
     23 728
     13 729
     22 730
     23 731
     23 732
     26 733
     17 734
     18 735
     18 736
     20 737
     21 738
     18 739
     17 740
     24 741
     18 742
     12 743
     23 744
     18 745
     14 746
     20 747
     21 748
     17 749
     11 750
     17 751
     23 752
     17 753
     16 754
     13 755
     21 756
     14 757
     11 758
     16 759
     13 760
     15 761
     11 762
     17 763
     19 764
     14 765
     11 766
     16 767
     14 768
      8 769
      9 770
     13 771
     13 772
      9 773
     15 774
     11 775
     12 776
     10 777
      5 778
      6 779
     15 780
     15 781
      8 782
     11 783
     12 784
      9 785
     11 786
      9 787
     11 788
      9 789
      9 790
      9 791
     10 792
     12 793
      6 794
      7 795
      9 796
     11 797
      9 798
     12 799
     10 800
      8 801
      4 802
      7 803
      7 804
      9 805
      9 806
     10 807
      7 808
      7 809
      5 810
      6 811
      6 812
     12 813
      6 814
      5 815
      9 816
      7 817
      7 818
      9 819
      7 820
      7 821
      9 822
     10 823
      9 824
      9 825
      6 826
      6 827
      6 828
      5 829
      9 830
      6 831
     15 832
      6 833
      4 834
      4 835
      3 836
      3 837
      3 838
      8 839
      7 840
      7 841
      5 842
      3 843
      6 844
      2 845
      5 846
      5 847
      6 848
      7 849
      6 850
      4 851
      5 852
      2 853
      2 854
      1 855
      4 856
      3 857
      4 858
      8 859
      4 861
      7 862
      2 863
      5 864
      3 865
      4 866
      3 867
      9 868
      3 869
      4 870
      1 871
      7 872
      5 873
      5 874
      4 875
      1 876
      4 877
      4 878
      1 879
      5 880
      1 882
      6 883
      1 884
      2 885
      4 886
      1 887
      3 888
      1 889
      3 890
      1 891
      4 892
      2 893
      4 894
      2 895
      1 896
      2 897
      1 898
      2 899
      4 900
      2 901
      3 902
      1 903
      3 904
      3 905
      2 906
      2 907
      1 908
      2 909
      6 910
      2 911
      4 912
      4 913
      5 914
      3 915
      2 916
      1 917
      1 918
      2 919
      3 920
      1 921
      2 922
      2 923
      2 924
      2 925
      5 926
      1 927
      5 928
      1 929
      6 930
      3 931
      4 932
      2 933
      4 934
      2 935
      1 936
      3 937
      3 938
      2 939
      7 940
      4 941
      2 942
      4 944
      3 945
      2 948
      2 949
      1 950
      2 952
      2 953
      3 954
      3 955
      1 956
      1 957
      4 958
      1 959
      1 960
      1 961
      3 962
      1 963
      3 965
      3 967
      3 968
      2 969
      1 971
      1 972
      3 973
      3 975
      1 977
      1 978
      3 980
      2 981
      2 982
      2 984
      2 985
      1 986
      1 987
      2 988
      3 989
      4 990
      1 992
      2 993
      1 994
      1 996
      1 997
      2 999
      1 1000
      1 1001
      3 1002
      2 1005
      2 1006
      1 1008
      2 1009
      2 1010
      2 1014
      4 1017
      1 1018
      2 1020
      2 1021
      1 1022
      1 1024
      1 1025
      2 1026
      2 1028
      2 1030
      1 1031
      1 1033
      3 1034
      1 1036
      1 1037
      2 1039
      4 1040
      1 1041
      3 1042
      1 1044
      5 1045
      1 1046
      2 1048
      1 1049
      1 1055
      1 1056
      1 1060
      2 1062
      1 1063
      3 1065
      1 1066
      1 1068
      2 1069
      1 1070
      2 1072
      1 1078
      1 1082
      1 1083
      1 1085
      2 1090
      1 1094
      1 1095
      2 1096
      1 1097
      1 1098
      2 1099
      1 1100
      1 1103
      1 1104
      1 1106
      1 1107
      2 1108
      4 1111
      1 1112
      1 1113
      2 1114
      1 1118
      1 1119
      2 1120
      1 1122
      3 1123
      1 1124
      1 1125
      2 1126
      1 1129
      1 1131
      3 1132
      1 1133
      2 1142
      1 1144
      1 1145
      1 1148
      1 1149
      1 1151
      1 1153
      1 1154
      1 1156
      1 1157
      1 1159
      1 1160
      1 1161
      1 1163
      1 1164
      1 1168
      2 1172
      2 1173
      1 1174
      1 1175
      1 1176
      3 1178
      1 1191
      1 1193
      1 1195
      2 1196
      2 1197
      1 1198
      1 1199
      1 1202
      2 1205
      1 1206
      3 1210
      1 1211
      1 1212
      1 1213
      2 1214
      3 1219
      1 1222
      1 1225
      1 1228
      1 1229
      1 1230
      1 1233
      1 1236
      1 1245
      1 1246
      1 1254
      2 1255
      1 1257
      1 1259
      2 1260
      1 1262
      1 1264
      1 1267
      1 1268
      1 1270
      1 1277
      1 1280
      1 1283
      1 1287
      1 1289
      2 1291
      1 1292
      2 1294
      1 1296
      1 1298
      1 1300
      1 1303
      1 1307
      1 1310
      1 1311
      1 1321
      1 1323
      1 1333
      1 1334
      2 1337
      1 1344
      1 1350
      1 1357
      1 1372
      2 1374
      1 1375
      1 1377
      2 1380
      1 1383
      1 1384
      1 1389
      2 1390
      1 1392
      1 1393
      1 1408
      1 1410
      1 1415
      1 1428
      1 1431
      1 1434
      1 1444
      1 1446
      1 1448
      1 1449
      1 1451
      1 1454
      2 1475
      1 1477
      1 1493
      1 1509
      1 1510
      1 1518
      1 1525
      1 1527
      1 1530
      1 1548
      1 1549
      1 1562
      1 1588
      1 1628
      1 1634
      1 1643
      1 1645
      1 1646
      1 1661
      1 1667
      1 1696
      1 1706
      1 1717
      1 1721
      1 1724
      1 1732
      1 1753
      1 1754
      1 1821
      1 1851
      1 1876
      1 1877
      1 1897
      1 1953
      1 1980
      1 2011
      1 2023
      1 2048
      1 2068
      1 2081
      1 2084
      1 2085
      1 2123
      1 2128
      1 2134
      1 2139
      1 2161
      1 2208
      1 2230
      1 2338
      1 2458
      1 2663
      1 2806
      1 3031
      1 3143
      1 3340
      1 3448
      1 3468
      1 3535
      1 3859
      1 3921
      1 4099
      1 4270
      1 4414
      1 4492
      1 4810
      1 5321
      1 5628
      1 5703
      1 5922
      1 7238
      1 7368
---AAD-PGBENCH-LAG-US---
  22647 0
  19723 1
  17741 2
  16479 3
  15893 4
  15274 5
  14402 6
  13696 7
  13529 8
  13185 9
  12761 10
  12577 11
  12371 12
  12259 13
  12105 14
  12002 15
  11927 16
  12037 17
  11977 18
  11905 19
  11630 20
  11908 21
  11825 22
  11773 23
  11585 24
  11579 25
  11728 26
  11662 27
  11465 28
  11488 29
  11552 30
  11567 31
  11270 32
  11104 33
  11168 34
  11355 35
  10921 36
  10784 37
  10904 38
  10861 39
  10529 40
  10456 41
  10587 42
  10138 43
  10366 44
  10066 45
   9966 46
   9949 47
   9903 48
   9747 49
   9375 50
   9019 51
   8286 52
   7754 53
   7635 54
  18796 55
  33502 56
  18599 57
  14151 58
  13553 59
  12738 60
  16359 61
  35562 62
  56750 63
  84173 64
  64513 65
  29705 66
  21497 67
  22054 68
  23107 69
  25370 70
  22763 71
  21883 72
  17679 73
  11262 74
   8733 75
   7427 76
   6508 77
   6444 78
   5979 79
   4580 80
   3482 81
   2835 82
   2404 83
   1980 84
   1647 85
   1328 86
   1057 87
    940 88
    776 89
    703 90
    630 91
    521 92
    453 93
    415 94
    353 95
    330 96
    260 97
    233 98
    234 99
    218 100
    200 101
    180 102
    190 103
    178 104
    134 105
    144 106
    144 107
    150 108
    127 109
    134 110
    130 111
    143 112
    112 113
    119 114
    112 115
    118 116
    126 117
    110 118
    113 119
    115 120
    120 121
    104 122
    114 123
     94 124
     87 125
    101 126
    107 127
     97 128
     91 129
     78 130
     97 131
     88 132
     75 133
     85 134
     87 135
     91 136
     72 137
     77 138
     87 139
     82 140
     87 141
     67 142
     81 143
     79 144
     74 145
     71 146
     81 147
     67 148
     72 149
     76 150
     61 151
     51 152
     55 153
     61 154
     53 155
     55 156
     57 157
     57 158
     52 159
     54 160
     53 161
     67 162
     64 163
     51 164
     59 165
     66 166
     50 167
     47 168
     46 169
     50 170
     48 171
     48 172
     48 173
     48 174
     33 175
     43 176
     38 177
     44 178
     36 179
     31 180
     34 181
     23 182
     38 183
     28 184
     47 185
     28 186
     40 187
     27 188
     36 189
     34 190
     27 191
     36 192
     18 193
     25 194
     31 195
     29 196
     34 197
     37 198
     27 199
     31 200
     17 201
     34 202
     21 203
     26 204
     28 205
     15 206
     20 207
     20 208
     26 209
     21 210
     26 211
     21 212
     24 213
     19 214
     19 215
     14 216
     26 217
     18 218
     14 219
     22 220
     23 221
     16 222
      9 223
     14 224
     16 225
     11 226
     11 227
     13 228
     12 229
     13 230
     16 231
      9 232
     13 233
     15 234
     14 235
     13 236
     16 237
      9 238
     14 239
     15 240
     12 241
     11 242
      6 243
     16 244
     11 245
      4 246
     15 247
      7 248
      9 249
     10 250
     11 251
      7 252
      7 253
     11 254
      4 255
      9 256
     12 257
      7 258
      5 259
     11 260
      4 261
      2 262
      7 263
      6 264
      8 265
     11 266
      9 267
      3 268
      4 269
      4 270
      5 271
      6 272
      5 273
      3 274
      3 275
      6 276
      6 277
      3 278
      9 279
      3 280
      5 281
      4 282
      3 283
      5 284
      2 285
      1 286
      4 287
      1 288
      2 289
      4 292
      7 293
      2 294
      2 295
      4 296
      2 297
      3 298
      2 299
      3 300
      8 301
      3 302
      1 303
      2 304
      1 306
      3 307
      1 308
      1 309
      1 310
      2 312
      5 313
      1 314
      1 315
      1 317
      2 318
      3 319
      1 320
      3 321
      3 323
      2 324
      2 325
      1 326
      2 327
      4 328
      4 332
      3 333
      1 334
      1 336
      3 337
      1 339
      5 343
      2 344
      2 345
      1 346
      1 347
      1 348
      1 349
      3 353
      1 355
      1 357
      4 358
      1 359
      3 360
      1 362
      1 363
      3 365
      2 369
      1 371
      1 372
      2 373
      1 374
      1 375
      1 377
      2 378
      3 379
      1 380
      1 381
      1 386
      1 387
      1 388
      2 389
      1 390
      1 392
      2 399
      1 400
      1 403
      1 404
      2 407
      2 408
      1 412
      3 413
      1 422
      3 424
      1 427
      1 435
      1 438
      1 439
      2 443
      1 444
      1 446
      3 447
      1 448
      1 449
      2 451
      1 457
      2 462
      1 463
      1 466
      1 467
      1 471
      1 474
      1 475
      1 476
      1 479
      1 488
      1 489
      1 491
      1 501
      1 503
      1 505
      1 517
      2 536
      1 537
      1 545
      1 546
      1 564
      1 570
      1 578
      1 582
      1 589
      1 596
      2 598
      1 602
      1 606
      1 611
      1 616
      1 617
      1 622
      1 626
      1 628
      1 633
      1 671
      1 688
      1 701
      1 704
      1 706
      1 725
      1 745
      1 754
      1 765
      1 778
      1 790
      1 823
      1 892
      1 900
      1 902
      1 931
      1 932
      1 936
      1 953
      1 960
      2 967
      1 970
      1 984
      1 1003
      1 1029
      1 1033
      1 1063
      1 1079
      1 1083
      1 1121
      1 1170
      1 1171
      1 1183
      1 1220
      1 1221
      1 1223
      1 1233
      1 1250
      1 1273
      1 1337
      1 1344
      1 1354
      1 1372
      1 1373
      1 1383
      1 1407
      1 1430
      1 1431
      1 1462
      1 1474
      1 1487
      1 1522
      1 1545
      1 1551
      1 1563
      1 1670
      1 1738
      1 1757
      1 1822
      1 1826
      1 1840
      1 1883
      1 1901
      1 1916
      1 1930
      1 1974
      1 2020
      1 2072
      1 2074
      1 2113
      1 2118
      1 2177
      1 2184
      1 2220
      1 2254
      1 2266
      1 2267
      1 2350
      1 2368
      1 2392
      1 2402
      1 2474
      1 2478
      1 2534
      1 2570
      1 2584
      1 2586
      1 2651
      1 2747
      1 2783
      1 2806
      1 2822
      1 2988
      1 2990
      2 2993
      1 3056
      1 3168
      1 3205
      1 3261
      1 3296
      1 3300
      1 3331
      1 3387
      1 3415
      1 3424
      1 3519
      1 3552
      1 3617
      1 3720
      1 3751
      1 3787
      1 3831
      1 3873
      1 3895
      1 4051
      1 4116
      1 4185
      1 4434
      1 4498
      1 4558
      1 4728
      1 4936
      1 4938
      1 5151
      1 5220
      1 5556
      1 5574
      1 5795
      1 5810
      1 5842
      1 6294
      1 6422
      1 6653
      1 6751
      1 6867
      1 7084
      1 7093
      1 7094
      1 7167
      1 7220
      1 7326
      1 8066
      1 8452
      1 8475
      1 8519
      1 9922
      1 9990
      1 10353
      1 10864
      1 11300
      1 11600
      1 12819
      1 13986
      1 14015
      1 19529
      1 20249
