pgbench (18.6 (Debian 18.6-1.pgdg13+2))
starting vacuum...end.
transaction type: <builtin: select only>
scaling factor: 1000
query mode: simple
number of clients: 64
number of threads: 16
maximum number of tries: 1
duration: 480 s
number of transactions actually processed: 53746801
number of failed transactions: 0 (0.000%)
latency average = 0.375 ms
latency stddev = 0.162 ms
rate limit schedule lag: avg 0.072 (max 23.838) ms
initial connection time = 125.156 ms
tps = 112001.487835 (without initial connection time)
---AAD-PGBENCH-LATENCY-US---
rc=0
samples=1075284
      1 139
      1 143
      1 144
      1 145
      2 146
      2 147
      4 148
     12 149
      9 150
     23 151
     16 152
     15 153
     23 154
     41 155
     42 156
     43 157
     58 158
     69 159
     94 160
     94 161
    127 162
    175 163
    169 164
    222 165
    220 166
    286 167
    325 168
    392 169
    425 170
    461 171
    530 172
    591 173
    669 174
    740 175
    808 176
    858 177
    941 178
    999 179
   1085 180
   1119 181
   1276 182
   1245 183
   1418 184
   1494 185
   1626 186
   1631 187
   1772 188
   1965 189
   1972 190
   2077 191
   2210 192
   2282 193
   2471 194
   2502 195
   2888 196
   2906 197
   2989 198
   3174 199
   3339 200
   3403 201
   3639 202
   3737 203
   3890 204
   3986 205
   4172 206
   4417 207
   4454 208
   4489 209
   4627 210
   4624 211
   4673 212
   4614 213
   4763 214
   4778 215
   4837 216
   4875 217
   4795 218
   4900 219
   4877 220
   4885 221
   4971 222
   4927 223
   5210 224
   5031 225
   5107 226
   5118 227
   5277 228
   5312 229
   5475 230
   5316 231
   5490 232
   5584 233
   5637 234
   5875 235
   5822 236
   5874 237
   5975 238
   6105 239
   6179 240
   6061 241
   6000 242
   6247 243
   6287 244
   6431 245
   6231 246
   6353 247
   6245 248
   6392 249
   6419 250
   6359 251
   6447 252
   6418 253
   6446 254
   6558 255
   6451 256
   6418 257
   6521 258
   6490 259
   6742 260
   6525 261
   6728 262
   6779 263
   6826 264
   6935 265
   6957 266
   7141 267
   7175 268
   7219 269
   7296 270
   7341 271
   7234 272
   7485 273
   7519 274
   7586 275
   7549 276
   7504 277
   7355 278
   7235 279
   7005 280
   7069 281
   7003 282
   6854 283
   6698 284
   6463 285
   6463 286
   6203 287
   6191 288
   6038 289
   5886 290
   5856 291
   5854 292
   5557 293
   5502 294
   5364 295
   5263 296
   5205 297
   5174 298
   5038 299
   4937 300
   4806 301
   4816 302
   4899 303
   4804 304
   4632 305
   4630 306
   4541 307
   4543 308
   4524 309
   4469 310
   4469 311
   4349 312
   4490 313
   4417 314
   4223 315
   4094 316
   4249 317
   4135 318
   4099 319
   4049 320
   4180 321
   3990 322
   4015 323
   3985 324
   3858 325
   3943 326
   3893 327
   3904 328
   3794 329
   3986 330
   3835 331
   3825 332
   3757 333
   3862 334
   3857 335
   3835 336
   3800 337
   3741 338
   3683 339
   3791 340
   3731 341
   3777 342
   3666 343
   3697 344
   3686 345
   3531 346
   3640 347
   3445 348
   3448 349
   3344 350
   3321 351
   3337 352
   3034 353
   3034 354
   2982 355
   2944 356
   2905 357
   2877 358
   2853 359
   2780 360
   2638 361
   2563 362
   2507 363
   2568 364
   2498 365
   2476 366
   2427 367
   2319 368
   2331 369
   2325 370
   2236 371
   2205 372
   2153 373
   2143 374
   2144 375
   2066 376
   2129 377
   2131 378
   1977 379
   1916 380
   2090 381
   2015 382
   1923 383
   1832 384
   1833 385
   1865 386
   1864 387
   1922 388
   1784 389
   1746 390
   1759 391
   1739 392
   1746 393
   1687 394
   1695 395
   1689 396
   1704 397
   1618 398
   1614 399
   1673 400
   1580 401
   1573 402
   1612 403
   1684 404
   1573 405
   1689 406
   1570 407
   1538 408
   1559 409
   1524 410
   1446 411
   1457 412
   1550 413
   1440 414
   1447 415
   1490 416
   1395 417
   1377 418
   1350 419
   1332 420
   1290 421
   1278 422
   1223 423
   1257 424
   1188 425
   1236 426
   1156 427
   1114 428
   1078 429
   1046 430
   1056 431
   1028 432
   1030 433
   1016 434
    931 435
    976 436
    953 437
    925 438
    902 439
    904 440
    886 441
    908 442
    863 443
    842 444
    827 445
    793 446
    815 447
    798 448
    800 449
    797 450
    802 451
    776 452
    746 453
    783 454
    641 455
    708 456
    730 457
    659 458
    693 459
    681 460
    696 461
    635 462
    667 463
    622 464
    610 465
    648 466
    584 467
    653 468
    616 469
    614 470
    623 471
    598 472
    652 473
    592 474
    602 475
    581 476
    586 477
    568 478
    569 479
    523 480
    608 481
    542 482
    500 483
    527 484
    537 485
    548 486
    527 487
    505 488
    504 489
    504 490
    449 491
    449 492
    447 493
    425 494
    413 495
    423 496
    422 497
    388 498
    415 499
    372 500
    406 501
    386 502
    362 503
    353 504
    324 505
    347 506
    298 507
    350 508
    336 509
    324 510
    323 511
    325 512
    315 513
    328 514
    306 515
    284 516
    307 517
    305 518
    276 519
    276 520
    261 521
    302 522
    280 523
    254 524
    263 525
    264 526
    246 527
    266 528
    257 529
    244 530
    246 531
    242 532
    222 533
    257 534
    210 535
    224 536
    222 537
    204 538
    212 539
    214 540
    224 541
    193 542
    219 543
    196 544
    206 545
    197 546
    190 547
    190 548
    208 549
    194 550
    188 551
    204 552
    168 553
    177 554
    171 555
    186 556
    203 557
    173 558
    167 559
    173 560
    138 561
    144 562
    140 563
    154 564
    159 565
    126 566
    117 567
    147 568
    120 569
    130 570
    152 571
    127 572
    114 573
    136 574
    130 575
    115 576
    110 577
    128 578
    107 579
    124 580
    105 581
    115 582
    113 583
    111 584
    122 585
    114 586
    103 587
     96 588
     86 589
    116 590
     89 591
     92 592
     88 593
     81 594
    116 595
     97 596
     95 597
     92 598
     96 599
     95 600
     64 601
     93 602
     70 603
     86 604
     85 605
     93 606
     66 607
     83 608
     76 609
     79 610
     78 611
     78 612
     85 613
     78 614
     64 615
     79 616
     72 617
     57 618
     67 619
     55 620
     75 621
     70 622
     79 623
     57 624
     64 625
     48 626
     63 627
     67 628
     54 629
     64 630
     45 631
     59 632
     57 633
     48 634
     48 635
     51 636
     48 637
     51 638
     41 639
     50 640
     56 641
     46 642
     42 643
     60 644
     44 645
     47 646
     51 647
     52 648
     34 649
     47 650
     45 651
     48 652
     45 653
     39 654
     45 655
     43 656
     44 657
     44 658
     36 659
     38 660
     49 661
     35 662
     31 663
     26 664
     44 665
     40 666
     36 667
     40 668
     36 669
     45 670
     39 671
     38 672
     43 673
     44 674
     36 675
     27 676
     36 677
     30 678
     30 679
     29 680
     30 681
     21 682
     31 683
     15 684
     33 685
     32 686
     34 687
     28 688
     30 689
     39 690
     31 691
     26 692
     28 693
     27 694
     34 695
     25 696
     28 697
     22 698
     21 699
     17 700
     44 701
     38 702
     29 703
     24 704
     32 705
     23 706
     30 707
     29 708
     28 709
     16 710
     22 711
     23 712
     22 713
     13 714
     30 715
     23 716
     20 717
     14 718
     11 719
     22 720
     35 721
     19 722
      9 723
      9 724
     21 725
     18 726
     23 727
     17 728
     26 729
     22 730
     21 731
     26 732
     23 733
      9 734
     16 735
     21 736
     20 737
      9 738
     18 739
     16 740
     13 741
     17 742
     19 743
     14 744
      9 745
     14 746
     20 747
     12 748
     16 749
     12 750
     22 751
     15 752
     16 753
     13 754
     17 755
     18 756
     14 757
     20 758
     16 759
     16 760
     14 761
     16 762
     21 763
     18 764
     14 765
     11 766
     20 767
     17 768
     15 769
     14 770
     13 771
     18 772
      9 773
     13 774
     12 775
     11 776
      8 777
     12 778
     13 779
     15 780
     19 781
     10 782
     11 783
     14 784
     14 785
     18 786
     13 787
     19 788
      9 789
     15 790
     22 791
     14 792
      9 793
      9 794
     11 795
     15 796
     12 797
      6 798
     10 799
     10 800
     13 801
      4 802
      8 803
     11 804
     12 805
      9 806
      7 807
     13 808
      9 809
     11 810
      5 811
      8 812
     11 813
      8 814
      7 815
     15 816
     10 817
      9 818
     11 819
     11 820
      4 821
     13 822
     16 823
     13 824
     16 825
     11 826
      9 827
     13 828
      9 829
      6 830
      8 831
      9 832
     13 833
     10 834
     14 835
      8 836
      3 837
     10 838
      7 839
     10 840
      7 841
     10 842
     10 843
     20 844
     12 845
      9 846
      8 847
     12 848
      7 849
     15 850
      8 851
      7 852
      7 853
      7 854
      5 855
     12 856
      6 857
     12 858
      6 859
      7 860
     14 861
      8 862
     11 863
      6 864
     14 865
      8 866
     14 867
      8 868
     13 869
     11 870
      9 871
      6 872
      7 873
     12 874
      6 875
      3 876
      8 877
     14 878
     13 879
      7 880
      7 881
      5 882
      5 883
      5 884
      6 885
      9 886
      9 887
      8 888
     10 889
     13 890
      8 891
      3 892
      2 893
      8 894
      6 895
     10 896
     10 897
      3 898
      8 899
     11 900
      8 901
      7 902
     10 903
      7 904
      4 905
      7 906
     14 907
     11 908
      8 909
      8 910
      9 911
      5 912
      6 913
      8 914
      5 915
     10 916
      4 917
      9 918
      4 919
      6 920
      4 921
     11 922
     10 923
     14 924
      5 925
     11 926
      6 927
      9 928
      7 929
      7 930
      8 931
      9 932
      7 933
     13 934
     11 935
      8 936
      4 937
      8 938
      7 939
      5 940
      6 941
      6 942
      1 943
      5 944
      2 945
      7 946
      3 947
      6 948
      5 949
      7 950
      1 951
      9 952
      4 953
      8 954
     10 955
      7 956
      2 957
      6 958
      8 959
     11 960
      8 961
      5 962
      8 963
      3 964
      8 965
      3 966
      8 967
     10 968
      5 969
      8 970
      6 971
      7 972
      3 973
      7 974
      7 975
      5 976
      8 977
      3 978
      7 979
      4 980
      5 981
      3 982
      7 983
      3 984
      8 985
      4 986
      4 987
      9 988
      5 989
      4 990
      6 991
      3 992
      8 993
      4 994
      5 995
      3 996
      6 997
      7 998
      6 999
      7 1000
      8 1001
      5 1002
      7 1003
      4 1004
      7 1005
      3 1006
      8 1007
      5 1008
      3 1009
      7 1010
      9 1011
      7 1012
      3 1013
      5 1014
      6 1015
      6 1016
      3 1017
      8 1018
      4 1019
      6 1020
      7 1021
      6 1022
      9 1023
      5 1024
      6 1025
      9 1026
      4 1027
     11 1028
      7 1029
      6 1030
     10 1031
     10 1032
      7 1033
      5 1034
      3 1035
      4 1036
      4 1037
      7 1038
      4 1039
      4 1040
      4 1041
      9 1042
      1 1043
      4 1044
      3 1045
      3 1046
      7 1047
      7 1048
      3 1049
      4 1050
      4 1051
      6 1052
      4 1053
     10 1054
      2 1055
      3 1056
      8 1057
      4 1058
      3 1059
      6 1060
      9 1061
      4 1062
      5 1063
      7 1064
      7 1065
      2 1066
      3 1067
      7 1068
      5 1069
     12 1070
      4 1071
      1 1072
     10 1073
      5 1074
      7 1075
      5 1076
      4 1077
      7 1078
      6 1079
      8 1080
      5 1081
      1 1082
      5 1083
      7 1084
      6 1085
      9 1086
      3 1087
      6 1088
      4 1089
      4 1090
      5 1091
      4 1092
      8 1093
      7 1094
      6 1095
      4 1096
      3 1097
      5 1098
      7 1099
      5 1100
      7 1101
      3 1102
      6 1103
      5 1104
      7 1105
      6 1106
     17 1107
      7 1108
      2 1109
      9 1110
      8 1111
      2 1112
      5 1113
      4 1114
      6 1115
      8 1116
     12 1117
      7 1118
      9 1119
     10 1120
      7 1121
      1 1122
      4 1123
      7 1124
      3 1125
      8 1126
      8 1127
     10 1128
      5 1129
      5 1130
      8 1131
      9 1132
      3 1133
      5 1134
      6 1135
      1 1136
      4 1137
      5 1138
      5 1139
      3 1140
      7 1141
      9 1142
      4 1143
      3 1144
      7 1145
      4 1146
      6 1147
      6 1148
      7 1149
      4 1150
      7 1151
      8 1152
      4 1153
      2 1154
      4 1155
      7 1156
      8 1157
      2 1158
     10 1159
      3 1160
      7 1161
      3 1162
      4 1163
      6 1164
      3 1165
      2 1166
     13 1167
      6 1168
      8 1169
      8 1170
      4 1171
      6 1172
      6 1173
      5 1174
     10 1175
      4 1176
     14 1177
      9 1178
      7 1179
     10 1180
      3 1181
      9 1182
      2 1183
      5 1184
      5 1185
      6 1186
      8 1187
      6 1188
      5 1189
      7 1190
      8 1191
      6 1192
      3 1193
      1 1194
      4 1195
      2 1196
      6 1197
      8 1198
      5 1199
      8 1200
      4 1201
      3 1202
      3 1203
      7 1204
      7 1205
      3 1206
      4 1207
     11 1208
      7 1209
      5 1210
      6 1211
      8 1212
      6 1213
      8 1214
      6 1215
      8 1216
      1 1217
      6 1218
      6 1219
     10 1220
      2 1221
      2 1222
      8 1223
      9 1224
      5 1225
      3 1226
     11 1227
      3 1228
     10 1229
      5 1230
      7 1231
      9 1232
      7 1233
     10 1234
      2 1235
      6 1236
     10 1237
      7 1238
     11 1239
      6 1240
      7 1241
     14 1242
      4 1243
      6 1244
      7 1245
     10 1246
      6 1247
      8 1248
      5 1249
      8 1250
      5 1251
      5 1252
      6 1253
      8 1254
     10 1255
     11 1256
      3 1257
      5 1258
      7 1259
     13 1260
     12 1261
      3 1262
      4 1263
      3 1264
      6 1265
     10 1266
      5 1267
      5 1268
      7 1269
      9 1270
      4 1271
      7 1272
      8 1273
      4 1274
      4 1275
      4 1276
      6 1277
      7 1278
      9 1279
      3 1280
     10 1281
      6 1282
     10 1283
     10 1284
     11 1285
      7 1286
      5 1287
      1 1288
      4 1289
      9 1290
      3 1291
     10 1292
     12 1293
     10 1294
      7 1295
      8 1296
      7 1297
      7 1298
      8 1299
      4 1300
      4 1301
      8 1302
      3 1303
      8 1304
     12 1305
      6 1306
     11 1307
      4 1308
      7 1309
      8 1310
     15 1311
      4 1312
      5 1313
      7 1314
      5 1315
      9 1316
     10 1317
     11 1318
     11 1319
     11 1320
     13 1321
      6 1322
     11 1323
     12 1324
     12 1325
      9 1326
      9 1327
     11 1328
      8 1329
     10 1330
     14 1331
     11 1332
      1 1333
     13 1334
      6 1335
      8 1336
     11 1337
     10 1338
      8 1339
     13 1340
     11 1341
     16 1342
     11 1343
      9 1344
      8 1345
     11 1346
     11 1347
      5 1348
     10 1349
      4 1350
      6 1351
      5 1352
      9 1353
     10 1354
      7 1355
     10 1356
     15 1357
      9 1358
     12 1359
      7 1360
      4 1361
     12 1362
      9 1363
      8 1364
      5 1365
     11 1366
      9 1367
      8 1368
     11 1369
      8 1370
     10 1371
     10 1372
     10 1373
      6 1374
      8 1375
      8 1376
     10 1377
      5 1378
      7 1379
      2 1380
      2 1381
     17 1382
      8 1383
     11 1384
     10 1385
      8 1386
      9 1387
      7 1388
     12 1389
      6 1390
     11 1391
     11 1392
     10 1393
     15 1394
      8 1395
     11 1396
      5 1397
      9 1398
      6 1399
      5 1400
      6 1401
      5 1402
     10 1403
      5 1404
      8 1405
      4 1406
      5 1407
      9 1408
      9 1409
      6 1410
      8 1411
      9 1412
      5 1413
      8 1414
      9 1415
      8 1416
      7 1417
      8 1418
      9 1419
      7 1420
      6 1421
      5 1422
      7 1423
     10 1424
     10 1425
      6 1426
      4 1427
      5 1428
      6 1429
      5 1430
      7 1431
      6 1432
      9 1433
      5 1434
      8 1435
      3 1436
      6 1437
      3 1438
      6 1439
      5 1440
      6 1441
      3 1442
      5 1443
      6 1444
      8 1445
     11 1446
      7 1447
      9 1448
      8 1449
      8 1450
      5 1451
      3 1452
      3 1453
      4 1454
      4 1455
      2 1456
      7 1457
      6 1458
      1 1459
      5 1460
      4 1461
      7 1462
      5 1463
      1 1464
      5 1465
      8 1466
      6 1467
      4 1468
      3 1469
      4 1470
      1 1471
      6 1472
      2 1473
      1 1474
      4 1475
      2 1476
      2 1477
      6 1478
      8 1479
      7 1480
      6 1481
      3 1482
      6 1483
      1 1484
      3 1485
      7 1486
      2 1487
      4 1488
      3 1489
      3 1491
      5 1492
      3 1493
      6 1494
      2 1495
      6 1496
      5 1497
      5 1498
      5 1499
      7 1500
      1 1501
      5 1502
      3 1503
      4 1504
      2 1505
      2 1506
      6 1507
      1 1508
      3 1509
      7 1510
      3 1511
      5 1512
      3 1513
      4 1515
      3 1516
      1 1517
      2 1518
      7 1519
      5 1520
      4 1522
      5 1524
      2 1525
      2 1526
      1 1527
      2 1528
      2 1529
      2 1530
      2 1531
      4 1532
      2 1533
      3 1534
      1 1535
      2 1536
      3 1537
      2 1538
      2 1539
      4 1540
      2 1541
      4 1542
      3 1543
      1 1544
      2 1545
      1 1547
      2 1548
      2 1549
      4 1550
      4 1551
      5 1552
      2 1553
      3 1554
      1 1555
      1 1556
      1 1557
      1 1558
      2 1559
      2 1560
      2 1561
      3 1562
      3 1563
      2 1565
      1 1567
      2 1568
      1 1569
      1 1571
      1 1572
      1 1573
      1 1574
      1 1575
      2 1577
      1 1578
      2 1579
      5 1580
      2 1581
      2 1582
      3 1583
      1 1586
      2 1587
      4 1588
      1 1589
      3 1590
      1 1591
      1 1592
      4 1594
      1 1595
      1 1596
      1 1597
      1 1598
      2 1600
      2 1601
      1 1603
      1 1606
      2 1607
      1 1608
      2 1609
      1 1610
      1 1611
      2 1612
      1 1613
      1 1614
      2 1615
      2 1616
      3 1617
      3 1618
      5 1620
      1 1621
      1 1624
      1 1625
      2 1629
      1 1630
      1 1634
      3 1636
      1 1637
      3 1639
      2 1640
      2 1642
      1 1643
      4 1645
      2 1646
      1 1649
      1 1650
      1 1651
      4 1652
      1 1654
      1 1655
      2 1656
      1 1659
      1 1660
      1 1661
      1 1662
      1 1663
      1 1665
      1 1668
      2 1669
      2 1670
      1 1675
      1 1676
      1 1680
      3 1682
      1 1684
      1 1689
      1 1690
      1 1692
      1 1693
      1 1697
      3 1704
      1 1705
      1 1707
      1 1713
      1 1717
      2 1721
      1 1722
      1 1723
      1 1724
      1 1727
      1 1735
      2 1737
      1 1759
      2 1760
      1 1761
      1 1764
      1 1767
      1 1769
      2 1770
      1 1772
      1 1778
      1 1780
      2 1783
      1 1784
      1 1792
      1 1805
      1 1808
      1 1813
      1 1814
      1 1816
      3 1818
      1 1819
      1 1824
      1 1828
      1 1830
      1 1840
      1 1844
      1 1854
      1 1858
      1 1862
      1 1864
      1 1865
      1 1881
      2 1900
      1 1901
      1 1923
      1 1929
      1 1938
      1 1948
      1 1967
      1 1977
      1 1980
      1 1994
      1 2000
      1 2001
      1 2006
      1 2020
      1 2031
      2 2073
      1 2162
      1 2196
      1 2249
      1 2276
      1 2331
      1 2344
      1 2371
      1 2388
      1 2389
      1 2410
      1 2420
      1 2571
      1 2629
      1 2632
      1 2639
      1 2662
      1 2673
      1 2919
      1 3563
      1 3665
      1 3724
      1 4011
      1 4110
      1 4425
---AAD-PGBENCH-LAG-US---
  10821 0
   9926 1
   9111 2
   8396 3
   8477 4
   8224 5
   7654 6
   7502 7
   7468 8
   7303 9
   7294 10
   7198 11
   7280 12
   7298 13
   7036 14
   7044 15
   7128 16
   7042 17
   6999 18
   6996 19
   7182 20
   7260 21
   7159 22
   7186 23
   7097 24
   7128 25
   6855 26
   7075 27
   7194 28
   7122 29
   7157 30
   7269 31
   7067 32
   7310 33
   6955 34
   7157 35
   6997 36
   6984 37
   6955 38
   6737 39
   6831 40
   6817 41
   6733 42
   6682 43
   6774 44
   6942 45
   6884 46
   6629 47
   6609 48
   6698 49
   6272 50
   6256 51
   5750 52
   5375 53
   5789 54
  18394 55
  24698 56
  13181 57
  11202 58
  10456 59
  10191 60
  13526 61
  27189 62
  50589 63
  87726 64
  48838 65
  22030 66
  17782 67
  16532 68
  18246 69
  21412 70
  18798 71
  18180 72
  13091 73
   8316 74
   6898 75
   6007 76
   5584 77
   5287 78
   4927 79
   3913 80
   3148 81
   2751 82
   2423 83
   2226 84
   1985 85
   1814 86
   1641 87
   1606 88
   1527 89
   1426 90
   1396 91
   1469 92
   1319 93
   1314 94
   1280 95
   1288 96
   1249 97
   1321 98
   1230 99
   1184 100
   1177 101
   1203 102
   1225 103
   1151 104
   1199 105
   1175 106
   1153 107
   1113 108
   1113 109
   1125 110
   1099 111
   1117 112
   1092 113
   1017 114
   1063 115
   1085 116
   1066 117
   1007 118
   1064 119
   1062 120
   1128 121
   1064 122
   1001 123
   1069 124
   1050 125
   1067 126
   1001 127
   1011 128
    995 129
   1014 130
   1028 131
   1058 132
    995 133
   1031 134
    950 135
    964 136
    971 137
    977 138
    967 139
    993 140
    948 141
    947 142
    945 143
    922 144
    996 145
    886 146
    948 147
    867 148
    891 149
    878 150
    934 151
    872 152
    888 153
    836 154
    902 155
    841 156
    827 157
    876 158
    856 159
    840 160
    825 161
    865 162
    792 163
    851 164
    837 165
    821 166
    797 167
    818 168
    758 169
    799 170
    758 171
    756 172
    721 173
    770 174
    766 175
    740 176
    717 177
    755 178
    752 179
    672 180
    734 181
    699 182
    690 183
    689 184
    661 185
    699 186
    690 187
    679 188
    702 189
    678 190
    688 191
    624 192
    654 193
    629 194
    580 195
    581 196
    617 197
    581 198
    608 199
    585 200
    606 201
    583 202
    577 203
    596 204
    579 205
    538 206
    601 207
    526 208
    495 209
    545 210
    555 211
    535 212
    528 213
    530 214
    521 215
    511 216
    500 217
    505 218
    482 219
    463 220
    478 221
    488 222
    495 223
    449 224
    480 225
    449 226
    470 227
    454 228
    398 229
    423 230
    412 231
    382 232
    409 233
    428 234
    385 235
    422 236
    416 237
    349 238
    369 239
    382 240
    390 241
    398 242
    394 243
    346 244
    342 245
    340 246
    348 247
    326 248
    371 249
    343 250
    318 251
    325 252
    333 253
    327 254
    317 255
    319 256
    298 257
    326 258
    302 259
    329 260
    276 261
    308 262
    311 263
    253 264
    280 265
    269 266
    284 267
    283 268
    266 269
    257 270
    270 271
    243 272
    239 273
    253 274
    230 275
    219 276
    229 277
    246 278
    240 279
    221 280
    220 281
    202 282
    211 283
    206 284
    209 285
    220 286
    213 287
    204 288
    191 289
    206 290
    216 291
    221 292
    200 293
    187 294
    172 295
    173 296
    186 297
    159 298
    172 299
    157 300
    171 301
    154 302
    164 303
    198 304
    161 305
    180 306
    166 307
    183 308
    172 309
    154 310
    159 311
    135 312
    135 313
    153 314
    146 315
    160 316
    153 317
    132 318
    135 319
    152 320
    152 321
    136 322
    151 323
    128 324
    140 325
    112 326
    108 327
    126 328
    129 329
    128 330
    116 331
    119 332
    102 333
    120 334
    130 335
    116 336
    126 337
    133 338
    109 339
    111 340
     93 341
    123 342
    105 343
     98 344
    107 345
    102 346
     95 347
    109 348
    113 349
    112 350
     95 351
     98 352
     75 353
     93 354
     79 355
     83 356
     89 357
     96 358
     94 359
     89 360
     81 361
     85 362
     74 363
     82 364
     72 365
     73 366
     78 367
     72 368
    104 369
     82 370
     88 371
     83 372
     83 373
     79 374
     70 375
     67 376
     50 377
     74 378
     67 379
     80 380
     66 381
     79 382
     79 383
     75 384
     62 385
     83 386
     59 387
     56 388
     62 389
     64 390
     67 391
     68 392
     67 393
     69 394
     58 395
     58 396
     63 397
     53 398
     71 399
     60 400
     60 401
     76 402
     52 403
     54 404
     62 405
     52 406
     49 407
     50 408
     39 409
     64 410
     34 411
     48 412
     45 413
     43 414
     54 415
     40 416
     49 417
     41 418
     53 419
     45 420
     46 421
     48 422
     48 423
     43 424
     58 425
     42 426
     44 427
     58 428
     38 429
     39 430
     29 431
     40 432
     39 433
     51 434
     33 435
     45 436
     51 437
     50 438
     45 439
     37 440
     38 441
     41 442
     33 443
     37 444
     46 445
     37 446
     34 447
     36 448
     33 449
     37 450
     29 451
     35 452
     31 453
     38 454
     33 455
     38 456
     30 457
     31 458
     27 459
     32 460
     39 461
     38 462
     26 463
     44 464
     26 465
     31 466
     35 467
     33 468
     39 469
     26 470
     24 471
     27 472
     29 473
     41 474
     33 475
     33 476
     26 477
     27 478
     27 479
     29 480
     38 481
     33 482
     27 483
     27 484
     29 485
     26 486
     26 487
     29 488
     32 489
     21 490
     28 491
     14 492
     15 493
     25 494
     28 495
     33 496
     24 497
     20 498
     15 499
     22 500
     18 501
     22 502
     21 503
     30 504
     22 505
     24 506
     20 507
     21 508
     25 509
     20 510
     19 511
     16 512
     26 513
     29 514
     26 515
     23 516
     29 517
     25 518
     16 519
     24 520
     23 521
     24 522
     13 523
     20 524
     23 525
     15 526
     21 527
     18 528
     15 529
     24 530
     15 531
     24 532
     17 533
     23 534
     23 535
     13 536
     18 537
     22 538
     15 539
     15 540
     14 541
     18 542
     17 543
     18 544
     18 545
     20 546
     24 547
     21 548
     17 549
     18 550
     17 551
     11 552
     14 553
     27 554
     14 555
     16 556
     11 557
     25 558
     16 559
     13 560
     18 561
     15 562
     14 563
     17 564
     12 565
     16 566
     14 567
     17 568
     20 569
     20 570
     17 571
     16 572
      4 573
     17 574
     12 575
     11 576
     11 577
     21 578
     17 579
     21 580
     19 581
      9 582
     11 583
      9 584
     13 585
      8 586
     17 587
     11 588
     14 589
     15 590
     14 591
      5 592
      5 593
     12 594
     13 595
     12 596
     13 597
     19 598
      8 599
     12 600
      6 601
     14 602
      7 603
     12 604
      9 605
      8 606
      9 607
     13 608
     18 609
      9 610
     15 611
      9 612
     15 613
      9 614
     15 615
      8 616
      8 617
     15 618
      8 619
      9 620
     11 621
      7 622
     12 623
      9 624
     17 625
     14 626
     10 627
      5 628
     12 629
     12 630
     12 631
     11 632
     10 633
     10 634
      9 635
      7 636
      9 637
     13 638
      6 639
      9 640
     10 641
      7 642
      3 643
     12 644
     11 645
     15 646
     11 647
      6 648
      5 649
     12 650
      3 651
      5 652
     10 653
      6 654
      8 655
      7 656
     12 657
      5 658
      8 659
      8 660
     13 661
     13 662
      7 663
     10 664
     13 665
      5 666
     10 667
      8 668
      4 669
      9 670
      6 671
     12 672
      7 673
      6 674
      7 675
      9 676
      5 677
      7 678
     11 679
      5 680
      4 681
     11 682
      7 683
      9 684
     11 685
     10 686
      6 687
     12 688
      8 689
     12 690
      3 691
     10 692
      7 693
      7 694
      9 695
      7 696
     11 697
      8 698
      6 699
     10 700
      9 701
      3 702
      4 703
      9 704
      6 705
      7 706
      4 707
      7 708
      8 709
      7 710
      7 711
      5 712
      6 713
      4 714
      6 715
      3 716
      7 717
      3 718
      9 719
      8 720
      3 721
      3 722
      9 723
      7 724
      6 725
      6 726
      2 727
     12 728
      3 729
      4 730
      4 731
      5 732
      9 733
      1 734
      7 735
      2 736
      6 737
     12 738
      6 739
      8 740
      5 741
      9 742
      6 743
      6 744
      5 745
      3 746
      5 747
      3 748
      7 749
      5 750
      8 751
      4 752
      5 753
      6 754
      7 755
      5 756
      5 757
      2 758
      6 759
      2 760
     10 761
      2 762
      4 763
      8 764
      4 765
      7 766
      3 767
      3 768
      4 769
      7 770
      4 771
      8 772
      6 773
      5 774
      6 775
      4 776
      7 777
      4 778
      4 779
      6 780
      4 781
     10 782
      2 783
      2 784
      4 785
      4 786
      7 787
     10 788
      3 789
      9 790
      4 791
      5 792
      5 793
      4 794
      7 795
      7 796
      9 797
     11 798
      3 799
     11 800
      3 801
      7 802
      4 803
      4 804
     10 805
      8 806
      6 807
      3 808
      2 809
      5 810
      9 811
      1 812
      6 813
      7 814
      7 815
      4 816
      5 817
      5 818
      5 819
      7 820
      1 821
      2 822
      6 823
      2 824
      3 825
      6 826
      5 827
      1 828
      4 829
      4 830
      1 831
      5 832
      5 833
      1 834
      4 835
      4 836
      4 837
      4 838
      4 839
      5 840
      2 841
      4 842
      6 843
      3 844
      8 845
      2 846
      6 847
      6 848
      9 849
      6 850
      3 851
      6 852
      3 853
      8 854
      7 855
      2 856
      5 857
      6 858
      8 859
      3 860
      4 861
      5 862
      5 863
      3 864
      4 865
      5 866
      3 867
      5 868
      3 869
      5 870
      5 871
      5 872
      6 873
      2 874
      5 875
      3 876
      8 877
      3 878
      5 879
      3 880
      4 881
      4 882
      1 884
      6 885
      4 886
      8 887
      3 888
      8 889
      5 890
      2 891
      6 892
      3 893
      5 894
      3 895
      5 896
      4 897
      6 898
      6 899
      4 900
      8 901
      7 902
      2 903
      5 904
      4 905
      3 906
      4 907
      5 908
      4 909
      5 910
      4 911
      2 912
      4 913
      2 914
      6 915
      2 916
      4 917
      3 918
      4 919
      4 920
      2 921
      2 922
      3 923
      4 924
      4 925
      7 926
      4 927
      6 928
      3 929
      2 930
      6 931
      4 932
      3 933
      2 934
      2 935
      3 936
      3 937
      4 938
      4 939
      5 940
      4 941
      2 942
      4 943
      5 944
      3 945
      2 946
      3 947
      4 948
      4 949
      4 950
      6 952
      3 953
      4 954
      2 955
      5 956
      3 957
      5 958
      2 959
      4 960
      2 961
      2 962
      5 963
      2 964
      3 965
      9 966
      1 967
      1 968
      3 969
      5 970
      3 971
      3 972
      3 973
      1 974
      4 975
      5 977
      4 978
      6 979
      4 980
      5 982
      4 983
      1 984
      3 985
      2 986
      4 987
      3 988
      2 989
      2 990
      4 991
      1 992
      2 993
      4 994
      1 995
      3 996
      4 997
      1 998
      3 999
      7 1001
      3 1002
      1 1004
      2 1005
      4 1007
      4 1008
      1 1009
      3 1011
      4 1012
      1 1013
      4 1014
      3 1015
      4 1016
      2 1017
      6 1018
      4 1019
      2 1020
      3 1021
      2 1022
      4 1023
      4 1024
      5 1025
      1 1026
      2 1027
      1 1028
      5 1029
      4 1030
      4 1031
      2 1032
      3 1033
      5 1034
      2 1035
      5 1036
      2 1037
      2 1039
      1 1040
      4 1041
      3 1042
      5 1044
      2 1045
      2 1046
      1 1047
      1 1048
      3 1049
      3 1051
      4 1053
      5 1054
      1 1055
      5 1056
      2 1057
      4 1058
      4 1059
      6 1061
      3 1062
      5 1063
      3 1064
      2 1065
      1 1066
      1 1067
      3 1068
      3 1069
      3 1070
      1 1071
      1 1072
      3 1073
      2 1074
      2 1075
      2 1077
      2 1078
      2 1079
      2 1080
      1 1081
      3 1082
      3 1083
      1 1084
      4 1085
      3 1086
      2 1089
      6 1090
      2 1091
      3 1092
      4 1093
      3 1094
      2 1095
      3 1096
      2 1097
      3 1099
      4 1100
      2 1101
      3 1103
      2 1104
      1 1105
      1 1106
      3 1107
      4 1108
      5 1109
      6 1110
      5 1111
      1 1112
      1 1113
      4 1114
      6 1115
      1 1116
      3 1118
      2 1119
      3 1120
      1 1121
      3 1122
      3 1123
      3 1124
      3 1125
      2 1126
      2 1127
      2 1128
      2 1129
      2 1130
      4 1131
      1 1133
      1 1134
      2 1135
      1 1136
      1 1138
      3 1140
      2 1142
      2 1145
      1 1146
      1 1147
      1 1148
      3 1149
      1 1150
      2 1151
      2 1153
      2 1154
      3 1156
      3 1159
      3 1160
      1 1161
      1 1163
      3 1164
      3 1165
      1 1166
      1 1167
      3 1168
      3 1169
      3 1170
      2 1171
      2 1172
      3 1173
      4 1174
      1 1177
      2 1178
      2 1179
      2 1180
      4 1181
      1 1182
      1 1183
      1 1184
      3 1185
      1 1186
      1 1187
      2 1188
      2 1190
      1 1191
      4 1192
      1 1193
      3 1196
      2 1197
      1 1198
      3 1199
      2 1202
      2 1204
      2 1205
      4 1206
      1 1207
      3 1209
      2 1210
      1 1211
      1 1212
      1 1213
      1 1214
      1 1215
      2 1216
      3 1217
      2 1218
      1 1219
      2 1220
      2 1221
      3 1222
      1 1224
      3 1225
      1 1227
      2 1229
      1 1231
      3 1232
      1 1233
      1 1234
      1 1235
      1 1236
      1 1237
      2 1238
      2 1240
      3 1241
      3 1242
      3 1247
      3 1248
      4 1249
      2 1251
      1 1253
      3 1254
      1 1255
      1 1256
      2 1257
      1 1261
      1 1263
      1 1265
      5 1266
      1 1267
      1 1268
      1 1270
      1 1271
      1 1272
      1 1273
      2 1274
      1 1275
      2 1276
      1 1282
      1 1283
      1 1284
      2 1285
      2 1287
      1 1288
      1 1289
      2 1290
      1 1291
      1 1292
      1 1294
      2 1296
      3 1298
      1 1300
      1 1301
      1 1302
      1 1303
      1 1304
      2 1305
      1 1306
      4 1308
      1 1309
      1 1310
      3 1312
      2 1313
      1 1314
      1 1315
      1 1316
      2 1317
      4 1318
      1 1319
      1 1320
      1 1322
      1 1326
      1 1327
      2 1328
      2 1329
      1 1330
      2 1331
      1 1332
      1 1335
      1 1336
      1 1337
      2 1339
      2 1340
      1 1342
      1 1345
      4 1347
      1 1348
      1 1349
      3 1350
      1 1351
      1 1353
      1 1355
      2 1356
      1 1357
      2 1361
      1 1362
      1 1363
      1 1364
      1 1366
      2 1367
      1 1369
      1 1370
      1 1376
      1 1378
      1 1380
      1 1381
      2 1382
      1 1383
      1 1386
      1 1388
      4 1391
      2 1392
      2 1393
      1 1394
      2 1396
      3 1397
      1 1398
      1 1401
      1 1402
      1 1403
      1 1404
      1 1408
      1 1410
      1 1411
      1 1417
      1 1418
      1 1420
      1 1421
      1 1422
      1 1423
      1 1424
      1 1426
      2 1430
      1 1431
      2 1433
      4 1434
      1 1437
      1 1438
      1 1439
      1 1441
      2 1442
      1 1443
      1 1444
      1 1446
      1 1447
      2 1449
      1 1451
      2 1453
      1 1454
      2 1455
      3 1457
      1 1458
      1 1462
      1 1463
      1 1467
      2 1468
      1 1471
      1 1479
      2 1485
      1 1486
      2 1487
      1 1488
      1 1489
      1 1492
      2 1493
      1 1499
      1 1500
      1 1503
      1 1504
      1 1506
      1 1511
      1 1512
      1 1514
      1 1518
      1 1523
      1 1527
      2 1530
      2 1532
      2 1535
      1 1536
      2 1540
      1 1544
      2 1549
      2 1550
      1 1557
      2 1562
      1 1566
      1 1567
      1 1568
      1 1571
      1 1573
      1 1576
      1 1577
      2 1578
      1 1579
      2 1586
      1 1587
      1 1589
      1 1591
      1 1594
      1 1596
      2 1600
      1 1603
      3 1605
      1 1614
      1 1615
      1 1619
      1 1621
      2 1622
      2 1627
      1 1628
      1 1629
      1 1633
      1 1636
      1 1641
      1 1653
      1 1659
      1 1667
      1 1671
      1 1676
      1 1693
      1 1700
      2 1702
      1 1703
      1 1709
      2 1710
      1 1712
      1 1721
      1 1727
      1 1747
      1 1755
      1 1758
      1 1767
      1 1775
      1 1776
      1 1778
      1 1779
      1 1784
      1 1786
      2 1790
      1 1796
      2 1805
      1 1813
      1 1823
      1 1838
      1 1839
      1 1844
      1 1847
      1 1857
      1 1866
      1 1870
      1 1872
      1 1878
      1 1880
      1 1888
      1 1905
      1 1906
      1 1914
      1 1926
      1 1928
      1 1930
      1 1934
      1 1935
      1 1940
      1 1944
      1 1948
      1 1950
      1 1953
      1 1963
      2 1968
      1 1971
      1 1973
      1 1975
      1 1985
      1 1988
      1 1990
      1 1992
      1 1994
      1 2002
      1 2019
      1 2031
      1 2042
      1 2047
      1 2051
      1 2075
      1 2091
      1 2094
      1 2099
      1 2100
      1 2102
      1 2106
      1 2114
      1 2116
      1 2140
      1 2154
      1 2180
      1 2182
      1 2191
      1 2192
      1 2203
      1 2206
      1 2283
      1 2299
      1 2314
      1 2390
      1 2414
      1 2462
      1 2463
      1 2497
      1 2545
      1 2556
      1 2579
      1 2595
      1 2683
      1 2727
      1 2737
      1 2738
      1 2767
      1 2774
      1 2835
      1 2869
      1 2875
      1 2967
      1 2990
      1 2995
      1 3069
      1 3099
      1 3101
      1 3118
      1 3120
      1 3136
      1 3143
      1 3174
      1 3180
      1 3230
      1 3246
      1 3249
      1 3346
      1 3349
      1 3394
      1 3402
      1 3410
      1 3652
      1 3683
      1 3854
      1 3873
      1 4141
      1 4156
      1 4226
      1 4236
      1 4391
      1 4465
      1 4510
      1 4562
      1 4654
      1 4695
      1 4790
      1 4879
      1 4907
      1 4963
      1 5041
      1 5044
      1 5064
      1 5214
      1 5237
      1 5387
      1 5388
      1 5450
      1 5451
      1 5591
      1 5605
      1 5629
      1 5650
      1 5700
      1 5774
      1 5828
      1 5972
      1 6071
      1 6368
      1 6445
      1 6599
      1 6655
      1 6689
      1 6779
      1 6800
      1 7098
      1 7158
      1 7343
      1 8053
      1 8074
      1 8517
      1 8615
      1 8729
      1 8789
      1 9214
      1 9428
      1 9494
      1 9819
      1 10248
      1 10304
      1 10346
      1 10349
      1 10814
      1 10902
      1 11203
      1 11358
      1 11393
      1 11496
      1 11811
      1 11872
      1 11934
      1 12697
      1 12887
      1 13017
      1 13313
      1 13315
      1 13526
      1 14338
      1 14940
      1 15374
      1 15577
      1 17514
      1 18483
      1 18615
      1 19371
      1 19747
      1 21287
      1 21358
      1 22381
