pgbench (18.6 (Debian 18.6-1.pgdg13+2))
starting vacuum...end.
transaction type: <builtin: select only>
scaling factor: 1000
query mode: simple
number of clients: 128
number of threads: 16
maximum number of tries: 1
duration: 480 s
number of transactions actually processed: 66183698
number of failed transactions: 0 (0.000%)
latency average = 0.425 ms
latency stddev = 0.190 ms
rate limit schedule lag: avg 0.047 (max 27.144) ms
initial connection time = 259.715 ms
tps = 137953.043837 (without initial connection time)
---AAD-PGBENCH-LATENCY-US---
rc=0
samples=1323089
      1 221
      1 222
      2 223
      1 225
      2 227
      2 228
      3 229
      4 230
     12 231
     14 232
     12 233
     22 234
     20 235
     27 236
     38 237
     43 238
     78 239
     69 240
     89 241
    110 242
    113 243
    147 244
    182 245
    207 246
    205 247
    247 248
    312 249
    358 250
    390 251
    432 252
    463 253
    552 254
    622 255
    653 256
    759 257
    811 258
    842 259
    924 260
   1061 261
   1088 262
   1220 263
   1271 264
   1415 265
   1483 266
   1614 267
   1761 268
   1883 269
   1910 270
   2079 271
   2289 272
   2389 273
   2421 274
   2561 275
   2724 276
   2776 277
   2939 278
   3077 279
   3196 280
   3290 281
   3431 282
   3508 283
   3704 284
   3795 285
   3864 286
   4086 287
   4139 288
   4285 289
   4424 290
   4513 291
   4713 292
   4824 293
   4866 294
   5043 295
   5051 296
   5349 297
   5473 298
   5648 299
   5801 300
   5965 301
   6104 302
   6181 303
   6445 304
   6562 305
   6732 306
   6788 307
   7031 308
   7152 309
   7463 310
   7643 311
   7686 312
   7748 313
   7981 314
   7995 315
   8358 316
   8414 317
   8384 318
   8572 319
   8562 320
   8859 321
   8796 322
   8698 323
   8785 324
   8958 325
   9020 326
   9166 327
   9218 328
   9267 329
   9184 330
   9439 331
   9429 332
   9553 333
   9460 334
   9539 335
   9638 336
   9571 337
   9703 338
   9597 339
   9737 340
   9774 341
   9850 342
   9739 343
   9767 344
   9756 345
   9604 346
   9799 347
   9752 348
   9515 349
   9529 350
   9410 351
   9434 352
   9337 353
   9299 354
   8943 355
   9062 356
   9073 357
   8911 358
   8807 359
   8672 360
   8627 361
   8412 362
   8317 363
   8345 364
   8245 365
   8064 366
   7944 367
   7997 368
   7992 369
   7880 370
   7728 371
   7752 372
   7685 373
   7601 374
   7603 375
   7551 376
   7356 377
   7297 378
   7122 379
   7022 380
   6961 381
   6846 382
   6820 383
   6636 384
   6526 385
   6622 386
   6454 387
   6203 388
   6125 389
   6193 390
   6033 391
   5832 392
   5919 393
   5624 394
   5700 395
   5617 396
   5488 397
   5526 398
   5392 399
   5312 400
   5219 401
   5223 402
   5151 403
   5125 404
   4966 405
   4940 406
   4853 407
   4841 408
   4900 409
   4723 410
   4642 411
   4562 412
   4544 413
   4568 414
   4508 415
   4403 416
   4378 417
   4344 418
   4212 419
   4143 420
   4124 421
   4123 422
   3965 423
   3886 424
   3778 425
   3660 426
   3747 427
   3666 428
   3575 429
   3528 430
   3426 431
   3335 432
   3275 433
   3330 434
   3279 435
   3186 436
   3245 437
   3122 438
   3103 439
   3043 440
   3004 441
   2951 442
   2909 443
   2797 444
   2810 445
   2825 446
   2843 447
   2769 448
   2695 449
   2671 450
   2600 451
   2631 452
   2518 453
   2505 454
   2474 455
   2440 456
   2514 457
   2338 458
   2398 459
   2252 460
   2237 461
   2270 462
   2250 463
   2142 464
   2219 465
   2160 466
   2001 467
   2055 468
   2104 469
   2029 470
   2013 471
   1944 472
   1878 473
   1920 474
   1845 475
   1874 476
   1840 477
   1838 478
   1832 479
   1792 480
   1770 481
   1848 482
   1735 483
   1772 484
   1691 485
   1678 486
   1601 487
   1667 488
   1598 489
   1564 490
   1550 491
   1495 492
   1450 493
   1462 494
   1365 495
   1433 496
   1408 497
   1345 498
   1344 499
   1375 500
   1317 501
   1237 502
   1285 503
   1314 504
   1196 505
   1295 506
   1214 507
   1238 508
   1179 509
   1190 510
   1181 511
   1129 512
   1151 513
   1129 514
   1071 515
   1072 516
   1104 517
   1048 518
   1023 519
   1009 520
   1009 521
   1056 522
    920 523
    965 524
    935 525
    962 526
    924 527
    890 528
    915 529
    958 530
    872 531
    837 532
    841 533
    859 534
    758 535
    816 536
    857 537
    805 538
    756 539
    814 540
    723 541
    791 542
    809 543
    745 544
    730 545
    708 546
    726 547
    671 548
    679 549
    697 550
    697 551
    690 552
    674 553
    619 554
    663 555
    631 556
    627 557
    582 558
    624 559
    629 560
    612 561
    593 562
    593 563
    548 564
    514 565
    501 566
    536 567
    507 568
    531 569
    466 570
    498 571
    476 572
    462 573
    462 574
    460 575
    431 576
    440 577
    412 578
    447 579
    405 580
    399 581
    404 582
    416 583
    375 584
    393 585
    386 586
    418 587
    365 588
    381 589
    358 590
    361 591
    371 592
    332 593
    363 594
    313 595
    329 596
    337 597
    322 598
    332 599
    324 600
    282 601
    281 602
    290 603
    301 604
    259 605
    305 606
    283 607
    271 608
    312 609
    277 610
    272 611
    242 612
    258 613
    286 614
    253 615
    241 616
    242 617
    250 618
    232 619
    245 620
    234 621
    235 622
    247 623
    220 624
    195 625
    216 626
    212 627
    221 628
    221 629
    182 630
    182 631
    217 632
    178 633
    208 634
    188 635
    163 636
    178 637
    179 638
    159 639
    187 640
    176 641
    171 642
    152 643
    183 644
    180 645
    175 646
    169 647
    131 648
    146 649
    140 650
    148 651
    144 652
    142 653
    118 654
    144 655
    162 656
    135 657
    135 658
    111 659
    119 660
    136 661
    117 662
    119 663
    115 664
    123 665
    108 666
    123 667
    104 668
    114 669
    126 670
    100 671
    122 672
     95 673
     86 674
    101 675
    100 676
     84 677
    105 678
     94 679
     86 680
    112 681
     99 682
     89 683
    103 684
     72 685
    103 686
     77 687
     86 688
     93 689
     80 690
     86 691
    102 692
     75 693
     75 694
     72 695
     61 696
     71 697
     81 698
     87 699
     73 700
     82 701
     74 702
     69 703
     79 704
     75 705
     83 706
     65 707
     65 708
     63 709
     60 710
     63 711
     58 712
     57 713
     72 714
     75 715
     64 716
     49 717
     71 718
     56 719
     58 720
     39 721
     59 722
     57 723
     54 724
     50 725
     39 726
     52 727
     53 728
     46 729
     41 730
     37 731
     39 732
     37 733
     46 734
     41 735
     54 736
     46 737
     45 738
     46 739
     45 740
     41 741
     34 742
     48 743
     38 744
     28 745
     42 746
     40 747
     36 748
     31 749
     53 750
     37 751
     39 752
     41 753
     45 754
     33 755
     35 756
     27 757
     42 758
     30 759
     32 760
     37 761
     32 762
     33 763
     27 764
     24 765
     31 766
     26 767
     30 768
     33 769
     24 770
     31 771
     24 772
     32 773
     28 774
     32 775
     25 776
     32 777
     27 778
     26 779
     24 780
     20 781
     13 782
     17 783
     22 784
     25 785
     29 786
     24 787
     17 788
     23 789
     26 790
     20 791
     19 792
     24 793
     16 794
     19 795
     20 796
     18 797
     18 798
     15 799
     23 800
     19 801
     28 802
     27 803
     18 804
     21 805
     18 806
     17 807
     16 808
     18 809
     26 810
     19 811
     14 812
     19 813
      8 814
     23 815
     20 816
     24 817
     13 818
     10 819
     15 820
     12 821
     19 822
     14 823
     12 824
     18 825
     13 826
     17 827
     16 828
     11 829
     18 830
     14 831
     11 832
     11 833
     15 834
     15 835
     14 836
     12 837
     20 838
     13 839
     17 840
     14 841
     10 842
     11 843
      8 844
     17 845
     13 846
     11 847
      7 848
     10 849
     14 850
     11 851
     14 852
     13 853
      6 854
     11 855
     11 856
      7 857
      6 858
     11 859
     14 860
      6 861
      8 862
      7 863
      6 864
      9 865
      7 866
      6 867
      7 868
     11 869
      7 870
     13 871
     10 872
     10 873
     11 874
     11 875
      9 876
     10 877
      5 878
      6 879
      1 880
     10 881
      9 882
     11 883
      5 884
      6 885
      8 886
      5 887
     10 888
      8 889
      7 890
      5 891
      7 892
      9 893
      9 894
      7 895
     10 896
      6 897
     11 898
     10 899
      7 900
      5 901
      7 902
     11 903
      5 904
      8 905
      9 906
     12 907
     10 908
      7 909
      4 910
      5 911
      5 912
      3 913
      3 914
      8 915
      9 916
      4 917
      7 918
      2 919
      6 920
      5 921
      5 922
     11 923
      9 924
      4 925
      3 926
      2 927
      8 928
      2 929
      1 930
      8 931
      4 932
      4 933
      8 934
      2 935
      5 936
      6 937
      2 938
      4 939
      3 940
      9 941
      6 942
      9 943
      5 944
      4 945
      6 946
      8 947
      3 948
      3 949
      6 950
      2 951
      5 952
      2 953
      3 954
      3 955
      4 956
      2 957
      3 958
      3 959
      4 960
      5 961
      5 962
      2 963
      2 964
      8 965
      6 966
      4 967
      5 968
      1 969
      3 970
      3 971
      5 972
      2 973
      4 974
      3 975
      5 976
      2 977
      2 978
      4 979
      3 980
      1 981
      5 982
      4 983
      5 984
      3 985
      4 986
      6 987
      1 988
      2 989
      9 990
      1 991
      1 992
      1 993
      2 994
      2 995
      2 996
      3 997
      1 998
      3 999
      2 1000
      4 1001
      3 1002
      1 1003
      1 1004
      2 1005
      2 1006
      4 1007
      5 1008
      5 1009
      2 1010
      2 1011
      2 1013
      1 1014
      3 1015
      1 1016
      2 1017
      2 1018
      3 1019
      2 1020
      2 1021
      2 1022
      3 1023
      5 1024
      3 1025
      1 1026
      2 1027
      2 1028
      1 1029
      3 1030
      3 1031
      6 1032
      3 1033
      1 1034
      3 1035
      1 1037
      2 1038
      1 1039
      4 1041
      1 1042
      1 1043
      1 1044
      2 1046
      1 1047
      2 1048
      1 1049
      4 1051
      4 1052
      1 1055
      3 1057
      2 1059
      2 1060
      1 1061
      4 1063
      4 1065
      3 1066
      1 1068
      2 1069
      3 1070
      2 1072
      5 1073
      1 1074
      3 1075
      2 1076
      1 1077
      3 1078
      2 1082
      3 1083
      5 1084
      3 1085
      1 1086
      1 1087
      4 1088
      1 1089
      3 1091
      2 1093
      4 1094
      2 1095
      2 1096
      3 1098
      1 1099
      3 1100
      2 1101
      2 1102
      1 1103
      1 1106
      2 1107
      1 1108
      2 1109
      1 1110
      3 1111
      3 1112
      1 1113
      5 1114
      3 1115
      1 1116
      6 1118
      2 1119
      1 1120
      2 1122
      2 1123
      3 1124
      5 1125
      1 1126
      1 1127
      4 1128
      2 1129
      3 1131
      1 1132
      1 1134
      1 1136
      1 1137
      3 1138
      3 1139
      1 1140
      2 1141
      1 1142
      3 1143
      3 1146
      1 1147
      1 1150
      2 1152
      1 1153
      1 1154
      2 1156
      1 1157
      2 1158
      3 1159
      2 1160
      2 1162
      1 1163
      2 1165
      3 1166
      1 1168
      2 1169
      2 1170
      1 1171
      4 1172
      1 1173
      1 1174
      2 1175
      1 1176
      2 1177
      1 1178
      2 1179
      1 1180
      2 1181
      3 1182
      1 1183
      1 1184
      1 1185
      2 1186
      1 1187
      1 1188
      2 1190
      2 1193
      3 1194
      5 1197
      1 1199
      1 1200
      1 1202
      1 1203
      1 1206
      1 1209
      2 1211
      1 1213
      1 1214
      2 1218
      1 1219
      3 1220
      3 1221
      2 1222
      1 1223
      1 1224
      1 1226
      2 1228
      2 1229
      1 1230
      3 1231
      2 1232
      1 1234
      1 1238
      3 1241
      1 1243
      2 1247
      1 1248
      1 1249
      1 1250
      1 1254
      1 1256
      1 1259
      1 1262
      1 1263
      1 1264
      2 1266
      2 1267
      1 1270
      2 1273
      1 1274
      1 1279
      2 1280
      1 1283
      1 1291
      1 1292
      1 1294
      2 1295
      1 1296
      2 1298
      1 1299
      2 1300
      1 1301
      1 1302
      1 1303
      1 1304
      1 1307
      1 1309
      2 1312
      2 1315
      1 1316
      1 1318
      1 1319
      1 1322
      1 1324
      1 1326
      1 1330
      3 1336
      1 1341
      1 1353
      3 1354
      1 1355
      1 1360
      3 1362
      1 1364
      1 1365
      2 1366
      1 1376
      1 1378
      1 1379
      2 1381
      1 1382
      1 1385
      2 1386
      2 1389
      1 1392
      1 1393
      2 1394
      1 1397
      1 1398
      1 1400
      1 1401
      1 1402
      1 1406
      1 1411
      1 1412
      1 1421
      1 1424
      2 1430
      1 1437
      1 1444
      2 1445
      1 1447
      1 1455
      1 1456
      1 1458
      1 1466
      1 1476
      2 1478
      1 1480
      1 1484
      1 1492
      1 1498
      1 1501
      1 1502
      1 1503
      1 1505
      1 1528
      1 1532
      1 1537
      1 1539
      2 1540
      1 1541
      1 1543
      2 1545
      1 1549
      1 1550
      2 1552
      1 1556
      1 1558
      1 1559
      3 1561
      1 1567
      1 1572
      1 1576
      1 1595
      1 1597
      1 1601
      1 1604
      1 1605
      1 1608
      1 1609
      1 1611
      1 1616
      1 1617
      1 1618
      1 1619
      1 1626
      1 1627
      1 1636
      1 1640
      1 1645
      1 1649
      2 1651
      1 1655
      1 1665
      1 1669
      1 1675
      2 1676
      1 1679
      1 1694
      1 1695
      2 1697
      1 1703
      1 1709
      1 1711
      3 1715
      1 1716
      1 1728
      1 1736
      1 1739
      1 1749
      1 1752
      1 1761
      1 1765
      1 1766
      1 1776
      1 1778
      2 1781
      2 1782
      2 1783
      1 1790
      2 1796
      1 1797
      1 1802
      1 1806
      2 1808
      1 1812
      1 1821
      1 1822
      2 1825
      1 1827
      1 1829
      1 1835
      1 1840
      1 1842
      1 1848
      1 1855
      1 1856
      1 1864
      1 1866
      1 1868
      1 1877
      1 1881
      1 1886
      1 1890
      1 1892
      1 1915
      1 1925
      1 1926
      1 1929
      1 1934
      1 1937
      1 1941
      1 1942
      1 1946
      1 1949
      1 1961
      1 1971
      1 1972
      1 1975
      1 1976
      1 1980
      1 1981
      1 1993
      1 1996
      1 1997
      1 1999
      1 2007
      1 2017
      1 2040
      1 2045
      1 2063
      1 2064
      1 2069
      1 2071
      1 2072
      1 2073
      1 2085
      1 2089
      1 2109
      1 2110
      1 2128
      1 2131
      1 2151
      1 2186
      1 2198
      1 2209
      1 2217
      1 2236
      1 2268
      1 2290
      1 2292
      1 2296
      1 2367
      1 2407
      1 2461
      1 2690
      1 2735
      2 2849
      1 3253
      1 3462
      1 3463
      1 3517
      1 3580
      1 3611
      1 3804
      1 3990
      1 4708
      1 5181
      1 5255
      1 5843
      1 6567
      1 7916
      1 13392
      1 13940
      1 19487
      1 19522
      1 23402
      1 32694
---AAD-PGBENCH-LAG-US---
  23629 0
  20308 1
  18597 2
  16896 3
  16204 4
  15811 5
  15025 6
  14448 7
  13945 8
  13749 9
  13535 10
  13282 11
  12925 12
  12818 13
  12550 14
  12715 15
  12411 16
  12271 17
  12258 18
  12253 19
  12106 20
  12424 21
  12030 22
  11892 23
  12053 24
  12141 25
  11984 26
  12022 27
  12116 28
  12102 29
  11989 30
  11978 31
  11906 32
  11986 33
  11605 34
  11669 35
  11337 36
  11393 37
  11176 38
  11054 39
  11127 40
  10667 41
  10789 42
  10616 43
  10616 44
  10449 45
  10254 46
  10095 47
  10074 48
  10134 49
   9487 50
   9148 51
   8650 52
   7988 53
   7749 54
  19399 55
  34804 56
  19304 57
  14610 58
  13857 59
  13145 60
  16305 61
  32676 62
  54895 63
  84448 64
  64371 65
  29609 66
  21755 67
  21638 68
  22666 69
  26022 70
  23470 71
  22281 72
  18480 73
  11752 74
   9350 75
   7996 76
   7083 77
   6507 78
   6282 79
   4808 80
   3742 81
   3103 82
   2662 83
   2059 84
   1731 85
   1552 86
   1299 87
   1089 88
    898 89
    746 90
    644 91
    523 92
    496 93
    438 94
    382 95
    323 96
    344 97
    300 98
    305 99
    239 100
    243 101
    217 102
    186 103
    203 104
    206 105
    200 106
    196 107
    183 108
    173 109
    171 110
    164 111
    181 112
    147 113
    152 114
    140 115
    146 116
    155 117
    143 118
    140 119
    146 120
    126 121
    114 122
    134 123
    141 124
    134 125
    111 126
    121 127
    125 128
    114 129
    124 130
    121 131
    140 132
    116 133
    119 134
    108 135
    118 136
    131 137
    100 138
    103 139
    109 140
    103 141
    124 142
    104 143
    100 144
     92 145
     80 146
     79 147
     91 148
     90 149
     93 150
    101 151
     96 152
     80 153
     85 154
     72 155
     82 156
     99 157
     87 158
     74 159
     82 160
     66 161
     88 162
     73 163
     76 164
     73 165
     67 166
     58 167
     70 168
     67 169
     56 170
     63 171
     55 172
     60 173
     66 174
     63 175
     58 176
     62 177
     53 178
     73 179
     61 180
     66 181
     56 182
     53 183
     48 184
     59 185
     55 186
     57 187
     46 188
     58 189
     48 190
     51 191
     47 192
     49 193
     49 194
     51 195
     43 196
     54 197
     43 198
     40 199
     42 200
     41 201
     34 202
     39 203
     40 204
     38 205
     36 206
     29 207
     43 208
     36 209
     42 210
     26 211
     33 212
     36 213
     36 214
     22 215
     30 216
     28 217
     22 218
     27 219
     22 220
     31 221
     27 222
     16 223
     32 224
     29 225
     22 226
     22 227
     19 228
     19 229
     25 230
     15 231
     18 232
     26 233
     17 234
     23 235
     18 236
     26 237
     17 238
     11 239
     12 240
     15 241
     13 242
     20 243
     12 244
     21 245
     17 246
     18 247
      9 248
     15 249
     14 250
      8 251
     13 252
     18 253
     17 254
     15 255
     13 256
     11 257
      9 258
     16 259
     11 260
     12 261
     12 262
     18 263
      6 264
      8 265
     12 266
      8 267
     10 268
      9 269
      6 270
     11 271
     10 272
     10 273
     12 274
     13 275
      7 276
      9 277
      9 278
      2 279
      6 281
      8 282
      7 283
      6 284
     12 285
      6 286
      4 287
      4 288
      4 289
      6 290
      5 291
      7 292
     13 293
      4 294
     11 295
      3 296
      6 297
      3 298
      5 299
      2 300
      3 301
      5 302
      7 304
      5 305
      4 306
      3 307
      5 308
      7 309
      4 310
      1 311
      4 312
      7 313
      5 314
      3 315
      5 316
      4 317
      5 318
      3 319
      3 320
      3 321
      4 322
      3 323
      3 325
      2 326
      5 327
      1 328
      2 329
      4 330
      3 331
      3 332
      3 333
      1 334
      5 335
      2 336
      1 337
      3 338
      2 339
      2 340
      1 341
      1 342
      3 343
      2 345
      1 346
      2 347
      4 348
      4 349
      1 351
      2 353
      2 354
      2 355
      1 356
      1 358
      3 359
      1 360
      1 361
      2 364
      1 365
      1 366
      2 367
      2 368
      1 369
      2 371
      1 372
      1 373
      2 374
      1 376
      1 377
      2 378
      2 380
      1 381
      1 382
      1 385
      3 386
      1 387
      1 389
      2 390
      3 391
      2 393
      2 395
      2 396
      1 398
      1 399
      1 401
      2 403
      1 408
      1 409
      1 415
      1 416
      2 417
      1 418
      1 419
      1 422
      1 424
      1 425
      1 426
      4 428
      1 430
      2 431
      1 433
      1 435
      1 438
      1 441
      1 442
      1 444
      1 447
      1 448
      1 449
      1 451
      1 459
      1 469
      1 470
      1 471
      1 473
      1 475
      1 477
      1 478
      1 479
      2 481
      1 485
      1 487
      1 489
      1 490
      1 495
      1 497
      1 498
      4 501
      1 509
      1 512
      2 513
      1 514
      1 526
      1 536
      1 545
      2 547
      1 548
      2 557
      1 566
      1 571
      1 575
      1 590
      1 598
      1 599
      2 614
      1 627
      1 631
      2 637
      2 642
      1 643
      1 647
      1 649
      1 653
      1 659
      1 670
      1 681
      1 682
      1 688
      2 694
      1 700
      1 704
      1 708
      1 715
      1 724
      1 726
      1 738
      1 764
      1 814
      1 815
      1 834
      1 856
      1 864
      1 879
      1 882
      1 892
      1 896
      1 921
      1 939
      1 945
      1 950
      1 964
      1 1001
      1 1010
      1 1012
      1 1015
      1 1024
      1 1062
      1 1070
      1 1090
      1 1097
      1 1151
      1 1234
      1 1281
      1 1301
      1 1337
      1 1370
      1 1438
      1 1464
      1 1469
      1 1513
      1 1568
      1 1583
      1 1604
      1 1645
      1 1698
      1 1767
      1 1773
      1 1889
      1 1985
      1 1988
      1 2115
      1 2270
      1 2326
      1 2380
      1 2392
      1 2451
      1 2468
      1 2526
      1 2577
      1 2610
      1 2626
      1 2634
      1 2638
      1 2728
      1 2757
      1 2767
      1 2874
      1 2922
      1 2967
      1 2977
      1 2983
      1 3023
      1 3036
      1 3124
      1 3127
      1 3151
      1 3169
      1 3228
      1 3259
      1 3457
      1 3608
      1 3737
      1 3746
      1 3781
      1 3802
      1 3946
      1 4126
      1 4192
      1 4205
      1 4213
      1 4270
      1 4289
      1 4364
      1 4379
      1 4653
      1 4743
      1 4757
      1 4836
      1 4854
      1 4861
      1 4924
      1 5026
      1 5047
      1 5103
      1 5106
      1 5140
      1 5196
      1 5300
      1 5312
      1 5371
      1 5410
      1 5437
      1 5441
      1 5544
      1 5651
      1 5670
      2 5781
      1 5808
      1 5887
      1 5909
      1 6004
      1 6172
      1 6217
      1 6238
      1 6444
      1 6462
      1 6486
      1 6645
      1 6687
      1 6732
      1 6747
      1 6768
      1 6884
      1 6907
      1 7023
      1 7057
      1 7171
      1 7228
      1 7358
      1 7456
      1 7677
      1 7797
      1 7898
      1 8039
      1 8521
      1 8526
      1 8718
      1 8929
      1 9706
      1 10045
      1 10348
      1 10605
      1 10628
      1 10786
      1 10970
      1 10974
      1 10988
      1 11134
      1 11294
      1 11836
      1 11962
      1 12053
      1 12131
      1 12320
      1 12768
      1 12774
      1 12950
      1 12963
      1 13201
      1 13699
      1 13782
      1 13974
      1 14044
      1 14130
      1 14282
      1 14467
      1 14511
      1 14535
      1 15585
      1 15617
      1 15874
      1 16129
      1 16394
      1 16477
      1 16510
      1 16619
      1 16689
      1 16904
      1 17045
      1 17052
      1 17134
      1 17415
      1 17553
      1 17607
      1 17693
      1 17773
      1 17974
      1 17995
      1 18129
      1 18360
      1 18518
      1 18660
      1 18694
      1 18744
      1 18871
      1 19119
      1 19289
      1 19440
      1 19487
      1 19557
      1 19673
      1 19798
      1 19859
      1 19865
      1 19944
      1 19957
      1 20032
      1 20119
      1 20140
      1 20204
      1 20232
      1 20263
      1 20519
      1 20639
      1 20853
      1 21258
      1 21407
      1 21424
      1 21461
      1 21793
      1 21816
      1 21901
      1 21908
      1 22353
      1 22617
      1 23067
      1 23290
      1 23399
      1 23590
      1 23612
      1 23677
      1 24447
      1 24578
      1 25012
      1 25183
      1 25926
      1 26473
      1 27109
