pgbench (18.6 (Debian 18.6-1.pgdg13+2))
starting vacuum...end.
transaction type: <builtin: select only>
scaling factor: 1000
query mode: simple
number of clients: 128
number of threads: 16
maximum number of tries: 1
duration: 480 s
number of transactions actually processed: 66188695
number of failed transactions: 0 (0.000%)
latency average = 0.423 ms
latency stddev = 0.102 ms
rate limit schedule lag: avg 0.046 (max 20.739) ms
initial connection time = 229.149 ms
tps = 137952.177659 (without initial connection time)
---AAD-PGBENCH-LATENCY-US---
rc=0
samples=1324240
      1 218
      1 225
      3 226
      2 227
      2 228
      3 229
      6 230
     11 231
     17 232
     18 233
     26 234
     35 235
     37 236
     37 237
     56 238
     68 239
     79 240
     83 241
    106 242
    141 243
    144 244
    171 245
    220 246
    228 247
    268 248
    340 249
    349 250
    389 251
    470 252
    479 253
    571 254
    636 255
    698 256
    735 257
    841 258
    931 259
   1033 260
   1097 261
   1137 262
   1216 263
   1351 264
   1486 265
   1589 266
   1733 267
   1801 268
   1886 269
   2082 270
   2100 271
   2227 272
   2306 273
   2457 274
   2535 275
   2784 276
   2891 277
   3015 278
   3136 279
   3245 280
   3348 281
   3424 282
   3520 283
   3703 284
   3852 285
   4001 286
   4116 287
   4171 288
   4322 289
   4473 290
   4666 291
   4670 292
   4837 293
   4967 294
   5215 295
   5295 296
   5267 297
   5679 298
   5538 299
   5870 300
   5994 301
   6146 302
   6329 303
   6542 304
   6632 305
   7012 306
   6953 307
   7305 308
   7273 309
   7601 310
   7724 311
   7678 312
   7994 313
   8010 314
   8121 315
   8353 316
   8481 317
   8465 318
   8576 319
   8786 320
   8875 321
   8957 322
   9050 323
   9222 324
   9246 325
   9264 326
   9319 327
   9251 328
   9313 329
   9481 330
   9435 331
   9530 332
   9379 333
   9572 334
   9622 335
   9747 336
   9694 337
   9582 338
   9635 339
   9772 340
   9981 341
   9728 342
   9780 343
   9754 344
   9931 345
   9809 346
   9640 347
   9669 348
   9529 349
   9577 350
   9464 351
   9390 352
   9263 353
   9158 354
   9115 355
   9010 356
   8872 357
   8938 358
   8785 359
   8728 360
   8455 361
   8429 362
   8466 363
   8247 364
   8184 365
   8163 366
   8016 367
   7976 368
   7866 369
   7853 370
   7679 371
   7691 372
   7666 373
   7502 374
   7545 375
   7325 376
   7228 377
   7174 378
   6949 379
   7040 380
   6852 381
   6846 382
   6826 383
   6799 384
   6610 385
   6485 386
   6424 387
   6206 388
   6347 389
   5984 390
   6045 391
   5847 392
   5798 393
   5843 394
   5708 395
   5575 396
   5497 397
   5382 398
   5441 399
   5407 400
   5402 401
   5194 402
   5102 403
   4980 404
   5084 405
   5012 406
   4953 407
   4747 408
   4636 409
   4750 410
   4691 411
   4597 412
   4477 413
   4381 414
   4511 415
   4354 416
   4397 417
   4221 418
   4183 419
   4182 420
   4033 421
   4024 422
   3965 423
   3713 424
   3838 425
   3689 426
   3721 427
   3631 428
   3551 429
   3450 430
   3354 431
   3420 432
   3337 433
   3255 434
   3249 435
   3223 436
   3113 437
   3155 438
   3023 439
   3030 440
   3009 441
   2772 442
   2806 443
   2949 444
   2889 445
   2726 446
   2813 447
   2791 448
   2607 449
   2574 450
   2540 451
   2582 452
   2428 453
   2458 454
   2422 455
   2403 456
   2448 457
   2406 458
   2280 459
   2272 460
   2306 461
   2230 462
   2229 463
   2098 464
   2126 465
   2091 466
   2054 467
   2039 468
   2038 469
   1966 470
   1969 471
   1914 472
   1891 473
   1854 474
   1871 475
   1883 476
   1851 477
   1857 478
   1716 479
   1679 480
   1672 481
   1763 482
   1691 483
   1722 484
   1596 485
   1657 486
   1641 487
   1616 488
   1531 489
   1536 490
   1570 491
   1526 492
   1448 493
   1435 494
   1383 495
   1329 496
   1386 497
   1365 498
   1248 499
   1277 500
   1315 501
   1234 502
   1213 503
   1218 504
   1220 505
   1197 506
   1172 507
   1169 508
   1163 509
   1115 510
   1087 511
   1066 512
   1098 513
   1086 514
   1110 515
   1075 516
   1083 517
   1114 518
   1015 519
   1021 520
    970 521
    954 522
    985 523
    973 524
    923 525
    875 526
    933 527
    945 528
    850 529
    801 530
    907 531
    899 532
    835 533
    814 534
    801 535
    756 536
    772 537
    760 538
    805 539
    784 540
    735 541
    734 542
    717 543
    700 544
    765 545
    692 546
    693 547
    719 548
    656 549
    640 550
    678 551
    663 552
    636 553
    624 554
    623 555
    610 556
    611 557
    606 558
    576 559
    601 560
    606 561
    550 562
    555 563
    555 564
    535 565
    511 566
    481 567
    527 568
    486 569
    506 570
    503 571
    471 572
    453 573
    426 574
    426 575
    428 576
    452 577
    435 578
    381 579
    386 580
    410 581
    400 582
    354 583
    407 584
    425 585
    391 586
    355 587
    410 588
    361 589
    361 590
    336 591
    337 592
    383 593
    349 594
    335 595
    336 596
    313 597
    320 598
    307 599
    310 600
    295 601
    312 602
    312 603
    278 604
    280 605
    284 606
    277 607
    283 608
    271 609
    259 610
    291 611
    251 612
    278 613
    261 614
    259 615
    244 616
    213 617
    254 618
    236 619
    262 620
    251 621
    203 622
    231 623
    241 624
    222 625
    209 626
    215 627
    220 628
    217 629
    200 630
    180 631
    189 632
    180 633
    190 634
    203 635
    173 636
    182 637
    179 638
    198 639
    154 640
    184 641
    181 642
    150 643
    148 644
    152 645
    152 646
    154 647
    157 648
    144 649
    168 650
    127 651
    148 652
    155 653
    143 654
    133 655
    133 656
    131 657
    140 658
    138 659
    124 660
    133 661
    122 662
    123 663
    104 664
    131 665
    120 666
    135 667
    117 668
    118 669
     97 670
    119 671
    102 672
    123 673
    116 674
    125 675
     95 676
    104 677
     91 678
    101 679
     87 680
     87 681
     86 682
    109 683
     90 684
    105 685
     81 686
     79 687
     78 688
     92 689
     81 690
     68 691
     73 692
     72 693
     93 694
     91 695
     65 696
     84 697
     73 698
     58 699
     80 700
     72 701
     71 702
     68 703
     71 704
     73 705
     74 706
     64 707
     55 708
     65 709
     46 710
     68 711
     59 712
     65 713
     51 714
     59 715
     51 716
     64 717
     62 718
     52 719
     68 720
     49 721
     42 722
     49 723
     53 724
     39 725
     45 726
     48 727
     39 728
     43 729
     38 730
     38 731
     42 732
     50 733
     46 734
     44 735
     41 736
     53 737
     45 738
     52 739
     41 740
     44 741
     38 742
     38 743
     56 744
     38 745
     38 746
     32 747
     25 748
     39 749
     37 750
     35 751
     35 752
     35 753
     32 754
     36 755
     43 756
     33 757
     32 758
     41 759
     30 760
     30 761
     37 762
     28 763
     36 764
     33 765
     23 766
     26 767
     20 768
     27 769
     30 770
     28 771
     21 772
     33 773
     29 774
     26 775
     29 776
     31 777
     22 778
     34 779
     27 780
     30 781
     28 782
     31 783
     18 784
     22 785
     31 786
     21 787
     27 788
     16 789
     26 790
     34 791
     23 792
     18 793
     22 794
     19 795
     18 796
     14 797
     19 798
     21 799
     24 800
     20 801
     26 802
     25 803
     18 804
     28 805
     23 806
     14 807
     17 808
     18 809
     17 810
     12 811
     23 812
     15 813
     13 814
     22 815
     18 816
     11 817
     10 818
     17 819
      9 820
     17 821
     13 822
     23 823
     14 824
     15 825
     14 826
     22 827
     13 828
     14 829
     17 830
     15 831
      5 832
     17 833
     11 834
     16 835
      9 836
     13 837
     17 838
     20 839
     20 840
     12 841
     18 842
      9 843
     13 844
     10 845
      8 846
     10 847
     13 848
     10 849
      9 850
      6 851
     12 852
     10 853
      8 854
      7 855
     10 856
     10 857
     15 858
      9 859
     13 860
     10 861
      8 862
     12 863
      9 864
     14 865
      7 866
      4 867
      4 868
      9 869
     11 870
     10 871
      4 872
     11 873
     10 874
     12 875
      6 876
      6 877
     10 878
      6 879
      3 880
      9 881
      8 882
      5 883
     11 884
     10 885
      9 886
      7 887
      5 888
      7 889
      9 890
      7 891
      9 892
      8 893
     12 894
      3 895
      6 896
      6 897
      6 898
     11 899
      5 900
     12 901
      9 902
      3 903
      7 904
      9 905
      3 906
      6 907
      5 908
      2 909
      6 910
      2 911
      3 912
     11 913
      3 914
      5 915
      8 916
      4 917
      4 918
      3 919
      8 920
      7 921
      5 922
     10 923
      5 924
      7 925
      5 926
      6 927
      4 928
      8 929
      3 930
      6 931
      3 932
      5 933
      2 934
      9 935
     10 936
      3 937
      6 938
      4 939
      5 940
      6 941
      3 942
      4 943
      5 944
      9 945
      5 946
      7 947
      6 948
      1 949
      3 950
      1 951
      5 952
      2 953
      5 954
      4 955
      3 956
      5 957
      2 958
      2 959
      2 960
      3 961
      3 962
      3 963
      7 964
      3 965
      4 966
      5 967
      3 968
      3 969
      3 970
      4 971
      4 972
      4 973
      2 974
      2 975
      8 976
      6 977
      4 978
      2 979
      4 980
      2 981
      5 982
      4 983
      6 984
      1 985
      3 986
      2 987
      4 988
      2 989
      1 990
      2 991
      4 992
      3 993
      5 994
      1 995
      2 996
      6 997
      4 998
      2 999
      5 1000
      5 1002
      1 1003
      2 1005
      1 1006
      1 1007
      7 1008
      5 1009
      4 1010
      3 1012
      2 1013
      2 1014
      2 1015
      1 1016
      5 1017
      2 1018
      1 1019
      3 1020
      4 1021
      5 1022
      2 1023
      4 1024
      2 1025
      4 1026
      1 1027
      1 1028
      1 1029
      2 1030
      2 1031
      2 1032
      5 1034
      2 1035
      1 1036
      2 1037
      1 1038
      2 1039
      2 1040
      2 1041
      1 1042
      4 1043
      2 1044
      2 1045
      1 1046
      4 1048
      2 1049
      2 1050
      1 1051
      3 1053
      1 1054
      4 1055
      2 1057
      6 1058
      3 1060
      2 1061
      1 1062
      2 1063
      1 1064
      4 1065
      2 1066
      1 1067
      3 1068
      4 1069
      3 1071
      1 1072
      2 1073
      1 1074
      3 1075
      3 1076
      1 1077
      2 1078
      3 1079
      2 1080
      2 1081
      2 1082
      3 1084
      2 1085
      1 1086
      2 1087
      1 1090
      2 1091
      2 1092
      1 1093
      2 1094
      1 1097
      2 1098
      4 1099
      3 1100
      1 1101
      1 1102
      2 1103
      1 1107
      3 1108
      3 1110
      1 1112
      1 1113
      3 1114
      4 1115
      1 1116
      1 1117
      1 1118
      2 1119
      1 1120
      2 1121
      1 1124
      2 1126
      3 1127
      2 1128
      1 1129
      3 1130
      2 1131
      1 1132
      1 1134
      1 1136
      2 1137
      1 1138
      1 1139
      1 1140
      1 1141
      2 1143
      1 1145
      2 1147
      1 1149
      1 1150
      2 1153
      1 1155
      1 1156
      2 1157
      2 1158
      1 1159
      1 1161
      1 1163
      1 1164
      1 1165
      1 1166
      2 1167
      2 1168
      1 1169
      1 1170
      1 1171
      1 1172
      2 1173
      2 1174
      1 1178
      2 1179
      2 1181
      1 1184
      1 1185
      1 1187
      1 1189
      2 1190
      1 1193
      2 1194
      1 1196
      2 1197
      1 1201
      2 1202
      1 1203
      1 1204
      1 1205
      2 1206
      1 1209
      3 1210
      1 1211
      3 1212
      1 1213
      1 1215
      1 1216
      1 1218
      1 1219
      2 1223
      2 1224
      1 1225
      1 1226
      1 1235
      1 1236
      1 1238
      1 1239
      2 1240
      7 1244
      1 1246
      1 1247
      1 1248
      1 1251
      2 1252
      1 1253
      3 1257
      2 1258
      1 1261
      1 1265
      1 1267
      1 1268
      3 1269
      2 1271
      1 1272
      1 1274
      2 1277
      1 1279
      1 1283
      4 1284
      2 1287
      1 1288
      1 1297
      2 1299
      1 1300
      1 1302
      2 1305
      1 1309
      1 1310
      1 1313
      1 1316
      2 1321
      1 1323
      1 1329
      1 1335
      1 1339
      1 1341
      1 1342
      1 1344
      1 1346
      1 1347
      2 1350
      1 1355
      1 1357
      1 1359
      1 1361
      1 1364
      2 1367
      1 1368
      1 1369
      1 1372
      1 1381
      2 1382
      2 1386
      1 1387
      1 1390
      1 1391
      1 1394
      1 1397
      2 1399
      2 1403
      1 1408
      1 1413
      3 1415
      1 1420
      1 1426
      1 1427
      1 1430
      1 1433
      1 1437
      1 1440
      2 1441
      1 1446
      1 1448
      2 1450
      1 1452
      1 1454
      1 1456
      1 1460
      1 1461
      1 1463
      1 1466
      1 1468
      1 1470
      2 1474
      1 1476
      1 1478
      1 1487
      1 1488
      1 1493
      1 1494
      1 1497
      1 1506
      1 1511
      1 1524
      1 1526
      1 1540
      1 1545
      1 1546
      1 1558
      2 1577
      1 1580
      1 1586
      1 1588
      1 1590
      1 1591
      2 1595
      1 1596
      1 1601
      1 1603
      1 1604
      1 1606
      1 1634
      1 1645
      1 1651
      1 1652
      2 1656
      1 1657
      1 1673
      1 1675
      1 1678
      1 1683
      1 1685
      1 1693
      1 1698
      1 1699
      1 1704
      1 1716
      1 1728
      3 1729
      2 1736
      2 1750
      1 1751
      1 1752
      1 1761
      1 1768
      1 1770
      1 1775
      1 1778
      1 1784
      1 1787
      1 1796
      1 1799
      1 1802
      1 1806
      2 1813
      1 1817
      1 1820
      1 1821
      1 1822
      1 1823
      1 1824
      1 1830
      1 1843
      1 1844
      1 1845
      1 1863
      1 1876
      1 1879
      1 1884
      1 1886
      1 1910
      1 1911
      1 1922
      1 1928
      1 1935
      1 1938
      1 1966
      1 1974
      1 1977
      1 1986
      1 1996
      1 2026
      1 2029
      1 2033
      1 2034
      1 2043
      1 2048
      1 2067
      1 2068
      1 2069
      1 2115
      1 2144
      1 2158
      1 2182
      1 2208
      1 2231
      1 2282
      1 2298
      1 2307
      1 2310
      1 2352
      1 2490
      1 2536
      1 2574
      1 2751
      1 3016
      1 3027
      1 3155
      1 3257
      1 3300
      1 3332
      1 3561
      1 3638
      1 4971
      1 5388
      1 6252
      1 23665
      1 24606
---AAD-PGBENCH-LAG-US---
  23603 0
  20136 1
  18397 2
  16865 3
  16202 4
  15978 5
  15164 6
  14301 7
  13982 8
  13601 9
  13252 10
  13028 11
  12930 12
  12611 13
  12704 14
  12412 15
  12504 16
  12327 17
  12221 18
  12479 19
  12362 20
  12206 21
  12345 22
  12133 23
  12361 24
  11980 25
  12049 26
  12065 27
  11923 28
  12169 29
  11978 30
  11866 31
  11817 32
  11736 33
  11684 34
  11654 35
  11356 36
  11344 37
  11099 38
  11058 39
  11013 40
  10730 41
  10739 42
  10680 43
  10641 44
  10516 45
  10213 46
  10237 47
  10393 48
   9906 49
   9651 50
   9481 51
   8678 52
   8105 53
   7932 54
  19374 55
  35000 56
  19588 57
  14613 58
  14316 59
  13302 60
  16590 61
  32747 62
  52939 63
  82196 64
  65035 65
  30350 66
  21935 67
  21894 68
  22805 69
  26112 70
  23507 71
  22572 72
  18676 73
  12102 74
   9401 75
   8070 76
   7109 77
   6664 78
   6342 79
   4899 80
   3954 81
   3112 82
   2596 83
   2219 84
   1849 85
   1419 86
   1311 87
   1051 88
    907 89
    785 90
    695 91
    597 92
    496 93
    436 94
    408 95
    332 96
    311 97
    281 98
    300 99
    269 100
    254 101
    224 102
    205 103
    230 104
    204 105
    196 106
    180 107
    178 108
    170 109
    148 110
    155 111
    185 112
    165 113
    169 114
    127 115
    149 116
    148 117
    156 118
    147 119
    148 120
    132 121
    143 122
    132 123
    141 124
    153 125
    127 126
    142 127
    124 128
    132 129
    123 130
    114 131
    126 132
    123 133
    119 134
    119 135
    101 136
     94 137
     92 138
    101 139
    106 140
    109 141
    119 142
     97 143
     81 144
     89 145
    107 146
    105 147
     92 148
     77 149
     82 150
    109 151
     86 152
     82 153
     88 154
     90 155
     70 156
     77 157
     78 158
     77 159
     80 160
     73 161
     73 162
     64 163
     69 164
     83 165
     59 166
     78 167
     60 168
     81 169
     66 170
     59 171
     56 172
     67 173
     59 174
     66 175
     60 176
     56 177
     49 178
     70 179
     45 180
     59 181
     56 182
     51 183
     41 184
     52 185
     53 186
     46 187
     53 188
     43 189
     47 190
     34 191
     39 192
     59 193
     40 194
     41 195
     36 196
     46 197
     45 198
     28 199
     31 200
     28 201
     40 202
     40 203
     38 204
     36 205
     30 206
     40 207
     41 208
     29 209
     23 210
     27 211
     25 212
     31 213
     27 214
     25 215
     29 216
     29 217
     24 218
     37 219
     37 220
     24 221
     25 222
     23 223
     21 224
     15 225
     22 226
     27 227
     20 228
     28 229
     20 230
     25 231
     19 232
     20 233
     17 234
     15 235
     15 236
     15 237
     20 238
     17 239
     26 240
     16 241
     16 242
     15 243
     16 244
     16 245
     18 246
     14 247
      6 248
     12 249
     15 250
     13 251
     16 252
      8 253
     12 254
      9 255
      8 256
     13 257
     18 258
      8 259
      4 260
     13 261
     15 262
      9 263
      9 264
     12 265
     11 266
     10 267
      9 268
     11 269
      9 270
     10 271
      7 272
     11 273
     10 274
      2 275
     10 276
      8 277
      6 278
      5 279
      7 280
      9 281
      6 282
      5 283
      8 284
      9 285
      4 286
      7 287
      8 288
      5 289
      2 290
      6 291
      5 292
      3 293
      4 294
      2 295
      5 296
      3 297
      5 298
      3 299
      3 300
      2 301
      2 302
      4 303
      9 304
      3 305
      3 306
      1 307
      4 308
      5 309
      4 310
      6 311
      3 312
      1 313
      3 314
      7 315
      7 316
      4 317
      3 318
      3 319
      2 320
      2 321
      5 322
      3 323
      4 324
      1 325
      3 327
      4 328
      2 329
      3 330
      2 331
      2 332
      2 333
      2 334
      1 335
      1 336
      2 337
      2 338
      3 339
      3 340
      3 341
      2 342
      2 343
      1 345
      2 346
      2 347
      2 348
      2 349
      2 350
      2 353
      2 354
      1 358
      1 359
      4 360
      2 361
      1 362
      1 364
      1 365
      1 366
      3 367
      1 368
      1 370
      1 371
      4 373
      1 374
      1 377
      2 378
      1 380
      1 381
      2 382
      1 383
      1 384
      1 385
      1 388
      2 395
      1 397
      2 399
      1 400
      1 401
      1 402
      2 403
      1 405
      1 406
      2 408
      1 411
      1 412
      1 416
      1 417
      1 419
      1 421
      1 423
      1 428
      1 430
      1 432
      1 434
      1 435
      3 436
      1 438
      1 439
      1 440
      1 443
      1 446
      1 448
      1 452
      2 454
      1 459
      1 461
      1 465
      1 466
      2 468
      1 469
      1 470
      1 472
      2 473
      1 478
      2 483
      2 489
      1 495
      1 496
      1 502
      1 513
      1 514
      1 518
      1 521
      2 523
      1 529
      1 533
      1 537
      1 545
      1 550
      1 551
      1 555
      1 557
      1 568
      1 573
      1 579
      1 595
      1 597
      1 609
      1 610
      1 624
      1 627
      1 635
      1 636
      1 637
      1 641
      1 657
      1 677
      1 680
      2 717
      1 721
      2 729
      1 741
      1 745
      1 751
      1 757
      1 771
      1 774
      1 778
      1 780
      1 805
      1 828
      1 837
      1 869
      2 933
      1 948
      1 987
      1 1006
      1 1018
      1 1019
      1 1023
      1 1028
      1 1035
      1 1067
      1 1076
      1 1117
      1 1118
      1 1120
      1 1225
      1 1251
      1 1262
      2 1330
      1 1332
      1 1334
      1 1335
      1 1390
      1 1455
      1 1463
      1 1464
      1 1465
      1 1482
      1 1505
      1 1513
      1 1547
      1 1638
      1 1706
      1 1716
      1 1729
      1 1808
      1 1832
      1 1949
      1 1960
      1 1975
      1 2035
      1 2053
      1 2074
      1 2077
      1 2101
      1 2155
      1 2164
      1 2171
      1 2184
      1 2187
      1 2222
      1 2223
      1 2235
      1 2265
      1 2290
      1 2321
      1 2367
      1 2392
      1 2472
      1 2496
      1 2498
      1 2629
      1 2699
      1 2710
      1 2735
      1 2784
      1 2829
      1 2858
      1 2890
      2 2900
      1 2903
      1 3110
      1 3241
      1 3245
      1 3294
      1 3335
      1 3389
      1 3461
      1 3475
      1 3476
      1 3477
      1 3518
      1 3522
      1 3526
      1 3563
      1 3619
      1 3686
      1 3726
      1 3727
      1 3860
      1 4033
      1 4034
      1 4107
      1 4131
      1 4136
      1 4175
      1 4304
      1 4359
      1 4478
      1 4505
      1 4528
      1 4639
      1 4689
      1 4829
      1 4945
      1 4962
      1 4963
      1 4974
      1 5041
      1 5073
      1 5075
      1 5165
      1 5181
      1 5238
      1 5303
      1 5311
      1 5354
      1 6095
      1 7133
      1 7378
      1 7870
      1 7919
      1 8181
      1 8208
      1 8594
      1 10001
      1 10088
      1 10415
      1 10615
      1 10656
      1 10753
      1 11360
      1 19554
