pgbench (18.6 (Debian 18.6-1.pgdg13+2))
starting vacuum...end.
transaction type: <builtin: select only>
scaling factor: 1000
query mode: simple
number of clients: 128
number of threads: 16
maximum number of tries: 1
duration: 480 s
number of transactions actually processed: 63696909
number of failed transactions: 0 (0.000%)
latency average = 0.497 ms
latency stddev = 0.908 ms
rate limit schedule lag: avg 0.090 (max 41.575) ms
initial connection time = 192.412 ms
tps = 132753.240214 (without initial connection time)
---AAD-PGBENCH-LATENCY-US---
rc=0
samples=1271874
      1 225
      1 226
      1 228
      2 229
      1 230
      3 231
      5 232
      4 233
     14 234
     13 235
     20 236
     18 237
     27 238
     27 239
     60 240
     46 241
     74 242
     80 243
     97 244
    112 245
    146 246
    157 247
    180 248
    198 249
    208 250
    293 251
    328 252
    357 253
    371 254
    441 255
    456 256
    511 257
    553 258
    623 259
    704 260
    748 261
    799 262
    891 263
    971 264
   1008 265
   1059 266
   1243 267
   1302 268
   1355 269
   1460 270
   1498 271
   1597 272
   1656 273
   1811 274
   1821 275
   2002 276
   2039 277
   2061 278
   2222 279
   2273 280
   2456 281
   2463 282
   2609 283
   2741 284
   2694 285
   2629 286
   2995 287
   2892 288
   3120 289
   3119 290
   3240 291
   3365 292
   3398 293
   3486 294
   3524 295
   3689 296
   3898 297
   3915 298
   4000 299
   4081 300
   4157 301
   4281 302
   4604 303
   4608 304
   4752 305
   4851 306
   5018 307
   5176 308
   5203 309
   5366 310
   5459 311
   5651 312
   5745 313
   5707 314
   5862 315
   5829 316
   6046 317
   6158 318
   6129 319
   6197 320
   6380 321
   6638 322
   6626 323
   6703 324
   6660 325
   6586 326
   6950 327
   6967 328
   6948 329
   6976 330
   7061 331
   7098 332
   7132 333
   7117 334
   7169 335
   7239 336
   7207 337
   7328 338
   7239 339
   7396 340
   7400 341
   7374 342
   7442 343
   7224 344
   7481 345
   7385 346
   7450 347
   7461 348
   7487 349
   7362 350
   7362 351
   7343 352
   7324 353
   7286 354
   7189 355
   7078 356
   7179 357
   7112 358
   7080 359
   6799 360
   6840 361
   6891 362
   6925 363
   6642 364
   6886 365
   6740 366
   6656 367
   6508 368
   6632 369
   6722 370
   6759 371
   6531 372
   6523 373
   6369 374
   6579 375
   6372 376
   6568 377
   6255 378
   6116 379
   6203 380
   6267 381
   6061 382
   6142 383
   5949 384
   6011 385
   5938 386
   5867 387
   5973 388
   5779 389
   5830 390
   5694 391
   5829 392
   5728 393
   5482 394
   5683 395
   5458 396
   5388 397
   5276 398
   5418 399
   5238 400
   5303 401
   5293 402
   5377 403
   5109 404
   5125 405
   5260 406
   5177 407
   5110 408
   5071 409
   4915 410
   5030 411
   5003 412
   4945 413
   5002 414
   4854 415
   4835 416
   4739 417
   4740 418
   4781 419
   4680 420
   4551 421
   4520 422
   4469 423
   4498 424
   4347 425
   4290 426
   4269 427
   4252 428
   4156 429
   4069 430
   4049 431
   4006 432
   4068 433
   3921 434
   3920 435
   3842 436
   3768 437
   3870 438
   3728 439
   3651 440
   3638 441
   3678 442
   3661 443
   3548 444
   3609 445
   3572 446
   3530 447
   3435 448
   3473 449
   3384 450
   3428 451
   3286 452
   3288 453
   3247 454
   3195 455
   3253 456
   3113 457
   3096 458
   3076 459
   3145 460
   3035 461
   2970 462
   2906 463
   2952 464
   2861 465
   2946 466
   2881 467
   2930 468
   2800 469
   2782 470
   2819 471
   2821 472
   2689 473
   2766 474
   2708 475
   2551 476
   2644 477
   2607 478
   2714 479
   2485 480
   2452 481
   2540 482
   2482 483
   2400 484
   2439 485
   2435 486
   2446 487
   2334 488
   2290 489
   2308 490
   2333 491
   2250 492
   2289 493
   2225 494
   2096 495
   2159 496
   2039 497
   2100 498
   2012 499
   2021 500
   1996 501
   1992 502
   1987 503
   1873 504
   1849 505
   1849 506
   1813 507
   1822 508
   1810 509
   1783 510
   1761 511
   1791 512
   1763 513
   1698 514
   1689 515
   1699 516
   1639 517
   1636 518
   1663 519
   1682 520
   1597 521
   1567 522
   1619 523
   1470 524
   1492 525
   1509 526
   1433 527
   1462 528
   1417 529
   1396 530
   1490 531
   1386 532
   1366 533
   1267 534
   1344 535
   1367 536
   1348 537
   1370 538
   1317 539
   1323 540
   1326 541
   1362 542
   1231 543
   1265 544
   1261 545
   1282 546
   1155 547
   1176 548
   1241 549
   1211 550
   1188 551
   1164 552
   1153 553
   1098 554
   1150 555
   1035 556
   1095 557
   1088 558
   1032 559
   1054 560
   1058 561
   1038 562
   1021 563
    988 564
    952 565
    973 566
    967 567
    946 568
    889 569
    896 570
    936 571
    880 572
    852 573
    878 574
    819 575
    854 576
    836 577
    835 578
    845 579
    781 580
    796 581
    782 582
    761 583
    752 584
    807 585
    695 586
    722 587
    724 588
    696 589
    740 590
    705 591
    698 592
    719 593
    754 594
    657 595
    672 596
    644 597
    640 598
    680 599
    639 600
    605 601
    639 602
    609 603
    624 604
    610 605
    562 606
    626 607
    584 608
    534 609
    576 610
    561 611
    541 612
    545 613
    532 614
    514 615
    513 616
    520 617
    502 618
    523 619
    502 620
    513 621
    535 622
    525 623
    496 624
    491 625
    496 626
    521 627
    465 628
    478 629
    483 630
    417 631
    444 632
    443 633
    431 634
    393 635
    418 636
    410 637
    451 638
    407 639
    412 640
    409 641
    415 642
    376 643
    389 644
    381 645
    382 646
    327 647
    366 648
    360 649
    414 650
    372 651
    318 652
    335 653
    351 654
    362 655
    342 656
    358 657
    358 658
    310 659
    327 660
    335 661
    334 662
    327 663
    286 664
    314 665
    306 666
    323 667
    274 668
    287 669
    281 670
    281 671
    246 672
    275 673
    277 674
    223 675
    288 676
    269 677
    254 678
    263 679
    245 680
    231 681
    219 682
    232 683
    230 684
    270 685
    227 686
    241 687
    237 688
    250 689
    231 690
    248 691
    220 692
    193 693
    207 694
    201 695
    206 696
    229 697
    210 698
    200 699
    211 700
    164 701
    210 702
    194 703
    197 704
    208 705
    212 706
    172 707
    168 708
    167 709
    189 710
    190 711
    175 712
    169 713
    166 714
    149 715
    143 716
    153 717
    189 718
    166 719
    160 720
    161 721
    159 722
    155 723
    162 724
    153 725
    153 726
    133 727
    154 728
    148 729
    137 730
    166 731
    136 732
    144 733
    130 734
    119 735
    115 736
    139 737
    131 738
    136 739
    127 740
    122 741
    120 742
    123 743
    129 744
    110 745
    130 746
    122 747
    119 748
    120 749
    106 750
    119 751
    114 752
    119 753
    104 754
    118 755
    119 756
    121 757
    109 758
    118 759
    111 760
     98 761
     99 762
    129 763
     97 764
     96 765
    114 766
    107 767
    101 768
    118 769
     85 770
     86 771
     99 772
     89 773
     88 774
     97 775
     90 776
     92 777
     95 778
     91 779
     83 780
     91 781
     99 782
     75 783
     88 784
     80 785
     63 786
     77 787
     76 788
     67 789
     75 790
     85 791
     62 792
     86 793
     70 794
     73 795
     64 796
     79 797
     62 798
     67 799
     81 800
     82 801
     72 802
     99 803
     66 804
     61 805
     86 806
     58 807
     61 808
     62 809
     53 810
     60 811
     69 812
     57 813
     72 814
     60 815
     57 816
     64 817
     60 818
     42 819
     63 820
     58 821
     57 822
     53 823
     55 824
     52 825
     53 826
     67 827
     62 828
     50 829
     57 830
     57 831
     45 832
     43 833
     46 834
     51 835
     64 836
     51 837
     51 838
     43 839
     41 840
     59 841
     48 842
     44 843
     40 844
     54 845
     44 846
     47 847
     33 848
     37 849
     41 850
     40 851
     46 852
     51 853
     38 854
     35 855
     52 856
     33 857
     37 858
     48 859
     39 860
     36 861
     39 862
     29 863
     39 864
     33 865
     47 866
     32 867
     24 868
     32 869
     31 870
     30 871
     39 872
     37 873
     46 874
     31 875
     43 876
     35 877
     32 878
     40 879
     36 880
     42 881
     34 882
     26 883
     31 884
     35 885
     28 886
     47 887
     29 888
     31 889
     36 890
     33 891
     37 892
     32 893
     27 894
     39 895
     24 896
     36 897
     31 898
     20 899
     26 900
     30 901
     38 902
     29 903
     31 904
     30 905
     27 906
     19 907
     29 908
     18 909
     27 910
     21 911
     29 912
     26 913
     26 914
     29 915
     26 916
     27 917
     32 918
     23 919
     24 920
     24 921
     23 922
     19 923
     20 924
     19 925
     32 926
     17 927
     21 928
     14 929
     20 930
     34 931
     23 932
     14 933
     30 934
     17 935
     14 936
     21 937
     24 938
     21 939
     19 940
     16 941
     20 942
     26 943
     14 944
     18 945
     16 946
     21 947
     12 948
     22 949
     23 950
     24 951
     20 952
     22 953
     13 954
     13 955
     23 956
     20 957
     21 958
     10 959
     17 960
     19 961
     13 962
     25 963
     26 964
     16 965
     20 966
     21 967
     24 968
     17 969
     18 970
     20 971
     11 972
     26 973
     17 974
     19 975
     26 976
     17 977
     21 978
     18 979
     13 980
     20 981
     13 982
     11 983
     22 984
     13 985
      7 986
     22 987
     14 988
     13 989
     19 990
     10 991
     11 992
      9 993
     15 994
      6 995
     15 996
     12 997
     18 998
      9 999
     11 1000
     16 1001
     15 1002
     15 1003
     13 1004
     13 1005
     13 1006
     10 1007
     18 1008
     15 1009
     17 1010
     10 1011
     19 1012
     15 1013
     11 1014
     14 1015
     13 1016
     16 1017
     13 1018
     10 1019
     10 1020
     12 1021
      7 1022
     12 1023
     19 1024
     20 1025
     12 1026
     10 1027
     21 1028
     11 1029
     11 1030
     10 1031
     10 1032
     14 1033
     17 1034
     12 1035
      9 1036
     17 1037
     12 1038
     15 1039
     10 1040
      9 1041
     11 1042
     11 1043
     12 1044
     10 1045
     10 1046
      9 1047
     11 1048
     11 1049
      9 1050
     18 1051
      7 1052
      8 1053
     10 1054
     23 1055
     12 1056
      4 1057
     11 1058
     14 1059
     10 1060
     14 1061
      8 1062
     14 1063
     13 1064
      8 1065
     11 1066
     11 1067
     10 1068
     12 1069
     10 1070
      7 1071
     11 1072
     15 1073
     14 1074
      6 1075
      9 1076
     10 1077
      7 1078
     11 1079
      2 1080
      9 1081
      8 1082
     12 1083
     13 1084
     11 1085
     11 1086
     13 1087
      5 1088
     11 1089
      7 1090
     14 1091
     10 1092
      9 1093
     10 1094
      7 1095
     10 1096
      7 1097
      5 1098
      6 1099
      8 1100
      7 1101
      6 1102
     11 1103
     12 1104
     10 1105
      8 1106
     15 1107
      6 1108
      9 1109
      4 1110
      6 1111
      5 1112
      7 1113
     15 1114
      8 1115
     11 1116
     14 1117
     11 1118
      9 1119
      6 1120
      7 1121
     10 1122
     12 1123
      9 1124
      9 1125
      9 1126
      7 1127
      8 1128
      3 1129
      7 1130
      7 1131
      7 1132
     11 1133
     10 1134
     10 1135
      7 1136
      8 1137
      5 1138
      7 1139
     12 1140
     10 1141
      5 1142
      5 1143
      6 1144
      7 1145
     11 1146
      8 1147
     13 1148
      6 1149
      5 1150
      3 1151
     10 1152
      8 1153
      6 1154
     10 1155
      8 1156
     12 1157
     10 1158
      6 1159
      4 1160
      5 1161
      6 1162
      7 1163
      8 1164
      7 1165
     11 1166
     10 1167
      3 1168
      9 1169
      8 1170
      7 1171
      6 1172
      5 1173
     12 1174
      7 1175
      8 1176
      8 1177
      6 1178
      3 1179
      7 1180
      2 1181
     10 1182
      8 1183
      6 1184
     10 1185
     10 1186
      5 1187
      5 1188
      4 1189
      6 1190
      3 1191
      2 1192
      4 1193
      5 1194
      6 1195
      7 1196
      5 1197
      6 1198
      2 1199
      4 1200
      5 1201
      8 1202
      6 1203
      6 1204
      8 1205
      9 1206
      9 1207
      9 1208
      6 1209
      2 1210
      3 1211
      4 1212
      5 1213
      3 1214
      1 1215
      8 1216
      6 1217
      4 1218
      5 1219
      8 1220
      5 1221
      4 1222
      8 1223
      3 1224
      6 1225
      2 1226
      9 1227
      3 1228
      5 1229
      4 1230
      5 1231
      7 1232
      9 1233
      2 1234
      3 1235
      5 1236
      3 1237
      6 1238
      3 1239
      2 1240
      4 1241
      5 1242
      2 1243
      5 1244
      6 1245
      2 1246
      3 1247
      4 1248
      7 1249
      2 1250
      8 1251
      4 1252
      7 1253
      5 1254
      5 1255
      4 1256
      7 1257
      3 1258
      2 1259
      3 1260
      3 1261
      3 1262
      9 1263
      7 1264
      4 1265
      1 1266
      5 1267
      9 1268
      5 1269
      4 1270
      9 1271
      2 1272
      4 1273
      6 1274
      8 1275
      8 1276
      4 1277
      6 1278
      6 1279
      4 1280
      5 1281
      3 1282
      3 1283
      6 1284
      2 1285
      6 1286
      3 1287
      6 1288
      6 1289
      4 1290
      9 1291
      3 1292
      3 1293
      3 1294
      2 1295
      2 1296
      7 1297
      6 1298
      3 1299
      2 1300
      2 1301
      8 1302
      1 1303
      3 1304
      5 1305
      3 1306
      3 1307
      7 1308
      2 1309
      6 1311
      1 1312
      1 1313
      2 1314
      5 1315
      3 1316
      3 1317
      3 1318
      4 1319
      1 1320
      3 1321
      4 1322
      3 1323
      4 1324
      4 1325
      1 1326
      5 1327
      1 1328
      8 1329
      3 1330
      2 1331
      4 1332
      1 1333
      5 1334
      2 1335
      6 1336
      5 1337
      3 1338
      3 1339
      1 1340
      1 1341
      3 1342
      2 1343
      4 1344
      1 1345
      3 1346
      3 1347
      4 1348
      5 1349
      3 1350
      4 1351
      3 1352
      3 1353
      3 1354
      5 1355
      3 1356
      4 1357
      1 1358
      2 1359
      3 1360
      2 1362
      2 1363
      4 1364
      4 1365
      2 1366
      6 1367
      1 1368
      3 1369
      4 1370
      2 1372
      5 1373
      5 1374
      2 1376
      3 1377
      6 1378
      3 1379
      1 1380
      7 1381
      2 1382
      4 1384
      2 1385
      3 1386
      3 1387
      6 1388
      2 1389
      7 1390
      7 1392
      4 1393
      6 1394
      2 1395
      4 1396
      1 1397
      6 1399
      2 1400
      1 1401
      5 1402
      1 1403
      3 1405
      3 1406
      1 1407
      1 1408
      2 1410
      3 1411
      1 1412
      2 1413
      2 1414
      5 1415
      3 1417
      3 1418
      1 1419
      3 1420
      2 1421
      2 1422
      5 1423
      2 1424
      3 1425
      4 1428
      3 1429
      5 1430
      3 1431
      1 1432
      2 1433
      1 1434
      5 1435
      3 1437
      3 1438
      2 1439
      3 1441
      2 1442
      4 1443
      2 1444
      3 1445
      2 1446
      4 1447
      2 1448
      2 1450
      2 1451
      5 1452
      3 1453
      5 1454
      2 1455
      6 1456
      1 1457
      2 1458
      3 1459
      3 1461
      3 1462
      1 1463
      7 1464
      3 1465
      2 1466
      1 1467
      2 1468
      2 1469
      1 1472
      5 1473
      5 1474
      1 1476
      3 1477
      3 1478
      1 1479
      3 1481
      3 1482
      2 1485
      3 1486
      2 1487
      2 1488
      5 1489
      3 1491
      1 1492
      4 1493
      2 1494
      2 1495
      2 1496
      1 1497
      2 1498
      1 1499
      2 1501
      4 1502
      1 1503
      5 1504
      3 1506
      1 1507
      1 1508
      4 1510
      2 1512
      2 1513
      1 1514
      2 1515
      2 1516
      6 1518
      4 1519
      1 1520
      4 1521
      2 1522
      3 1523
      1 1524
      2 1525
      1 1526
      2 1528
      1 1529
      4 1530
      1 1531
      1 1532
      2 1533
      2 1534
      2 1535
      2 1536
      2 1538
      1 1539
      2 1540
      2 1541
      1 1543
      1 1544
      2 1545
      1 1546
      3 1547
      3 1548
      1 1549
      3 1550
      2 1552
      3 1555
      3 1556
      1 1557
      1 1559
      2 1560
      4 1561
      2 1562
      1 1563
      2 1564
      2 1565
      1 1566
      2 1567
      4 1568
      1 1569
      4 1572
      1 1574
      2 1575
      3 1576
      3 1577
      3 1578
      1 1579
      1 1581
      2 1582
      2 1583
      1 1584
      1 1585
      2 1586
      3 1588
      4 1589
      3 1590
      4 1591
      2 1592
      3 1593
      4 1595
      1 1596
      1 1597
      2 1598
      1 1599
      3 1600
      5 1601
      2 1602
      3 1603
      3 1604
      3 1605
      4 1606
      1 1607
      1 1608
      2 1609
      2 1610
      1 1611
      4 1612
      2 1613
      1 1615
      4 1616
      4 1617
      2 1618
      4 1619
      2 1620
      2 1621
      2 1623
      1 1624
      2 1626
      1 1628
      2 1629
      1 1630
      1 1631
      3 1632
      2 1633
      4 1634
      4 1635
      2 1636
      2 1638
      5 1639
      3 1641
      2 1643
      3 1644
      2 1645
      1 1648
      4 1650
      1 1651
      4 1652
      3 1653
      1 1654
      3 1655
      3 1656
      4 1659
      2 1660
      1 1662
      1 1663
      1 1664
      1 1665
      1 1666
      1 1667
      3 1668
      1 1670
      2 1671
      1 1672
      3 1674
      3 1675
      1 1677
      1 1679
      3 1680
      2 1681
      2 1682
      2 1683
      1 1684
      1 1685
      3 1686
      2 1687
      2 1688
      4 1690
      5 1691
      1 1692
      1 1693
      1 1695
      3 1696
      1 1697
      1 1701
      2 1702
      4 1703
      2 1704
      2 1705
      2 1706
      3 1707
      1 1708
      2 1709
      2 1710
      3 1712
      1 1713
      2 1716
      2 1717
      1 1718
      2 1719
      1 1721
      2 1724
      1 1725
      1 1726
      4 1727
      2 1728
      1 1729
      3 1730
      2 1731
      2 1732
      4 1733
      1 1735
      3 1737
      1 1738
      1 1740
      2 1741
      2 1742
      3 1743
      1 1744
      1 1745
      1 1746
      2 1747
      2 1748
      1 1750
      1 1751
      2 1752
      1 1754
      2 1756
      2 1757
      1 1758
      3 1759
      1 1762
      3 1763
      3 1764
      1 1765
      1 1768
      3 1771
      3 1773
      1 1774
      3 1776
      2 1777
      2 1778
      2 1779
      2 1782
      1 1783
      1 1784
      1 1785
      1 1786
      1 1787
      2 1788
      1 1789
      2 1790
      1 1791
      1 1793
      2 1797
      1 1798
      2 1800
      2 1803
      2 1804
      1 1805
      1 1806
      1 1807
      2 1808
      4 1809
      1 1810
      2 1811
      1 1812
      3 1813
      2 1814
      1 1816
      1 1818
      1 1819
      1 1820
      1 1822
      1 1824
      2 1828
      2 1829
      1 1833
      1 1835
      1 1841
      1 1842
      3 1843
      2 1844
      4 1845
      1 1849
      1 1852
      1 1853
      1 1854
      2 1855
      2 1856
      1 1858
      3 1860
      1 1861
      2 1862
      2 1863
      1 1865
      1 1867
      2 1868
      1 1869
      2 1870
      1 1871
      1 1873
      1 1874
      1 1878
      2 1880
      2 1881
      1 1882
      1 1885
      1 1886
      1 1887
      1 1888
      1 1891
      2 1893
      1 1894
      1 1895
      2 1897
      2 1901
      2 1902
      2 1904
      1 1908
      1 1912
      2 1914
      1 1917
      2 1918
      3 1920
      1 1923
      1 1925
      2 1926
      1 1927
      1 1928
      1 1929
      1 1930
      1 1931
      1 1932
      2 1938
      1 1939
      1 1940
      1 1941
      2 1945
      1 1948
      1 1952
      1 1953
      1 1954
      2 1957
      1 1960
      3 1962
      1 1964
      2 1966
      1 1967
      2 1970
      2 1972
      1 1973
      1 1975
      2 1976
      1 1979
      2 1981
      1 1982
      1 1983
      2 1984
      1 1986
      1 1987
      1 1989
      4 1992
      2 1995
      1 1997
      1 1998
      1 1999
      1 2000
      2 2004
      1 2005
      1 2006
      1 2008
      1 2011
      2 2012
      1 2016
      1 2018
      2 2020
      1 2022
      1 2026
      1 2028
      1 2032
      1 2036
      1 2037
      1 2038
      1 2039
      1 2040
      1 2044
      1 2046
      2 2049
      2 2051
      2 2052
      2 2054
      1 2055
      2 2057
      2 2058
      1 2061
      2 2063
      1 2064
      1 2065
      3 2066
      2 2068
      1 2069
      1 2073
      2 2075
      1 2076
      1 2080
      1 2081
      2 2082
      1 2083
      1 2084
      1 2085
      1 2087
      1 2089
      1 2091
      1 2094
      1 2097
      2 2099
      1 2100
      1 2101
      1 2104
      1 2105
      1 2106
      3 2108
      2 2111
      1 2112
      1 2113
      2 2117
      2 2121
      1 2122
      1 2123
      1 2128
      1 2130
      1 2136
      1 2138
      2 2139
      1 2141
      1 2144
      1 2145
      1 2146
      1 2152
      1 2154
      1 2156
      1 2158
      1 2159
      1 2160
      1 2162
      3 2164
      2 2165
      1 2167
      2 2169
      3 2174
      2 2175
      1 2176
      1 2180
      1 2182
      2 2185
      1 2186
      1 2188
      1 2189
      1 2197
      1 2198
      1 2200
      1 2201
      1 2202
      1 2204
      1 2208
      1 2210
      1 2215
      1 2218
      2 2220
      1 2221
      1 2222
      1 2223
      1 2226
      1 2229
      1 2231
      2 2237
      1 2242
      2 2243
      1 2245
      2 2249
      1 2250
      1 2252
      2 2253
      1 2254
      1 2255
      1 2259
      1 2262
      1 2268
      2 2269
      1 2271
      2 2274
      1 2275
      1 2277
      1 2285
      1 2286
      1 2288
      5 2289
      1 2293
      1 2294
      1 2296
      1 2304
      1 2305
      4 2307
      1 2308
      1 2313
      1 2315
      1 2316
      1 2318
      1 2319
      1 2322
      1 2324
      1 2329
      1 2335
      1 2339
      1 2341
      1 2342
      1 2350
      1 2372
      1 2376
      3 2377
      1 2379
      1 2380
      1 2383
      1 2388
      1 2396
      1 2397
      1 2402
      1 2404
      2 2408
      1 2410
      1 2420
      1 2435
      1 2438
      1 2442
      1 2455
      1 2456
      1 2459
      1 2462
      1 2463
      1 2465
      1 2469
      1 2471
      1 2473
      2 2476
      1 2482
      1 2483
      1 2496
      1 2500
      1 2511
      1 2514
      1 2524
      1 2531
      2 2533
      1 2536
      1 2537
      1 2548
      1 2554
      1 2557
      1 2560
      1 2565
      1 2566
      1 2574
      1 2575
      1 2577
      1 2578
      2 2580
      1 2581
      1 2582
      1 2585
      1 2599
      1 2603
      2 2604
      1 2605
      2 2608
      1 2610
      1 2611
      1 2614
      1 2615
      1 2617
      1 2620
      1 2621
      1 2629
      1 2641
      1 2654
      1 2658
      1 2660
      1 2663
      1 2665
      1 2668
      1 2670
      1 2675
      1 2680
      1 2682
      1 2688
      2 2691
      1 2707
      1 2714
      1 2716
      1 2717
      2 2737
      1 2738
      1 2749
      1 2756
      1 2758
      1 2763
      1 2768
      1 2769
      1 2782
      1 2794
      1 2796
      1 2813
      1 2816
      1 2832
      1 2836
      1 2847
      1 2854
      1 2858
      1 2865
      1 2866
      1 2868
      1 2874
      2 2878
      1 2882
      1 2883
      1 2884
      1 2900
      1 2909
      1 2910
      1 2915
      1 2922
      1 2930
      1 2932
      1 2946
      1 2967
      1 2976
      1 2978
      1 2985
      1 2997
      1 2999
      1 3010
      1 3016
      1 3044
      1 3076
      1 3084
      1 3085
      1 3105
      1 3113
      1 3142
      1 3155
      1 3208
      1 3210
      1 3216
      1 3226
      1 3238
      2 3252
      1 3266
      1 3283
      1 3290
      1 3297
      1 3334
      1 3336
      1 3364
      1 3372
      1 3379
      1 3380
      1 3389
      1 3484
      1 3489
      1 3589
      1 3655
      1 3674
      1 3730
      1 3736
      1 3753
      1 3770
      1 3776
      1 3795
      1 3797
      1 3849
      1 3955
      1 3964
      1 3967
      1 3980
      1 4134
      1 4191
      1 4212
      1 4356
      1 4374
      1 4404
      1 4472
      1 4708
      1 4848
      1 4967
      1 5209
      1 5425
      1 5533
      1 5896
      1 6186
      1 6343
      1 6391
      1 7444
      1 7951
      1 10334
      1 12364
      1 17393
      1 24231
      1 24641
---AAD-PGBENCH-LAG-US---
  21872 0
  18702 1
  16680 2
  15851 3
  15147 4
  14709 5
  14008 6
  13208 7
  12984 8
  12590 9
  12344 10
  12096 11
  12018 12
  11832 13
  11735 14
  11843 15
  11718 16
  11454 17
  11542 18
  11584 19
  11373 20
  11264 21
  11202 22
  11457 23
  11466 24
  11405 25
  11308 26
  11239 27
  11160 28
  11302 29
  11046 30
  11269 31
  11056 32
  11043 33
  10702 34
  10746 35
  10677 36
  10591 37
  10375 38
  10406 39
  10202 40
  10161 41
  10210 42
  10041 43
   9881 44
   9662 45
   9697 46
   9677 47
   9480 48
   9379 49
   8806 50
   8807 51
   8136 52
   7686 53
   7344 54
  18807 55
  34376 56
  18897 57
  14114 58
  13284 59
  12508 60
  15491 61
  30307 62
  50873 63
  83741 64
  64819 65
  29574 66
  21303 67
  20583 68
  21913 69
  25547 70
  22900 71
  21918 72
  17897 73
  11643 74
   8975 75
   7719 76
   6732 77
   6472 78
   6237 79
   4869 80
   3660 81
   2936 82
   2621 83
   2090 84
   1722 85
   1500 86
   1309 87
   1043 88
    905 89
    778 90
    688 91
    647 92
    557 93
    500 94
    463 95
    399 96
    380 97
    323 98
    343 99
    302 100
    283 101
    251 102
    248 103
    253 104
    247 105
    223 106
    213 107
    229 108
    221 109
    188 110
    212 111
    207 112
    173 113
    190 114
    169 115
    196 116
    191 117
    197 118
    189 119
    177 120
    149 121
    189 122
    167 123
    201 124
    170 125
    164 126
    161 127
    145 128
    162 129
    160 130
    155 131
    147 132
    141 133
    138 134
    148 135
    141 136
    156 137
    133 138
    137 139
    153 140
    132 141
    140 142
    129 143
    126 144
    145 145
    119 146
    143 147
    102 148
    117 149
    134 150
    121 151
    108 152
    119 153
    110 154
    101 155
    107 156
    113 157
    131 158
    109 159
    109 160
    111 161
    113 162
    105 163
     88 164
    118 165
     87 166
     97 167
    109 168
     85 169
     87 170
     74 171
     73 172
     83 173
     72 174
     94 175
     93 176
     82 177
     91 178
     89 179
     84 180
     81 181
     88 182
     94 183
     84 184
     81 185
     73 186
     71 187
     69 188
     69 189
     76 190
     62 191
     70 192
     70 193
     68 194
     75 195
     82 196
     58 197
     43 198
     73 199
     59 200
     64 201
     74 202
     61 203
     54 204
     60 205
     64 206
     55 207
     60 208
     48 209
     55 210
     62 211
     54 212
     60 213
     57 214
     60 215
     58 216
     42 217
     52 218
     52 219
     48 220
     49 221
     44 222
     49 223
     54 224
     42 225
     48 226
     45 227
     45 228
     41 229
     54 230
     45 231
     41 232
     37 233
     32 234
     44 235
     41 236
     32 237
     31 238
     25 239
     34 240
     37 241
     40 242
     39 243
     29 244
     41 245
     30 246
     28 247
     23 248
     31 249
     32 250
     25 251
     27 252
     28 253
     27 254
     35 255
     23 256
     31 257
     35 258
     23 259
     27 260
     30 261
     20 262
     26 263
     29 264
     27 265
     31 266
     23 267
     28 268
     21 269
     22 270
     13 271
     18 272
     21 273
     23 274
     24 275
     16 276
     17 277
     26 278
     17 279
     15 280
     18 281
     19 282
     15 283
     26 284
     15 285
     13 286
     18 287
     18 288
     16 289
     13 290
     17 291
     12 292
     14 293
     13 294
     13 295
     10 296
     11 297
     18 298
      6 299
     14 300
     16 301
     13 302
      6 303
     12 304
     23 305
     14 306
     13 307
     13 308
     14 309
     16 310
      9 311
     12 312
     13 313
     22 314
     10 315
     13 316
      7 317
      9 318
     14 319
     18 320
     14 321
     17 322
      6 323
     12 324
     11 325
      6 326
     10 327
      8 328
     15 329
     11 330
     14 331
      9 332
      8 333
      7 334
      8 335
     11 336
      7 337
      7 338
      7 339
     13 340
     11 341
      8 342
     11 343
     10 344
      7 345
      9 346
     16 347
      6 348
      9 349
     11 350
      8 351
      9 352
      6 353
      4 354
     12 355
     13 356
     10 357
      9 358
     10 359
      9 360
     10 361
      9 362
     12 363
      7 364
      9 365
      8 366
     10 367
      4 368
      5 369
      7 370
     11 371
      8 372
     13 373
      5 374
      4 375
      8 376
      5 377
      8 378
      2 379
      3 380
     11 381
      6 382
      8 383
      4 384
      7 385
      9 386
      3 387
      3 388
      2 389
      6 390
      3 391
      6 392
      4 393
      5 394
      9 395
      4 396
      3 397
      5 398
      4 399
      3 400
      8 401
      4 402
      6 403
      8 404
      4 405
      7 406
      2 407
      5 408
      7 409
      2 410
      3 411
      4 412
      5 413
      1 414
      4 415
      7 416
      2 417
     12 418
      4 419
      4 420
      6 421
      3 422
      3 423
      3 424
      7 425
      3 426
      5 427
      3 428
      2 429
      3 430
      3 431
      3 432
      4 433
      2 434
      5 435
      4 436
      5 437
      6 438
      1 439
      2 440
      4 441
      5 442
      2 443
      4 444
      3 445
      3 446
      4 447
      2 448
      5 449
      5 450
      1 451
      4 452
      8 453
      4 454
      4 455
      4 456
      6 457
      3 458
      7 459
      2 460
      4 461
      4 462
      3 463
      3 464
      4 465
      3 466
      3 467
      6 468
      1 469
      2 470
      2 471
      2 472
      2 473
      1 474
      1 475
      3 476
      5 477
      5 479
      5 480
      1 481
      5 482
      4 483
      2 484
      4 486
      2 487
      1 488
      3 490
      2 491
      2 492
      2 493
      2 494
      4 495
      7 496
      1 497
      3 498
      6 499
      2 500
      1 501
      3 502
      6 503
      3 504
      3 505
      4 507
      4 509
      4 510
      3 511
      3 512
      3 514
      3 515
      2 516
      4 518
      1 520
      5 521
      1 522
      1 523
      4 524
      1 525
      2 526
      1 527
      1 528
      2 529
      3 530
      3 531
      3 532
      1 533
      1 534
      2 535
      3 536
      3 537
      2 538
      1 539
      2 540
      2 541
      2 542
      2 543
      2 544
      1 545
      1 546
      3 548
      4 549
      2 550
      3 551
      3 552
      2 553
      4 554
      4 555
      2 556
      1 557
      2 558
      4 560
      3 562
      1 563
      2 564
      2 565
      1 566
      4 567
      5 568
      3 569
      2 570
      2 571
      3 573
      2 574
      4 575
      2 577
      2 578
      3 579
      2 581
      5 585
      2 586
      2 587
      2 588
      2 590
      1 591
      1 592
      2 593
      2 594
      4 595
      2 596
      3 597
      3 598
      2 599
      1 600
      4 601
      1 602
      1 604
      4 605
      3 606
      1 607
      3 609
      1 610
      2 611
      3 612
      1 613
      1 614
      1 615
      2 616
      2 617
      1 618
      1 619
      2 620
      2 623
      2 625
      1 626
      1 628
      1 629
      2 630
      1 631
      2 632
      3 633
      1 635
      2 636
      2 638
      2 640
      1 641
      1 642
      2 643
      2 644
      4 646
      3 649
      1 650
      3 651
      1 652
      2 653
      2 654
      2 655
      4 656
      2 657
      2 658
      1 661
      1 663
      1 664
      1 667
      2 668
      3 671
      3 672
      3 673
      2 674
      1 677
      2 678
      1 679
      1 680
      2 682
      1 683
      1 685
      2 686
      2 687
      1 689
      1 690
      3 691
      1 692
      1 695
      1 696
      2 697
      2 699
      3 700
      1 701
      2 703
      2 704
      2 705
      2 706
      1 707
      2 708
      1 709
      1 711
      3 712
      2 713
      3 715
      1 716
      3 718
      1 719
      1 722
      2 723
      2 724
      1 725
      1 726
      1 727
      1 728
      2 729
      1 732
      1 733
      1 734
      3 736
      1 738
      2 739
      1 740
      1 741
      1 742
      4 743
      1 744
      1 748
      1 750
      4 751
      3 752
      2 753
      1 754
      1 756
      2 757
      2 758
      1 760
      1 761
      1 762
      1 763
      2 764
      3 765
      1 766
      2 767
      1 768
      2 770
      1 771
      2 772
      1 773
      1 774
      2 775
      1 777
      3 778
      1 780
      1 781
      3 782
      3 783
      2 784
      1 786
      1 787
      1 789
      4 791
      1 792
      2 793
      1 794
      1 795
      1 798
      1 801
      1 802
      2 804
      1 806
      1 807
      1 810
      1 811
      2 812
      3 814
      1 815
      1 817
      2 818
      3 821
      2 822
      1 823
      1 827
      2 830
      3 831
      3 832
      1 834
      1 835
      2 836
      2 838
      1 839
      3 841
      1 842
      1 843
      1 844
      2 846
      1 847
      5 849
      3 850
      1 851
      2 852
      2 854
      2 856
      2 857
      1 859
      1 860
      1 861
      1 862
      3 863
      3 865
      1 868
      1 870
      2 871
      1 872
      2 873
      1 876
      1 877
      1 879
      1 880
      1 881
      1 882
      1 886
      1 887
      1 889
      2 890
      1 891
      1 893
      3 896
      1 900
      1 901
      1 902
      1 903
      1 904
      1 905
      1 909
      1 910
      1 912
      1 913
      2 914
      1 915
      2 916
      1 917
      3 919
      1 920
      1 921
      1 922
      1 924
      2 925
      2 926
      5 927
      1 928
      2 929
      2 931
      1 933
      1 934
      1 935
      1 936
      3 937
      2 938
      1 939
      1 940
      2 942
      1 943
      2 945
      1 946
      1 947
      2 949
      2 950
      1 952
      1 954
      2 955
      1 957
      2 958
      1 960
      2 961
      1 962
      2 964
      1 966
      2 969
      1 970
      1 971
      1 973
      1 976
      4 980
      1 981
      2 982
      1 984
      2 985
      1 990
      1 991
      1 994
      1 996
      1 998
      2 999
      3 1000
      1 1001
      1 1003
      1 1004
      1 1005
      3 1007
      1 1010
      1 1013
      1 1015
      1 1018
      1 1021
      4 1023
      1 1024
      2 1027
      1 1029
      2 1032
      1 1034
      2 1035
      3 1038
      1 1040
      2 1041
      3 1042
      1 1043
      1 1047
      1 1048
      1 1049
      1 1052
      1 1053
      2 1055
      1 1056
      1 1057
      1 1058
      1 1062
      1 1064
      1 1065
      3 1067
      1 1069
      2 1070
      1 1073
      3 1075
      1 1076
      4 1077
      1 1080
      2 1081
      2 1082
      1 1084
      2 1087
      1 1089
      1 1097
      1 1102
      1 1105
      2 1107
      1 1112
      1 1113
      1 1115
      2 1118
      2 1119
      1 1120
      1 1123
      1 1124
      1 1126
      1 1128
      1 1131
      1 1135
      1 1141
      1 1142
      2 1144
      1 1146
      1 1147
      1 1148
      3 1149
      2 1155
      1 1160
      1 1162
      1 1164
      1 1166
      1 1167
      1 1169
      1 1170
      1 1171
      2 1176
      1 1178
      1 1179
      3 1180
      1 1186
      1 1190
      1 1191
      2 1192
      1 1196
      2 1197
      1 1198
      2 1200
      2 1204
      1 1207
      1 1211
      2 1212
      1 1213
      1 1214
      2 1215
      1 1218
      1 1219
      4 1220
      2 1221
      1 1224
      1 1227
      1 1228
      2 1229
      2 1231
      1 1233
      1 1234
      1 1240
      1 1241
      1 1244
      1 1247
      1 1249
      1 1252
      1 1253
      1 1254
      1 1255
      1 1256
      1 1257
      1 1258
      2 1259
      1 1260
      2 1261
      1 1262
      1 1268
      1 1269
      1 1271
      1 1276
      1 1277
      1 1279
      1 1280
      1 1284
      1 1285
      1 1295
      2 1301
      1 1302
      1 1304
      1 1305
      1 1306
      1 1309
      1 1310
      3 1312
      2 1316
      2 1322
      1 1323
      1 1324
      1 1326
      1 1327
      2 1329
      1 1330
      1 1334
      1 1335
      1 1337
      2 1339
      1 1341
      1 1343
      1 1348
      2 1352
      2 1353
      1 1355
      1 1358
      1 1359
      1 1362
      1 1365
      1 1366
      2 1367
      1 1368
      1 1373
      2 1374
      1 1377
      1 1379
      1 1380
      1 1383
      1 1384
      2 1385
      2 1386
      2 1387
      1 1389
      2 1390
      1 1391
      1 1392
      1 1396
      2 1400
      1 1403
      1 1405
      1 1406
      1 1407
      2 1411
      1 1412
      1 1414
      1 1417
      1 1419
      1 1420
      1 1423
      1 1425
      1 1428
      1 1429
      1 1430
      1 1431
      1 1434
      2 1436
      1 1445
      1 1447
      3 1448
      2 1451
      1 1453
      1 1454
      1 1455
      1 1460
      1 1464
      3 1465
      2 1466
      1 1469
      1 1474
      1 1477
      1 1480
      2 1482
      1 1483
      1 1484
      1 1486
      2 1487
      3 1490
      1 1491
      1 1492
      1 1500
      1 1501
      1 1504
      2 1505
      1 1508
      2 1512
      1 1522
      1 1524
      1 1526
      1 1527
      1 1528
      2 1531
      2 1532
      2 1533
      1 1536
      1 1540
      1 1544
      1 1551
      2 1552
      1 1553
      1 1557
      1 1558
      1 1559
      1 1560
      2 1561
      1 1568
      1 1570
      1 1572
      1 1574
      1 1577
      1 1578
      1 1580
      1 1583
      1 1590
      1 1591
      1 1592
      1 1595
      1 1597
      1 1604
      3 1609
      1 1612
      1 1615
      1 1616
      1 1623
      2 1626
      1 1635
      1 1639
      1 1640
      1 1641
      2 1644
      1 1649
      1 1650
      2 1651
      1 1653
      1 1654
      1 1655
      1 1656
      1 1657
      2 1658
      1 1660
      1 1661
      1 1664
      2 1666
      1 1671
      2 1673
      2 1678
      1 1683
      1 1686
      2 1687
      2 1688
      3 1690
      1 1693
      1 1696
      1 1698
      2 1699
      1 1702
      1 1705
      1 1706
      2 1712
      2 1716
      1 1722
      1 1725
      2 1726
      2 1728
      1 1730
      1 1734
      1 1738
      2 1741
      1 1744
      1 1747
      1 1750
      2 1753
      1 1757
      1 1760
      2 1765
      1 1766
      1 1768
      2 1773
      1 1774
      2 1777
      1 1778
      1 1788
      1 1789
      1 1791
      1 1792
      1 1797
      1 1799
      1 1800
      1 1802
      2 1804
      1 1805
      2 1808
      1 1809
      1 1810
      1 1812
      1 1816
      1 1817
      1 1819
      1 1820
      1 1821
      1 1822
      1 1823
      1 1826
      1 1828
      1 1831
      1 1836
      1 1837
      1 1841
      1 1846
      1 1849
      2 1851
      3 1852
      1 1853
      1 1858
      1 1861
      1 1867
      1 1870
      4 1873
      1 1874
      1 1881
      2 1891
      1 1899
      1 1902
      1 1906
      1 1913
      1 1915
      1 1918
      1 1920
      1 1921
      1 1924
      1 1933
      1 1938
      1 1939
      1 1943
      1 1945
      1 1948
      1 1950
      1 1953
      1 1956
      2 1961
      1 1972
      2 1974
      1 1975
      1 1978
      3 1980
      1 1981
      1 1982
      2 1989
      1 1992
      1 1993
      1 1999
      1 2002
      1 2006
      1 2008
      2 2013
      1 2017
      1 2020
      1 2021
      1 2022
      1 2023
      1 2025
      1 2029
      1 2031
      1 2034
      1 2035
      1 2037
      1 2038
      1 2039
      1 2040
      2 2041
      1 2044
      1 2046
      1 2048
      1 2049
      1 2053
      2 2055
      1 2057
      1 2061
      1 2065
      1 2072
      1 2075
      1 2078
      1 2083
      2 2084
      1 2086
      1 2091
      1 2093
      1 2095
      2 2099
      1 2108
      1 2110
      1 2111
      1 2113
      1 2114
      1 2119
      1 2120
      1 2122
      1 2123
      1 2124
      1 2128
      1 2129
      1 2137
      1 2139
      1 2140
      2 2146
      1 2147
      1 2157
      2 2164
      2 2171
      2 2174
      1 2175
      2 2176
      1 2178
      2 2179
      1 2181
      3 2185
      1 2186
      1 2187
      1 2188
      1 2192
      1 2194
      1 2196
      1 2197
      2 2201
      4 2205
      1 2207
      1 2208
      1 2209
      1 2210
      2 2215
      1 2221
      1 2224
      1 2226
      1 2228
      1 2230
      1 2232
      1 2242
      1 2243
      1 2247
      1 2249
      1 2250
      1 2254
      1 2258
      1 2263
      2 2280
      1 2281
      1 2284
      1 2295
      2 2298
      1 2300
      1 2305
      1 2306
      2 2310
      1 2312
      1 2313
      1 2320
      1 2321
      1 2334
      1 2335
      1 2336
      1 2340
      1 2344
      1 2347
      1 2350
      2 2351
      1 2355
      1 2360
      1 2364
      1 2367
      1 2371
      1 2372
      1 2373
      1 2374
      1 2381
      1 2385
      1 2390
      2 2392
      1 2395
      1 2397
      1 2410
      1 2412
      1 2413
      1 2415
      1 2423
      1 2424
      1 2426
      2 2431
      1 2433
      1 2443
      1 2445
      1 2452
      1 2453
      1 2461
      1 2469
      1 2470
      1 2472
      1 2474
      1 2475
      1 2476
      1 2479
      1 2483
      1 2485
      1 2492
      1 2493
      2 2494
      1 2496
      2 2498
      1 2509
      1 2511
      1 2515
      1 2516
      1 2518
      1 2519
      1 2521
      1 2525
      1 2526
      1 2528
      1 2533
      1 2534
      1 2536
      1 2538
      1 2540
      1 2541
      1 2547
      1 2553
      1 2561
      1 2564
      1 2565
      1 2569
      1 2574
      1 2577
      1 2580
      1 2584
      1 2588
      1 2590
      1 2597
      2 2600
      1 2608
      1 2610
      1 2611
      1 2616
      1 2618
      1 2619
      1 2621
      1 2628
      1 2629
      1 2630
      2 2634
      1 2638
      1 2639
      1 2642
      1 2643
      1 2645
      1 2648
      2 2649
      1 2650
      1 2655
      1 2656
      1 2659
      2 2665
      1 2671
      1 2672
      1 2674
      1 2678
      1 2680
      1 2684
      1 2686
      1 2687
      1 2688
      1 2693
      1 2696
      2 2699
      1 2700
      1 2701
      1 2705
      1 2707
      1 2709
      1 2711
      1 2721
      1 2722
      1 2727
      1 2728
      1 2741
      1 2744
      3 2747
      1 2751
      1 2754
      1 2756
      1 2758
      1 2761
      1 2763
      1 2766
      1 2768
      1 2773
      1 2780
      1 2786
      1 2789
      1 2792
      1 2794
      1 2795
      1 2803
      1 2809
      1 2810
      1 2818
      1 2821
      1 2828
      1 2831
      1 2835
      3 2839
      1 2843
      1 2852
      1 2855
      1 2857
      1 2859
      1 2865
      2 2870
      1 2872
      1 2891
      1 2897
      1 2904
      1 2905
      2 2914
      1 2918
      1 2922
      2 2923
      1 2928
      1 2933
      1 2934
      1 2943
      1 2945
      1 2946
      2 2947
      1 2949
      1 2955
      1 2956
      2 2958
      2 2959
      1 2963
      1 2965
      1 2966
      1 2968
      1 2971
      1 2972
      2 2973
      1 2977
      1 2978
      1 2979
      1 2981
      1 2983
      1 2985
      1 2986
      1 2988
      1 2993
      2 2995
      1 2996
      2 2997
      1 2998
      1 3000
      1 3005
      1 3011
      1 3012
      1 3015
      1 3017
      1 3018
      1 3024
      1 3026
      1 3028
      1 3036
      1 3038
      1 3050
      1 3051
      1 3053
      1 3059
      1 3063
      1 3065
      2 3085
      1 3087
      2 3091
      1 3095
      1 3098
      2 3104
      1 3105
      1 3106
      1 3110
      1 3113
      1 3129
      1 3131
      1 3145
      1 3152
      1 3155
      1 3157
      1 3158
      1 3159
      1 3160
      1 3166
      3 3169
      1 3170
      1 3174
      1 3175
      1 3176
      1 3177
      1 3181
      2 3184
      1 3188
      1 3189
      1 3196
      1 3200
      1 3207
      1 3218
      1 3222
      1 3232
      2 3235
      1 3244
      1 3246
      1 3247
      2 3251
      1 3262
      1 3263
      1 3264
      1 3266
      1 3267
      1 3274
      3 3282
      1 3285
      1 3286
      1 3288
      1 3290
      1 3297
      3 3302
      1 3305
      2 3307
      1 3313
      1 3317
      1 3318
      1 3323
      1 3325
      1 3326
      1 3328
      1 3332
      1 3335
      2 3339
      1 3340
      1 3342
      2 3346
      1 3353
      2 3358
      1 3361
      1 3376
      1 3381
      1 3387
      1 3391
      1 3392
      1 3395
      1 3396
      1 3398
      2 3401
      1 3404
      1 3412
      1 3416
      1 3420
      1 3423
      1 3426
      1 3428
      2 3437
      2 3451
      1 3462
      1 3465
      1 3469
      1 3472
      1 3473
      1 3480
      1 3482
      1 3502
      1 3503
      1 3505
      2 3510
      1 3511
      1 3512
      1 3513
      2 3524
      1 3526
      1 3529
      2 3538
      1 3539
      1 3543
      1 3550
      1 3562
      1 3563
      1 3565
      1 3568
      1 3572
      1 3573
      1 3582
      2 3585
      1 3595
      1 3597
      1 3609
      1 3617
      1 3621
      1 3622
      1 3627
      1 3636
      1 3646
      1 3667
      1 3670
      1 3676
      1 3685
      1 3686
      1 3689
      1 3693
      1 3701
      2 3703
      1 3709
      1 3724
      2 3727
      1 3740
      1 3744
      1 3746
      1 3750
      1 3755
      1 3756
      1 3758
      1 3759
      1 3766
      1 3767
      1 3770
      1 3774
      1 3780
      1 3782
      1 3783
      1 3785
      2 3792
      1 3795
      2 3797
      1 3800
      1 3801
      1 3803
      1 3818
      1 3819
      1 3841
      1 3846
      1 3847
      1 3852
      1 3853
      1 3870
      1 3875
      1 3877
      2 3878
      1 3881
      1 3888
      1 3890
      1 3891
      1 3901
      1 3904
      1 3911
      1 3917
      1 3928
      2 3930
      1 3934
      1 3936
      1 3938
      1 3940
      1 3941
      1 3948
      2 3956
      1 3963
      1 3966
      2 3968
      1 3974
      1 3981
      1 3988
      1 3993
      1 3998
      2 4000
      1 4003
      1 4005
      1 4006
      3 4010
      1 4017
      2 4024
      1 4037
      1 4040
      1 4048
      1 4052
      1 4054
      1 4062
      1 4065
      1 4068
      1 4078
      1 4092
      1 4096
      2 4098
      1 4104
      1 4116
      1 4118
      1 4125
      1 4126
      1 4129
      1 4131
      1 4138
      1 4140
      1 4141
      1 4143
      1 4144
      1 4157
      1 4161
      1 4164
      1 4170
      1 4181
      1 4182
      1 4190
      1 4195
      2 4197
      1 4203
      1 4205
      1 4207
      1 4208
      1 4223
      1 4242
      1 4248
      1 4258
      1 4260
      1 4265
      1 4269
      1 4286
      1 4287
      2 4291
      1 4292
      1 4299
      1 4307
      1 4311
      1 4313
      1 4320
      1 4321
      1 4323
      2 4334
      1 4340
      2 4342
      1 4345
      1 4346
      1 4361
      1 4366
      1 4377
      3 4379
      1 4384
      1 4387
      1 4388
      1 4412
      1 4419
      1 4428
      1 4429
      1 4433
      1 4439
      2 4441
      1 4443
      1 4444
      1 4446
      1 4451
      2 4466
      1 4470
      1 4471
      1 4472
      1 4473
      1 4479
      1 4483
      1 4492
      1 4499
      2 4509
      1 4511
      1 4526
      1 4532
      1 4537
      1 4539
      1 4545
      1 4551
      2 4556
      1 4557
      1 4561
      1 4566
      1 4580
      1 4583
      1 4591
      2 4595
      1 4604
      1 4611
      2 4613
      1 4614
      1 4620
      2 4631
      1 4634
      1 4635
      1 4654
      1 4657
      1 4658
      1 4659
      1 4667
      1 4674
      1 4676
      2 4686
      1 4704
      1 4707
      1 4708
      1 4714
      1 4716
      1 4718
      1 4719
      1 4725
      1 4727
      1 4728
      1 4737
      1 4738
      1 4740
      1 4741
      1 4745
      1 4746
      1 4750
      1 4762
      1 4770
      2 4772
      1 4781
      1 4784
      1 4794
      1 4813
      1 4819
      2 4823
      2 4827
      1 4840
      1 4842
      1 4847
      1 4851
      1 4858
      1 4860
      1 4861
      1 4865
      1 4869
      1 4871
      1 4873
      1 4874
      1 4876
      1 4880
      1 4885
      1 4887
      1 4894
      1 4900
      1 4910
      2 4916
      1 4923
      1 4924
      1 4925
      1 4929
      1 4931
      1 4932
      1 4943
      1 4948
      1 4950
      1 4954
      1 4955
      1 4956
      1 4961
      1 4964
      1 4967
      1 4972
      1 4984
      1 4985
      2 4987
      1 4990
      2 4991
      1 4996
      1 4998
      1 4999
      1 5000
      2 5003
      1 5007
      1 5008
      1 5009
      1 5010
      2 5017
      1 5021
      1 5025
      1 5029
      1 5032
      1 5036
      1 5037
      2 5043
      1 5047
      1 5050
      1 5060
      1 5066
      1 5072
      1 5073
      2 5078
      1 5084
      1 5085
      1 5087
      1 5091
      1 5094
      1 5095
      1 5100
      1 5101
      1 5103
      1 5107
      1 5119
      2 5122
      1 5129
      1 5140
      1 5144
      1 5149
      1 5150
      1 5153
      1 5156
      1 5158
      1 5179
      2 5180
      1 5183
      1 5185
      1 5186
      1 5197
      1 5208
      1 5211
      2 5214
      1 5215
      1 5218
      1 5223
      1 5225
      1 5235
      1 5241
      1 5245
      1 5255
      1 5256
      1 5259
      1 5269
      1 5274
      1 5276
      2 5278
      1 5281
      1 5307
      1 5313
      1 5318
      1 5321
      2 5326
      2 5330
      1 5333
      1 5335
      1 5338
      1 5342
      1 5359
      1 5362
      1 5375
      1 5377
      1 5387
      1 5411
      1 5414
      1 5422
      1 5423
      1 5433
      1 5436
      1 5440
      1 5445
      1 5446
      1 5463
      1 5466
      1 5467
      1 5483
      1 5497
      1 5501
      1 5504
      1 5508
      1 5511
      1 5513
      1 5519
      1 5521
      1 5528
      1 5530
      2 5531
      1 5552
      1 5553
      1 5558
      2 5569
      1 5571
      1 5583
      1 5588
      1 5590
      1 5602
      1 5617
      1 5623
      1 5625
      1 5634
      1 5637
      1 5643
      1 5644
      1 5645
      2 5650
      1 5670
      1 5672
      1 5676
      1 5688
      1 5690
      1 5697
      1 5698
      1 5717
      1 5722
      1 5723
      1 5735
      1 5743
      2 5746
      1 5747
      1 5748
      1 5752
      1 5755
      2 5758
      1 5761
      1 5767
      1 5769
      1 5777
      1 5780
      1 5790
      1 5806
      1 5815
      1 5816
      1 5825
      1 5842
      2 5844
      1 5852
      1 5854
      1 5864
      1 5873
      1 5874
      1 5879
      1 5884
      1 5898
      1 5899
      1 5901
      1 5908
      1 5914
      1 5915
      1 5916
      1 5917
      1 5925
      1 5928
      1 5939
      1 5941
      1 5944
      1 5951
      1 5956
      1 5957
      1 5980
      1 5982
      1 5987
      1 5990
      1 6013
      1 6015
      1 6016
      1 6018
      1 6019
      1 6023
      1 6024
      1 6025
      1 6050
      1 6057
      2 6065
      1 6066
      1 6067
      1 6068
      1 6070
      1 6074
      2 6108
      1 6112
      1 6121
      1 6122
      1 6131
      2 6135
      1 6137
      1 6143
      2 6148
      1 6149
      1 6150
      1 6153
      1 6162
      1 6164
      1 6169
      1 6170
      1 6173
      1 6175
      1 6178
      1 6188
      1 6190
      1 6196
      1 6198
      1 6199
      1 6202
      1 6203
      1 6208
      1 6209
      2 6217
      2 6221
      1 6222
      1 6226
      1 6232
      1 6234
      1 6244
      1 6251
      1 6257
      1 6265
      1 6271
      1 6277
      1 6280
      1 6297
      1 6301
      1 6302
      1 6314
      1 6321
      1 6323
      1 6327
      1 6335
      2 6336
      1 6359
      1 6360
      1 6367
      1 6372
      1 6374
      1 6377
      2 6380
      1 6389
      1 6424
      2 6427
      1 6433
      1 6434
      1 6435
      1 6451
      1 6457
      1 6484
      1 6513
      2 6521
      1 6546
      1 6550
      2 6553
      1 6557
      1 6569
      1 6577
      1 6580
      1 6586
      1 6588
      1 6591
      1 6602
      1 6603
      1 6616
      1 6627
      1 6628
      1 6634
      1 6638
      1 6639
      1 6650
      1 6651
      1 6661
      1 6665
      1 6671
      1 6677
      1 6680
      1 6690
      1 6699
      1 6704
      1 6710
      1 6712
      2 6719
      1 6721
      2 6727
      2 6736
      1 6742
      1 6751
      1 6757
      1 6758
      1 6761
      1 6766
      1 6775
      1 6779
      1 6785
      1 6792
      1 6793
      2 6797
      1 6800
      1 6805
      1 6806
      1 6808
      1 6812
      1 6813
      1 6814
      1 6818
      1 6823
      1 6833
      2 6837
      1 6838
      1 6852
      1 6861
      1 6867
      2 6869
      1 6875
      1 6879
      1 6896
      1 6901
      1 6906
      1 6908
      1 6931
      2 6933
      1 6934
      1 6961
      1 6963
      1 6979
      1 6980
      1 6992
      1 7007
      2 7020
      1 7024
      1 7032
      1 7045
      1 7049
      1 7059
      1 7072
      1 7078
      1 7086
      1 7090
      1 7105
      1 7109
      1 7115
      1 7117
      1 7129
      1 7136
      1 7138
      1 7139
      1 7179
      1 7180
      1 7186
      2 7198
      1 7199
      1 7201
      1 7202
      1 7224
      1 7225
      1 7235
      1 7240
      1 7243
      1 7258
      1 7260
      1 7261
      1 7262
      1 7271
      3 7274
      1 7282
      1 7288
      1 7307
      1 7308
      1 7310
      1 7318
      1 7320
      1 7328
      2 7336
      1 7343
      1 7345
      1 7346
      1 7357
      1 7361
      1 7363
      1 7373
      1 7376
      1 7384
      1 7388
      1 7413
      1 7420
      1 7435
      1 7436
      1 7440
      1 7450
      1 7455
      1 7456
      1 7466
      1 7471
      1 7473
      1 7474
      1 7489
      1 7490
      1 7497
      1 7505
      1 7515
      1 7525
      1 7534
      1 7536
      1 7546
      1 7555
      1 7557
      1 7567
      1 7568
      1 7572
      2 7574
      1 7583
      1 7586
      2 7590
      1 7602
      1 7604
      1 7608
      1 7614
      2 7617
      1 7635
      1 7640
      1 7641
      1 7656
      1 7660
      1 7664
      1 7671
      1 7672
      1 7678
      1 7686
      1 7697
      1 7699
      1 7705
      1 7707
      1 7711
      2 7727
      1 7731
      1 7733
      1 7735
      1 7737
      1 7744
      1 7754
      1 7757
      1 7760
      1 7764
      1 7768
      1 7773
      1 7775
      1 7794
      1 7812
      1 7815
      1 7821
      1 7822
      1 7823
      1 7856
      1 7865
      1 7873
      2 7876
      1 7890
      1 7893
      1 7905
      1 7917
      1 7918
      1 7929
      1 7944
      1 7951
      1 7956
      1 7958
      1 7959
      2 7964
      1 7965
      1 7972
      1 7981
      1 7982
      1 7984
      1 7985
      1 8000
      1 8006
      1 8007
      2 8014
      2 8025
      1 8028
      1 8030
      2 8035
      1 8037
      2 8038
      1 8043
      1 8060
      1 8068
      1 8073
      1 8075
      1 8081
      1 8082
      1 8086
      1 8117
      2 8118
      1 8119
      1 8121
      1 8141
      1 8148
      1 8149
      1 8166
      1 8172
      1 8180
      1 8183
      1 8193
      1 8211
      1 8213
      1 8221
      1 8222
      1 8223
      1 8224
      1 8226
      1 8229
      1 8233
      1 8238
      1 8250
      1 8261
      1 8271
      1 8277
      1 8279
      1 8290
      1 8291
      1 8295
      1 8298
      2 8311
      1 8320
      1 8339
      1 8347
      1 8349
      1 8350
      1 8351
      1 8352
      1 8353
      1 8360
      2 8369
      1 8372
      1 8376
      1 8379
      1 8386
      1 8391
      1 8402
      1 8411
      1 8430
      1 8433
      1 8455
      1 8461
      1 8468
      2 8469
      1 8473
      1 8474
      1 8495
      1 8496
      1 8501
      1 8507
      1 8508
      1 8511
      1 8514
      1 8515
      1 8527
      1 8532
      1 8537
      1 8538
      1 8547
      3 8553
      1 8561
      1 8562
      2 8574
      1 8578
      1 8581
      1 8582
      1 8586
      1 8588
      1 8603
      1 8609
      1 8625
      2 8636
      1 8637
      2 8639
      1 8645
      1 8647
      2 8651
      1 8654
      1 8662
      2 8672
      1 8683
      1 8686
      1 8687
      1 8691
      1 8699
      1 8704
      1 8705
      1 8724
      1 8735
      1 8761
      1 8769
      1 8771
      2 8780
      1 8783
      1 8784
      1 8795
      2 8796
      1 8800
      1 8807
      1 8808
      1 8812
      1 8815
      1 8824
      1 8834
      1 8843
      1 8862
      1 8863
      1 8867
      1 8868
      1 8873
      1 8877
      1 8886
      1 8892
      1 8898
      1 8904
      1 8905
      1 8910
      1 8916
      2 8921
      1 8933
      1 8934
      1 8935
      1 8939
      1 8940
      1 8942
      1 8945
      1 8952
      2 8953
      1 8956
      1 8957
      1 8961
      1 8962
      1 8975
      1 8986
      1 8994
      1 8998
      1 9008
      1 9012
      1 9019
      1 9020
      1 9025
      1 9027
      1 9038
      1 9039
      1 9051
      1 9058
      2 9059
      1 9062
      1 9067
      2 9068
      1 9080
      1 9086
      1 9096
      1 9110
      2 9118
      1 9125
      1 9134
      1 9143
      1 9155
      2 9156
      1 9159
      2 9163
      1 9164
      1 9170
      1 9174
      2 9178
      1 9180
      1 9183
      1 9187
      1 9188
      1 9200
      1 9204
      1 9206
      1 9214
      1 9228
      1 9236
      1 9238
      1 9242
      2 9248
      1 9251
      1 9262
      1 9269
      1 9275
      1 9276
      1 9282
      1 9283
      1 9285
      1 9287
      1 9301
      2 9309
      1 9324
      1 9338
      1 9355
      1 9358
      3 9363
      1 9365
      1 9366
      1 9373
      1 9379
      1 9381
      1 9386
      1 9390
      1 9391
      1 9392
      1 9404
      1 9406
      1 9408
      1 9417
      1 9428
      1 9432
      1 9433
      1 9434
      1 9440
      1 9457
      1 9458
      1 9464
      1 9465
      1 9469
      1 9486
      1 9492
      1 9508
      2 9520
      1 9521
      1 9523
      1 9532
      3 9533
      1 9534
      1 9535
      1 9538
      1 9562
      1 9577
      1 9586
      2 9591
      1 9600
      1 9602
      1 9605
      1 9617
      2 9625
      1 9628
      1 9629
      1 9630
      1 9634
      1 9636
      1 9641
      1 9658
      1 9659
      1 9666
      2 9673
      1 9677
      1 9686
      1 9690
      1 9694
      1 9695
      1 9706
      1 9712
      1 9717
      1 9718
      1 9727
      1 9733
      2 9740
      1 9741
      1 9746
      1 9759
      1 9767
      1 9792
      1 9794
      1 9797
      1 9806
      1 9836
      1 9847
      1 9852
      2 9864
      1 9866
      1 9881
      1 9883
      1 9889
      2 9892
      1 9893
      1 9898
      1 9905
      1 9906
      1 9911
      1 9913
      1 9919
      1 9933
      1 9934
      1 9939
      1 9953
      1 9957
      1 9968
      1 9971
      1 9978
      1 9981
      1 9986
      1 9992
      1 9993
      1 9996
      1 9999
      1 10006
      1 10022
      1 10031
      1 10034
      1 10036
      1 10046
      1 10051
      1 10068
      1 10081
      2 10082
      1 10088
      1 10089
      1 10094
      1 10095
      1 10104
      1 10108
      1 10109
      1 10120
      1 10123
      1 10127
      1 10138
      2 10140
      1 10164
      1 10179
      1 10188
      1 10201
      1 10202
      1 10218
      1 10227
      1 10239
      1 10240
      1 10250
      1 10253
      1 10255
      1 10256
      1 10259
      1 10261
      1 10275
      1 10279
      1 10284
      1 10285
      1 10287
      1 10289
      1 10291
      1 10293
      1 10295
      1 10300
      2 10308
      1 10310
      1 10311
      1 10312
      1 10332
      1 10335
      1 10349
      4 10367
      1 10374
      1 10377
      2 10382
      1 10388
      1 10392
      1 10396
      1 10400
      1 10406
      1 10407
      1 10410
      1 10411
      2 10417
      1 10418
      1 10421
      1 10423
      1 10427
      1 10456
      1 10464
      1 10466
      1 10467
      1 10479
      1 10486
      1 10501
      1 10506
      1 10510
      2 10516
      1 10519
      1 10525
      2 10527
      1 10528
      1 10539
      1 10541
      1 10543
      1 10564
      1 10566
      1 10569
      1 10572
      1 10576
      1 10589
      1 10598
      1 10610
      1 10611
      1 10613
      2 10615
      1 10623
      1 10628
      1 10632
      1 10633
      1 10646
      1 10647
      1 10654
      1 10656
      1 10660
      1 10665
      1 10669
      1 10670
      1 10691
      1 10692
      2 10700
      1 10711
      1 10716
      1 10718
      1 10719
      1 10727
      1 10729
      1 10745
      1 10756
      1 10757
      1 10759
      1 10775
      1 10806
      1 10811
      1 10814
      1 10816
      1 10817
      1 10824
      1 10830
      1 10837
      1 10840
      1 10851
      2 10853
      1 10870
      1 10875
      1 10877
      1 10882
      1 10898
      1 10913
      1 10917
      1 10918
      1 10922
      1 10926
      2 10931
      1 10935
      1 10936
      1 10945
      1 10961
      1 10963
      1 10980
      1 10983
      1 11000
      1 11006
      1 11007
      1 11011
      1 11017
      3 11021
      1 11027
      1 11029
      1 11032
      1 11038
      1 11045
      1 11058
      1 11061
      1 11069
      1 11073
      1 11074
      1 11083
      1 11085
      1 11091
      1 11092
      1 11113
      1 11119
      2 11125
      1 11133
      1 11143
      1 11147
      1 11148
      2 11154
      1 11160
      2 11162
      2 11167
      1 11170
      1 11179
      1 11210
      1 11223
      1 11232
      1 11243
      1 11244
      1 11246
      1 11257
      1 11259
      2 11265
      1 11268
      1 11270
      1 11283
      1 11288
      1 11307
      1 11311
      1 11316
      1 11330
      1 11331
      1 11333
      2 11337
      1 11341
      1 11343
      1 11349
      1 11354
      1 11359
      1 11361
      1 11373
      1 11374
      1 11379
      1 11391
      1 11397
      1 11413
      1 11415
      1 11420
      1 11426
      1 11432
      2 11441
      1 11442
      1 11447
      1 11456
      1 11460
      1 11469
      1 11470
      1 11475
      1 11476
      1 11488
      1 11491
      1 11498
      1 11499
      1 11501
      1 11505
      1 11514
      1 11515
      1 11518
      1 11519
      1 11521
      1 11539
      1 11543
      2 11550
      1 11553
      1 11555
      1 11575
      1 11578
      1 11591
      1 11600
      2 11609
      1 11610
      1 11619
      1 11637
      1 11641
      1 11642
      1 11643
      1 11650
      1 11651
      1 11663
      1 11667
      1 11680
      1 11688
      1 11690
      1 11699
      1 11700
      2 11714
      1 11736
      2 11739
      1 11741
      2 11742
      1 11746
      1 11747
      1 11748
      1 11750
      1 11758
      1 11761
      1 11765
      1 11768
      1 11776
      1 11790
      1 11800
      1 11808
      1 11813
      1 11814
      1 11826
      1 11828
      1 11830
      1 11831
      1 11835
      1 11836
      2 11848
      1 11850
      1 11863
      1 11870
      1 11875
      1 11885
      1 11893
      1 11894
      2 11895
      1 11897
      1 11903
      1 11905
      1 11921
      1 11926
      1 11931
      1 11932
      1 11934
      1 11943
      1 11950
      1 11960
      1 11965
      1 11980
      1 11984
      1 11989
      1 11992
      1 11993
      1 12008
      1 12012
      1 12017
      1 12020
      1 12021
      1 12028
      1 12040
      1 12044
      1 12059
      1 12062
      1 12078
      1 12080
      1 12085
      1 12096
      1 12107
      1 12110
      1 12115
      1 12121
      1 12127
      1 12146
      1 12150
      1 12161
      1 12174
      1 12177
      1 12179
      1 12183
      1 12189
      2 12190
      1 12207
      1 12216
      1 12218
      1 12223
      1 12226
      1 12235
      1 12245
      1 12253
      1 12267
      1 12271
      1 12287
      1 12298
      1 12300
      1 12311
      1 12316
      1 12325
      1 12347
      1 12353
      1 12362
      1 12367
      1 12368
      2 12370
      1 12372
      1 12373
      1 12379
      1 12387
      1 12393
      2 12410
      1 12415
      1 12421
      1 12437
      1 12438
      1 12441
      1 12450
      1 12470
      1 12473
      1 12477
      1 12484
      1 12487
      1 12494
      1 12499
      1 12508
      1 12513
      1 12523
      1 12529
      1 12530
      1 12535
      1 12540
      1 12557
      1 12560
      1 12564
      1 12566
      1 12574
      1 12584
      1 12590
      1 12591
      1 12592
      1 12596
      1 12600
      1 12603
      1 12605
      1 12617
      1 12619
      1 12645
      1 12668
      1 12674
      1 12679
      1 12681
      1 12684
      1 12691
      1 12692
      1 12709
      1 12727
      1 12731
      1 12739
      1 12753
      1 12756
      1 12773
      1 12790
      1 12801
      2 12805
      1 12813
      1 12834
      1 12835
      1 12840
      2 12847
      1 12848
      1 12859
      1 12860
      1 12883
      1 12886
      1 12892
      1 12906
      2 12919
      1 12920
      1 12931
      1 12933
      1 12958
      1 12962
      1 12973
      1 12975
      1 12978
      1 12982
      1 12987
      1 12989
      1 12997
      1 13000
      1 13006
      1 13007
      1 13020
      2 13026
      1 13029
      1 13052
      1 13056
      2 13062
      1 13098
      1 13099
      1 13108
      1 13113
      1 13122
      1 13126
      1 13127
      1 13134
      1 13150
      1 13152
      1 13166
      1 13170
      2 13172
      1 13174
      1 13176
      1 13186
      2 13187
      1 13190
      1 13197
      1 13198
      1 13208
      1 13209
      2 13213
      1 13230
      1 13235
      1 13237
      1 13248
      1 13252
      1 13256
      1 13257
      1 13275
      1 13279
      1 13282
      1 13294
      1 13295
      2 13297
      1 13299
      1 13304
      1 13308
      1 13311
      1 13317
      2 13318
      1 13321
      1 13326
      1 13338
      1 13340
      1 13344
      1 13347
      1 13361
      1 13369
      1 13370
      1 13392
      1 13393
      1 13411
      1 13412
      1 13428
      1 13438
      1 13441
      2 13448
      3 13465
      1 13467
      1 13468
      1 13480
      1 13481
      1 13482
      1 13483
      1 13486
      1 13493
      1 13495
      1 13507
      1 13509
      1 13510
      2 13516
      1 13528
      1 13535
      1 13542
      1 13545
      1 13557
      1 13575
      1 13577
      1 13580
      1 13586
      1 13595
      1 13598
      1 13606
      1 13611
      1 13625
      1 13639
      1 13653
      1 13658
      1 13661
      1 13664
      1 13675
      1 13679
      1 13681
      1 13684
      1 13689
      2 13693
      1 13694
      1 13696
      1 13697
      1 13703
      1 13707
      1 13710
      1 13712
      1 13716
      1 13717
      1 13720
      1 13727
      1 13735
      2 13741
      1 13742
      1 13744
      1 13749
      1 13753
      1 13756
      1 13764
      1 13771
      1 13780
      2 13783
      1 13794
      1 13803
      1 13808
      1 13810
      1 13829
      1 13844
      1 13845
      1 13846
      1 13848
      1 13850
      1 13851
      1 13860
      1 13865
      2 13869
      1 13870
      1 13872
      1 13875
      1 13876
      1 13890
      1 13891
      1 13895
      1 13898
      1 13899
      1 13900
      1 13907
      1 13908
      1 13911
      1 13920
      1 13921
      1 13927
      1 13928
      2 13929
      1 13946
      1 13956
      1 13957
      2 13987
      2 13990
      1 14005
      1 14006
      1 14010
      1 14014
      1 14016
      1 14017
      1 14033
      1 14035
      1 14047
      1 14051
      1 14056
      1 14060
      1 14065
      1 14066
      1 14073
      1 14074
      1 14080
      1 14081
      1 14085
      1 14087
      1 14095
      1 14113
      1 14125
      1 14137
      1 14140
      1 14142
      1 14158
      1 14160
      1 14171
      1 14180
      1 14182
      1 14190
      1 14193
      1 14195
      1 14198
      1 14211
      1 14215
      1 14219
      1 14229
      1 14238
      1 14240
      1 14254
      1 14255
      1 14259
      1 14262
      1 14296
      1 14299
      1 14300
      1 14302
      1 14305
      1 14311
      1 14312
      1 14315
      1 14328
      1 14333
      1 14354
      1 14359
      1 14364
      1 14372
      1 14373
      1 14382
      1 14385
      1 14387
      1 14413
      1 14417
      1 14418
      1 14426
      1 14436
      1 14448
      1 14450
      1 14458
      1 14461
      1 14462
      1 14468
      1 14469
      1 14471
      1 14473
      1 14474
      1 14480
      1 14487
      1 14491
      1 14495
      1 14498
      1 14506
      1 14509
      1 14520
      1 14521
      1 14531
      1 14539
      1 14541
      1 14545
      1 14548
      1 14556
      2 14559
      1 14594
      1 14603
      2 14609
      1 14619
      1 14623
      1 14626
      1 14639
      1 14642
      1 14648
      1 14649
      1 14650
      1 14667
      2 14668
      1 14675
      1 14676
      1 14678
      1 14682
      1 14689
      1 14701
      1 14708
      2 14710
      1 14717
      1 14726
      1 14734
      1 14740
      1 14746
      1 14756
      1 14761
      1 14767
      1 14774
      1 14779
      1 14782
      1 14788
      1 14792
      1 14798
      1 14804
      1 14806
      1 14817
      1 14839
      1 14849
      2 14855
      1 14861
      1 14862
      1 14869
      1 14871
      1 14877
      1 14878
      1 14890
      1 14898
      1 14899
      1 14900
      1 14901
      1 14904
      1 14911
      1 14913
      1 14917
      1 14918
      1 14919
      1 14925
      3 14930
      1 14932
      1 14944
      1 14952
      1 14975
      2 14976
      1 14981
      1 14987
      1 14988
      1 14993
      1 15014
      1 15020
      1 15021
      1 15026
      1 15032
      1 15040
      1 15046
      1 15047
      1 15055
      1 15062
      1 15065
      1 15068
      1 15079
      1 15084
      1 15086
      1 15087
      1 15093
      1 15095
      1 15106
      1 15109
      1 15115
      1 15121
      1 15122
      1 15126
      1 15130
      1 15138
      1 15140
      1 15141
      1 15142
      1 15149
      1 15151
      1 15178
      1 15197
      1 15219
      1 15224
      1 15226
      1 15234
      1 15237
      1 15239
      1 15245
      1 15247
      1 15265
      1 15272
      1 15274
      1 15276
      1 15299
      1 15301
      1 15304
      1 15307
      1 15312
      1 15317
      1 15328
      2 15332
      1 15337
      1 15341
      1 15351
      1 15353
      1 15361
      1 15368
      1 15375
      1 15378
      1 15389
      1 15392
      1 15415
      1 15420
      1 15425
      1 15426
      1 15433
      1 15436
      1 15442
      1 15447
      2 15451
      1 15458
      1 15459
      1 15467
      1 15482
      1 15494
      1 15499
      1 15516
      1 15518
      1 15533
      1 15546
      1 15548
      1 15550
      1 15557
      1 15580
      1 15581
      1 15584
      1 15590
      1 15595
      1 15599
      1 15615
      1 15623
      1 15625
      1 15627
      1 15629
      1 15630
      1 15634
      1 15636
      1 15638
      1 15639
      1 15656
      1 15657
      1 15664
      1 15671
      1 15672
      1 15691
      1 15700
      1 15701
      1 15704
      1 15712
      1 15718
      1 15725
      1 15730
      1 15734
      1 15737
      1 15739
      1 15741
      2 15745
      2 15753
      1 15755
      1 15759
      2 15769
      1 15775
      1 15778
      2 15782
      1 15791
      1 15793
      1 15796
      1 15811
      1 15815
      1 15819
      1 15821
      1 15824
      1 15826
      1 15840
      1 15841
      1 15854
      1 15856
      1 15864
      1 15871
      1 15875
      1 15876
      1 15878
      1 15885
      1 15886
      1 15887
      1 15890
      1 15896
      1 15898
      1 15900
      1 15912
      3 15914
      1 15919
      1 15928
      1 15931
      1 15942
      1 15943
      1 15958
      1 15960
      1 15963
      1 15974
      2 16001
      1 16006
      1 16012
      2 16024
      1 16027
      1 16036
      1 16051
      1 16060
      1 16072
      1 16077
      3 16080
      2 16088
      1 16095
      1 16103
      2 16108
      1 16110
      1 16114
      1 16124
      1 16128
      1 16130
      1 16135
      1 16140
      1 16152
      1 16165
      1 16169
      2 16173
      1 16176
      1 16181
      1 16184
      1 16185
      1 16186
      2 16206
      1 16220
      1 16221
      1 16224
      1 16240
      1 16242
      1 16247
      1 16250
      1 16251
      1 16253
      1 16255
      1 16268
      1 16273
      1 16282
      1 16309
      1 16316
      2 16321
      1 16324
      1 16339
      1 16342
      1 16348
      1 16360
      1 16362
      1 16363
      1 16368
      1 16373
      1 16386
      1 16388
      1 16390
      1 16392
      1 16406
      2 16420
      1 16430
      1 16433
      1 16434
      1 16452
      1 16458
      2 16463
      1 16479
      1 16485
      1 16496
      1 16500
      1 16502
      1 16515
      1 16534
      1 16537
      1 16539
      1 16548
      1 16550
      1 16553
      1 16556
      1 16562
      1 16568
      1 16569
      1 16575
      1 16579
      2 16594
      1 16597
      1 16598
      1 16600
      1 16603
      1 16607
      1 16609
      1 16610
      1 16620
      1 16623
      1 16630
      1 16637
      1 16638
      1 16648
      1 16659
      1 16665
      1 16673
      1 16675
      1 16686
      1 16689
      1 16696
      1 16705
      1 16708
      1 16715
      1 16718
      1 16721
      1 16723
      1 16737
      1 16753
      1 16761
      1 16766
      1 16771
      1 16786
      1 16788
      1 16799
      1 16801
      1 16807
      1 16811
      1 16812
      1 16813
      1 16816
      1 16832
      1 16833
      1 16839
      1 16840
      1 16841
      1 16842
      1 16849
      1 16850
      1 16855
      1 16859
      1 16876
      1 16904
      1 16910
      1 16912
      1 16927
      1 16935
      1 16936
      1 16939
      1 16943
      1 16944
      1 16954
      1 16966
      1 16967
      1 16971
      2 16972
      1 16976
      1 16987
      1 16992
      1 17003
      1 17008
      1 17011
      1 17020
      1 17021
      1 17022
      1 17028
      1 17036
      1 17043
      2 17051
      1 17062
      1 17063
      1 17078
      1 17087
      2 17091
      1 17094
      1 17106
      1 17113
      1 17121
      1 17124
      1 17128
      1 17133
      1 17157
      1 17159
      1 17174
      2 17176
      1 17184
      1 17187
      1 17189
      1 17193
      1 17194
      1 17195
      2 17205
      1 17207
      1 17218
      1 17226
      1 17253
      1 17266
      1 17268
      1 17283
      1 17284
      1 17310
      1 17311
      1 17314
      1 17318
      1 17321
      1 17327
      1 17345
      1 17352
      1 17371
      1 17384
      1 17390
      1 17393
      1 17395
      1 17396
      1 17402
      1 17420
      1 17424
      1 17434
      1 17444
      1 17453
      1 17456
      1 17461
      1 17475
      1 17479
      1 17487
      1 17488
      1 17491
      1 17494
      1 17498
      1 17500
      2 17512
      1 17515
      1 17517
      2 17524
      1 17527
      1 17531
      1 17542
      1 17543
      1 17550
      1 17553
      1 17554
      1 17556
      1 17557
      1 17559
      1 17563
      1 17566
      1 17575
      2 17576
      1 17584
      1 17596
      1 17630
      1 17631
      2 17642
      1 17646
      1 17647
      1 17649
      1 17650
      1 17656
      1 17679
      1 17685
      1 17694
      1 17702
      1 17703
      1 17711
      1 17712
      1 17714
      1 17715
      1 17736
      1 17740
      2 17744
      1 17756
      1 17771
      1 17779
      1 17794
      1 17795
      1 17803
      1 17808
      1 17821
      1 17826
      1 17832
      1 17833
      1 17836
      1 17849
      1 17853
      1 17856
      1 17860
      1 17861
      1 17865
      1 17869
      1 17871
      1 17879
      1 17886
      1 17897
      1 17902
      1 17922
      1 17926
      1 17931
      2 17932
      1 17937
      1 17941
      2 17957
      1 17958
      1 17962
      1 17965
      1 17967
      1 17970
      2 17986
      1 17990
      1 17992
      1 17997
      1 18015
      2 18021
      1 18042
      1 18045
      1 18069
      1 18083
      1 18099
      1 18105
      1 18108
      1 18125
      1 18131
      1 18132
      1 18135
      1 18139
      1 18168
      1 18170
      3 18182
      1 18186
      1 18190
      1 18200
      1 18205
      1 18212
      1 18218
      1 18221
      2 18225
      1 18228
      1 18229
      1 18260
      1 18266
      1 18274
      1 18290
      1 18291
      1 18307
      1 18310
      1 18326
      1 18329
      1 18336
      3 18345
      1 18351
      1 18361
      1 18363
      1 18366
      1 18374
      1 18382
      1 18386
      1 18388
      1 18393
      1 18400
      1 18410
      1 18415
      1 18417
      1 18431
      1 18434
      1 18439
      1 18447
      1 18454
      1 18461
      1 18473
      1 18477
      1 18486
      1 18489
      1 18493
      1 18494
      1 18498
      1 18500
      1 18510
      1 18513
      1 18514
      1 18515
      1 18520
      1 18532
      2 18538
      1 18546
      1 18551
      1 18561
      1 18596
      1 18597
      1 18601
      1 18607
      1 18608
      1 18613
      2 18630
      1 18641
      1 18643
      1 18646
      1 18657
      1 18659
      1 18688
      1 18689
      1 18702
      1 18703
      1 18707
      1 18710
      1 18720
      1 18732
      1 18737
      1 18739
      1 18745
      1 18746
      1 18749
      2 18753
      1 18768
      1 18782
      1 18788
      1 18791
      1 18807
      1 18811
      1 18813
      1 18816
      1 18817
      1 18818
      1 18822
      1 18833
      1 18836
      1 18858
      1 18860
      1 18863
      1 18868
      1 18876
      1 18886
      1 18895
      1 18896
      1 18898
      1 18899
      1 18900
      1 18908
      1 18916
      1 18922
      2 18929
      1 18934
      1 18935
      1 18945
      1 18946
      1 18952
      1 18956
      1 18960
      1 18963
      2 18967
      1 18975
      1 18982
      1 18994
      1 19004
      2 19007
      1 19019
      1 19041
      1 19047
      1 19055
      1 19058
      1 19059
      1 19065
      1 19070
      1 19079
      1 19080
      1 19084
      1 19093
      1 19098
      1 19099
      1 19116
      1 19126
      1 19156
      3 19163
      1 19171
      1 19176
      1 19179
      1 19190
      1 19210
      2 19213
      1 19223
      1 19231
      1 19236
      1 19241
      1 19261
      1 19270
      1 19281
      1 19284
      1 19301
      1 19309
      1 19310
      1 19313
      1 19323
      1 19325
      1 19326
      1 19330
      1 19332
      1 19333
      1 19339
      1 19351
      1 19389
      1 19390
      2 19407
      1 19434
      1 19452
      1 19455
      1 19462
      1 19465
      1 19469
      1 19473
      1 19476
      1 19492
      1 19514
      1 19533
      1 19536
      1 19540
      1 19548
      1 19549
      1 19561
      1 19568
      1 19571
      1 19578
      1 19595
      1 19608
      1 19624
      1 19627
      1 19630
      1 19642
      1 19653
      1 19663
      1 19680
      1 19690
      1 19702
      1 19707
      1 19713
      1 19718
      1 19719
      1 19729
      1 19760
      1 19766
      1 19771
      1 19773
      1 19776
      1 19781
      1 19784
      1 19790
      1 19827
      1 19828
      1 19843
      1 19851
      1 19856
      1 19857
      1 19861
      1 19873
      1 19879
      1 19884
      1 19889
      1 19894
      1 19898
      1 19905
      1 19906
      1 19919
      1 19982
      1 19984
      1 20005
      1 20008
      1 20018
      1 20040
      1 20041
      1 20052
      1 20082
      1 20089
      1 20109
      1 20120
      1 20150
      1 20167
      1 20180
      1 20191
      1 20200
      1 20225
      1 20246
      1 20253
      1 20254
      1 20261
      1 20284
      1 20307
      1 20337
      1 20342
      1 20350
      1 20360
      1 20372
      1 20401
      1 20427
      1 20435
      1 20440
      1 20454
      1 20458
      1 20459
      1 20486
      1 20498
      1 20501
      1 20516
      1 20521
      1 20529
      1 20536
      1 20554
      1 20561
      2 20576
      1 20595
      1 20611
      1 20635
      1 20638
      1 20639
      1 20652
      1 20685
      1 20697
      1 20710
      1 20714
      1 20735
      1 20775
      1 20788
      2 20791
      1 20797
      1 20801
      1 20803
      1 20821
      1 20825
      2 20827
      1 20844
      1 20849
      1 20866
      1 20872
      1 20887
      1 20888
      1 20889
      1 20892
      1 20893
      1 20895
      1 20908
      1 20913
      1 20917
      1 20923
      1 20925
      1 20944
      1 20950
      1 20959
      1 20972
      1 20977
      1 20982
      1 20985
      1 20997
      1 21005
      1 21006
      1 21010
      1 21011
      1 21044
      1 21055
      1 21063
      1 21070
      1 21078
      1 21088
      1 21113
      1 21117
      2 21130
      1 21148
      1 21150
      2 21160
      1 21170
      1 21178
      1 21188
      1 21191
      1 21193
      1 21197
      1 21207
      1 21212
      1 21213
      1 21214
      1 21222
      1 21241
      1 21253
      1 21268
      1 21279
      1 21280
      1 21281
      1 21293
      1 21297
      1 21319
      1 21320
      1 21321
      1 21324
      1 21341
      1 21351
      1 21373
      1 21380
      1 21381
      1 21383
      2 21384
      1 21385
      1 21391
      1 21401
      1 21435
      2 21465
      2 21467
      1 21469
      1 21505
      1 21513
      1 21528
      1 21548
      1 21563
      1 21582
      1 21586
      1 21606
      1 21608
      1 21610
      1 21648
      1 21665
      1 21685
      1 21688
      1 21704
      1 21715
      1 21732
      1 21733
      1 21746
      1 21748
      2 21749
      1 21754
      2 21756
      1 21761
      1 21775
      2 21851
      1 21854
      1 21860
      1 21875
      1 21877
      1 21879
      1 21881
      1 21884
      1 21902
      1 21903
      1 21932
      1 21933
      1 21937
      1 21953
      1 21955
      1 21958
      1 21987
      1 21998
      1 22000
      1 22005
      1 22021
      1 22025
      1 22033
      1 22041
      1 22049
      1 22059
      1 22068
      1 22069
      1 22077
      1 22092
      1 22093
      1 22105
      2 22107
      1 22146
      1 22153
      1 22180
      1 22186
      1 22189
      1 22194
      1 22204
      1 22231
      1 22233
      1 22244
      1 22248
      1 22253
      1 22271
      1 22285
      1 22288
      1 22291
      1 22318
      1 22329
      1 22337
      1 22338
      1 22349
      1 22358
      1 22367
      1 22380
      1 22402
      1 22406
      1 22432
      1 22443
      1 22460
      1 22462
      1 22487
      1 22489
      1 22530
      1 22542
      1 22545
      1 22555
      1 22568
      1 22570
      1 22585
      1 22607
      1 22608
      1 22616
      1 22626
      1 22628
      1 22632
      1 22636
      1 22639
      1 22644
      1 22680
      1 22687
      1 22691
      1 22705
      1 22720
      1 22732
      1 22743
      2 22749
      1 22760
      1 22769
      1 22772
      1 22791
      1 22795
      1 22817
      1 22826
      1 22830
      1 22831
      1 22838
      1 22840
      1 22847
      1 22850
      1 22860
      1 22915
      2 22922
      1 22952
      1 22981
      1 23007
      1 23016
      1 23019
      1 23024
      1 23041
      1 23043
      1 23061
      1 23062
      1 23073
      1 23077
      1 23089
      1 23103
      1 23106
      1 23122
      1 23160
      1 23163
      1 23166
      1 23168
      1 23192
      1 23201
      1 23203
      1 23204
      1 23219
      1 23221
      1 23222
      1 23243
      1 23250
      1 23253
      1 23258
      1 23261
      1 23299
      1 23304
      1 23307
      1 23309
      1 23320
      1 23321
      1 23327
      1 23335
      1 23340
      1 23357
      1 23358
      1 23384
      1 23410
      1 23412
      1 23437
      1 23439
      1 23442
      2 23446
      1 23447
      1 23452
      1 23453
      1 23455
      1 23474
      1 23477
      1 23480
      2 23503
      1 23537
      1 23539
      1 23541
      1 23564
      1 23575
      1 23582
      1 23617
      1 23621
      1 23630
      1 23654
      1 23659
      1 23664
      1 23665
      1 23684
      1 23691
      1 23701
      1 23727
      1 23728
      1 23734
      2 23743
      1 23761
      1 23770
      1 23779
      1 23791
      1 23798
      1 23804
      1 23816
      1 23823
      1 23857
      1 23879
      1 23881
      1 23885
      1 23910
      1 23937
      1 23953
      1 23959
      1 23970
      1 23974
      1 23990
      1 23996
      1 23999
      1 24002
      1 24009
      1 24017
      1 24035
      1 24046
      1 24078
      1 24080
      2 24096
      1 24099
      1 24112
      1 24122
      1 24134
      1 24135
      1 24144
      1 24170
      1 24184
      1 24193
      1 24198
      2 24200
      1 24209
      1 24216
      1 24242
      1 24260
      1 24269
      1 24271
      1 24286
      1 24296
      1 24321
      2 24339
      1 24345
      1 24363
      1 24382
      1 24383
      1 24388
      1 24405
      1 24406
      1 24407
      1 24418
      1 24422
      1 24439
      1 24442
      1 24451
      1 24482
      1 24483
      1 24504
      1 24528
      1 24533
      1 24549
      1 24569
      1 24574
      1 24583
      1 24587
      1 24590
      1 24613
      1 24628
      1 24639
      1 24649
      1 24665
      1 24678
      1 24707
      1 24720
      1 24750
      1 24804
      1 24816
      2 24831
      1 24841
      1 24845
      1 24851
      1 24852
      1 24865
      1 24866
      1 24877
      1 24931
      1 24942
      1 24951
      1 24952
      1 24953
      1 24964
      1 24976
      1 24977
      1 24986
      1 24987
      1 24988
      1 24992
      1 25007
      1 25025
      1 25030
      1 25043
      1 25062
      1 25075
      1 25083
      1 25087
      1 25103
      1 25132
      2 25140
      1 25143
      1 25154
      1 25160
      1 25169
      1 25181
      1 25199
      1 25222
      1 25241
      1 25254
      1 25291
      1 25295
      1 25313
      1 25314
      1 25318
      1 25322
      1 25329
      1 25342
      1 25346
      1 25376
      1 25386
      1 25388
      1 25412
      1 25441
      1 25448
      1 25453
      1 25495
      1 25499
      1 25522
      1 25530
      1 25531
      1 25537
      1 25551
      1 25594
      1 25624
      1 25656
      1 25659
      1 25663
      1 25677
      1 25685
      1 25711
      1 25718
      1 25722
      1 25726
      1 25727
      1 25736
      1 25790
      1 25802
      1 25819
      2 25909
      1 25915
      1 25923
      1 25939
      2 25940
      1 25951
      1 25953
      1 25955
      1 25964
      1 25967
      1 25985
      1 25990
      1 25991
      1 26012
      1 26018
      1 26035
      1 26037
      1 26051
      1 26071
      1 26083
      1 26092
      1 26094
      1 26115
      1 26117
      1 26141
      1 26147
      1 26200
      1 26221
      1 26237
      1 26250
      1 26270
      1 26282
      1 26286
      1 26298
      1 26324
      1 26334
      1 26341
      1 26362
      1 26369
      1 26380
      1 26401
      1 26410
      1 26419
      1 26420
      1 26429
      1 26437
      1 26440
      1 26441
      1 26469
      1 26471
      1 26493
      1 26495
      1 26565
      1 26590
      1 26592
      1 26603
      1 26615
      1 26664
      1 26676
      1 26678
      1 26679
      1 26687
      1 26693
      1 26724
      1 26752
      1 26815
      1 26830
      1 26877
      1 26880
      1 26894
      1 26921
      1 26949
      1 26954
      1 26956
      1 26957
      1 26964
      1 26975
      1 26985
      1 26994
      1 27001
      1 27016
      1 27080
      1 27087
      1 27155
      1 27172
      1 27191
      1 27200
      1 27203
      1 27211
      1 27223
      1 27226
      1 27243
      1 27260
      1 27309
      1 27311
      1 27315
      1 27368
      1 27376
      1 27396
      1 27455
      1 27464
      1 27486
      1 27503
      1 27519
      1 27536
      1 27538
      1 27561
      1 27567
      1 27596
      1 27625
      1 27628
      1 27630
      1 27662
      1 27694
      1 27751
      1 27777
      1 27796
      1 27797
      1 27815
      1 27843
      1 27852
      1 27867
      1 27877
      1 27881
      1 27926
      1 27936
      1 27943
      1 27974
      1 27999
      1 28001
      1 28083
      1 28113
      1 28139
      1 28240
      1 28245
      1 28252
      1 28261
      1 28375
      1 28386
      1 28397
      1 28499
      1 28508
      1 28526
      1 28528
      1 28538
      1 28590
      1 28591
      1 28597
      1 28645
      1 28656
      1 28675
      1 28725
      1 28749
      1 28768
      1 28809
      1 28845
      1 28860
      1 28941
      1 28982
      1 28994
      1 29022
      1 29071
      2 29085
      1 29147
      1 29234
      1 29284
      1 29334
      1 29388
      1 29444
      1 29502
      1 29513
      2 29526
      1 29527
      1 29566
      1 29570
      1 29579
      1 29600
      1 29608
      1 29644
      1 29664
      1 29708
      1 29773
      1 29787
      1 29797
      1 29806
      1 29816
      1 29820
      1 29912
      1 29915
      1 29928
      1 29959
      1 30069
      1 30101
      1 30128
      1 30166
      1 30177
      1 30182
      1 30204
      1 30247
      1 30282
      1 30299
      1 30314
      1 30373
      1 30381
      1 30403
      1 30407
      1 30423
      1 30434
      1 30476
      1 30499
      1 30549
      1 30585
      1 30766
      1 30771
      1 30911
      1 31008
      1 31038
      1 31077
      1 31174
      1 31196
      1 31221
      1 31232
      1 31350
      1 31400
      1 31435
      1 31468
      1 31473
      1 31653
      1 31698
      1 31722
      1 31816
      1 31859
      1 31877
      1 31910
      1 31942
      1 31966
      1 31993
      1 31997
      1 32263
      1 32269
      1 32346
      1 32356
      1 32396
      1 32403
      1 32404
      2 32431
      1 32599
      1 32635
      1 32772
      1 32789
      1 32910
      1 32921
      1 32952
      1 32986
      1 33002
      1 33021
      1 33035
      1 33099
      1 33153
      1 33201
      1 33219
      1 33224
      1 33364
      1 33376
      1 33391
      1 33613
      1 33623
      1 33627
      1 33810
      1 33908
      1 33927
      1 34062
      1 34076
      1 34235
      1 34521
      1 34657
      1 34697
      1 34910
      1 34917
      1 34985
      1 35022
      1 35440
      1 35582
      1 35677
      1 35863
      1 35892
      2 35898
      1 35930
      1 35939
      1 36099
      1 36345
      1 36375
      1 36404
      1 36472
      1 36611
      1 36942
      1 36954
      1 37158
      1 37254
      1 37279
      1 37454
      1 37471
      1 37547
      1 37582
      1 38041
      1 38616
      1 38665
      2 38972
      1 39889
      1 39966
      1 40022
      1 40242
      1 40284
      1 40291
      1 40334
      1 40421
