pgbench (18.6 (Debian 18.6-1.pgdg13+2))
starting vacuum...end.
transaction type: <builtin: select only>
scaling factor: 1000
query mode: simple
number of clients: 128
number of threads: 16
maximum number of tries: 1
duration: 480 s
number of transactions actually processed: 63686058
number of failed transactions: 0 (0.000%)
latency average = 0.494 ms
latency stddev = 0.901 ms
rate limit schedule lag: avg 0.088 (max 54.581) ms
initial connection time = 210.983 ms
tps = 132736.375479 (without initial connection time)
---AAD-PGBENCH-LATENCY-US---
rc=0
samples=1274145
      1 229
      2 230
      1 231
      7 232
      9 233
     12 234
     13 235
     11 236
     24 237
     24 238
     38 239
     48 240
     50 241
     62 242
     93 243
     98 244
    101 245
    157 246
    171 247
    200 248
    192 249
    254 250
    300 251
    297 252
    357 253
    381 254
    480 255
    506 256
    593 257
    666 258
    689 259
    709 260
    790 261
    871 262
    962 263
   1041 264
   1084 265
   1172 266
   1294 267
   1298 268
   1478 269
   1493 270
   1558 271
   1686 272
   1703 273
   1772 274
   1960 275
   1995 276
   2062 277
   2243 278
   2272 279
   2395 280
   2480 281
   2620 282
   2681 283
   2710 284
   2693 285
   2818 286
   2985 287
   3036 288
   3171 289
   3210 290
   3325 291
   3371 292
   3538 293
   3628 294
   3688 295
   3796 296
   3888 297
   4024 298
   4175 299
   4210 300
   4294 301
   4432 302
   4477 303
   4850 304
   4927 305
   5048 306
   5164 307
   5189 308
   5351 309
   5562 310
   5807 311
   5610 312
   5948 313
   5998 314
   6158 315
   6198 316
   6328 317
   6259 318
   6524 319
   6409 320
   6549 321
   6732 322
   6693 323
   6768 324
   6807 325
   6897 326
   7011 327
   6972 328
   7036 329
   6996 330
   7038 331
   7185 332
   7141 333
   7275 334
   7138 335
   7395 336
   7418 337
   7350 338
   7511 339
   7367 340
   7533 341
   7583 342
   7643 343
   7444 344
   7602 345
   7511 346
   7606 347
   7428 348
   7545 349
   7421 350
   7465 351
   7509 352
   7264 353
   7371 354
   7226 355
   7233 356
   7087 357
   7205 358
   7193 359
   7058 360
   6972 361
   7062 362
   6944 363
   6966 364
   6760 365
   6874 366
   6802 367
   6553 368
   6627 369
   6849 370
   6757 371
   6510 372
   6466 373
   6499 374
   6525 375
   6418 376
   6459 377
   6507 378
   6443 379
   6288 380
   6282 381
   6158 382
   6183 383
   6041 384
   5957 385
   6082 386
   5989 387
   5766 388
   5806 389
   5846 390
   5607 391
   5645 392
   5596 393
   5622 394
   5466 395
   5394 396
   5374 397
   5349 398
   5547 399
   5355 400
   5281 401
   5238 402
   5127 403
   5092 404
   5208 405
   5107 406
   5092 407
   5067 408
   5013 409
   4980 410
   4898 411
   4799 412
   4884 413
   4759 414
   4899 415
   4740 416
   4654 417
   4573 418
   4519 419
   4617 420
   4560 421
   4475 422
   4448 423
   4209 424
   4248 425
   4234 426
   4238 427
   4134 428
   3989 429
   4099 430
   4152 431
   3971 432
   3893 433
   3936 434
   3835 435
   3762 436
   3704 437
   3685 438
   3777 439
   3693 440
   3697 441
   3578 442
   3592 443
   3488 444
   3634 445
   3477 446
   3300 447
   3428 448
   3474 449
   3281 450
   3350 451
   3361 452
   3187 453
   3127 454
   3210 455
   3120 456
   3072 457
   3060 458
   2942 459
   3076 460
   2891 461
   2886 462
   2977 463
   2948 464
   2855 465
   2852 466
   2718 467
   2804 468
   2753 469
   2715 470
   2712 471
   2588 472
   2616 473
   2667 474
   2710 475
   2513 476
   2476 477
   2614 478
   2468 479
   2536 480
   2377 481
   2465 482
   2439 483
   2470 484
   2437 485
   2331 486
   2369 487
   2264 488
   2312 489
   2206 490
   2208 491
   2148 492
   2073 493
   2102 494
   2096 495
   2083 496
   1999 497
   2050 498
   1985 499
   1928 500
   1993 501
   1926 502
   1912 503
   1840 504
   1842 505
   1857 506
   1797 507
   1865 508
   1708 509
   1812 510
   1738 511
   1696 512
   1714 513
   1693 514
   1630 515
   1627 516
   1613 517
   1628 518
   1643 519
   1536 520
   1545 521
   1462 522
   1525 523
   1563 524
   1452 525
   1490 526
   1435 527
   1356 528
   1472 529
   1374 530
   1350 531
   1359 532
   1385 533
   1328 534
   1364 535
   1445 536
   1357 537
   1310 538
   1298 539
   1314 540
   1251 541
   1262 542
   1216 543
   1216 544
   1250 545
   1185 546
   1165 547
   1198 548
   1120 549
   1172 550
   1176 551
   1162 552
   1140 553
   1072 554
   1075 555
   1086 556
   1061 557
   1033 558
   1092 559
   1019 560
   1032 561
   1010 562
    954 563
    981 564
    955 565
    949 566
    946 567
    915 568
    907 569
    848 570
    897 571
    857 572
    816 573
    852 574
    833 575
    806 576
    787 577
    799 578
    775 579
    817 580
    843 581
    750 582
    759 583
    739 584
    729 585
    730 586
    724 587
    730 588
    697 589
    691 590
    685 591
    690 592
    692 593
    654 594
    649 595
    615 596
    656 597
    622 598
    622 599
    695 600
    644 601
    612 602
    632 603
    593 604
    583 605
    572 606
    608 607
    508 608
    551 609
    572 610
    538 611
    537 612
    572 613
    532 614
    539 615
    524 616
    519 617
    515 618
    524 619
    508 620
    497 621
    525 622
    480 623
    471 624
    478 625
    505 626
    465 627
    495 628
    459 629
    433 630
    456 631
    439 632
    463 633
    418 634
    425 635
    412 636
    410 637
    414 638
    393 639
    371 640
    387 641
    377 642
    350 643
    363 644
    359 645
    369 646
    377 647
    383 648
    376 649
    361 650
    340 651
    334 652
    346 653
    283 654
    346 655
    334 656
    332 657
    340 658
    315 659
    295 660
    302 661
    300 662
    278 663
    295 664
    300 665
    282 666
    302 667
    278 668
    308 669
    267 670
    283 671
    277 672
    262 673
    252 674
    291 675
    282 676
    277 677
    245 678
    249 679
    239 680
    216 681
    231 682
    247 683
    250 684
    227 685
    217 686
    248 687
    223 688
    236 689
    229 690
    228 691
    252 692
    225 693
    223 694
    208 695
    209 696
    193 697
    219 698
    218 699
    189 700
    205 701
    215 702
    191 703
    216 704
    173 705
    198 706
    212 707
    202 708
    167 709
    185 710
    173 711
    165 712
    167 713
    161 714
    161 715
    159 716
    140 717
    135 718
    192 719
    170 720
    161 721
    175 722
    144 723
    164 724
    147 725
    159 726
    144 727
    143 728
    140 729
    141 730
    138 731
    141 732
    129 733
    136 734
    137 735
    146 736
    120 737
    127 738
    122 739
    118 740
    141 741
    133 742
    115 743
    126 744
    125 745
    120 746
    112 747
    111 748
    120 749
    129 750
    102 751
    100 752
    121 753
    121 754
    112 755
    118 756
     88 757
    100 758
    118 759
    111 760
    109 761
    111 762
    120 763
    105 764
     98 765
    130 766
     94 767
     82 768
     93 769
    110 770
     92 771
    109 772
     79 773
    119 774
     81 775
     85 776
     74 777
     82 778
     81 779
     74 780
     84 781
     72 782
     99 783
     78 784
     82 785
     82 786
     86 787
     79 788
     88 789
     85 790
     86 791
     72 792
     75 793
     84 794
     73 795
     69 796
     65 797
     77 798
     69 799
     73 800
     71 801
     83 802
     69 803
     67 804
     59 805
     60 806
     63 807
     60 808
     63 809
     59 810
     57 811
     54 812
     73 813
     56 814
     51 815
     57 816
     59 817
     56 818
     60 819
     58 820
     58 821
     59 822
     55 823
     48 824
     61 825
     47 826
     49 827
     47 828
     42 829
     55 830
     58 831
     59 832
     55 833
     45 834
     64 835
     47 836
     45 837
     52 838
     49 839
     58 840
     43 841
     47 842
     46 843
     55 844
     45 845
     51 846
     54 847
     40 848
     40 849
     48 850
     42 851
     45 852
     43 853
     44 854
     47 855
     38 856
     35 857
     39 858
     40 859
     36 860
     35 861
     36 862
     45 863
     44 864
     36 865
     37 866
     31 867
     52 868
     27 869
     25 870
     37 871
     28 872
     36 873
     27 874
     31 875
     35 876
     32 877
     31 878
     30 879
     41 880
     32 881
     31 882
     38 883
     27 884
     22 885
     26 886
     28 887
     24 888
     32 889
     47 890
     30 891
     35 892
     29 893
     26 894
     28 895
     30 896
     39 897
     35 898
     21 899
     28 900
     28 901
     21 902
     33 903
     20 904
     28 905
     25 906
     38 907
     25 908
     29 909
     28 910
     25 911
     22 912
     30 913
     29 914
     25 915
     19 916
     22 917
     26 918
     18 919
     26 920
     28 921
     20 922
     30 923
     18 924
     21 925
     22 926
     23 927
     25 928
     19 929
     28 930
     24 931
     21 932
     21 933
     29 934
     26 935
     19 936
     20 937
     24 938
     17 939
     27 940
     30 941
     17 942
     17 943
     17 944
     18 945
     17 946
     30 947
     20 948
     15 949
     15 950
     21 951
     18 952
     13 953
     18 954
     29 955
     20 956
     27 957
     22 958
     18 959
     16 960
     10 961
     15 962
     23 963
      7 964
     18 965
     15 966
     19 967
     30 968
     25 969
     20 970
     25 971
     20 972
      9 973
     20 974
     20 975
     16 976
     14 977
     17 978
     18 979
     17 980
      8 981
     13 982
     15 983
     11 984
     15 985
     10 986
     22 987
     14 988
     13 989
     16 990
     17 991
     15 992
     16 993
     19 994
     18 995
     15 996
     18 997
     15 998
     13 999
     11 1000
      9 1001
     16 1002
     17 1003
     14 1004
     15 1005
     19 1006
     11 1007
     15 1008
      9 1009
     12 1010
      8 1011
     15 1012
     13 1013
     14 1014
     11 1015
     12 1016
     14 1017
      9 1018
     10 1019
     16 1020
     16 1021
      5 1022
      8 1023
     15 1024
     16 1025
     14 1026
     15 1027
      8 1028
     12 1029
      7 1030
     13 1031
      9 1032
     13 1033
     14 1034
      8 1035
     18 1036
      8 1037
     12 1038
     13 1039
     10 1040
     10 1041
     10 1042
     11 1043
     14 1044
     13 1045
      7 1046
     16 1047
     10 1048
     14 1049
     13 1050
     12 1051
     10 1052
     10 1053
      9 1054
     12 1055
      9 1056
      5 1057
      8 1058
     11 1059
      6 1060
     11 1061
     14 1062
     10 1063
      6 1064
     10 1065
     12 1066
     12 1067
      9 1068
      6 1069
     10 1070
      5 1071
     17 1072
     11 1073
      7 1074
     16 1075
      9 1076
      8 1077
      7 1078
      7 1079
     10 1080
      8 1081
      7 1082
      8 1083
     11 1084
     15 1085
      9 1086
      3 1087
      9 1088
     12 1089
     12 1090
      9 1091
      8 1092
     14 1093
      9 1094
      8 1095
      8 1096
      9 1097
      8 1098
      9 1099
     12 1100
      6 1101
     10 1102
     11 1103
     10 1104
      9 1105
      8 1106
     13 1107
      7 1108
     12 1109
     11 1110
     11 1111
      4 1112
      8 1113
     11 1114
      7 1115
      9 1116
      8 1117
     10 1118
      3 1119
     15 1120
     10 1121
     12 1122
      4 1123
      6 1124
     10 1125
      7 1126
      6 1127
      9 1128
      5 1129
      8 1130
      6 1131
      5 1132
      7 1133
     10 1134
      9 1135
      3 1136
      6 1137
      5 1138
      9 1139
      6 1140
      2 1141
     13 1142
      4 1143
      8 1144
     10 1145
     10 1146
     10 1147
      5 1148
      6 1149
     12 1150
      5 1151
      4 1152
      8 1153
      7 1154
      4 1155
      8 1156
      3 1157
      5 1158
      4 1159
      6 1160
      6 1161
      6 1162
      8 1163
      4 1164
      9 1165
     18 1166
      5 1167
      9 1168
     10 1169
      7 1170
      6 1171
      4 1172
      5 1173
      4 1174
      6 1175
      7 1176
      7 1177
      8 1178
      6 1179
      8 1180
      5 1181
      2 1182
      5 1183
      3 1184
      5 1185
      6 1186
      4 1187
      7 1188
      4 1189
      9 1190
      6 1191
      2 1192
      2 1193
      1 1194
      5 1195
      5 1196
      7 1197
      2 1198
      4 1199
      5 1200
      2 1201
      5 1202
      6 1203
      3 1204
      7 1205
     10 1206
      5 1207
      3 1208
      3 1209
      8 1210
      6 1211
      5 1212
      3 1213
      3 1214
      6 1215
      5 1216
      6 1217
      4 1218
      2 1219
      8 1220
      7 1221
      6 1222
      3 1223
      4 1224
      6 1225
      5 1226
      5 1227
      4 1228
      3 1229
      7 1230
      8 1231
      5 1232
      6 1233
      6 1234
      8 1235
      6 1236
      5 1237
      2 1238
      5 1239
     13 1240
      4 1241
      6 1242
      3 1243
      4 1244
      4 1245
      4 1246
      3 1247
      7 1248
      6 1249
      4 1250
      5 1251
      8 1252
      8 1253
     10 1254
      4 1255
      3 1256
      5 1257
      2 1258
      1 1259
      8 1260
      5 1261
      6 1262
      7 1263
      5 1264
      4 1265
      5 1266
      7 1267
      3 1268
      4 1269
      2 1270
      5 1271
      2 1272
      3 1273
      5 1274
      3 1275
      4 1276
      3 1277
      3 1278
      7 1279
      2 1280
      5 1281
      3 1282
      5 1283
      6 1284
      3 1285
      2 1286
      3 1287
      6 1288
      5 1289
      2 1290
      6 1291
      3 1292
      3 1293
      2 1294
      4 1295
      5 1296
      3 1297
      5 1299
      1 1300
      4 1301
      9 1302
      5 1303
      2 1304
      3 1305
      1 1306
      3 1307
      6 1308
      2 1309
      4 1310
      3 1311
      3 1312
      4 1313
      5 1314
      2 1315
      2 1316
      5 1317
      2 1318
      7 1319
      3 1320
      2 1321
      1 1322
      4 1323
      5 1324
      6 1325
      4 1326
      7 1327
      4 1328
      2 1329
      3 1330
      2 1331
      5 1332
      5 1333
      2 1334
      4 1335
      5 1336
      6 1337
      2 1338
      2 1339
      4 1340
      8 1342
      3 1343
      2 1344
      2 1345
      1 1346
      2 1347
      3 1348
      4 1349
      2 1350
      1 1351
      2 1352
      6 1353
      4 1354
      4 1355
      4 1356
      4 1357
      3 1359
      4 1360
      4 1361
      6 1362
      5 1363
      3 1364
      2 1365
      2 1366
      3 1367
      4 1368
      1 1369
      2 1371
      2 1372
      5 1373
      2 1374
      7 1375
      4 1376
      4 1377
      1 1378
      3 1379
      2 1380
      2 1381
      2 1383
      7 1384
      6 1385
      1 1386
      2 1387
      2 1388
      6 1389
      4 1390
      4 1391
      3 1392
      6 1393
      2 1394
      2 1395
      2 1396
      4 1397
      1 1398
      2 1399
      1 1400
      4 1401
      3 1402
      4 1403
      1 1404
      2 1405
      4 1406
      2 1407
      1 1408
      2 1409
      2 1410
      3 1411
      3 1412
      1 1413
      2 1414
      2 1415
      9 1416
      1 1417
      1 1418
      4 1419
      3 1420
      4 1421
      6 1422
      2 1423
      4 1425
      3 1426
      3 1427
      1 1428
      6 1429
      2 1430
      6 1431
      3 1432
      3 1433
      2 1434
      4 1435
      1 1436
      4 1437
      1 1438
      4 1439
      2 1440
      2 1441
      2 1442
      6 1443
      2 1444
      2 1446
      3 1447
      2 1448
      4 1449
      5 1450
      3 1451
      5 1452
      1 1454
      2 1455
      2 1456
      1 1457
      3 1458
      2 1459
      3 1460
      1 1461
      5 1462
      3 1463
      3 1464
      2 1465
      4 1466
      5 1467
      1 1468
      1 1469
      2 1470
      2 1471
      4 1473
      2 1474
      2 1475
      1 1477
      5 1478
      3 1479
      1 1480
      3 1483
      2 1484
      2 1486
      5 1487
      3 1488
      2 1489
      2 1490
      2 1491
      2 1493
      4 1494
      1 1495
      1 1497
      3 1498
      5 1499
      1 1502
      2 1503
      3 1504
      3 1505
      1 1506
      4 1507
      1 1508
      1 1510
      1 1511
      6 1513
      3 1514
      3 1515
      1 1516
      3 1517
      1 1518
      3 1519
      5 1520
      5 1521
      1 1522
      3 1523
      2 1524
      1 1525
      1 1526
      2 1527
      4 1528
      1 1530
      2 1531
      3 1532
      1 1533
      1 1534
      4 1535
      1 1536
      3 1537
      3 1538
      3 1539
      3 1540
      1 1541
      1 1542
      1 1543
      1 1545
      3 1547
      1 1548
      3 1549
      1 1550
      2 1551
      1 1552
      1 1553
      2 1554
      1 1555
      1 1556
      1 1557
      4 1558
      1 1559
      1 1560
      1 1561
      2 1562
      1 1563
      4 1564
      2 1565
      1 1566
      1 1568
      2 1569
      2 1570
      1 1571
      2 1572
      3 1573
      2 1574
      2 1577
      4 1578
      1 1579
      2 1582
      4 1583
      3 1584
      1 1585
      1 1586
      4 1587
      1 1588
      2 1589
      4 1590
      2 1591
      1 1593
      4 1594
      1 1595
      3 1596
      1 1597
      2 1598
      1 1599
      4 1600
      1 1601
      2 1603
      3 1605
      2 1606
      1 1607
      2 1608
      1 1609
      1 1610
      1 1611
      1 1612
      2 1613
      2 1614
      2 1616
      2 1617
      3 1618
      3 1620
      1 1621
      2 1623
      2 1625
      2 1626
      2 1627
      2 1628
      3 1631
      2 1632
      1 1633
      2 1634
      1 1636
      4 1637
      1 1638
      1 1639
      3 1640
      2 1642
      1 1643
      1 1646
      1 1647
      2 1648
      2 1649
      3 1650
      1 1651
      1 1653
      1 1654
      4 1655
      1 1656
      1 1657
      2 1658
      5 1659
      3 1660
      2 1661
      2 1662
      3 1663
      2 1665
      1 1668
      1 1669
      1 1670
      2 1671
      1 1672
      2 1673
      2 1674
      3 1675
      1 1676
      1 1677
      1 1679
      1 1681
      3 1682
      2 1683
      1 1685
      4 1686
      2 1687
      2 1688
      3 1690
      3 1691
      3 1692
      2 1694
      2 1697
      2 1698
      2 1699
      1 1700
      2 1701
      1 1702
      3 1703
      2 1705
      1 1706
      3 1707
      3 1709
      2 1711
      2 1712
      2 1713
      1 1714
      1 1715
      2 1716
      2 1717
      1 1718
      1 1719
      2 1720
      1 1724
      1 1725
      1 1726
      2 1728
      2 1729
      2 1732
      2 1733
      1 1734
      2 1736
      2 1737
      3 1738
      1 1739
      2 1741
      1 1742
      1 1743
      2 1744
      1 1746
      1 1747
      1 1748
      1 1749
      1 1752
      1 1753
      2 1754
      1 1755
      1 1756
      3 1759
      3 1760
      1 1762
      1 1763
      2 1764
      1 1765
      2 1768
      1 1769
      1 1770
      3 1771
      1 1772
      1 1774
      1 1775
      3 1776
      2 1778
      1 1780
      2 1781
      3 1782
      3 1783
      2 1784
      1 1785
      1 1786
      1 1789
      2 1790
      2 1791
      3 1792
      2 1794
      4 1795
      1 1796
      2 1797
      3 1799
      2 1800
      1 1801
      1 1802
      2 1803
      2 1805
      1 1806
      3 1807
      1 1809
      6 1810
      1 1814
      1 1818
      2 1822
      2 1825
      2 1829
      1 1831
      1 1832
      1 1834
      3 1836
      1 1838
      2 1840
      2 1841
      2 1843
      3 1850
      1 1853
      1 1854
      2 1855
      1 1856
      1 1863
      2 1865
      2 1868
      1 1869
      1 1870
      1 1871
      1 1872
      4 1874
      1 1875
      3 1877
      1 1878
      1 1879
      1 1880
      3 1881
      2 1882
      2 1884
      1 1887
      2 1888
      1 1889
      1 1890
      1 1891
      1 1892
      1 1894
      1 1896
      1 1897
      2 1901
      1 1902
      2 1904
      1 1907
      1 1911
      1 1912
      2 1913
      1 1914
      1 1916
      1 1921
      1 1922
      1 1923
      1 1924
      1 1926
      1 1928
      1 1929
      1 1930
      1 1932
      1 1933
      1 1934
      1 1936
      2 1938
      1 1940
      3 1941
      1 1942
      2 1943
      2 1944
      1 1946
      2 1947
      2 1948
      5 1949
      3 1950
      1 1955
      1 1961
      1 1962
      1 1963
      1 1964
      1 1965
      1 1966
      3 1967
      1 1968
      2 1969
      1 1970
      1 1971
      1 1972
      4 1973
      1 1974
      1 1975
      2 1978
      1 1979
      2 1980
      3 1982
      1 1983
      1 1987
      1 1988
      1 1990
      1 1991
      1 1993
      1 1994
      1 1996
      2 1998
      1 1999
      2 2002
      1 2004
      1 2005
      1 2006
      1 2007
      1 2008
      1 2010
      3 2011
      2 2012
      3 2014
      1 2016
      1 2017
      1 2020
      1 2027
      2 2029
      1 2032
      1 2033
      1 2035
      1 2036
      1 2039
      1 2041
      1 2048
      1 2051
      1 2052
      1 2053
      1 2054
      1 2058
      1 2063
      2 2067
      1 2068
      1 2069
      1 2075
      1 2080
      2 2081
      1 2083
      1 2087
      1 2090
      1 2091
      2 2092
      1 2093
      1 2095
      2 2098
      1 2099
      1 2101
      1 2102
      2 2103
      1 2105
      1 2106
      1 2109
      2 2111
      2 2113
      1 2116
      1 2117
      1 2118
      1 2120
      1 2122
      2 2123
      1 2125
      1 2126
      1 2134
      1 2143
      2 2144
      3 2146
      1 2147
      1 2150
      1 2153
      1 2155
      1 2156
      1 2157
      1 2163
      1 2164
      1 2165
      1 2167
      2 2170
      1 2172
      1 2173
      3 2174
      1 2175
      1 2181
      1 2184
      1 2186
      1 2188
      1 2190
      1 2194
      1 2200
      1 2202
      1 2203
      1 2204
      1 2208
      1 2217
      1 2221
      2 2224
      1 2227
      1 2237
      2 2239
      1 2242
      2 2246
      1 2252
      1 2256
      1 2257
      1 2261
      1 2263
      1 2264
      1 2265
      1 2266
      1 2267
      1 2276
      1 2278
      1 2283
      2 2284
      1 2288
      1 2289
      1 2290
      1 2297
      1 2302
      2 2305
      1 2309
      1 2311
      2 2313
      2 2318
      1 2319
      2 2322
      1 2323
      2 2325
      1 2326
      1 2327
      2 2329
      1 2336
      1 2339
      1 2348
      2 2351
      1 2352
      1 2356
      1 2366
      1 2383
      2 2384
      1 2385
      1 2387
      1 2390
      1 2397
      1 2404
      1 2410
      2 2412
      1 2413
      1 2414
      1 2422
      1 2427
      1 2431
      1 2437
      1 2440
      1 2443
      2 2445
      1 2447
      1 2448
      1 2450
      1 2451
      1 2453
      1 2465
      1 2467
      1 2469
      1 2477
      1 2481
      1 2494
      1 2498
      1 2500
      1 2502
      1 2509
      1 2512
      1 2530
      1 2532
      1 2533
      1 2544
      1 2546
      1 2548
      1 2586
      2 2588
      1 2596
      1 2618
      1 2622
      1 2634
      1 2639
      1 2646
      1 2648
      1 2660
      1 2664
      1 2672
      1 2674
      1 2680
      1 2682
      1 2685
      1 2698
      1 2705
      1 2711
      1 2717
      1 2721
      1 2732
      1 2758
      1 2779
      1 2787
      1 2788
      1 2798
      1 2807
      1 2824
      1 2838
      1 2844
      1 2851
      1 2858
      1 2863
      1 2871
      2 2877
      1 2886
      1 2893
      1 2904
      1 2921
      2 2929
      1 2941
      1 2947
      1 2948
      1 2952
      1 2958
      1 2959
      1 2964
      1 2965
      1 2970
      1 2972
      1 2975
      1 2980
      1 2985
      1 2992
      1 3014
      1 3025
      1 3030
      1 3058
      1 3072
      1 3076
      1 3084
      1 3097
      1 3098
      1 3106
      1 3133
      1 3141
      1 3164
      1 3184
      1 3203
      1 3210
      1 3239
      1 3279
      1 3359
      1 3363
      1 3372
      1 3382
      1 3452
      1 3527
      1 3531
      1 3538
      1 3551
      1 3554
      1 3670
      1 3678
      1 3704
      1 3862
      1 3970
      1 4042
      1 4225
      1 4245
      1 4552
      1 4957
      1 5170
      1 5495
      1 5681
      1 5864
      1 5874
      1 6140
      1 7351
      1 8730
      1 11833
      1 20446
      1 23807
      1 24368
---AAD-PGBENCH-LAG-US---
  21851 0
  19105 1
  16830 2
  15767 3
  15274 4
  14953 5
  14047 6
  13353 7
  12846 8
  12732 9
  12521 10
  12267 11
  11902 12
  11781 13
  11636 14
  11595 15
  11595 16
  11548 17
  11515 18
  11430 19
  11663 20
  11207 21
  11296 22
  11160 23
  11480 24
  11388 25
  11275 26
  11293 27
  11385 28
  11236 29
  11187 30
  11317 31
  11056 32
  10921 33
  10748 34
  10613 35
  10769 36
  10564 37
  10450 38
  10503 39
  10217 40
  10223 41
  10038 42
  10014 43
   9903 44
  10030 45
   9618 46
   9573 47
   9566 48
   9741 49
   9148 50
   8777 51
   8421 52
   7474 53
   7409 54
  18671 55
  32830 56
  18315 57
  14062 58
  13282 59
  12598 60
  16074 61
  32874 62
  52990 63
  83688 64
  64506 65
  29401 66
  21639 67
  21198 68
  22398 69
  25200 70
  22717 71
  21647 72
  17985 73
  11413 74
   8925 75
   7532 76
   6694 77
   6241 78
   5975 79
   4563 80
   3658 81
   2997 82
   2368 83
   2001 84
   1688 85
   1513 86
   1198 87
   1052 88
    883 89
    812 90
    643 91
    597 92
    511 93
    489 94
    429 95
    398 96
    314 97
    320 98
    321 99
    309 100
    286 101
    250 102
    237 103
    244 104
    219 105
    223 106
    242 107
    203 108
    207 109
    204 110
    220 111
    206 112
    190 113
    206 114
    173 115
    161 116
    195 117
    190 118
    167 119
    155 120
    158 121
    151 122
    143 123
    148 124
    161 125
    157 126
    139 127
    172 128
    168 129
    139 130
    167 131
    140 132
    151 133
    136 134
    140 135
    150 136
    167 137
    141 138
    146 139
    137 140
    131 141
    116 142
    126 143
    135 144
    132 145
    116 146
    109 147
    116 148
    105 149
    122 150
    114 151
    104 152
    109 153
    132 154
     98 155
    118 156
    117 157
    109 158
     90 159
     96 160
    108 161
    100 162
     93 163
    101 164
    103 165
     94 166
     96 167
    103 168
    107 169
     89 170
     96 171
     93 172
     84 173
     80 174
     77 175
     68 176
     79 177
     63 178
     83 179
     90 180
     77 181
     67 182
     78 183
     78 184
     72 185
     80 186
     65 187
     73 188
     79 189
     56 190
     65 191
     77 192
     76 193
     54 194
     57 195
     48 196
     58 197
     66 198
     60 199
     61 200
     59 201
     68 202
     57 203
     63 204
     57 205
     51 206
     46 207
     52 208
     48 209
     61 210
     44 211
     45 212
     48 213
     56 214
     42 215
     50 216
     51 217
     41 218
     46 219
     56 220
     46 221
     47 222
     39 223
     41 224
     53 225
     44 226
     38 227
     36 228
     43 229
     53 230
     40 231
     40 232
     40 233
     36 234
     34 235
     29 236
     35 237
     37 238
     33 239
     36 240
     31 241
     47 242
     27 243
     31 244
     44 245
     34 246
     33 247
     21 248
     35 249
     36 250
     28 251
     23 252
     25 253
     31 254
     32 255
     30 256
     34 257
     28 258
     19 259
     26 260
     23 261
     27 262
     29 263
     23 264
     20 265
     28 266
     26 267
     22 268
     17 269
     16 270
     18 271
     22 272
     24 273
     26 274
     16 275
     18 276
     18 277
     25 278
     23 279
     12 280
     18 281
     20 282
     18 283
     24 284
     23 285
     22 286
     11 287
     15 288
     20 289
     23 290
     12 291
     16 292
     20 293
     14 294
     13 295
      8 296
     14 297
     14 298
      8 299
     23 300
     11 301
     12 302
     13 303
      8 304
     17 305
     16 306
      9 307
     11 308
      9 309
     13 310
     16 311
      7 312
      8 313
     17 314
     16 315
     10 316
     14 317
     13 318
      8 319
      9 320
     10 321
     12 322
     12 323
      8 324
     12 325
     12 326
     12 327
     10 328
      9 329
     10 330
      9 331
     10 332
      6 333
      2 334
      4 335
     13 336
      2 337
      3 338
      7 339
      8 340
     13 341
      8 342
      8 343
      8 344
      6 345
      6 346
      6 347
     11 348
      3 349
     10 350
     10 351
      7 352
      5 353
      4 354
      7 355
      2 356
      4 357
      7 358
      7 359
      5 360
      5 361
      9 362
      8 363
      5 364
      5 365
      6 366
      5 367
      8 368
      2 369
      6 370
      2 371
      9 372
      5 373
      7 374
      7 375
     11 376
      4 377
      4 378
      4 379
      4 380
      3 381
      2 382
      3 383
      4 384
      1 385
      7 386
      7 387
      3 388
      2 389
      3 390
      4 391
      5 392
      2 393
      4 394
      7 395
      5 396
      4 397
      7 398
      6 399
      4 400
      5 401
      5 402
      5 403
      9 404
      5 405
      3 406
      2 407
      7 408
      3 409
      5 410
      4 411
      5 412
      6 413
      2 414
      6 415
      3 416
      2 417
      5 418
      4 419
      4 420
      1 421
      6 422
      2 423
      2 424
      5 425
      2 426
      6 427
      3 428
      3 429
      4 430
      3 431
      3 432
      2 433
      2 434
      2 435
      5 436
      6 437
      4 438
      5 439
      4 440
      4 441
      5 442
      2 443
      2 444
      1 445
      6 446
      5 447
      2 448
      6 449
      6 450
      2 451
      3 452
      2 453
      1 454
      1 455
      4 456
      5 457
      1 458
      3 459
      3 460
      3 461
      3 462
      3 463
      2 464
      2 465
      4 466
      3 467
      1 468
      2 469
      4 470
      1 471
      2 472
      5 473
      3 474
      1 476
      1 477
      4 478
      4 480
      5 481
      1 482
      2 483
      3 484
      2 485
      2 486
      2 487
      2 488
      3 490
      4 491
      3 492
      1 493
      1 494
      1 495
      2 496
      3 499
      4 500
      1 501
      4 502
      5 503
      4 504
      3 505
      2 506
      2 507
      1 508
      3 509
      1 510
      5 511
      2 512
      4 513
      2 515
      5 516
      2 517
      3 518
      2 519
      1 520
      1 521
      2 522
      1 523
      3 524
      2 525
      2 526
      4 527
      1 529
      1 530
      3 531
      3 532
      1 533
      2 534
      3 535
      1 536
      5 538
      2 539
      2 540
      4 541
      4 542
      4 543
      2 544
      2 545
      2 546
      2 547
      2 548
      3 550
      2 551
      1 552
      6 553
      1 554
      1 555
      2 556
      1 557
      1 558
      1 559
      4 560
      4 561
      1 562
      2 563
      5 564
      2 565
      3 566
      4 567
      3 569
      2 570
      1 572
      4 573
      1 574
      3 575
      3 576
      1 577
      1 579
      2 581
      1 582
      3 583
      3 584
      1 585
      3 586
      1 587
      1 588
      2 589
      3 590
      3 591
      4 592
      4 593
      5 594
      3 595
      4 596
      1 598
      1 599
      1 600
      4 601
      2 602
      1 603
      2 604
      2 605
      1 606
      3 607
      2 608
      3 609
      3 610
      2 611
      2 613
      2 614
      3 615
      2 616
      1 617
      1 618
      1 620
      3 621
      1 622
      3 623
      1 624
      1 625
      3 626
      1 627
      1 628
      1 629
      2 630
      1 631
      1 632
      2 633
      1 634
      2 635
      1 636
      2 638
      2 639
      1 641
      3 642
      1 643
      1 644
      2 645
      1 646
      5 647
      1 648
      2 649
      1 651
      3 653
      1 654
      2 656
      2 657
      3 658
      4 659
      1 660
      2 661
      2 662
      1 663
      1 666
      2 669
      3 670
      1 672
      1 673
      1 674
      1 676
      2 677
      1 678
      1 679
      1 680
      1 682
      2 683
      1 685
      1 686
      1 687
      4 690
      1 691
      1 692
      1 693
      2 695
      1 696
      1 697
      1 698
      2 699
      2 700
      1 701
      1 702
      3 703
      1 704
      1 706
      1 707
      1 708
      4 709
      2 710
      2 711
      2 712
      2 713
      1 714
      1 715
      2 717
      2 718
      2 719
      2 721
      1 722
      1 723
      2 724
      1 725
      2 726
      2 727
      2 728
      1 729
      2 730
      2 731
      3 734
      3 736
      1 737
      2 738
      3 740
      1 741
      3 744
      1 745
      1 746
      2 748
      2 750
      1 752
      2 753
      1 754
      3 755
      1 756
      1 758
      2 759
      2 761
      1 762
      1 764
      1 765
      2 766
      2 767
      1 768
      3 769
      1 771
      1 772
      1 773
      1 774
      2 775
      2 777
      1 778
      2 779
      1 782
      2 784
      2 785
      2 788
      1 790
      2 791
      1 793
      2 794
      1 795
      1 796
      1 797
      2 799
      2 801
      4 805
      2 806
      1 807
      3 808
      1 809
      3 812
      2 815
      1 816
      1 818
      3 821
      2 823
      1 824
      2 827
      1 828
      1 829
      1 830
      1 832
      4 834
      3 835
      1 836
      2 837
      1 838
      2 839
      2 842
      1 845
      1 849
      1 850
      1 851
      2 852
      2 853
      2 854
      1 855
      2 856
      1 857
      2 858
      2 859
      2 861
      1 865
      1 866
      2 867
      1 868
      1 869
      2 870
      5 871
      1 872
      1 873
      1 874
      1 875
      1 878
      1 880
      1 881
      1 882
      2 883
      2 887
      2 888
      1 889
      3 890
      2 891
      1 894
      1 895
      1 897
      1 899
      2 902
      1 903
      2 906
      1 908
      1 909
      1 910
      1 912
      1 913
      2 914
      1 915
      1 916
      3 917
      1 918
      2 919
      3 920
      1 922
      1 923
      3 924
      1 925
      1 926
      1 932
      1 933
      1 934
      1 935
      1 936
      1 938
      1 940
      1 942
      1 943
      2 945
      2 946
      1 948
      1 949
      4 950
      1 952
      1 955
      1 956
      1 957
      1 958
      1 959
      2 960
      1 963
      3 970
      2 972
      1 976
      1 978
      1 979
      2 981
      1 987
      1 988
      4 991
      1 993
      1 996
      1 999
      1 1000
      3 1004
      1 1007
      1 1008
      3 1009
      1 1013
      1 1014
      1 1016
      1 1018
      1 1025
      1 1026
      1 1028
      3 1030
      2 1031
      2 1036
      1 1037
      1 1038
      1 1039
      1 1040
      1 1041
      1 1042
      3 1043
      1 1044
      1 1045
      1 1046
      1 1047
      2 1051
      1 1053
      1 1055
      1 1056
      2 1058
      4 1059
      1 1060
      1 1064
      1 1068
      1 1073
      2 1077
      1 1078
      3 1079
      1 1080
      1 1081
      1 1082
      1 1083
      2 1084
      1 1085
      1 1086
      2 1087
      1 1088
      2 1089
      1 1091
      1 1092
      2 1094
      1 1098
      1 1099
      1 1100
      2 1105
      1 1107
      2 1109
      1 1111
      1 1112
      1 1113
      2 1114
      2 1116
      1 1119
      1 1120
      1 1122
      2 1123
      1 1127
      1 1129
      1 1136
      1 1139
      1 1140
      1 1142
      1 1143
      1 1145
      1 1149
      1 1150
      1 1152
      1 1159
      1 1161
      2 1162
      2 1163
      1 1171
      1 1173
      1 1175
      1 1176
      1 1179
      1 1181
      1 1182
      1 1184
      3 1185
      1 1187
      1 1188
      1 1189
      2 1190
      1 1192
      1 1193
      1 1194
      1 1197
      1 1199
      2 1200
      1 1202
      2 1207
      1 1208
      1 1209
      2 1210
      1 1220
      2 1221
      1 1223
      1 1224
      1 1226
      1 1229
      1 1231
      2 1233
      1 1234
      1 1236
      1 1238
      1 1240
      1 1243
      1 1244
      1 1245
      3 1246
      1 1247
      2 1251
      1 1254
      1 1255
      1 1256
      1 1262
      1 1263
      1 1266
      3 1267
      1 1268
      1 1270
      2 1272
      1 1274
      1 1275
      1 1278
      1 1281
      1 1282
      1 1286
      1 1287
      1 1289
      1 1291
      1 1295
      1 1297
      1 1302
      1 1303
      2 1304
      2 1306
      3 1310
      1 1311
      1 1313
      2 1315
      1 1317
      1 1324
      2 1327
      1 1328
      1 1330
      1 1332
      1 1333
      2 1336
      1 1338
      1 1339
      1 1340
      1 1341
      1 1348
      2 1349
      1 1351
      1 1352
      1 1353
      1 1354
      1 1358
      1 1361
      1 1362
      1 1364
      1 1366
      2 1368
      1 1369
      1 1370
      1 1371
      2 1379
      1 1383
      1 1390
      1 1391
      2 1392
      1 1399
      2 1400
      1 1402
      1 1405
      1 1408
      1 1411
      1 1414
      1 1415
      1 1416
      1 1417
      1 1421
      1 1424
      1 1426
      3 1427
      1 1428
      1 1430
      1 1433
      1 1436
      2 1437
      1 1440
      1 1441
      1 1443
      1 1444
      1 1445
      1 1448
      1 1451
      3 1452
      1 1453
      1 1459
      1 1461
      2 1462
      2 1464
      1 1466
      1 1467
      1 1468
      3 1472
      1 1473
      2 1474
      2 1476
      1 1477
      1 1480
      1 1484
      1 1485
      1 1487
      1 1488
      1 1489
      1 1491
      1 1494
      2 1508
      1 1511
      1 1512
      1 1513
      1 1514
      2 1517
      1 1520
      2 1527
      1 1531
      1 1533
      1 1535
      1 1536
      1 1545
      1 1548
      1 1551
      2 1552
      2 1557
      1 1560
      1 1562
      2 1564
      2 1567
      1 1568
      1 1572
      1 1574
      2 1576
      1 1577
      1 1583
      1 1584
      1 1585
      1 1587
      1 1588
      1 1592
      1 1593
      1 1595
      2 1597
      1 1600
      1 1601
      1 1604
      2 1614
      1 1616
      1 1617
      1 1625
      1 1629
      2 1631
      2 1633
      1 1637
      1 1639
      1 1640
      2 1641
      1 1642
      2 1643
      1 1645
      1 1646
      1 1647
      1 1648
      2 1649
      1 1654
      3 1658
      1 1660
      1 1661
      1 1666
      1 1667
      1 1669
      2 1674
      2 1680
      1 1682
      1 1693
      2 1694
      1 1695
      1 1696
      1 1698
      1 1700
      1 1702
      2 1708
      2 1709
      1 1713
      1 1714
      1 1716
      2 1723
      2 1725
      1 1726
      1 1730
      2 1734
      1 1737
      1 1739
      1 1741
      1 1743
      2 1744
      1 1746
      2 1747
      1 1751
      3 1752
      1 1753
      1 1754
      1 1762
      1 1765
      1 1771
      1 1774
      1 1775
      1 1777
      1 1780
      1 1783
      1 1788
      1 1791
      2 1793
      1 1794
      1 1798
      1 1799
      1 1805
      1 1808
      2 1811
      1 1814
      1 1821
      1 1824
      3 1828
      2 1830
      1 1832
      2 1833
      1 1841
      1 1842
      1 1843
      1 1844
      1 1845
      2 1847
      1 1849
      1 1852
      1 1854
      1 1857
      1 1861
      1 1862
      1 1864
      2 1866
      2 1867
      2 1868
      1 1870
      1 1875
      2 1877
      1 1878
      1 1883
      1 1884
      1 1885
      1 1887
      1 1893
      1 1894
      1 1895
      1 1901
      1 1905
      1 1906
      1 1908
      1 1915
      1 1916
      1 1920
      1 1922
      2 1923
      1 1925
      1 1927
      1 1930
      1 1933
      1 1938
      1 1941
      1 1943
      1 1944
      1 1945
      2 1948
      2 1951
      1 1952
      2 1953
      1 1954
      1 1955
      1 1958
      1 1960
      2 1961
      2 1969
      1 1979
      1 1981
      1 1984
      1 1988
      1 1990
      1 1991
      2 1992
      1 1996
      1 1997
      2 1998
      1 2004
      1 2005
      2 2007
      1 2011
      1 2015
      1 2016
      1 2017
      1 2018
      1 2019
      1 2020
      1 2021
      1 2029
      1 2031
      1 2034
      2 2035
      1 2037
      1 2040
      1 2045
      1 2046
      1 2049
      1 2065
      2 2069
      1 2073
      1 2074
      2 2079
      1 2080
      1 2085
      1 2091
      2 2095
      1 2099
      1 2100
      1 2108
      1 2109
      1 2113
      1 2116
      1 2117
      1 2118
      1 2119
      1 2120
      1 2121
      1 2134
      1 2138
      1 2141
      2 2151
      1 2155
      1 2162
      1 2165
      1 2166
      2 2173
      2 2174
      1 2179
      1 2184
      1 2187
      1 2195
      1 2204
      1 2207
      1 2208
      1 2213
      1 2224
      1 2241
      1 2244
      1 2253
      1 2254
      1 2255
      1 2256
      1 2257
      1 2258
      2 2267
      1 2269
      1 2270
      1 2271
      1 2276
      1 2278
      1 2279
      1 2280
      1 2281
      1 2284
      1 2290
      2 2291
      1 2300
      1 2309
      1 2310
      1 2315
      1 2326
      1 2327
      1 2332
      1 2349
      1 2350
      1 2351
      2 2362
      1 2363
      1 2369
      2 2370
      1 2374
      1 2383
      1 2391
      1 2404
      1 2410
      1 2414
      1 2416
      1 2419
      1 2420
      1 2423
      1 2424
      1 2428
      1 2435
      1 2438
      2 2440
      1 2441
      1 2446
      1 2451
      1 2452
      1 2453
      1 2454
      1 2455
      1 2456
      1 2458
      2 2460
      1 2462
      2 2463
      1 2475
      1 2476
      1 2481
      1 2485
      1 2488
      1 2494
      2 2503
      1 2505
      1 2507
      1 2509
      1 2521
      1 2524
      1 2528
      1 2539
      1 2542
      1 2544
      1 2545
      1 2550
      1 2551
      1 2552
      2 2553
      1 2561
      1 2566
      3 2570
      1 2571
      3 2575
      1 2583
      1 2589
      1 2597
      2 2598
      1 2603
      1 2606
      1 2621
      1 2622
      1 2624
      1 2629
      1 2631
      1 2633
      1 2637
      1 2644
      1 2646
      1 2649
      1 2658
      1 2659
      4 2661
      1 2665
      1 2666
      1 2669
      2 2673
      2 2674
      1 2676
      1 2677
      1 2679
      1 2682
      1 2685
      1 2687
      1 2689
      1 2698
      1 2702
      2 2708
      1 2724
      1 2725
      1 2727
      1 2730
      1 2731
      1 2733
      1 2735
      1 2738
      1 2739
      1 2740
      1 2747
      1 2748
      1 2751
      1 2757
      1 2768
      1 2771
      1 2778
      2 2782
      1 2795
      1 2796
      1 2802
      1 2803
      1 2810
      1 2812
      2 2816
      1 2818
      1 2828
      1 2833
      1 2834
      1 2857
      1 2858
      1 2860
      1 2868
      1 2870
      1 2872
      1 2881
      1 2887
      2 2890
      1 2894
      1 2899
      1 2901
      3 2903
      1 2907
      2 2908
      1 2920
      1 2932
      1 2934
      1 2936
      1 2937
      1 2938
      1 2945
      1 2946
      1 2952
      1 2954
      1 2957
      2 2969
      1 2976
      1 2985
      1 2986
      1 2993
      1 2994
      1 3002
      1 3007
      1 3018
      1 3020
      1 3026
      1 3033
      1 3037
      1 3043
      1 3055
      3 3057
      1 3064
      1 3068
      1 3069
      1 3070
      3 3072
      1 3078
      1 3079
      1 3082
      2 3091
      2 3097
      1 3099
      1 3101
      1 3103
      1 3113
      1 3117
      1 3119
      1 3130
      1 3134
      1 3136
      1 3138
      1 3144
      1 3146
      1 3152
      1 3160
      1 3173
      2 3174
      1 3188
      1 3190
      1 3197
      2 3202
      1 3210
      1 3223
      1 3227
      1 3234
      1 3242
      1 3245
      2 3250
      1 3252
      1 3254
      1 3256
      1 3264
      1 3265
      1 3270
      3 3274
      1 3288
      2 3290
      1 3295
      2 3305
      1 3309
      1 3313
      1 3320
      1 3323
      2 3333
      1 3336
      1 3337
      1 3338
      1 3339
      1 3346
      1 3361
      1 3377
      1 3380
      1 3386
      1 3394
      1 3410
      1 3419
      1 3420
      1 3421
      1 3422
      1 3428
      1 3429
      1 3431
      1 3434
      1 3445
      1 3446
      1 3449
      1 3450
      1 3453
      1 3462
      1 3469
      1 3475
      1 3480
      1 3487
      1 3489
      3 3493
      1 3494
      1 3504
      1 3506
      1 3515
      1 3524
      1 3526
      1 3528
      1 3544
      1 3550
      1 3560
      1 3562
      1 3563
      1 3566
      1 3568
      1 3569
      1 3582
      1 3587
      1 3591
      1 3592
      1 3596
      1 3598
      1 3604
      1 3610
      2 3612
      2 3615
      1 3616
      1 3619
      1 3623
      1 3641
      1 3646
      1 3653
      1 3658
      1 3675
      1 3677
      1 3679
      1 3681
      1 3687
      1 3689
      1 3698
      1 3700
      1 3706
      1 3707
      1 3710
      1 3717
      1 3718
      1 3721
      2 3732
      1 3740
      1 3748
      1 3760
      1 3767
      2 3774
      1 3784
      2 3787
      1 3789
      1 3797
      1 3798
      1 3801
      1 3804
      1 3808
      1 3813
      2 3814
      2 3824
      1 3827
      1 3829
      1 3837
      1 3841
      1 3846
      1 3855
      1 3865
      1 3867
      1 3869
      1 3871
      1 3878
      1 3879
      1 3885
      1 3899
      1 3903
      1 3908
      1 3918
      1 3919
      1 3935
      1 3950
      1 3953
      1 3966
      1 3972
      1 3974
      1 3975
      1 3984
      2 3985
      1 3987
      1 3988
      1 3989
      1 3991
      1 3998
      1 4002
      1 4009
      1 4013
      1 4014
      1 4043
      1 4046
      1 4047
      1 4067
      1 4071
      1 4072
      1 4075
      1 4084
      1 4085
      1 4086
      1 4101
      1 4106
      1 4107
      1 4110
      1 4116
      1 4123
      1 4130
      1 4137
      1 4145
      1 4154
      1 4160
      1 4170
      1 4175
      1 4178
      2 4181
      1 4182
      1 4187
      1 4191
      1 4199
      1 4203
      1 4205
      1 4206
      1 4209
      1 4213
      1 4214
      1 4219
      1 4225
      2 4233
      1 4237
      1 4246
      1 4257
      1 4259
      1 4260
      1 4262
      1 4268
      1 4278
      1 4287
      1 4295
      1 4301
      1 4302
      1 4316
      1 4321
      1 4325
      1 4327
      1 4335
      1 4336
      1 4344
      1 4359
      1 4362
      2 4378
      1 4385
      2 4401
      1 4404
      1 4405
      1 4411
      1 4412
      1 4418
      1 4423
      1 4436
      1 4442
      1 4446
      1 4449
      1 4450
      2 4481
      1 4485
      1 4490
      1 4496
      1 4503
      1 4508
      1 4511
      1 4518
      1 4525
      1 4526
      1 4532
      1 4536
      1 4543
      1 4545
      1 4547
      1 4555
      1 4560
      1 4567
      1 4571
      1 4573
      1 4574
      1 4605
      1 4607
      2 4612
      1 4618
      1 4621
      1 4622
      1 4628
      1 4635
      1 4640
      1 4657
      1 4659
      1 4664
      1 4665
      1 4666
      1 4668
      1 4669
      1 4670
      1 4679
      2 4680
      2 4683
      1 4687
      1 4692
      1 4699
      1 4711
      1 4722
      1 4728
      1 4732
      1 4735
      1 4737
      1 4738
      2 4756
      1 4759
      1 4774
      1 4779
      1 4782
      1 4783
      1 4784
      1 4795
      1 4798
      1 4799
      1 4809
      2 4810
      2 4812
      1 4813
      1 4824
      1 4825
      1 4830
      3 4831
      2 4840
      1 4841
      1 4847
      1 4853
      1 4855
      2 4866
      1 4874
      1 4877
      1 4879
      1 4890
      1 4907
      1 4908
      1 4912
      1 4913
      1 4915
      2 4916
      2 4922
      1 4926
      1 4930
      1 4932
      1 4934
      1 4938
      1 4939
      2 4953
      1 4957
      1 4960
      1 4965
      2 4972
      1 4978
      1 4991
      1 4994
      1 4998
      1 5009
      2 5011
      1 5014
      1 5016
      1 5017
      1 5025
      1 5030
      1 5033
      1 5038
      2 5046
      1 5051
      1 5054
      1 5057
      1 5058
      1 5059
      1 5061
      1 5062
      1 5067
      1 5073
      1 5088
      1 5094
      1 5097
      1 5117
      1 5119
      1 5126
      1 5147
      1 5150
      1 5168
      1 5169
      1 5176
      1 5177
      1 5183
      1 5184
      1 5188
      1 5191
      1 5199
      1 5207
      2 5208
      1 5212
      1 5213
      2 5216
      1 5229
      1 5232
      1 5247
      1 5248
      1 5249
      1 5251
      1 5260
      1 5266
      1 5267
      1 5270
      1 5281
      1 5298
      2 5301
      1 5303
      1 5304
      1 5316
      1 5323
      1 5325
      1 5328
      1 5338
      1 5347
      1 5353
      1 5358
      1 5360
      1 5366
      1 5381
      1 5384
      1 5394
      1 5400
      1 5402
      1 5405
      1 5420
      1 5421
      1 5428
      1 5439
      1 5444
      1 5449
      1 5451
      1 5454
      1 5455
      1 5466
      2 5472
      1 5477
      1 5487
      2 5499
      1 5509
      1 5518
      1 5519
      1 5521
      1 5524
      1 5527
      1 5530
      2 5532
      1 5538
      1 5541
      1 5556
      2 5557
      1 5559
      2 5560
      1 5576
      1 5577
      1 5578
      1 5580
      1 5598
      1 5603
      1 5606
      1 5620
      1 5628
      1 5640
      1 5646
      1 5658
      1 5662
      1 5665
      1 5672
      1 5681
      1 5685
      1 5689
      1 5705
      1 5711
      1 5717
      1 5720
      2 5733
      1 5737
      1 5738
      2 5740
      1 5743
      1 5748
      1 5754
      1 5759
      1 5777
      1 5790
      1 5793
      1 5794
      1 5796
      1 5815
      1 5816
      2 5823
      1 5826
      1 5827
      1 5829
      1 5834
      1 5841
      2 5848
      1 5850
      1 5851
      1 5852
      1 5861
      1 5864
      1 5871
      2 5881
      1 5882
      1 5883
      1 5891
      1 5896
      1 5897
      1 5900
      2 5905
      1 5922
      1 5927
      3 5936
      1 5942
      1 5948
      1 5977
      1 5985
      2 5986
      1 5989
      1 5993
      1 5997
      1 6002
      1 6010
      1 6016
      1 6029
      1 6032
      1 6034
      1 6035
      1 6044
      1 6049
      1 6050
      1 6054
      1 6056
      2 6059
      1 6060
      1 6065
      1 6068
      2 6073
      1 6076
      1 6083
      1 6084
      1 6087
      1 6090
      1 6097
      1 6101
      2 6103
      1 6112
      1 6117
      1 6122
      1 6124
      1 6132
      1 6139
      1 6149
      1 6151
      1 6152
      1 6154
      1 6170
      1 6176
      1 6182
      1 6187
      1 6195
      1 6202
      1 6203
      1 6211
      1 6227
      1 6230
      2 6231
      1 6235
      1 6243
      1 6244
      1 6247
      1 6251
      1 6258
      1 6269
      1 6284
      1 6298
      1 6307
      1 6311
      1 6319
      1 6323
      1 6331
      1 6332
      1 6333
      1 6334
      1 6340
      1 6343
      1 6344
      1 6345
      1 6348
      1 6359
      1 6360
      1 6362
      1 6364
      2 6370
      1 6373
      1 6375
      1 6399
      1 6411
      1 6414
      1 6417
      1 6422
      1 6424
      1 6433
      1 6436
      1 6442
      1 6449
      1 6476
      1 6478
      1 6481
      1 6485
      1 6499
      2 6501
      1 6506
      1 6507
      1 6508
      1 6530
      1 6540
      1 6542
      1 6543
      1 6544
      1 6547
      1 6551
      1 6557
      1 6568
      1 6576
      2 6590
      1 6595
      1 6599
      1 6600
      2 6604
      1 6616
      1 6618
      1 6620
      1 6621
      1 6626
      1 6628
      1 6629
      1 6640
      1 6641
      1 6642
      1 6656
      1 6670
      1 6681
      1 6690
      1 6691
      1 6694
      1 6701
      1 6703
      1 6709
      1 6715
      1 6716
      1 6728
      1 6731
      1 6733
      1 6762
      1 6784
      1 6806
      1 6807
      1 6814
      1 6815
      1 6821
      1 6822
      2 6824
      1 6840
      1 6841
      2 6848
      2 6856
      1 6858
      1 6864
      1 6868
      1 6881
      1 6890
      1 6891
      1 6892
      1 6898
      1 6922
      1 6931
      1 6932
      1 6939
      1 6941
      1 6954
      1 6955
      1 6968
      1 6971
      1 6979
      1 6986
      1 6998
      1 7003
      1 7009
      1 7010
      2 7028
      1 7030
      1 7036
      1 7041
      1 7042
      2 7047
      1 7051
      1 7059
      1 7062
      1 7063
      1 7066
      1 7068
      1 7077
      1 7078
      1 7085
      1 7086
      1 7091
      2 7094
      1 7108
      1 7118
      1 7124
      1 7138
      1 7142
      2 7150
      1 7152
      1 7159
      1 7164
      1 7186
      1 7193
      1 7195
      1 7199
      1 7202
      1 7210
      1 7211
      1 7212
      1 7219
      1 7239
      1 7247
      1 7254
      1 7257
      1 7258
      1 7260
      1 7268
      1 7269
      1 7288
      1 7308
      1 7313
      1 7339
      1 7347
      2 7349
      1 7356
      1 7362
      1 7368
      1 7370
      1 7379
      1 7384
      1 7389
      1 7397
      1 7401
      1 7407
      1 7416
      1 7418
      1 7445
      1 7462
      1 7480
      1 7481
      1 7498
      1 7511
      1 7519
      1 7526
      1 7535
      1 7546
      1 7550
      1 7551
      1 7564
      1 7573
      1 7578
      1 7588
      1 7592
      1 7595
      1 7600
      1 7611
      1 7612
      1 7619
      1 7629
      1 7633
      1 7635
      1 7641
      1 7655
      1 7668
      2 7678
      2 7680
      1 7688
      1 7691
      1 7692
      1 7702
      1 7703
      1 7705
      1 7716
      1 7726
      1 7730
      1 7733
      1 7738
      1 7740
      1 7746
      1 7751
      1 7752
      1 7753
      1 7759
      1 7762
      1 7775
      1 7795
      1 7798
      1 7805
      1 7806
      1 7812
      1 7826
      1 7831
      1 7837
      1 7839
      1 7845
      1 7846
      1 7847
      1 7848
      1 7851
      1 7861
      1 7862
      1 7871
      1 7886
      1 7898
      1 7899
      1 7904
      1 7907
      1 7912
      1 7918
      2 7919
      1 7926
      1 7930
      1 7936
      1 7962
      1 7972
      2 7973
      1 7979
      1 7981
      1 7984
      1 7986
      1 7988
      1 7998
      1 8002
      1 8005
      1 8015
      1 8019
      1 8024
      1 8026
      1 8027
      1 8035
      1 8036
      1 8050
      1 8064
      1 8066
      1 8079
      1 8084
      2 8086
      1 8091
      1 8092
      1 8120
      2 8122
      1 8124
      1 8137
      1 8139
      1 8140
      1 8142
      1 8144
      1 8146
      1 8149
      1 8153
      1 8154
      1 8158
      1 8162
      1 8164
      2 8167
      1 8174
      1 8175
      1 8176
      1 8189
      1 8193
      1 8203
      1 8214
      2 8220
      2 8224
      1 8225
      1 8227
      1 8236
      1 8237
      1 8238
      1 8241
      1 8259
      1 8262
      1 8283
      1 8289
      1 8290
      1 8296
      1 8298
      1 8302
      1 8307
      1 8309
      1 8310
      1 8316
      1 8317
      1 8326
      1 8328
      1 8331
      1 8332
      1 8335
      1 8339
      1 8345
      1 8353
      1 8356
      1 8360
      1 8361
      1 8362
      1 8364
      1 8366
      1 8378
      1 8384
      1 8391
      1 8393
      1 8395
      1 8400
      1 8403
      1 8407
      1 8408
      2 8409
      1 8413
      1 8415
      1 8418
      3 8419
      1 8438
      1 8444
      1 8449
      1 8450
      1 8466
      1 8469
      1 8471
      1 8479
      1 8482
      1 8484
      1 8486
      1 8493
      1 8498
      1 8499
      1 8503
      1 8512
      1 8524
      1 8529
      1 8531
      1 8545
      1 8548
      1 8559
      1 8561
      1 8562
      1 8563
      1 8564
      1 8565
      1 8566
      1 8568
      1 8575
      3 8576
      1 8586
      1 8588
      1 8589
      1 8590
      2 8593
      1 8598
      1 8599
      1 8601
      1 8608
      1 8614
      2 8619
      1 8621
      2 8624
      1 8627
      1 8638
      1 8645
      1 8646
      1 8658
      1 8663
      1 8672
      1 8675
      1 8683
      1 8693
      1 8694
      2 8695
      1 8698
      1 8703
      1 8704
      1 8715
      1 8718
      1 8724
      1 8725
      1 8729
      1 8737
      1 8775
      2 8787
      1 8792
      1 8796
      1 8799
      1 8801
      1 8811
      1 8816
      1 8823
      1 8825
      1 8830
      1 8837
      1 8843
      1 8846
      1 8856
      1 8857
      1 8871
      1 8889
      1 8892
      1 8900
      1 8905
      1 8906
      1 8908
      1 8913
      1 8915
      1 8918
      1 8925
      1 8949
      1 8954
      1 8959
      1 8960
      1 8976
      1 8982
      2 8996
      1 9005
      1 9008
      1 9009
      1 9012
      1 9015
      1 9031
      2 9036
      1 9037
      1 9038
      1 9040
      1 9060
      1 9063
      1 9070
      1 9088
      1 9091
      1 9094
      1 9103
      1 9107
      1 9110
      1 9125
      2 9140
      1 9145
      1 9156
      1 9158
      1 9161
      1 9168
      1 9171
      1 9184
      1 9196
      1 9199
      2 9206
      1 9209
      1 9211
      1 9213
      2 9215
      1 9224
      1 9229
      1 9248
      1 9271
      1 9274
      1 9286
      1 9288
      1 9293
      1 9312
      1 9315
      1 9336
      1 9343
      1 9345
      1 9363
      1 9371
      1 9384
      1 9393
      1 9402
      2 9405
      1 9410
      1 9425
      1 9445
      1 9448
      1 9452
      1 9458
      1 9462
      1 9464
      1 9478
      1 9486
      1 9492
      1 9493
      1 9495
      1 9500
      1 9511
      1 9512
      1 9520
      1 9530
      1 9532
      1 9539
      1 9543
      1 9544
      2 9546
      1 9548
      1 9554
      1 9561
      1 9562
      1 9564
      1 9570
      1 9575
      1 9587
      1 9594
      1 9595
      1 9613
      1 9635
      1 9637
      1 9640
      1 9643
      1 9654
      1 9658
      1 9659
      1 9661
      1 9666
      1 9681
      1 9683
      1 9690
      1 9704
      1 9712
      1 9718
      1 9726
      1 9732
      2 9734
      1 9735
      1 9741
      1 9747
      1 9748
      1 9771
      1 9774
      1 9783
      1 9790
      1 9791
      1 9826
      1 9828
      1 9837
      1 9847
      1 9855
      1 9857
      1 9861
      1 9870
      1 9872
      1 9873
      1 9874
      1 9921
      1 9924
      1 9926
      1 9929
      1 9941
      1 9949
      2 9952
      1 9954
      2 9959
      1 9960
      1 9973
      1 10000
      1 10002
      1 10010
      1 10016
      1 10022
      1 10023
      1 10024
      1 10030
      2 10048
      1 10053
      1 10060
      1 10069
      1 10070
      1 10071
      2 10074
      1 10075
      1 10077
      1 10080
      1 10082
      1 10091
      1 10100
      1 10117
      1 10122
      1 10123
      1 10132
      1 10148
      1 10151
      1 10153
      1 10154
      1 10157
      1 10159
      1 10170
      1 10171
      1 10175
      1 10196
      1 10201
      1 10208
      2 10215
      1 10236
      1 10243
      1 10250
      1 10258
      1 10271
      1 10289
      1 10295
      1 10297
      1 10303
      2 10313
      1 10317
      1 10329
      1 10344
      1 10345
      1 10348
      1 10352
      1 10368
      1 10370
      1 10371
      1 10378
      1 10380
      1 10391
      1 10396
      1 10403
      1 10408
      1 10412
      1 10413
      1 10421
      1 10434
      1 10438
      1 10445
      1 10447
      1 10448
      1 10452
      1 10453
      1 10455
      1 10465
      2 10475
      1 10477
      2 10480
      1 10482
      1 10486
      1 10488
      1 10489
      1 10490
      1 10491
      1 10499
      1 10503
      1 10504
      2 10506
      1 10512
      1 10519
      1 10538
      1 10542
      1 10544
      1 10549
      1 10552
      1 10559
      2 10563
      1 10565
      1 10572
      2 10575
      2 10580
      1 10586
      1 10590
      2 10599
      1 10603
      1 10615
      1 10616
      1 10628
      1 10632
      1 10636
      1 10647
      3 10654
      1 10672
      1 10673
      1 10694
      1 10695
      1 10696
      1 10698
      1 10715
      1 10719
      1 10722
      1 10731
      1 10732
      1 10733
      1 10745
      1 10746
      1 10749
      1 10751
      1 10753
      1 10755
      1 10763
      1 10771
      1 10776
      1 10781
      1 10800
      1 10805
      1 10812
      1 10817
      1 10832
      2 10834
      1 10841
      1 10842
      1 10845
      1 10870
      1 10878
      1 10891
      1 10892
      1 10897
      1 10909
      1 10911
      1 10926
      2 10931
      1 10949
      1 10952
      1 10956
      1 10959
      1 10966
      1 10968
      1 10971
      1 10973
      1 10984
      1 10998
      1 11008
      1 11017
      1 11021
      1 11023
      1 11025
      1 11034
      2 11035
      1 11056
      1 11058
      1 11062
      2 11063
      1 11067
      1 11073
      1 11074
      1 11079
      2 11099
      1 11101
      1 11102
      1 11108
      1 11109
      1 11119
      1 11120
      1 11130
      1 11138
      1 11156
      1 11158
      2 11172
      1 11175
      1 11176
      1 11178
      1 11198
      1 11199
      1 11200
      1 11205
      1 11206
      1 11209
      1 11211
      1 11212
      1 11214
      1 11216
      1 11224
      1 11238
      1 11241
      1 11244
      1 11246
      3 11247
      1 11259
      1 11261
      1 11265
      1 11270
      1 11271
      1 11272
      1 11275
      1 11277
      1 11281
      2 11285
      1 11289
      1 11296
      1 11301
      1 11307
      1 11310
      2 11312
      2 11323
      1 11328
      1 11345
      1 11354
      1 11370
      1 11375
      1 11379
      1 11380
      1 11383
      1 11386
      1 11389
      1 11396
      1 11407
      1 11412
      1 11414
      1 11427
      1 11428
      1 11433
      1 11437
      1 11438
      1 11446
      1 11448
      1 11450
      1 11464
      1 11477
      1 11478
      1 11481
      1 11484
      1 11489
      2 11512
      1 11513
      1 11520
      1 11530
      1 11551
      1 11553
      1 11555
      1 11566
      1 11567
      2 11574
      1 11580
      1 11581
      1 11598
      1 11599
      1 11606
      1 11618
      1 11619
      1 11622
      1 11633
      1 11647
      1 11666
      1 11668
      2 11671
      2 11677
      1 11678
      1 11683
      1 11686
      1 11690
      1 11694
      1 11696
      1 11699
      1 11707
      1 11708
      1 11713
      2 11718
      1 11735
      1 11738
      1 11741
      1 11742
      1 11748
      1 11764
      1 11765
      2 11766
      1 11767
      1 11769
      1 11771
      1 11781
      1 11782
      1 11785
      1 11786
      1 11802
      2 11806
      1 11817
      1 11831
      1 11832
      1 11833
      1 11835
      1 11838
      1 11844
      2 11860
      1 11861
      1 11869
      1 11872
      1 11874
      1 11889
      1 11898
      1 11901
      1 11907
      1 11915
      1 11924
      1 11944
      1 11946
      1 11950
      1 11957
      1 11961
      1 11962
      1 11965
      1 11966
      1 11967
      1 11988
      1 11997
      1 12009
      1 12010
      1 12019
      1 12021
      1 12024
      1 12044
      1 12058
      1 12062
      1 12067
      1 12069
      2 12075
      1 12092
      1 12093
      1 12096
      1 12097
      1 12099
      1 12100
      1 12102
      1 12107
      1 12136
      1 12146
      1 12148
      1 12153
      1 12168
      1 12170
      1 12173
      1 12175
      1 12182
      1 12189
      1 12194
      1 12196
      1 12197
      1 12202
      1 12206
      1 12222
      1 12236
      1 12241
      1 12245
      2 12258
      1 12267
      1 12269
      1 12271
      1 12279
      2 12283
      1 12286
      1 12291
      1 12292
      1 12318
      1 12356
      2 12368
      3 12384
      1 12396
      1 12401
      1 12405
      1 12409
      1 12413
      1 12415
      1 12416
      1 12419
      1 12423
      1 12434
      1 12438
      1 12444
      1 12448
      1 12466
      1 12478
      1 12480
      1 12482
      1 12483
      1 12484
      1 12485
      1 12489
      1 12525
      1 12528
      1 12537
      1 12545
      1 12550
      1 12558
      1 12563
      1 12571
      1 12576
      1 12582
      1 12587
      1 12594
      1 12599
      1 12600
      1 12617
      1 12624
      1 12632
      1 12636
      1 12638
      1 12644
      1 12657
      1 12661
      1 12664
      1 12677
      1 12679
      1 12689
      1 12690
      1 12694
      1 12699
      1 12711
      1 12715
      1 12716
      1 12717
      1 12719
      1 12733
      1 12736
      1 12738
      1 12748
      2 12750
      1 12754
      1 12766
      1 12785
      1 12788
      1 12798
      1 12813
      1 12814
      1 12815
      1 12831
      1 12838
      1 12845
      1 12851
      3 12870
      1 12879
      1 12900
      1 12902
      2 12905
      1 12906
      1 12918
      1 12922
      1 12932
      1 12933
      1 12948
      1 12950
      1 12955
      1 12959
      1 12961
      1 12964
      1 12968
      1 12970
      1 12971
      1 12992
      1 12998
      1 13003
      1 13004
      1 13007
      1 13011
      1 13014
      1 13021
      1 13039
      1 13042
      1 13045
      1 13083
      1 13088
      1 13091
      1 13092
      1 13093
      1 13110
      1 13116
      1 13119
      1 13123
      1 13124
      2 13135
      1 13143
      2 13144
      1 13148
      1 13149
      1 13164
      1 13170
      1 13173
      1 13188
      1 13220
      1 13221
      1 13222
      1 13226
      1 13230
      1 13231
      1 13233
      1 13236
      1 13245
      1 13249
      1 13251
      1 13265
      1 13266
      1 13270
      1 13277
      1 13283
      1 13284
      1 13293
      2 13296
      1 13301
      1 13316
      1 13320
      2 13326
      1 13331
      1 13346
      1 13348
      1 13355
      1 13359
      1 13360
      1 13364
      1 13371
      1 13377
      1 13393
      1 13397
      1 13404
      1 13423
      1 13430
      1 13433
      1 13435
      1 13442
      1 13447
      1 13448
      1 13450
      1 13453
      1 13458
      1 13461
      1 13463
      1 13469
      1 13487
      1 13489
      1 13499
      2 13502
      2 13509
      1 13532
      2 13533
      1 13535
      1 13540
      1 13549
      1 13556
      1 13564
      2 13566
      1 13575
      1 13580
      1 13586
      1 13591
      1 13594
      1 13597
      1 13604
      1 13612
      1 13620
      1 13624
      1 13633
      1 13635
      1 13639
      1 13648
      1 13651
      1 13652
      1 13653
      1 13657
      1 13659
      1 13674
      1 13676
      1 13681
      1 13683
      1 13690
      1 13695
      1 13702
      1 13703
      1 13704
      1 13705
      1 13720
      2 13735
      1 13736
      1 13741
      1 13748
      1 13769
      1 13775
      1 13783
      1 13793
      1 13796
      1 13797
      2 13815
      1 13819
      1 13828
      2 13829
      1 13830
      1 13834
      1 13846
      1 13852
      1 13854
      1 13868
      1 13871
      1 13878
      1 13885
      1 13909
      1 13911
      1 13920
      1 13925
      1 13927
      1 13929
      1 13938
      1 13942
      1 13949
      1 13954
      1 13958
      1 13969
      1 13980
      1 13983
      1 13993
      1 13999
      1 14010
      1 14017
      1 14021
      2 14027
      1 14033
      1 14044
      1 14051
      1 14055
      1 14059
      1 14061
      1 14062
      1 14070
      1 14076
      1 14090
      1 14105
      1 14106
      1 14119
      1 14120
      1 14126
      1 14127
      1 14145
      1 14147
      1 14154
      2 14160
      1 14164
      1 14173
      1 14182
      1 14183
      1 14184
      1 14192
      2 14196
      1 14199
      1 14211
      1 14215
      1 14240
      1 14247
      1 14271
      1 14273
      1 14276
      1 14283
      1 14290
      1 14295
      1 14301
      2 14323
      1 14324
      1 14330
      1 14336
      1 14349
      1 14352
      1 14354
      1 14359
      1 14362
      1 14364
      1 14379
      1 14381
      1 14382
      1 14391
      1 14392
      1 14410
      1 14422
      2 14433
      1 14458
      1 14460
      1 14464
      1 14465
      1 14473
      1 14484
      1 14492
      1 14499
      1 14501
      1 14506
      1 14507
      1 14509
      2 14521
      1 14522
      1 14524
      1 14540
      1 14541
      1 14544
      1 14564
      1 14567
      1 14575
      1 14582
      1 14590
      1 14594
      1 14599
      1 14607
      1 14616
      1 14617
      1 14620
      1 14622
      1 14629
      1 14633
      1 14639
      1 14643
      1 14645
      1 14652
      1 14653
      1 14666
      1 14679
      1 14684
      1 14692
      1 14720
      1 14723
      1 14730
      1 14735
      1 14748
      1 14752
      1 14753
      1 14793
      1 14800
      1 14804
      1 14805
      1 14809
      1 14810
      1 14812
      1 14814
      1 14825
      1 14841
      1 14852
      1 14854
      1 14862
      1 14868
      1 14876
      1 14878
      1 14903
      2 14907
      1 14931
      1 14935
      1 14936
      1 14942
      1 14960
      1 14963
      1 14981
      1 14987
      1 14994
      1 14995
      1 14998
      1 15000
      1 15006
      1 15013
      1 15035
      1 15044
      1 15049
      1 15051
      1 15052
      1 15057
      1 15073
      1 15076
      1 15096
      1 15103
      1 15109
      1 15122
      1 15144
      1 15147
      1 15148
      1 15159
      1 15161
      1 15165
      1 15166
      1 15182
      1 15191
      1 15198
      1 15201
      1 15210
      1 15218
      1 15224
      1 15231
      1 15241
      1 15249
      1 15251
      1 15252
      1 15262
      1 15266
      1 15268
      1 15272
      1 15280
      1 15289
      1 15291
      1 15295
      1 15296
      1 15301
      1 15302
      1 15328
      1 15329
      1 15333
      1 15335
      1 15339
      1 15340
      1 15341
      1 15345
      1 15349
      1 15354
      1 15357
      1 15358
      1 15360
      1 15363
      1 15365
      1 15366
      1 15368
      1 15369
      1 15385
      1 15386
      1 15400
      1 15407
      1 15417
      1 15418
      1 15424
      1 15434
      1 15437
      1 15442
      1 15451
      2 15455
      1 15456
      1 15476
      1 15477
      1 15485
      1 15487
      1 15507
      1 15509
      1 15519
      2 15524
      1 15525
      1 15530
      1 15542
      1 15550
      1 15551
      2 15553
      1 15563
      1 15569
      1 15587
      1 15598
      1 15613
      1 15614
      1 15624
      1 15633
      1 15635
      1 15637
      1 15639
      1 15657
      1 15662
      2 15670
      1 15671
      1 15682
      1 15693
      1 15694
      1 15696
      1 15708
      1 15710
      1 15713
      1 15724
      1 15725
      1 15726
      1 15736
      1 15749
      1 15758
      1 15763
      1 15769
      1 15770
      1 15778
      1 15780
      1 15781
      1 15790
      1 15791
      1 15793
      1 15798
      1 15803
      1 15808
      1 15819
      1 15824
      1 15826
      1 15827
      1 15849
      1 15860
      1 15861
      1 15863
      1 15872
      1 15873
      1 15875
      1 15876
      1 15878
      1 15885
      1 15890
      1 15901
      1 15905
      1 15907
      1 15912
      1 15919
      2 15922
      1 15923
      1 15931
      1 15937
      1 15960
      1 15963
      1 15965
      1 15972
      1 15983
      1 15993
      1 15998
      1 16006
      1 16008
      1 16012
      1 16032
      1 16037
      1 16041
      1 16052
      1 16057
      1 16062
      2 16081
      1 16083
      1 16090
      1 16094
      1 16095
      1 16104
      1 16106
      1 16116
      1 16125
      2 16138
      1 16142
      2 16161
      1 16176
      1 16180
      1 16191
      1 16194
      1 16206
      1 16219
      1 16222
      1 16235
      1 16237
      1 16250
      1 16252
      2 16263
      1 16267
      1 16271
      1 16275
      2 16285
      1 16294
      1 16300
      1 16310
      1 16320
      1 16326
      1 16336
      1 16340
      1 16341
      1 16350
      1 16371
      1 16380
      1 16383
      1 16384
      1 16411
      1 16415
      1 16417
      1 16437
      1 16441
      1 16449
      1 16450
      1 16456
      1 16459
      1 16475
      1 16483
      1 16486
      1 16487
      1 16492
      1 16496
      1 16504
      1 16524
      1 16526
      1 16536
      1 16542
      1 16543
      1 16546
      1 16554
      1 16558
      1 16560
      1 16565
      1 16576
      1 16585
      1 16587
      1 16606
      1 16612
      1 16616
      1 16622
      1 16624
      1 16634
      1 16645
      1 16649
      1 16655
      1 16680
      1 16695
      1 16697
      1 16722
      1 16724
      1 16727
      1 16754
      1 16756
      1 16767
      1 16780
      1 16788
      1 16790
      1 16797
      1 16809
      1 16827
      1 16833
      1 16839
      1 16849
      1 16851
      1 16853
      1 16856
      1 16865
      1 16896
      2 16899
      1 16914
      1 16936
      1 16937
      1 16942
      1 16943
      1 16950
      1 16952
      1 16958
      2 16961
      1 16962
      1 16966
      1 16971
      1 16981
      1 16988
      1 16999
      1 17009
      1 17017
      1 17022
      1 17031
      1 17040
      1 17041
      1 17056
      1 17068
      1 17069
      1 17073
      1 17074
      1 17077
      1 17081
      1 17089
      1 17103
      1 17111
      1 17121
      1 17128
      1 17134
      1 17135
      1 17142
      1 17147
      1 17153
      1 17159
      1 17173
      1 17201
      1 17204
      1 17205
      1 17216
      1 17217
      2 17218
      2 17232
      1 17238
      1 17290
      1 17299
      1 17316
      1 17318
      1 17321
      1 17324
      1 17349
      1 17350
      1 17353
      1 17365
      1 17383
      1 17388
      1 17389
      1 17392
      2 17404
      1 17418
      1 17421
      1 17444
      1 17454
      1 17465
      1 17469
      1 17480
      1 17481
      1 17489
      1 17492
      1 17498
      1 17499
      1 17512
      1 17530
      1 17531
      2 17536
      1 17538
      1 17539
      1 17544
      1 17550
      1 17557
      1 17558
      1 17561
      1 17567
      1 17579
      1 17583
      1 17592
      1 17595
      1 17598
      1 17603
      1 17620
      1 17624
      1 17627
      1 17640
      1 17641
      1 17642
      1 17658
      1 17668
      1 17682
      1 17684
      1 17692
      1 17713
      1 17716
      1 17721
      1 17743
      1 17746
      1 17765
      1 17781
      1 17790
      1 17795
      1 17796
      1 17804
      1 17816
      3 17822
      1 17827
      1 17828
      1 17852
      1 17862
      1 17865
      1 17875
      1 17880
      1 17885
      1 17896
      1 17902
      1 17913
      2 17915
      1 17931
      1 17943
      1 17949
      1 17975
      1 17978
      1 17991
      1 18002
      1 18004
      1 18012
      1 18029
      1 18035
      1 18039
      1 18041
      1 18045
      1 18059
      1 18063
      1 18075
      1 18080
      1 18082
      2 18088
      1 18098
      1 18102
      2 18115
      1 18116
      1 18124
      1 18131
      1 18135
      1 18150
      1 18152
      1 18157
      1 18166
      1 18170
      1 18174
      1 18178
      1 18186
      1 18190
      1 18192
      1 18205
      1 18214
      1 18216
      1 18242
      1 18245
      1 18249
      1 18255
      1 18258
      1 18289
      1 18293
      2 18294
      1 18301
      1 18306
      1 18316
      1 18322
      2 18335
      1 18340
      1 18341
      1 18342
      1 18345
      1 18361
      1 18366
      1 18380
      1 18385
      1 18386
      1 18390
      1 18396
      2 18405
      1 18414
      1 18432
      1 18436
      1 18438
      2 18447
      1 18448
      1 18451
      1 18457
      1 18488
      1 18490
      1 18491
      1 18497
      1 18498
      1 18500
      2 18505
      1 18510
      1 18515
      2 18516
      1 18526
      1 18538
      1 18542
      1 18543
      2 18545
      1 18564
      1 18565
      1 18568
      1 18586
      1 18593
      1 18594
      1 18614
      1 18615
      3 18627
      1 18638
      1 18643
      1 18656
      1 18659
      1 18662
      1 18666
      1 18673
      1 18680
      1 18694
      1 18701
      1 18708
      1 18717
      1 18718
      1 18719
      1 18720
      1 18723
      1 18726
      1 18727
      1 18729
      1 18740
      1 18741
      1 18748
      2 18750
      1 18768
      2 18773
      1 18778
      1 18780
      1 18785
      1 18786
      1 18801
      1 18803
      1 18818
      1 18819
      1 18834
      2 18842
      1 18848
      1 18851
      1 18852
      1 18854
      1 18856
      1 18867
      1 18873
      1 18887
      1 18891
      1 18897
      1 18901
      1 18921
      1 18933
      2 18953
      1 18976
      1 18987
      1 18992
      1 18993
      1 19013
      1 19018
      1 19026
      1 19029
      1 19030
      1 19040
      1 19044
      1 19050
      1 19068
      1 19069
      1 19086
      1 19109
      1 19111
      1 19120
      1 19121
      1 19122
      1 19124
      2 19131
      1 19135
      1 19137
      1 19143
      1 19144
      1 19146
      2 19150
      1 19166
      1 19176
      1 19177
      1 19187
      1 19195
      1 19202
      1 19203
      1 19215
      1 19226
      1 19228
      1 19230
      1 19232
      1 19235
      1 19237
      1 19243
      1 19277
      1 19291
      1 19295
      1 19305
      1 19316
      1 19326
      1 19330
      1 19348
      1 19363
      1 19371
      1 19396
      1 19402
      1 19412
      1 19421
      1 19427
      1 19429
      1 19436
      1 19450
      1 19461
      1 19465
      1 19492
      1 19493
      1 19495
      1 19508
      1 19511
      1 19517
      1 19522
      1 19527
      1 19541
      1 19544
      1 19556
      1 19566
      1 19572
      1 19577
      1 19588
      1 19591
      1 19595
      1 19608
      1 19615
      1 19617
      1 19620
      1 19630
      1 19632
      1 19635
      1 19643
      1 19652
      2 19655
      1 19656
      1 19657
      1 19661
      1 19662
      1 19669
      1 19671
      1 19677
      1 19684
      1 19690
      1 19693
      2 19699
      1 19700
      1 19702
      1 19711
      1 19732
      1 19759
      1 19768
      1 19774
      1 19776
      1 19787
      2 19796
      1 19798
      1 19811
      1 19822
      1 19844
      1 19851
      1 19862
      1 19867
      1 19868
      1 19869
      1 19874
      1 19889
      1 19897
      1 19901
      1 19904
      1 19905
      2 19907
      1 19916
      1 19928
      1 19946
      1 19956
      1 19981
      1 19985
      1 19988
      1 20002
      1 20010
      1 20027
      1 20048
      1 20052
      1 20064
      1 20071
      1 20089
      1 20093
      1 20103
      1 20109
      1 20122
      1 20127
      1 20130
      1 20143
      1 20149
      1 20157
      1 20165
      1 20170
      1 20172
      1 20201
      1 20208
      1 20209
      1 20211
      1 20215
      1 20216
      1 20217
      1 20219
      1 20226
      1 20227
      1 20228
      1 20239
      1 20252
      1 20253
      1 20282
      1 20288
      1 20292
      1 20297
      1 20303
      1 20305
      1 20308
      1 20309
      1 20330
      1 20356
      2 20362
      1 20379
      1 20381
      1 20393
      1 20401
      1 20422
      1 20427
      1 20455
      1 20461
      1 20476
      2 20484
      1 20497
      1 20500
      1 20505
      1 20512
      1 20514
      1 20520
      1 20522
      1 20532
      1 20534
      1 20543
      1 20544
      1 20551
      1 20568
      1 20582
      1 20589
      1 20598
      1 20609
      1 20620
      1 20632
      1 20641
      1 20646
      1 20649
      1 20650
      1 20656
      2 20678
      1 20686
      1 20693
      1 20719
      2 20743
      1 20752
      1 20759
      1 20782
      1 20789
      1 20802
      1 20806
      1 20816
      1 20829
      1 20870
      1 20875
      2 20884
      1 20885
      1 20897
      1 20903
      1 20904
      1 20929
      1 20943
      2 20952
      1 20966
      1 20976
      1 21004
      1 21007
      1 21043
      1 21045
      1 21062
      1 21065
      1 21073
      1 21083
      1 21085
      1 21097
      1 21102
      2 21119
      1 21123
      1 21137
      1 21140
      2 21142
      1 21144
      1 21157
      1 21178
      1 21179
      1 21181
      1 21196
      1 21198
      1 21218
      1 21223
      1 21234
      1 21251
      1 21252
      1 21253
      1 21269
      1 21271
      1 21276
      2 21281
      1 21289
      1 21292
      1 21323
      1 21328
      1 21331
      1 21336
      1 21343
      1 21348
      1 21386
      1 21389
      1 21392
      1 21399
      1 21401
      1 21402
      1 21406
      1 21411
      1 21430
      1 21436
      1 21438
      1 21443
      1 21469
      1 21476
      1 21482
      1 21491
      1 21507
      1 21518
      1 21519
      1 21520
      1 21523
      1 21534
      1 21544
      1 21546
      1 21551
      1 21563
      1 21581
      1 21582
      1 21584
      1 21590
      1 21595
      1 21597
      1 21605
      1 21617
      1 21636
      1 21640
      1 21645
      1 21659
      1 21670
      1 21679
      1 21716
      1 21721
      1 21732
      1 21744
      1 21755
      3 21833
      1 21839
      1 21844
      1 21853
      1 21885
      1 21910
      1 21920
      1 21927
      1 21951
      1 21952
      1 21978
      1 21985
      1 21998
      1 22008
      1 22024
      1 22029
      1 22040
      1 22052
      1 22054
      1 22059
      1 22090
      1 22122
      1 22124
      2 22126
      1 22136
      1 22159
      1 22187
      1 22260
      1 22261
      1 22262
      1 22284
      1 22316
      1 22324
      1 22330
      1 22369
      1 22388
      1 22393
      1 22405
      1 22410
      1 22447
      1 22457
      1 22463
      1 22471
      1 22474
      1 22489
      1 22494
      2 22508
      1 22511
      1 22524
      1 22548
      1 22554
      1 22558
      1 22568
      1 22577
      1 22585
      1 22594
      1 22598
      1 22626
      1 22643
      1 22666
      1 22674
      1 22692
      1 22694
      1 22716
      1 22721
      1 22728
      1 22730
      1 22752
      1 22754
      1 22758
      1 22759
      1 22774
      1 22812
      1 22827
      1 22843
      1 22856
      1 22890
      1 22893
      1 22897
      1 22908
      1 22914
      1 22921
      1 22935
      1 22957
      1 22960
      1 22964
      1 22995
      1 23025
      1 23066
      1 23069
      1 23078
      2 23090
      1 23103
      1 23123
      1 23125
      1 23136
      1 23162
      1 23169
      1 23170
      1 23211
      1 23237
      1 23242
      1 23251
      1 23258
      1 23275
      1 23279
      1 23296
      1 23311
      1 23316
      1 23342
      1 23343
      1 23350
      1 23362
      2 23391
      1 23402
      1 23411
      1 23418
      1 23442
      1 23465
      1 23469
      1 23480
      1 23482
      1 23484
      1 23506
      1 23524
      1 23533
      1 23546
      1 23547
      1 23584
      1 23649
      1 23661
      1 23680
      1 23697
      2 23744
      1 23756
      1 23774
      1 23775
      1 23798
      1 23800
      1 23808
      1 23828
      1 23829
      1 23875
      2 23883
      1 23895
      1 23907
      1 23934
      1 23935
      1 23936
      2 23948
      1 23956
      1 23958
      1 23969
      1 23983
      1 23988
      1 23994
      1 24036
      2 24038
      1 24045
      1 24047
      1 24048
      1 24087
      1 24090
      1 24092
      1 24094
      1 24101
      1 24102
      1 24139
      1 24164
      1 24165
      1 24185
      1 24194
      1 24195
      1 24208
      1 24209
      1 24254
      1 24276
      1 24277
      1 24283
      1 24291
      1 24308
      1 24349
      1 24367
      1 24371
      1 24372
      1 24375
      1 24381
      1 24383
      1 24399
      1 24409
      1 24419
      1 24443
      1 24444
      2 24447
      1 24460
      1 24462
      1 24471
      1 24485
      1 24494
      1 24525
      1 24541
      1 24546
      1 24584
      1 24619
      1 24636
      1 24678
      1 24682
      1 24683
      1 24688
      1 24699
      1 24715
      1 24733
      1 24738
      1 24740
      1 24754
      1 24815
      1 24873
      1 24890
      1 24949
      2 24952
      1 24967
      2 24970
      1 25003
      1 25021
      1 25031
      1 25060
      1 25062
      1 25095
      1 25100
      1 25115
      1 25137
      1 25149
      1 25170
      1 25200
      1 25206
      1 25216
      1 25217
      1 25237
      1 25244
      1 25245
      2 25261
      1 25266
      1 25274
      1 25288
      1 25296
      1 25308
      2 25316
      1 25331
      1 25336
      1 25348
      1 25366
      1 25411
      1 25417
      1 25420
      1 25444
      1 25447
      2 25465
      1 25474
      1 25478
      1 25517
      1 25533
      1 25546
      1 25560
      1 25572
      1 25593
      1 25608
      1 25614
      1 25629
      1 25643
      1 25647
      1 25656
      1 25674
      1 25676
      1 25721
      1 25735
      1 25736
      1 25742
      1 25747
      1 25775
      1 25777
      1 25784
      1 25790
      1 25809
      1 25819
      1 25831
      1 25835
      1 25849
      1 25858
      1 25885
      1 25888
      1 25936
      1 25945
      1 25959
      1 25971
      1 25983
      1 25987
      1 25995
      1 26010
      1 26032
      1 26042
      2 26048
      1 26072
      1 26100
      1 26120
      1 26125
      1 26183
      1 26229
      1 26255
      1 26261
      1 26319
      1 26325
      1 26346
      1 26376
      1 26381
      1 26392
      1 26413
      1 26435
      1 26441
      1 26450
      1 26484
      1 26523
      1 26531
      2 26558
      1 26603
      1 26614
      1 26615
      1 26619
      1 26648
      1 26693
      1 26724
      1 26746
      1 26747
      1 26762
      1 26772
      1 26781
      1 26814
      1 26816
      1 26850
      1 26852
      1 26909
      1 26935
      1 26942
      1 26980
      1 27012
      1 27020
      1 27043
      1 27058
      1 27063
      1 27071
      1 27074
      1 27084
      1 27096
      1 27125
      1 27126
      1 27144
      1 27151
      1 27191
      1 27193
      1 27196
      1 27205
      1 27226
      1 27285
      1 27308
      1 27385
      1 27405
      1 27412
      1 27429
      1 27463
      1 27497
      1 27509
      1 27511
      1 27581
      1 27583
      1 27609
      1 27667
      1 27668
      1 27688
      1 27723
      1 27743
      1 27777
      1 27787
      1 27793
      1 27817
      1 27836
      1 27880
      1 27946
      1 27972
      1 28014
      1 28032
      1 28049
      1 28062
      1 28098
      1 28102
      1 28105
      1 28195
      1 28205
      1 28216
      1 28242
      1 28256
      1 28343
      1 28423
      1 28491
      1 28547
      1 28551
      1 28586
      1 28592
      1 28705
      1 28747
      1 28777
      1 28848
      1 28933
      1 28935
      1 28942
      1 28946
      1 28971
      1 29004
      1 29026
      1 29027
      1 29050
      1 29225
      1 29227
      1 29254
      1 29258
      1 29338
      1 29371
      1 29498
      1 29609
      1 29615
      1 29702
      2 29734
      1 29781
      1 29784
      1 29808
      1 29816
      1 29839
      1 29858
      1 29897
      1 29926
      1 29949
      1 29965
      1 30185
      1 30189
      1 30268
      2 30370
      1 30426
      1 30537
      1 30589
      1 30596
      1 30717
      1 30853
      1 30892
      1 30893
      1 30943
      1 31097
      1 31150
      1 31198
      1 31233
      1 31556
      1 31574
      1 31749
      1 31887
      1 32008
      1 32349
      1 32655
      1 32832
      1 32854
      1 32960
      1 32975
      1 33032
      1 33057
      1 33063
      1 33136
      1 33150
      1 33251
      1 33262
      1 33426
      1 33715
      1 34005
      1 34056
      1 34090
      1 34231
      1 34455
      1 34702
      1 34921
      1 34948
      1 35243
      1 35357
      1 35386
      1 35403
      1 35410
      1 35489
      1 35490
      1 35518
      1 35523
      1 35658
      1 35725
      1 35967
      1 36004
      1 36088
      1 36165
      1 36245
      1 36249
      1 36267
      1 36553
      1 36559
      1 36615
      1 36910
      1 37228
      1 37447
      1 37481
      1 37754
      1 37799
      1 37805
      1 37885
      1 37984
      1 38013
      1 38091
      1 38142
      1 38153
      1 38238
      1 38303
      1 38371
      1 38428
      1 38550
      1 38909
      1 39168
      1 39624
      1 40057
      1 40506
      1 40553
      1 40727
      1 41083
      1 41097
      1 41132
      1 41292
      1 41316
      1 41326
      1 41450
      1 41518
      1 41566
      1 41759
      1 42177
      1 42338
      1 42393
      1 42593
      1 42622
      1 42729
      1 46002
      1 46469
      1 47218
      1 47739
      1 48191
      1 51315
      1 51771
      1 51925
      1 53112
      1 53426
      1 53561
      1 53566
      1 54133
      1 54458
      1 54581
