pgbench (18.6 (Debian 18.6-1.pgdg13+2))
starting vacuum...end.
transaction type: <builtin: select only>
scaling factor: 1000
query mode: simple
number of clients: 32
number of threads: 16
maximum number of tries: 1
duration: 60 s
number of transactions actually processed: 5890275
number of failed transactions: 0 (0.000%)
latency average = 0.326 ms
initial connection time = 11.731 ms
tps = 98189.400311 (without initial connection time)
---AAD-PGBENCH-LATENCY-US---
rc=0
samples=117712
      1 220
      1 221
      3 225
      1 226
      6 227
      5 228
      7 229
     13 230
     18 231
     10 232
     28 233
     21 234
     31 235
     50 236
     45 237
     58 238
     67 239
     87 240
     87 241
    115 242
    123 243
    139 244
    177 245
    186 246
    226 247
    201 248
    276 249
    270 250
    322 251
    344 252
    397 253
    407 254
    449 255
    512 256
    498 257
    534 258
    576 259
    596 260
    661 261
    657 262
    702 263
    760 264
    801 265
    899 266
    855 267
    951 268
    940 269
    942 270
    979 271
   1045 272
   1070 273
   1062 274
   1124 275
   1168 276
   1145 277
   1088 278
   1085 279
    990 280
   1006 281
   1015 282
    909 283
    937 284
    960 285
    887 286
    908 287
    875 288
    899 289
    883 290
    821 291
    821 292
    777 293
    838 294
    787 295
    797 296
    777 297
    780 298
    773 299
    786 300
    761 301
    743 302
    794 303
    782 304
    801 305
    759 306
    783 307
    762 308
    780 309
    804 310
    819 311
    795 312
    857 313
    884 314
    811 315
    846 316
    879 317
    862 318
    954 319
    920 320
    938 321
   1033 322
   1101 323
   1046 324
   1146 325
   1146 326
   1215 327
   1234 328
   1239 329
   1303 330
   1273 331
   1165 332
   1225 333
   1216 334
   1173 335
   1101 336
   1146 337
   1163 338
   1074 339
   1051 340
    970 341
   1009 342
    947 343
    920 344
    944 345
    918 346
    821 347
    747 348
    737 349
    690 350
    651 351
    622 352
    593 353
    580 354
    558 355
    516 356
    525 357
    475 358
    468 359
    448 360
    430 361
    444 362
    386 363
    384 364
    344 365
    374 366
    376 367
    371 368
    341 369
    327 370
    300 371
    313 372
    306 373
    300 374
    303 375
    290 376
    293 377
    274 378
    238 379
    255 380
    270 381
    255 382
    273 383
    273 384
    259 385
    247 386
    246 387
    242 388
    258 389
    241 390
    252 391
    212 392
    248 393
    245 394
    233 395
    212 396
    219 397
    224 398
    223 399
    212 400
    239 401
    178 402
    199 403
    199 404
    191 405
    198 406
    190 407
    164 408
    182 409
    162 410
    139 411
    164 412
    157 413
    156 414
    143 415
    144 416
    125 417
    102 418
    119 419
    110 420
    111 421
    119 422
    101 423
    106 424
     89 425
    103 426
     86 427
    100 428
     72 429
     86 430
     87 431
     78 432
     78 433
     84 434
     82 435
     86 436
     71 437
     76 438
     59 439
     78 440
     72 441
     75 442
     58 443
     78 444
     70 445
     74 446
     56 447
     56 448
     53 449
     49 450
     58 451
     67 452
     59 453
     63 454
     54 455
     48 456
     48 457
     42 458
     64 459
     44 460
     43 461
     55 462
     40 463
     48 464
     53 465
     50 466
     54 467
     54 468
     58 469
     41 470
     43 471
     52 472
     51 473
     33 474
     65 475
     50 476
     33 477
     39 478
     28 479
     37 480
     43 481
     45 482
     40 483
     49 484
     26 485
     30 486
     38 487
     24 488
     39 489
     31 490
     35 491
     26 492
     33 493
     34 494
     32 495
     38 496
     22 497
     26 498
     25 499
     23 500
     36 501
     23 502
     32 503
     16 504
     28 505
     28 506
     20 507
     30 508
     23 509
     21 510
     25 511
     27 512
     32 513
     26 514
     23 515
     30 516
     27 517
     23 518
     40 519
     26 520
     20 521
     16 522
     27 523
     29 524
     28 525
     27 526
     40 527
     23 528
     24 529
     24 530
     23 531
     17 532
     13 533
     25 534
     22 535
     17 536
     19 537
     14 538
     17 539
     16 540
     14 541
     12 542
     15 543
     13 544
     13 545
     13 546
     18 547
     14 548
      9 549
      9 550
     15 551
     10 552
      4 553
      7 554
     10 555
      8 556
      9 557
      5 558
      6 559
     14 560
      6 561
      3 562
      7 563
     12 564
      9 565
      7 566
     13 567
      9 568
     15 569
     12 570
      9 571
      8 572
     16 573
      6 574
     11 575
     10 576
     15 577
     13 578
     16 579
     12 580
     16 581
     15 582
     16 583
     16 584
     17 585
     21 586
     19 587
     15 588
     21 589
     18 590
     20 591
     17 592
     19 593
     12 594
     12 595
     20 596
     15 597
     14 598
      5 599
      9 600
     11 601
      9 602
      3 603
      7 604
      4 605
      7 606
      7 607
      3 608
      5 610
      3 611
      4 612
      3 614
      2 615
      1 616
      1 617
      2 618
      1 620
      1 621
      1 622
      1 624
      1 625
      1 627
      3 628
      2 629
      1 630
      3 631
      3 632
      1 633
      1 634
      1 636
      2 637
      2 638
      1 641
      1 642
      1 643
      1 648
      1 649
      1 650
      3 651
      1 652
      2 653
      1 654
      1 655
      3 656
      3 657
      2 658
      1 660
      1 662
      3 664
      1 665
      1 667
      1 673
      1 674
      2 677
      1 680
      1 684
      1 686
      1 689
      1 695
      1 713
      1 719
      1 722
      1 723
      1 759
      1 810
---AAD-PGBENCH-LAG-US---
