pgbench (18.6 (Debian 18.6-1.pgdg13+2))
starting vacuum...end.
transaction type: <builtin: select only>
scaling factor: 1000
query mode: simple
number of clients: 32
number of threads: 16
maximum number of tries: 1
duration: 60 s
number of transactions actually processed: 5848830
number of failed transactions: 0 (0.000%)
latency average = 0.328 ms
initial connection time = 13.884 ms
tps = 97501.652984 (without initial connection time)
---AAD-PGBENCH-LATENCY-US---
rc=0
samples=116593
      1 221
      2 222
      3 223
      1 225
      6 226
      3 227
      8 228
      7 229
     11 230
      5 231
      8 232
     18 233
     23 234
     22 235
     37 236
     42 237
     51 238
     53 239
     55 240
     91 241
     93 242
    114 243
    146 244
    144 245
    173 246
    180 247
    215 248
    222 249
    266 250
    260 251
    321 252
    344 253
    353 254
    397 255
    422 256
    433 257
    488 258
    520 259
    533 260
    613 261
    635 262
    632 263
    684 264
    766 265
    769 266
    756 267
    829 268
    889 269
    879 270
    864 271
    964 272
   1007 273
   1011 274
   1036 275
   1102 276
   1048 277
    965 278
    959 279
   1072 280
    946 281
    979 282
    934 283
    882 284
    948 285
    821 286
    920 287
    847 288
    825 289
    773 290
    810 291
    754 292
    754 293
    761 294
    740 295
    715 296
    713 297
    748 298
    756 299
    765 300
    752 301
    811 302
    723 303
    780 304
    712 305
    762 306
    785 307
    767 308
    796 309
    729 310
    769 311
    782 312
    800 313
    868 314
    865 315
    863 316
    922 317
    959 318
    979 319
   1000 320
   1073 321
   1163 322
   1115 323
   1228 324
   1257 325
   1352 326
   1424 327
   1353 328
   1499 329
   1547 330
   1454 331
   1505 332
   1448 333
   1396 334
   1265 335
   1310 336
   1270 337
   1188 338
   1178 339
   1036 340
   1021 341
   1010 342
    900 343
    980 344
    960 345
    881 346
    746 347
    736 348
    709 349
    661 350
    655 351
    615 352
    530 353
    521 354
    477 355
    501 356
    490 357
    391 358
    450 359
    401 360
    412 361
    384 362
    375 363
    304 364
    365 365
    311 366
    335 367
    349 368
    318 369
    275 370
    306 371
    280 372
    276 373
    306 374
    270 375
    260 376
    290 377
    251 378
    265 379
    244 380
    249 381
    261 382
    254 383
    252 384
    246 385
    233 386
    237 387
    279 388
    256 389
    211 390
    223 391
    237 392
    221 393
    215 394
    216 395
    228 396
    222 397
    219 398
    200 399
    190 400
    197 401
    187 402
    180 403
    187 404
    182 405
    173 406
    175 407
    149 408
    163 409
    151 410
    148 411
    149 412
    131 413
    124 414
    112 415
    116 416
    126 417
    115 418
    110 419
    105 420
    105 421
     83 422
     86 423
     90 424
     95 425
     88 426
     82 427
     79 428
     89 429
     76 430
     74 431
     83 432
     75 433
     72 434
     82 435
     81 436
     62 437
     51 438
     80 439
     65 440
     65 441
     66 442
     58 443
     58 444
     57 445
     59 446
     53 447
     68 448
     66 449
     54 450
     47 451
     45 452
     55 453
     39 454
     48 455
     50 456
     39 457
     47 458
     50 459
     39 460
     56 461
     52 462
     40 463
     50 464
     55 465
     44 466
     42 467
     47 468
     49 469
     45 470
     37 471
     35 472
     35 473
     39 474
     33 475
     33 476
     35 477
     40 478
     29 479
     33 480
     29 481
     29 482
     32 483
     22 484
     25 485
     35 486
     32 487
     34 488
     32 489
     38 490
     21 491
     28 492
     31 493
     22 494
     25 495
     31 496
     23 497
     20 498
     22 499
     21 500
     21 501
     35 502
     30 503
     26 504
     21 505
     20 506
     13 507
     22 508
     26 509
     29 510
     30 511
     26 512
     20 513
     22 514
     31 515
     28 516
     30 517
     33 518
     34 519
     34 520
     29 521
     34 522
     38 523
     40 524
     44 525
     31 526
     35 527
     49 528
     42 529
     30 530
     29 531
     29 532
     24 533
     18 534
     24 535
     23 536
     17 537
     22 538
     15 539
     21 540
     20 541
     14 542
     10 543
     16 544
     16 545
     10 546
     13 547
     16 548
      9 549
     13 550
      7 551
      8 552
      9 553
      8 554
      2 555
      7 556
     10 557
      9 558
     14 559
     10 560
      4 561
     14 562
     13 563
      8 564
     15 565
     11 566
     10 567
     16 568
     14 569
     20 570
     13 571
     17 572
     16 573
     30 574
     27 575
     17 576
     21 577
     31 578
     25 579
     36 580
     39 581
     36 582
     48 583
     39 584
     46 585
     45 586
     38 587
     58 588
     34 589
     44 590
     48 591
     28 592
     45 593
     40 594
     34 595
     36 596
     22 597
     14 598
     16 599
     24 600
     20 601
     18 602
     17 603
     13 604
     25 605
     14 606
      7 607
     12 608
      7 609
      6 610
      9 611
      5 612
      5 613
      1 614
      2 615
      3 617
      2 618
      4 619
      1 622
      2 624
      2 625
      2 626
      2 628
      1 629
      3 630
      1 632
      1 633
      1 634
      2 636
      2 638
      1 639
      2 641
      3 643
      2 645
      1 647
      1 648
      2 649
      2 650
      4 651
      3 653
      1 655
      2 656
      1 657
      1 658
      1 659
      1 660
      3 661
      2 662
      1 664
      1 666
      1 667
      1 668
      1 669
      1 671
      1 673
      1 679
      1 681
      1 687
      1 752
      1 759
      1 776
      1 790
      1 855
      1 2387
      1 2420
      1 3324
      1 5385
      1 5549
      1 5591
      1 6136
      1 11933
---AAD-PGBENCH-LAG-US---
