pgbench (18.6 (Debian 18.6-1.pgdg13+2))
starting vacuum...end.
transaction type: <builtin: select only>
scaling factor: 1000
query mode: simple
number of clients: 16
number of threads: 16
maximum number of tries: 1
duration: 60 s
number of transactions actually processed: 3296579
number of failed transactions: 0 (0.000%)
latency average = 0.291 ms
initial connection time = 8.438 ms
tps = 54950.056321 (without initial connection time)
---AAD-PGBENCH-LATENCY-US---
rc=0
samples=66064
      2 217
      1 220
      6 221
     11 222
     19 223
      5 224
     15 225
     21 226
     23 227
     42 228
     44 229
     59 230
     80 231
    106 232
    113 233
    147 234
    160 235
    187 236
    207 237
    265 238
    316 239
    333 240
    400 241
    420 242
    546 243
    602 244
    682 245
    705 246
    816 247
    791 248
    940 249
    974 250
    990 251
    977 252
   1074 253
   1148 254
   1053 255
   1184 256
   1194 257
   1192 258
   1207 259
   1205 260
   1262 261
   1262 262
   1123 263
   1232 264
   1152 265
   1161 266
   1141 267
   1151 268
   1113 269
    993 270
    936 271
    962 272
    971 273
    900 274
    982 275
   1240 276
    990 277
    818 278
    727 279
    718 280
    615 281
    505 282
    543 283
    548 284
    484 285
    462 286
    460 287
    424 288
    408 289
    345 290
    350 291
    339 292
    321 293
    297 294
    339 295
    323 296
    262 297
    258 298
    267 299
    241 300
    209 301
    258 302
    236 303
    219 304
    232 305
    270 306
    237 307
    237 308
    207 309
    223 310
    225 311
    206 312
    234 313
    191 314
    202 315
    215 316
    198 317
    199 318
    213 319
    197 320
    203 321
    230 322
    206 323
    194 324
    193 325
    199 326
    216 327
    208 328
    245 329
    267 330
    229 331
    218 332
    169 333
    179 334
    176 335
    134 336
    169 337
    162 338
    153 339
    145 340
    150 341
    148 342
    135 343
    156 344
    148 345
    120 346
    121 347
    111 348
    106 349
    110 350
    101 351
    101 352
     90 353
    113 354
    102 355
     86 356
     81 357
     87 358
     85 359
     91 360
     95 361
     96 362
     91 363
     73 364
     83 365
     98 366
     90 367
     87 368
    112 369
     82 370
     99 371
     96 372
     81 373
     97 374
     99 375
    103 376
     98 377
     85 378
     88 379
     81 380
     81 381
     81 382
     69 383
     81 384
     76 385
     71 386
     75 387
     56 388
     66 389
     56 390
     66 391
     64 392
     54 393
     49 394
     66 395
     51 396
     52 397
     50 398
     52 399
     48 400
     47 401
     36 402
     50 403
     39 404
     47 405
     45 406
     38 407
     39 408
     40 409
     37 410
     44 411
     32 412
     35 413
     24 414
     34 415
     29 416
     27 417
     33 418
     30 419
     30 420
     26 421
     26 422
     28 423
     35 424
     28 425
     29 426
     17 427
     23 428
     29 429
     27 430
     20 431
     20 432
     21 433
     12 434
     18 435
     20 436
     18 437
     21 438
     25 439
     28 440
     15 441
     12 442
     18 443
     21 444
     21 445
     17 446
     21 447
     19 448
     16 449
     17 450
     21 451
     17 452
     22 453
     21 454
     13 455
     20 456
     15 457
     12 458
     17 459
     19 460
     10 461
     23 462
     20 463
     25 464
     22 465
     16 466
     27 467
     23 468
     25 469
     14 470
     14 471
     16 472
     18 473
     11 474
     20 475
     18 476
     16 477
     17 478
     26 479
     21 480
     27 481
     17 482
     21 483
     34 484
     30 485
     22 486
     15 487
     22 488
     19 489
     16 490
     33 491
     23 492
     22 493
     24 494
     37 495
     20 496
     32 497
     27 498
     30 499
     38 500
     28 501
     39 502
     29 503
     16 504
     25 505
     28 506
     35 507
     25 508
     34 509
     21 510
     31 511
     28 512
     30 513
     29 514
     11 515
     26 516
     16 517
     23 518
     22 519
     26 520
     20 521
     19 522
     11 523
     13 524
     10 525
     16 526
     11 527
      8 528
     14 529
     10 530
     12 531
     15 532
     15 533
     11 534
     11 535
     11 536
      6 537
      9 538
      6 539
      6 540
     11 541
      5 542
      9 543
      8 544
     12 545
      6 546
      8 547
      6 548
     10 549
     13 550
     12 551
     11 552
      9 553
      4 554
      5 555
      6 556
      5 557
      6 558
      5 559
      8 560
      7 561
      4 562
      6 563
      3 564
      7 565
      6 566
      4 567
      3 568
      4 569
      6 570
      6 571
      9 572
      5 573
      4 574
      4 575
      1 576
      1 577
      4 578
      1 579
      1 580
      4 581
      3 582
      5 583
      1 585
      2 586
      1 587
      3 588
      4 589
      3 591
      5 592
      3 593
      2 594
      4 595
      1 596
      2 598
      2 600
      2 602
      1 603
      1 604
      3 605
      1 608
      1 609
      1 611
      1 612
      1 614
      1 615
      1 616
      1 619
      1 623
      1 626
      1 634
      1 636
      1 642
      1 647
      1 650
      2 651
      1 655
      1 656
      1 663
      1 674
      2 696
      1 730
      1 754
      1 777
      1 885
      1 891
      1 4281
---AAD-PGBENCH-LAG-US---
