pgbench (18.6 (Debian 18.6-1.pgdg13+2))
starting vacuum...end.
transaction type: <builtin: select only>
scaling factor: 1000
query mode: simple
number of clients: 8
number of threads: 8
maximum number of tries: 1
duration: 60 s
number of transactions actually processed: 1791462
number of failed transactions: 0 (0.000%)
latency average = 0.268 ms
initial connection time = 5.996 ms
tps = 29860.401869 (without initial connection time)
---AAD-PGBENCH-LATENCY-US---
rc=0
samples=35780
      1 218
      1 221
      2 222
      6 223
      3 224
      8 225
     15 226
     16 227
     27 228
     24 229
     38 230
     45 231
     69 232
     70 233
     92 234
    109 235
    145 236
    180 237
    208 238
    300 239
    367 240
    454 241
    579 242
    755 243
    891 244
   1064 245
   1156 246
   1220 247
   1265 248
   1359 249
   1321 250
   1249 251
   1226 252
   1276 253
   1082 254
    958 255
    957 256
    878 257
    808 258
    747 259
    742 260
    703 261
    580 262
    573 263
    527 264
    554 265
    527 266
    511 267
    507 268
    475 269
    386 270
    387 271
    354 272
    385 273
    377 274
    320 275
    379 276
    347 277
    253 278
    225 279
    209 280
    180 281
    152 282
    153 283
    162 284
    132 285
    116 286
    117 287
    125 288
     91 289
     70 290
     94 291
     72 292
     72 293
     73 294
     67 295
     60 296
     39 297
     69 298
     49 299
     51 300
     64 301
     56 302
     73 303
     51 304
     61 305
     55 306
     58 307
     58 308
     45 309
     56 310
     58 311
     67 312
     62 313
     67 314
     61 315
     54 316
     63 317
     69 318
     56 319
     56 320
     46 321
     47 322
     65 323
     56 324
     61 325
     63 326
     55 327
     52 328
     62 329
     53 330
     54 331
     49 332
     41 333
     34 334
     29 335
     24 336
     24 337
     20 338
     22 339
     25 340
     18 341
     26 342
      8 343
     19 344
     16 345
     17 346
      9 347
     12 348
     12 349
      8 350
     14 351
     10 352
      9 353
      5 354
      5 355
      8 356
     13 357
     13 358
     12 359
      8 360
      9 361
      8 362
      4 363
     12 364
      9 365
      7 366
      9 367
     10 368
      8 369
      8 370
     17 371
      8 372
      4 373
     12 374
      3 375
      9 376
     10 377
     12 378
     10 379
      6 380
      8 381
      7 382
      6 383
     11 384
     14 385
      5 386
      7 387
      6 388
      6 389
      3 390
      5 391
      9 392
      3 393
      7 394
      6 396
      2 397
      5 398
      7 399
      3 400
      5 401
      5 402
      7 403
      2 404
      4 405
      6 406
      5 407
      3 408
      3 409
      3 410
      3 411
      3 412
      5 413
      4 414
      3 415
      3 416
     11 417
      6 418
      5 419
      6 420
      2 421
      4 422
      4 423
      8 424
      4 425
      1 426
      7 427
      9 428
     10 429
      4 430
      7 431
      4 432
      5 433
      7 434
      6 435
     10 436
     10 437
     10 438
      8 439
      5 440
     11 441
      5 442
      6 443
      7 444
      9 445
     12 446
      8 447
      3 448
      5 449
      9 450
      5 451
      4 452
      7 453
      5 454
      6 455
      7 456
      6 457
      2 458
      6 459
      4 460
      4 461
      3 462
      6 463
      1 464
      2 465
      2 466
      6 467
      7 468
      2 469
      5 470
      3 471
      3 472
      1 473
      4 474
      9 475
      5 476
      4 477
      3 478
      6 479
      7 480
      4 481
     10 482
      9 483
      8 484
      7 485
      9 486
     15 487
     11 488
     12 489
      9 490
     17 491
     10 492
     16 493
     18 494
     20 495
     12 496
     20 497
      9 498
     16 499
     15 500
     21 501
     20 502
     13 503
     16 504
     14 505
     19 506
     13 507
     12 508
      8 509
     12 510
     12 511
      5 512
      4 513
     11 514
      9 515
      6 516
      4 517
      3 518
      4 519
      2 520
      7 521
      1 522
      2 523
      3 524
      5 525
      3 526
      2 527
      1 528
      1 530
      1 532
      1 533
      2 534
      2 536
      3 537
      2 538
      1 543
      1 556
      2 558
      1 562
      1 567
      1 570
      1 572
      1 573
      1 577
      1 578
      1 584
      1 589
      1 590
      1 611
      1 668
      1 871
---AAD-PGBENCH-LAG-US---
