pgbench (18.6 (Debian 18.6-1.pgdg13+2))
starting vacuum...end.
transaction type: <builtin: select only>
scaling factor: 1000
query mode: simple
number of clients: 64
number of threads: 16
maximum number of tries: 1
duration: 60 s
number of transactions actually processed: 9014136
number of failed transactions: 0 (0.000%)
latency average = 0.425 ms
initial connection time = 144.861 ms
tps = 150515.815293 (without initial connection time)
---AAD-PGBENCH-LATENCY-US---
rc=0
samples=180440
      1 228
      1 231
      1 232
      3 235
      1 237
      1 238
      1 239
      2 240
      5 241
      2 242
      6 243
      1 244
      6 245
      4 246
      9 247
      9 248
      9 249
     12 250
     12 251
     14 252
     26 253
     32 254
     21 255
     15 256
     30 257
     29 258
     32 259
     54 260
     53 261
     54 262
     62 263
     71 264
     86 265
     90 266
     82 267
    102 268
    117 269
    113 270
    126 271
    131 272
    163 273
    156 274
    187 275
    186 276
    182 277
    203 278
    200 279
    180 280
    215 281
    191 282
    213 283
    207 284
    185 285
    190 286
    183 287
    208 288
    217 289
    210 290
    230 291
    202 292
    195 293
    195 294
    216 295
    216 296
    214 297
    223 298
    231 299
    205 300
    214 301
    215 302
    257 303
    256 304
    259 305
    246 306
    272 307
    263 308
    281 309
    251 310
    301 311
    278 312
    283 313
    340 314
    333 315
    358 316
    351 317
    365 318
    381 319
    437 320
    404 321
    446 322
    416 323
    493 324
    485 325
    522 326
    580 327
    559 328
    619 329
    645 330
    714 331
    770 332
    819 333
    872 334
    941 335
    962 336
   1025 337
   1097 338
   1110 339
   1164 340
   1254 341
   1382 342
   1380 343
   1432 344
   1490 345
   1522 346
   1478 347
   1411 348
   1318 349
   1312 350
   1238 351
   1209 352
   1186 353
   1102 354
   1040 355
   1047 356
   1012 357
    999 358
    926 359
    968 360
    895 361
    869 362
    804 363
    812 364
    814 365
    771 366
    754 367
    747 368
    752 369
    725 370
    717 371
    719 372
    689 373
    708 374
    689 375
    652 376
    702 377
    665 378
    655 379
    687 380
    640 381
    675 382
    658 383
    629 384
    602 385
    631 386
    664 387
    655 388
    657 389
    688 390
    726 391
    716 392
    715 393
    698 394
    710 395
    714 396
    779 397
    764 398
    809 399
    857 400
    853 401
    944 402
    913 403
   1017 404
   1048 405
   1034 406
   1089 407
   1173 408
   1132 409
   1236 410
   1214 411
   1212 412
   1312 413
   1302 414
   1361 415
   1224 416
   1073 417
   1154 418
   1073 419
   1013 420
   1013 421
    982 422
    928 423
    864 424
    898 425
    861 426
    812 427
    742 428
    716 429
    703 430
    702 431
    674 432
    645 433
    592 434
    620 435
    602 436
    590 437
    591 438
    549 439
    547 440
    542 441
    555 442
    514 443
    517 444
    481 445
    508 446
    487 447
    465 448
    507 449
    480 450
    445 451
    468 452
    478 453
    387 454
    481 455
    440 456
    476 457
    491 458
    424 459
    465 460
    473 461
    473 462
    484 463
    493 464
    494 465
    515 466
    531 467
    542 468
    571 469
    592 470
    542 471
    618 472
    599 473
    609 474
    580 475
    653 476
    626 477
    722 478
    655 479
    709 480
    676 481
    684 482
    729 483
    696 484
    705 485
    648 486
    585 487
    599 488
    557 489
    578 490
    535 491
    509 492
    528 493
    474 494
    467 495
    474 496
    447 497
    410 498
    378 499
    373 500
    331 501
    380 502
    353 503
    346 504
    283 505
    302 506
    310 507
    332 508
    274 509
    318 510
    282 511
    286 512
    293 513
    274 514
    281 515
    267 516
    258 517
    255 518
    274 519
    221 520
    236 521
    251 522
    230 523
    237 524
    244 525
    252 526
    239 527
    207 528
    216 529
    223 530
    224 531
    232 532
    234 533
    220 534
    252 535
    221 536
    265 537
    264 538
    242 539
    260 540
    264 541
    246 542
    263 543
    256 544
    270 545
    280 546
    262 547
    266 548
    269 549
    287 550
    244 551
    278 552
    253 553
    257 554
    282 555
    235 556
    245 557
    212 558
    240 559
    220 560
    208 561
    216 562
    183 563
    198 564
    194 565
    158 566
    164 567
    172 568
    178 569
    165 570
    136 571
    138 572
    135 573
    157 574
    158 575
    138 576
    111 577
    124 578
    123 579
    123 580
    111 581
    112 582
    111 583
    129 584
    119 585
    113 586
    111 587
    117 588
    101 589
    114 590
     92 591
    106 592
    105 593
     92 594
     92 595
     97 596
    119 597
     94 598
    113 599
    108 600
    110 601
     89 602
     95 603
     95 604
     89 605
    101 606
    102 607
     86 608
     99 609
     99 610
    107 611
    109 612
    113 613
    114 614
     94 615
    123 616
     89 617
    120 618
    133 619
    115 620
    115 621
    105 622
    104 623
    102 624
     94 625
     94 626
     96 627
     72 628
     83 629
     76 630
     98 631
     80 632
     85 633
     67 634
     60 635
     70 636
     86 637
     65 638
     64 639
     67 640
     64 641
     60 642
     52 643
     71 644
     62 645
     63 646
     64 647
     46 648
     44 649
     51 650
     54 651
     56 652
     52 653
     46 654
     39 655
     39 656
     35 657
     46 658
     37 659
     52 660
     45 661
     38 662
     28 663
     36 664
     55 665
     41 666
     48 667
     49 668
     34 669
     45 670
     41 671
     38 672
     36 673
     26 674
     39 675
     49 676
     37 677
     51 678
     40 679
     42 680
     31 681
     45 682
     43 683
     45 684
     46 685
     39 686
     58 687
     42 688
     40 689
     35 690
     35 691
     48 692
     39 693
     44 694
     42 695
     51 696
     30 697
     39 698
     43 699
     35 700
     31 701
     41 702
     41 703
     30 704
     30 705
     29 706
     33 707
     27 708
     24 709
     26 710
     32 711
     20 712
     31 713
     25 714
     23 715
     30 716
     27 717
     31 718
     23 719
     20 720
     18 721
     19 722
     21 723
     18 724
     27 725
     22 726
     20 727
     17 728
     23 729
     14 730
     24 731
     15 732
     18 733
     25 734
     16 735
     13 736
     22 737
     10 738
     16 739
     17 740
     16 741
     19 742
     20 743
     17 744
     25 745
     22 746
     24 747
     16 748
     13 749
     23 750
     12 751
     13 752
     16 753
     23 754
     21 755
     13 756
     23 757
     14 758
     17 759
     18 760
     15 761
     19 762
     19 763
     20 764
     20 765
     18 766
     16 767
     16 768
     20 769
     19 770
     13 771
     11 772
      9 773
     12 774
     15 775
     17 776
     13 777
     11 778
      9 779
      9 780
     10 781
     11 782
     10 783
      9 784
     12 785
     14 786
     14 787
      9 788
      7 789
     11 790
     11 791
     13 792
      8 793
     13 794
      7 795
      2 796
     13 797
      7 798
      8 799
      8 800
     11 801
     15 802
      6 803
      4 804
      6 805
      5 806
     13 807
      8 808
      4 809
      3 810
      9 811
      6 812
      7 813
      2 814
      9 815
     12 816
      9 817
     10 818
      7 819
     11 820
      8 821
     15 822
      8 823
     10 824
     11 825
      7 826
      4 827
      5 828
      4 829
      5 830
      3 831
      2 832
      8 833
      9 834
      7 835
      5 836
      9 837
      5 838
      6 839
      3 840
      6 841
      7 842
      5 843
      7 844
      3 845
      4 846
      3 847
      4 848
     10 849
      6 850
      4 851
      4 852
      5 853
      3 854
      6 855
      2 856
      4 857
      2 858
      4 859
      4 860
      5 861
      9 862
      7 863
      3 864
      1 865
      4 866
      5 867
      5 868
      4 869
      3 870
      4 871
      6 872
      2 873
      3 874
      4 875
      7 876
      3 877
      2 878
      1 879
      6 880
      2 881
      5 882
      2 883
      4 884
      1 885
      4 886
      4 887
      2 888
      3 889
      5 890
      5 891
      4 892
      9 893
      3 894
      2 895
      4 896
      3 897
      6 898
      2 899
      2 901
      2 902
      2 904
      3 905
      1 906
      3 908
      2 909
      2 910
      2 911
      3 912
      4 913
      4 914
      3 915
      1 916
      4 917
      2 919
      2 920
      3 921
      4 922
      2 923
      1 925
      3 926
      2 927
      3 928
      4 929
      1 930
      3 932
      1 933
      2 934
      2 935
      4 937
      1 939
      1 940
      1 941
      2 942
      4 944
      2 947
      1 948
      1 949
      1 951
      1 952
      4 953
      2 954
      1 955
      2 956
      1 957
      1 958
      1 959
      5 961
      2 962
      2 963
      1 965
      2 966
      1 968
      2 969
      3 970
      1 974
      1 975
      1 976
      2 977
      1 978
      1 982
      1 983
      1 984
      1 985
      2 989
      1 991
      2 994
      1 1000
      1 1001
      2 1002
      1 1003
      2 1007
      4 1009
      1 1013
      1 1014
      1 1015
      1 1016
      1 1017
      5 1018
      1 1020
      2 1022
      1 1023
      1 1026
      1 1028
      1 1029
      1 1032
      2 1035
      2 1037
      1 1038
      2 1039
      3 1040
      1 1048
      1 1049
      2 1057
      1 1058
      1 1059
      1 1060
      1 1062
      2 1068
      1 1071
      1 1072
      1 1073
      1 1074
      1 1076
      1 1079
      2 1086
      1 1091
      2 1095
      1 1097
      2 1099
      1 1100
      1 1101
      1 1106
      1 1121
      1 1155
      2 1158
      1 1161
      1 1167
      1 1230
      1 1236
      1 1247
      1 1286
      1 1335
      1 1364
      1 1460
      1 1630
      1 1658
      1 1659
      1 1683
      1 1714
      1 2093
      1 2184
      1 2517
      1 2816
      1 3580
      1 24644
---AAD-PGBENCH-LAG-US---
