pgbench (18.6 (Debian 18.6-1.pgdg13+2))
starting vacuum...end.
transaction type: <builtin: select only>
scaling factor: 1000
query mode: simple
number of clients: 64
number of threads: 16
maximum number of tries: 1
duration: 60 s
number of transactions actually processed: 8934221
number of failed transactions: 0 (0.000%)
latency average = 0.429 ms
initial connection time = 152.942 ms
tps = 149282.120974 (without initial connection time)
---AAD-PGBENCH-LATENCY-US---
rc=0
samples=178987
      1 232
      1 234
      3 235
      4 236
      4 237
      2 238
      2 239
      2 240
      1 241
      3 242
      4 243
      4 244
      4 245
      5 246
     10 247
      8 248
     11 249
     12 250
     18 251
     14 252
     15 253
     28 254
     35 255
     25 256
     21 257
     48 258
     41 259
     42 260
     57 261
     57 262
     71 263
     92 264
     68 265
     82 266
     84 267
    104 268
    113 269
    125 270
    136 271
    133 272
    141 273
    171 274
    177 275
    183 276
    170 277
    205 278
    192 279
    193 280
    227 281
    171 282
    185 283
    187 284
    184 285
    195 286
    211 287
    171 288
    211 289
    183 290
    215 291
    210 292
    165 293
    185 294
    207 295
    192 296
    174 297
    209 298
    196 299
    229 300
    204 301
    213 302
    226 303
    213 304
    214 305
    253 306
    242 307
    266 308
    282 309
    279 310
    283 311
    286 312
    251 313
    300 314
    297 315
    318 316
    340 317
    355 318
    362 319
    355 320
    360 321
    394 322
    404 323
    459 324
    482 325
    497 326
    517 327
    571 328
    619 329
    639 330
    645 331
    706 332
    743 333
    836 334
    826 335
    926 336
    956 337
   1049 338
   1110 339
   1168 340
   1255 341
   1335 342
   1329 343
   1354 344
   1473 345
   1398 346
   1338 347
   1323 348
   1300 349
   1338 350
   1206 351
   1211 352
   1133 353
   1095 354
   1143 355
    977 356
    984 357
    968 358
    908 359
    937 360
    888 361
    851 362
    802 363
    864 364
    780 365
    777 366
    732 367
    738 368
    752 369
    698 370
    683 371
    703 372
    646 373
    729 374
    657 375
    661 376
    645 377
    644 378
    604 379
    629 380
    652 381
    637 382
    639 383
    648 384
    659 385
    626 386
    629 387
    606 388
    613 389
    628 390
    659 391
    668 392
    633 393
    680 394
    718 395
    741 396
    726 397
    811 398
    766 399
    843 400
    865 401
    892 402
    922 403
    976 404
   1027 405
   1058 406
   1018 407
   1187 408
   1113 409
   1178 410
   1208 411
   1251 412
   1229 413
   1317 414
   1229 415
   1231 416
   1152 417
   1104 418
   1062 419
    992 420
    960 421
    884 422
    911 423
    838 424
    890 425
    827 426
    757 427
    775 428
    714 429
    682 430
    671 431
    608 432
    628 433
    595 434
    583 435
    598 436
    594 437
    626 438
    524 439
    525 440
    512 441
    532 442
    521 443
    551 444
    509 445
    483 446
    563 447
    512 448
    515 449
    505 450
    480 451
    455 452
    489 453
    490 454
    479 455
    448 456
    461 457
    536 458
    502 459
    466 460
    500 461
    506 462
    500 463
    499 464
    509 465
    510 466
    506 467
    555 468
    563 469
    579 470
    559 471
    610 472
    616 473
    627 474
    625 475
    652 476
    724 477
    673 478
    692 479
    698 480
    732 481
    703 482
    746 483
    699 484
    680 485
    658 486
    638 487
    697 488
    629 489
    554 490
    557 491
    512 492
    506 493
    542 494
    498 495
    476 496
    424 497
    439 498
    433 499
    397 500
    431 501
    403 502
    402 503
    336 504
    333 505
    344 506
    321 507
    309 508
    333 509
    314 510
    292 511
    344 512
    313 513
    303 514
    278 515
    249 516
    265 517
    260 518
    272 519
    259 520
    253 521
    243 522
    213 523
    265 524
    273 525
    234 526
    266 527
    254 528
    267 529
    241 530
    252 531
    261 532
    250 533
    256 534
    280 535
    237 536
    284 537
    253 538
    258 539
    239 540
    269 541
    228 542
    228 543
    275 544
    274 545
    270 546
    262 547
    290 548
    293 549
    264 550
    328 551
    268 552
    280 553
    250 554
    284 555
    268 556
    258 557
    235 558
    245 559
    235 560
    235 561
    206 562
    228 563
    204 564
    190 565
    219 566
    184 567
    185 568
    173 569
    169 570
    169 571
    159 572
    171 573
    166 574
    133 575
    140 576
    126 577
    134 578
    135 579
    126 580
    101 581
    115 582
    126 583
    123 584
    127 585
    110 586
    127 587
    110 588
    110 589
    114 590
     98 591
    107 592
    114 593
     93 594
    115 595
     98 596
    102 597
    112 598
     84 599
     95 600
     89 601
     94 602
    108 603
    100 604
     93 605
     94 606
    121 607
    106 608
    109 609
    112 610
    133 611
    112 612
    104 613
    127 614
    107 615
    115 616
    112 617
     91 618
    110 619
    111 620
    111 621
     99 622
     93 623
    111 624
     93 625
     83 626
     89 627
     94 628
     86 629
     78 630
     93 631
     81 632
     77 633
     68 634
     62 635
     77 636
     70 637
     73 638
     64 639
     65 640
     62 641
     59 642
     60 643
     66 644
     58 645
     54 646
     42 647
     49 648
     46 649
     53 650
     58 651
     55 652
     35 653
     48 654
     46 655
     48 656
     63 657
     48 658
     41 659
     52 660
     22 661
     39 662
     36 663
     33 664
     41 665
     45 666
     38 667
     63 668
     32 669
     49 670
     37 671
     32 672
     41 673
     35 674
     51 675
     41 676
     42 677
     44 678
     43 679
     56 680
     36 681
     46 682
     29 683
     37 684
     53 685
     48 686
     43 687
     56 688
     41 689
     37 690
     47 691
     43 692
     33 693
     30 694
     35 695
     43 696
     26 697
     31 698
     35 699
     28 700
     23 701
     38 702
     31 703
     35 704
     18 705
     35 706
     23 707
     33 708
     21 709
     26 710
     23 711
     14 712
     22 713
     19 714
     28 715
     17 716
     17 717
     25 718
     20 719
     27 720
     21 721
     21 722
     21 723
     16 724
     18 725
     19 726
     28 727
     15 728
     13 729
     19 730
     14 731
     21 732
     24 733
     19 734
     15 735
     24 736
     22 737
     15 738
     16 739
     26 740
     13 741
     14 742
     19 743
     26 744
     21 745
     14 746
     13 747
     17 748
     12 749
     17 750
     15 751
     21 752
     13 753
     24 754
     23 755
     23 756
     21 757
     24 758
     14 759
     16 760
     19 761
     17 762
     16 763
     11 764
     20 765
      7 766
     13 767
      9 768
     13 769
     17 770
     14 771
     18 772
      9 773
     17 774
     11 775
     10 776
     11 777
     14 778
      9 779
      8 780
      8 781
      6 782
      8 783
     15 784
      8 785
      6 786
      7 787
      6 788
     10 789
      5 790
      9 791
      8 792
      7 793
      4 794
      5 795
      6 796
      4 797
      8 798
     12 799
     10 800
      5 801
      6 802
      9 803
      7 804
      6 805
      7 806
      1 807
      9 808
      4 809
      6 810
      6 811
      8 812
      6 813
      6 814
      4 815
     12 816
      7 817
      5 818
      5 819
      3 820
     10 821
      5 822
      7 823
      8 824
      7 825
      3 826
      6 827
     13 828
      5 829
      4 830
      6 831
      9 832
      5 833
      8 834
      5 835
     13 836
      6 837
      3 838
      5 839
      6 840
      3 841
      9 842
      4 843
      9 844
      3 845
      5 846
      5 847
      1 848
      6 849
     10 850
      8 851
      2 852
      2 853
      4 854
      5 855
      6 856
      6 857
      6 858
      4 859
      5 860
      6 861
      5 862
      1 863
      4 864
      3 865
      3 866
      6 867
      5 868
      5 869
      1 870
      5 871
      6 873
      3 874
      5 875
      4 876
      2 877
      2 878
      4 879
      2 880
      4 881
      1 882
      2 883
      2 884
      2 885
      2 886
      5 887
      6 888
      3 889
      1 890
      2 891
      1 892
      1 893
      5 894
      2 895
      2 896
      1 897
      3 898
      4 899
      2 900
      1 901
      2 902
      2 903
      2 905
      3 906
      2 907
      1 908
      1 909
      2 910
      4 911
      1 912
      5 913
      1 914
      1 915
      3 917
      3 918
      4 919
      1 920
      1 921
      3 922
      3 923
      1 924
      2 925
      1 927
      1 928
      1 929
      1 930
      3 931
      1 932
      1 933
      1 935
      2 936
      2 937
      2 938
      2 939
      2 940
      1 941
      1 945
      2 948
      2 949
      1 951
      4 952
      2 953
      1 955
      1 956
      3 957
      1 958
      2 959
      1 962
      1 963
      2 965
      2 967
      1 969
      1 974
      2 975
      2 976
      1 978
      1 979
      4 981
      1 984
      1 985
      2 986
      1 987
      1 988
      1 989
      2 990
      2 997
      1 1000
      1 1003
      1 1006
      2 1007
      1 1008
      1 1009
      1 1011
      1 1012
      1 1015
      1 1018
      1 1020
      1 1023
      1 1026
      1 1028
      1 1029
      1 1031
      2 1033
      1 1034
      1 1036
      1 1038
      2 1041
      1 1042
      1 1043
      2 1047
      1 1048
      1 1053
      2 1063
      1 1068
      1 1071
      1 1077
      1 1080
      1 1085
      1 1086
      1 1101
      1 1102
      2 1104
      1 1109
      3 1110
      2 1116
      1 1118
      1 1120
      1 1123
      1 1125
      2 1126
      1 1129
      1 1131
      1 1136
      1 1138
      1 1151
      1 1156
      1 1157
      1 1167
      1 1169
      1 1173
      3 1203
      1 1215
      1 1222
      1 1225
      1 1258
      1 1261
      1 1273
      2 1289
      1 1343
      1 1344
      1 1346
      1 1502
      1 1516
      2 1602
      1 1641
      1 1645
      1 1853
      1 2058
      1 2060
      1 2172
      1 2188
      1 2295
      1 2753
      1 2762
      1 2871
      1 3033
      1 3050
      1 3313
      1 3508
      1 3591
      1 4012
      1 4804
      1 5140
      1 5283
      1 5765
      1 6158
      1 6565
      1 7668
      1 8869
      1 9108
      1 9928
      1 9932
      1 10086
      1 10155
      1 11863
      1 15813
      1 16322
      1 20779
      1 24606
      1 27214
      1 45977
---AAD-PGBENCH-LAG-US---
