pgbench (18.6 (Debian 18.6-1.pgdg13+2))
starting vacuum...end.
transaction type: <builtin: select only>
scaling factor: 1000
query mode: simple
number of clients: 128
number of threads: 16
maximum number of tries: 1
duration: 60 s
number of transactions actually processed: 8473630
number of failed transactions: 0 (0.000%)
latency average = 0.909 ms
initial connection time = 235.885 ms
tps = 140824.750554 (without initial connection time)
---AAD-PGBENCH-LATENCY-US---
rc=0
samples=169027
      1 241
      1 250
      1 253
      2 255
      1 257
      1 259
      1 260
      6 261
      1 262
      5 263
      2 264
      2 265
      3 266
      3 268
      4 269
      7 270
      3 271
      4 272
      4 273
      4 274
      9 275
      6 277
      3 278
      6 279
     10 280
      5 281
      7 282
      5 283
      3 284
      6 285
      4 286
      7 287
     11 288
      6 289
      5 290
      9 291
      9 292
     10 293
     10 294
     11 295
      7 296
     10 297
      9 298
      9 299
     12 300
      8 301
      8 302
      8 303
      6 304
      7 305
     12 306
     11 307
     11 308
     11 309
      5 310
     14 311
      8 312
      7 313
     13 314
     13 315
     12 316
     16 317
     19 318
     17 319
     14 320
     12 321
     14 322
     20 323
     18 324
     12 325
     17 326
     27 327
     27 328
     31 329
     23 330
     34 331
     35 332
     31 333
     35 334
     36 335
     52 336
     41 337
     38 338
     50 339
     38 340
     45 341
     40 342
     45 343
     56 344
     63 345
     52 346
     56 347
     61 348
     61 349
     60 350
     72 351
     43 352
     54 353
     46 354
     41 355
     47 356
     46 357
     42 358
     44 359
     51 360
     52 361
     41 362
     49 363
     49 364
     36 365
     31 366
     36 367
     46 368
     38 369
     41 370
     45 371
     52 372
     42 373
     41 374
     49 375
     43 376
     40 377
     37 378
     35 379
     45 380
     33 381
     43 382
     55 383
     48 384
     45 385
     47 386
     58 387
     46 388
     51 389
     53 390
     56 391
     49 392
     42 393
     70 394
     50 395
     64 396
     61 397
     61 398
     67 399
     73 400
     65 401
     95 402
     90 403
     68 404
     87 405
     81 406
     74 407
     86 408
    115 409
     99 410
    108 411
    116 412
    118 413
    112 414
    119 415
    117 416
    106 417
    109 418
     97 419
     95 420
     93 421
     97 422
    101 423
     95 424
     75 425
     70 426
     92 427
     81 428
     78 429
     85 430
     87 431
     79 432
    101 433
     79 434
     85 435
     82 436
     84 437
     65 438
     68 439
     74 440
     62 441
     62 442
     67 443
     57 444
     59 445
     53 446
     80 447
     71 448
     74 449
     78 450
     58 451
     83 452
     63 453
     75 454
     92 455
     82 456
     70 457
     71 458
     77 459
     95 460
    105 461
     92 462
     89 463
     95 464
    108 465
     91 466
    102 467
    113 468
    130 469
    101 470
    118 471
    122 472
    136 473
    124 474
    146 475
    163 476
    149 477
    166 478
    166 479
    195 480
    165 481
    175 482
    190 483
    194 484
    204 485
    167 486
    168 487
    176 488
    168 489
    168 490
    147 491
    172 492
    146 493
    151 494
    157 495
    115 496
    144 497
    151 498
    135 499
    141 500
    133 501
    132 502
    110 503
    145 504
    115 505
    141 506
    124 507
    133 508
    128 509
    124 510
    145 511
    119 512
    139 513
    144 514
    136 515
    131 516
    109 517
    148 518
    141 519
    150 520
    123 521
    153 522
    131 523
    136 524
    130 525
    155 526
    146 527
    159 528
    156 529
    147 530
    161 531
    168 532
    170 533
    188 534
    184 535
    183 536
    187 537
    179 538
    206 539
    232 540
    223 541
    196 542
    227 543
    216 544
    248 545
    240 546
    243 547
    240 548
    261 549
    285 550
    281 551
    257 552
    278 553
    293 554
    281 555
    252 556
    263 557
    245 558
    260 559
    248 560
    255 561
    252 562
    237 563
    221 564
    233 565
    222 566
    227 567
    219 568
    221 569
    210 570
    186 571
    214 572
    214 573
    216 574
    194 575
    238 576
    220 577
    193 578
    187 579
    184 580
    191 581
    208 582
    181 583
    169 584
    181 585
    220 586
    214 587
    215 588
    198 589
    188 590
    200 591
    195 592
    214 593
    220 594
    187 595
    182 596
    202 597
    235 598
    216 599
    201 600
    191 601
    235 602
    220 603
    214 604
    229 605
    227 606
    243 607
    288 608
    261 609
    257 610
    253 611
    254 612
    265 613
    256 614
    249 615
    278 616
    270 617
    281 618
    317 619
    291 620
    311 621
    287 622
    294 623
    290 624
    288 625
    269 626
    261 627
    301 628
    271 629
    265 630
    261 631
    257 632
    257 633
    244 634
    257 635
    204 636
    250 637
    241 638
    233 639
    228 640
    249 641
    227 642
    223 643
    210 644
    224 645
    206 646
    222 647
    200 648
    209 649
    231 650
    197 651
    201 652
    178 653
    198 654
    213 655
    200 656
    192 657
    194 658
    203 659
    195 660
    197 661
    182 662
    194 663
    181 664
    192 665
    187 666
    203 667
    200 668
    179 669
    202 670
    181 671
    195 672
    221 673
    236 674
    216 675
    240 676
    225 677
    208 678
    232 679
    236 680
    228 681
    225 682
    220 683
    227 684
    227 685
    242 686
    261 687
    224 688
    243 689
    260 690
    247 691
    215 692
    231 693
    244 694
    228 695
    252 696
    255 697
    227 698
    208 699
    232 700
    210 701
    219 702
    204 703
    192 704
    215 705
    218 706
    212 707
    202 708
    176 709
    185 710
    186 711
    189 712
    192 713
    180 714
    190 715
    159 716
    174 717
    186 718
    179 719
    185 720
    177 721
    186 722
    171 723
    149 724
    173 725
    162 726
    184 727
    170 728
    165 729
    185 730
    176 731
    174 732
    171 733
    174 734
    194 735
    180 736
    186 737
    186 738
    180 739
    172 740
    197 741
    205 742
    180 743
    206 744
    191 745
    182 746
    203 747
    191 748
    188 749
    177 750
    231 751
    231 752
    196 753
    236 754
    212 755
    206 756
    214 757
    233 758
    213 759
    210 760
    215 761
    223 762
    218 763
    175 764
    213 765
    234 766
    196 767
    192 768
    202 769
    166 770
    193 771
    207 772
    173 773
    179 774
    192 775
    204 776
    194 777
    183 778
    204 779
    151 780
    168 781
    181 782
    175 783
    192 784
    187 785
    168 786
    181 787
    166 788
    173 789
    174 790
    170 791
    153 792
    151 793
    159 794
    123 795
    172 796
    176 797
    166 798
    160 799
    166 800
    134 801
    166 802
    160 803
    155 804
    164 805
    189 806
    154 807
    161 808
    200 809
    163 810
    165 811
    178 812
    157 813
    166 814
    179 815
    179 816
    182 817
    187 818
    198 819
    186 820
    190 821
    215 822
    162 823
    197 824
    190 825
    178 826
    189 827
    199 828
    212 829
    208 830
    189 831
    184 832
    208 833
    195 834
    177 835
    195 836
    201 837
    163 838
    163 839
    176 840
    157 841
    176 842
    158 843
    196 844
    172 845
    166 846
    148 847
    160 848
    158 849
    163 850
    155 851
    153 852
    147 853
    158 854
    176 855
    156 856
    157 857
    146 858
    158 859
    157 860
    156 861
    161 862
    162 863
    155 864
    156 865
    170 866
    149 867
    191 868
    169 869
    159 870
    182 871
    156 872
    144 873
    153 874
    137 875
    161 876
    157 877
    148 878
    149 879
    151 880
    163 881
    167 882
    152 883
    168 884
    159 885
    176 886
    167 887
    149 888
    139 889
    162 890
    163 891
    162 892
    155 893
    171 894
    179 895
    163 896
    170 897
    178 898
    167 899
    171 900
    177 901
    178 902
    172 903
    205 904
    185 905
    212 906
    167 907
    164 908
    168 909
    169 910
    157 911
    183 912
    162 913
    162 914
    165 915
    170 916
    154 917
    147 918
    170 919
    173 920
    165 921
    142 922
    172 923
    140 924
    150 925
    138 926
    178 927
    159 928
    150 929
    168 930
    166 931
    140 932
    146 933
    134 934
    155 935
    143 936
    164 937
    152 938
    155 939
    115 940
    139 941
    164 942
    154 943
    130 944
    152 945
    135 946
    148 947
    132 948
    165 949
    170 950
    162 951
    160 952
    159 953
    149 954
    139 955
    163 956
    152 957
    155 958
    182 959
    147 960
    154 961
    169 962
    169 963
    172 964
    200 965
    163 966
    169 967
    157 968
    196 969
    159 970
    185 971
    184 972
    187 973
    182 974
    157 975
    136 976
    166 977
    146 978
    169 979
    155 980
    153 981
    169 982
    173 983
    157 984
    156 985
    144 986
    164 987
    177 988
    152 989
    129 990
    163 991
    160 992
    137 993
    163 994
    155 995
    157 996
    135 997
    159 998
    137 999
    132 1000
    137 1001
    154 1002
    154 1003
    160 1004
    162 1005
    148 1006
    145 1007
    155 1008
    154 1009
    142 1010
    135 1011
    153 1012
    149 1013
    134 1014
    158 1015
    153 1016
    134 1017
    146 1018
    153 1019
    135 1020
    154 1021
    157 1022
    160 1023
    166 1024
    180 1025
    142 1026
    167 1027
    172 1028
    156 1029
    171 1030
    157 1031
    149 1032
    164 1033
    145 1034
    161 1035
    165 1036
    169 1037
    149 1038
    142 1039
    152 1040
    159 1041
    160 1042
    171 1043
    164 1044
    154 1045
    167 1046
    160 1047
    160 1048
    141 1049
    148 1050
    177 1051
    160 1052
    173 1053
    153 1054
    162 1055
    144 1056
    164 1057
    136 1058
    146 1059
    134 1060
    131 1061
    133 1062
    152 1063
    139 1064
    152 1065
    123 1066
    137 1067
    148 1068
    169 1069
    133 1070
    156 1071
    141 1072
    141 1073
    150 1074
    139 1075
    133 1076
    150 1077
    134 1078
    157 1079
    137 1080
    146 1081
    119 1082
    161 1083
    138 1084
    145 1085
    155 1086
    139 1087
    139 1088
    152 1089
    148 1090
    147 1091
    161 1092
    149 1093
    152 1094
    166 1095
    152 1096
    154 1097
    137 1098
    159 1099
    155 1100
    162 1101
    168 1102
    159 1103
    158 1104
    151 1105
    159 1106
    150 1107
    166 1108
    155 1109
    174 1110
    163 1111
    163 1112
    167 1113
    131 1114
    150 1115
    163 1116
    162 1117
    164 1118
    159 1119
    134 1120
    155 1121
    149 1122
    150 1123
    148 1124
    127 1125
    144 1126
    146 1127
    151 1128
    144 1129
    139 1130
    130 1131
    128 1132
    142 1133
    140 1134
    128 1135
    140 1136
    141 1137
    113 1138
    122 1139
    130 1140
    135 1141
    125 1142
    132 1143
    113 1144
    128 1145
    138 1146
    127 1147
    130 1148
    100 1149
    116 1150
    126 1151
    133 1152
    140 1153
    130 1154
    120 1155
    141 1156
    137 1157
    142 1158
    134 1159
    152 1160
    132 1161
    119 1162
    154 1163
    137 1164
    139 1165
    129 1166
    134 1167
    156 1168
    134 1169
    129 1170
    139 1171
    140 1172
    126 1173
    143 1174
    143 1175
    141 1176
    138 1177
    146 1178
    144 1179
    133 1180
    130 1181
    123 1182
    126 1183
    138 1184
    125 1185
    123 1186
    126 1187
    133 1188
    119 1189
    102 1190
    138 1191
    149 1192
    143 1193
    133 1194
    118 1195
    132 1196
    139 1197
    138 1198
    104 1199
    114 1200
    128 1201
    104 1202
    118 1203
    125 1204
    123 1205
    101 1206
    125 1207
    105 1208
    117 1209
    109 1210
    115 1211
    106 1212
    120 1213
    114 1214
    110 1215
    112 1216
    114 1217
    109 1218
    131 1219
    125 1220
     92 1221
     96 1222
    124 1223
    105 1224
    110 1225
    101 1226
     99 1227
    122 1228
    106 1229
    102 1230
     88 1231
    111 1232
    113 1233
    134 1234
     99 1235
    105 1236
    124 1237
     92 1238
    112 1239
    138 1240
    108 1241
    100 1242
    112 1243
     97 1244
    111 1245
    117 1246
    119 1247
    101 1248
     97 1249
     95 1250
    120 1251
     94 1252
     96 1253
     93 1254
    129 1255
     99 1256
     96 1257
    105 1258
    115 1259
    110 1260
    112 1261
    104 1262
    101 1263
     86 1264
    101 1265
    107 1266
     97 1267
     97 1268
    105 1269
     81 1270
     76 1271
     93 1272
     87 1273
     87 1274
     92 1275
     86 1276
     81 1277
    102 1278
     90 1279
     87 1280
     93 1281
     78 1282
     84 1283
     95 1284
     73 1285
     80 1286
     78 1287
     87 1288
     86 1289
     96 1290
     80 1291
     82 1292
     92 1293
     80 1294
     89 1295
     87 1296
     78 1297
     89 1298
     99 1299
     88 1300
     90 1301
    102 1302
     92 1303
     86 1304
     76 1305
     91 1306
     69 1307
     87 1308
     89 1309
     82 1310
     87 1311
     80 1312
     80 1313
    101 1314
     80 1315
     91 1316
     79 1317
     98 1318
     76 1319
     94 1320
     86 1321
     92 1322
     92 1323
     87 1324
     83 1325
     71 1326
     77 1327
     86 1328
     67 1329
     83 1330
     95 1331
     77 1332
     73 1333
     79 1334
     66 1335
     63 1336
     74 1337
     65 1338
     80 1339
     72 1340
     70 1341
     56 1342
     97 1343
     64 1344
     67 1345
     65 1346
     62 1347
     63 1348
     66 1349
     64 1350
     69 1351
     75 1352
     66 1353
     53 1354
     63 1355
     76 1356
     76 1357
     70 1358
     64 1359
     50 1360
     74 1361
     69 1362
     70 1363
     54 1364
     61 1365
     68 1366
     48 1367
     58 1368
     52 1369
     64 1370
     62 1371
     59 1372
     55 1373
     55 1374
     84 1375
     75 1376
     61 1377
     61 1378
     62 1379
     62 1380
     62 1381
     58 1382
     63 1383
     56 1384
     57 1385
     69 1386
     53 1387
     46 1388
     66 1389
     76 1390
     62 1391
     56 1392
     76 1393
     57 1394
     55 1395
     63 1396
     55 1397
     60 1398
     52 1399
     49 1400
     45 1401
     47 1402
     58 1403
     57 1404
     49 1405
     56 1406
     50 1407
     63 1408
     60 1409
     42 1410
     49 1411
     57 1412
     61 1413
     58 1414
     51 1415
     54 1416
     53 1417
     50 1418
     49 1419
     60 1420
     52 1421
     47 1422
     41 1423
     57 1424
     49 1425
     54 1426
     46 1427
     40 1428
     51 1429
     46 1430
     45 1431
     45 1432
     50 1433
     46 1434
     49 1435
     49 1436
     56 1437
     47 1438
     40 1439
     54 1440
     48 1441
     47 1442
     47 1443
     50 1444
     57 1445
     48 1446
     46 1447
     51 1448
     47 1449
     60 1450
     43 1451
     43 1452
     45 1453
     48 1454
     46 1455
     54 1456
     56 1457
     56 1458
     44 1459
     57 1460
     49 1461
     37 1462
     43 1463
     45 1464
     44 1465
     38 1466
     46 1467
     43 1468
     27 1469
     38 1470
     38 1471
     40 1472
     44 1473
     36 1474
     48 1475
     29 1476
     62 1477
     38 1478
     42 1479
     47 1480
     41 1481
     31 1482
     45 1483
     44 1484
     40 1485
     32 1486
     43 1487
     41 1488
     47 1489
     47 1490
     34 1491
     33 1492
     40 1493
     28 1494
     40 1495
     37 1496
     41 1497
     25 1498
     39 1499
     30 1500
     39 1501
     42 1502
     36 1503
     37 1504
     36 1505
     39 1506
     44 1507
     38 1508
     38 1509
     35 1510
     43 1511
     46 1512
     34 1513
     39 1514
     37 1515
     48 1516
     29 1517
     42 1518
     43 1519
     37 1520
     41 1521
     35 1522
     36 1523
     34 1524
     36 1525
     39 1526
     33 1527
     22 1528
     36 1529
     32 1530
     42 1531
     41 1532
     31 1533
     28 1534
     35 1535
     29 1536
     38 1537
     35 1538
     36 1539
     26 1540
     22 1541
     39 1542
     35 1543
     33 1544
     33 1545
     31 1546
     27 1547
     20 1548
     23 1549
     28 1550
     36 1551
     26 1552
     22 1553
     29 1554
     25 1555
     18 1556
     32 1557
     32 1558
     33 1559
     32 1560
     30 1561
     27 1562
     32 1563
     28 1564
     24 1565
     25 1566
     21 1567
     24 1568
     27 1569
     24 1570
     19 1571
     32 1572
     26 1573
     23 1574
     21 1575
     34 1576
     21 1577
     24 1578
     27 1579
     31 1580
     42 1581
     30 1582
     27 1583
     27 1584
     25 1585
     22 1586
     26 1587
     31 1588
     22 1589
     33 1590
     24 1591
     33 1592
     26 1593
     26 1594
     31 1595
     23 1596
     21 1597
     22 1598
     17 1599
     19 1600
     23 1601
     33 1602
     23 1603
     25 1604
     30 1605
     18 1606
     19 1607
     21 1608
     22 1609
     20 1610
     21 1611
     18 1612
     29 1613
     26 1614
     28 1615
     16 1616
     20 1617
     23 1618
     23 1619
     16 1620
     23 1621
     22 1622
     25 1623
     25 1624
     25 1625
     25 1626
     17 1627
     19 1628
     26 1629
     19 1630
     20 1631
     22 1632
     18 1633
     22 1634
     20 1635
     25 1636
     27 1637
     21 1638
     19 1639
     23 1640
     22 1641
     21 1642
     16 1643
     22 1644
     28 1645
     29 1646
     15 1647
     33 1648
     23 1649
     23 1650
     21 1651
     16 1652
     25 1653
     23 1654
     24 1655
     19 1656
     17 1657
     24 1658
     26 1659
     21 1660
     16 1661
     25 1662
     17 1663
     18 1664
     15 1665
     18 1666
     12 1667
     15 1668
     27 1669
     21 1670
     18 1671
     13 1672
     20 1673
     19 1674
     21 1675
     16 1676
     21 1677
     19 1678
     20 1679
     15 1680
     21 1681
     15 1682
     22 1683
     15 1684
     26 1685
     14 1686
     13 1687
     17 1688
     18 1689
     11 1690
     12 1691
     24 1692
     14 1693
     15 1694
     14 1695
     15 1696
     19 1697
     16 1698
     20 1699
     25 1700
     18 1701
     19 1702
     16 1703
     17 1704
     12 1705
     15 1706
     13 1707
     20 1708
     12 1709
     14 1710
     13 1711
     24 1712
     21 1713
     15 1714
     13 1715
     22 1716
     25 1717
      9 1718
      6 1719
     12 1720
     10 1721
     20 1722
     10 1723
     16 1724
     14 1725
     26 1726
     19 1727
     20 1728
     21 1729
     16 1730
     11 1731
     23 1732
     16 1733
     12 1734
     15 1735
     14 1736
     11 1737
     19 1738
     18 1739
     12 1740
      8 1741
      7 1742
     18 1743
     12 1744
     11 1745
     12 1746
     12 1747
      6 1748
     11 1749
     22 1750
      9 1751
     10 1752
      8 1753
     12 1754
     17 1755
      8 1756
     13 1757
     12 1758
     12 1759
     18 1760
     21 1761
     10 1762
     18 1763
     14 1764
     18 1765
     13 1766
     16 1767
      8 1768
     10 1769
      7 1770
     10 1771
     13 1772
     10 1773
     16 1774
     15 1775
     18 1776
     13 1777
     12 1778
     11 1779
      8 1780
     11 1781
     17 1782
     16 1783
      6 1784
     14 1785
      9 1786
      7 1787
     14 1788
     13 1789
     15 1790
     13 1791
     13 1792
     19 1793
      9 1794
      6 1795
     11 1796
      9 1797
      9 1798
      8 1799
      7 1800
     14 1801
     12 1802
     11 1803
     14 1804
     12 1805
     13 1806
     11 1807
     10 1808
     11 1809
     11 1810
     14 1811
     12 1812
     14 1813
      6 1814
     17 1815
     14 1816
     12 1817
     10 1818
      8 1819
      8 1820
      7 1821
      6 1822
     11 1823
     10 1824
     11 1825
     11 1826
      8 1827
      3 1828
     10 1829
      7 1830
     10 1831
      8 1832
     10 1833
      7 1834
      5 1835
      4 1836
     12 1837
     11 1838
     10 1839
      4 1840
      7 1841
     11 1842
     11 1843
      8 1844
      6 1845
      6 1846
     10 1847
      3 1848
      7 1849
      7 1850
     12 1851
      5 1852
      8 1853
      9 1854
      6 1855
      8 1856
      7 1857
      9 1858
      4 1859
      2 1860
      6 1861
      5 1862
      8 1863
      8 1864
      5 1865
      3 1866
     11 1867
      7 1868
     12 1869
      7 1870
      6 1871
      8 1872
      3 1873
      9 1874
      5 1875
     13 1876
     11 1877
      3 1878
      6 1879
     12 1880
      3 1881
      6 1882
      9 1883
     10 1884
      6 1885
      7 1886
      5 1887
      5 1888
      2 1889
     11 1890
      7 1891
     14 1892
      7 1893
      5 1894
      9 1895
      5 1896
      6 1897
      4 1898
     10 1899
      5 1900
      4 1901
      7 1902
      9 1903
      4 1904
      5 1905
      6 1906
      5 1907
      2 1908
      7 1909
      7 1910
     12 1911
     10 1912
      4 1913
      7 1914
      4 1915
      6 1916
      6 1917
      5 1918
      7 1919
      7 1920
     11 1921
      6 1922
      3 1923
      3 1924
      7 1925
      6 1926
     10 1927
      7 1928
      6 1929
      5 1930
      6 1931
      6 1932
      2 1933
      2 1934
      7 1935
      8 1936
      2 1937
      6 1938
      9 1939
      3 1940
      7 1941
      5 1942
     14 1943
      7 1944
      6 1945
      1 1946
      4 1947
      3 1948
      6 1949
      9 1950
      4 1951
      4 1952
      3 1953
      7 1954
      5 1955
      4 1956
      6 1957
      4 1959
      5 1960
      7 1961
      3 1962
      5 1963
      7 1964
      6 1965
      3 1966
      6 1967
      6 1968
      6 1969
      8 1970
      4 1971
      2 1972
      6 1973
      3 1974
      6 1975
      5 1976
      6 1977
      6 1978
      4 1979
      7 1980
      4 1981
      2 1982
      4 1983
      5 1984
      4 1985
      8 1986
      4 1987
      2 1988
      5 1989
      5 1990
      6 1991
      8 1992
      5 1993
      4 1994
      2 1995
      2 1996
      6 1997
      5 1998
      3 1999
      5 2000
      4 2001
      3 2002
      4 2003
      4 2004
      2 2005
      2 2006
      4 2007
      5 2008
      1 2009
      1 2010
      3 2011
      5 2012
      1 2013
      4 2014
      5 2015
      3 2016
      6 2017
      2 2018
      2 2019
      3 2020
      2 2022
      5 2023
      4 2024
      8 2025
      5 2026
      1 2027
      6 2028
      3 2029
      1 2030
      3 2031
      7 2032
      5 2033
      7 2034
      4 2035
      4 2036
      3 2037
      3 2038
      3 2039
      3 2040
      5 2041
      4 2042
      6 2043
      3 2044
      7 2045
      5 2046
      5 2047
      1 2048
      5 2049
      3 2051
      2 2052
      6 2053
      6 2054
      5 2055
      5 2056
      5 2057
      1 2058
      6 2059
      4 2060
      5 2061
      6 2062
      5 2063
      4 2064
      3 2065
      2 2066
      2 2067
      1 2069
      3 2070
      4 2071
      4 2072
      2 2073
      4 2074
      2 2075
      7 2076
      1 2077
      6 2078
      6 2079
      1 2080
      3 2081
      7 2082
      4 2083
      3 2084
      2 2085
      2 2087
      1 2088
      2 2089
      6 2090
      4 2091
      5 2092
      9 2093
      4 2094
      1 2095
      2 2096
      5 2097
      2 2098
      2 2099
      3 2100
      4 2101
      1 2103
      2 2104
      3 2105
      4 2106
      1 2107
      5 2109
      5 2110
      7 2111
      4 2112
      2 2113
      3 2114
      3 2116
      2 2117
      2 2118
      2 2119
      5 2120
      3 2122
      2 2123
      1 2124
      5 2125
      4 2126
      3 2128
      2 2129
      2 2130
      3 2131
      1 2132
      4 2133
      1 2135
      3 2136
      4 2137
      1 2138
      1 2139
      1 2140
      3 2141
      2 2142
      1 2143
      2 2144
      2 2145
      3 2146
      1 2147
      2 2148
      1 2149
      3 2151
      2 2152
      5 2153
      1 2154
      3 2155
      3 2156
      1 2157
      1 2158
      2 2159
      1 2160
      2 2161
      3 2163
      1 2164
      5 2165
      2 2167
      3 2168
      2 2169
      1 2170
      1 2171
      2 2173
      1 2174
      3 2175
      2 2176
      1 2177
      2 2178
      1 2179
      2 2182
      3 2183
      2 2184
      2 2185
      3 2186
      2 2188
      3 2189
      3 2190
      2 2191
      2 2192
      2 2193
      5 2194
      2 2195
      2 2196
      1 2197
      1 2198
      2 2199
      1 2200
      2 2201
      3 2204
      2 2206
      1 2207
      1 2208
      2 2209
      1 2210
      3 2211
      1 2214
      1 2215
      3 2216
      2 2217
      3 2219
      1 2221
      1 2222
      4 2223
      1 2224
      1 2225
      3 2226
      1 2227
      4 2229
      1 2230
      2 2232
      3 2233
      1 2234
      1 2235
      2 2236
      1 2238
      3 2239
      5 2240
      2 2241
      1 2242
      5 2243
      3 2244
      3 2246
      2 2247
      1 2248
      2 2251
      1 2252
      4 2253
      1 2254
      2 2255
      2 2256
      2 2258
      1 2259
      1 2260
      2 2261
      3 2262
      3 2263
      1 2264
      1 2265
      3 2268
      2 2269
      2 2270
      1 2272
      1 2273
      2 2274
      2 2275
      2 2276
      2 2277
      1 2279
      4 2280
      1 2281
      1 2284
      2 2286
      1 2287
      1 2288
      1 2290
      1 2292
      1 2293
      3 2294
      2 2295
      1 2296
      5 2297
      1 2298
      4 2299
      1 2300
      1 2302
      1 2303
      2 2304
      2 2305
      1 2306
      1 2308
      1 2309
      1 2310
      3 2311
      1 2313
      2 2314
      1 2320
      1 2322
      1 2324
      2 2325
      1 2326
      4 2328
      2 2329
      2 2330
      1 2331
      2 2333
      3 2334
      1 2337
      1 2339
      2 2341
      2 2342
      1 2344
      1 2346
      1 2347
      2 2348
      2 2349
      1 2351
      2 2352
      1 2354
      1 2355
      2 2358
      1 2360
      1 2364
      3 2365
      2 2366
      2 2367
      1 2368
      2 2369
      1 2370
      1 2373
      1 2376
      1 2377
      3 2378
      1 2381
      1 2383
      1 2385
      2 2387
      2 2388
      1 2391
      1 2393
      1 2394
      2 2395
      1 2396
      1 2399
      1 2400
      1 2401
      1 2405
      2 2407
      1 2409
      1 2410
      1 2411
      5 2412
      2 2413
      3 2418
      1 2419
      2 2420
      2 2421
      2 2422
      2 2423
      2 2426
      1 2428
      1 2430
      2 2432
      2 2434
      1 2436
      1 2443
      2 2444
      1 2446
      1 2450
      1 2452
      2 2453
      1 2456
      3 2457
      1 2458
      1 2459
      3 2461
      1 2462
      1 2466
      1 2467
      2 2468
      2 2469
      1 2472
      2 2473
      1 2476
      2 2477
      1 2480
      1 2481
      1 2483
      2 2485
      3 2487
      1 2492
      2 2493
      1 2494
      1 2501
      1 2503
      1 2506
      1 2507
      3 2510
      3 2512
      2 2513
      1 2514
      1 2515
      2 2516
      1 2518
      1 2521
      1 2530
      1 2533
      2 2534
      2 2536
      2 2538
      1 2539
      1 2545
      1 2546
      1 2548
      3 2550
      2 2552
      2 2555
      2 2557
      2 2559
      1 2560
      1 2562
      1 2565
      1 2566
      1 2567
      1 2569
      1 2574
      1 2580
      1 2584
      1 2585
      1 2586
      1 2589
      1 2592
      2 2595
      1 2596
      2 2597
      2 2598
      1 2600
      3 2601
      2 2603
      1 2604
      1 2605
      2 2606
      1 2609
      2 2610
      2 2613
      1 2614
      3 2615
      1 2616
      2 2617
      1 2619
      1 2621
      1 2624
      1 2626
      1 2633
      1 2634
      1 2635
      1 2639
      1 2641
      2 2642
      1 2644
      1 2645
      1 2647
      1 2651
      2 2656
      1 2657
      1 2662
      1 2663
      1 2671
      1 2672
      1 2673
      1 2674
      1 2675
      1 2676
      2 2677
      1 2678
      1 2680
      1 2682
      1 2683
      2 2684
      3 2685
      1 2686
      1 2687
      1 2691
      1 2692
      1 2693
      1 2695
      3 2697
      2 2699
      1 2702
      1 2703
      1 2704
      1 2705
      1 2710
      2 2714
      1 2715
      1 2720
      1 2721
      1 2722
      1 2724
      1 2726
      1 2727
      1 2728
      1 2729
      1 2730
      2 2731
      1 2732
      1 2735
      2 2736
      2 2738
      1 2743
      2 2746
      1 2754
      1 2755
      1 2756
      1 2758
      2 2765
      1 2768
      1 2771
      1 2772
      3 2774
      1 2775
      2 2778
      4 2779
      1 2784
      2 2794
      2 2795
      1 2800
      1 2802
      1 2806
      1 2808
      1 2810
      1 2816
      2 2817
      1 2818
      2 2822
      1 2828
      2 2829
      2 2832
      1 2839
      2 2840
      1 2846
      3 2848
      2 2850
      1 2854
      1 2857
      1 2859
      1 2866
      2 2873
      2 2874
      1 2876
      1 2877
      1 2890
      3 2892
      1 2894
      1 2895
      1 2901
      1 2903
      1 2913
      2 2918
      1 2929
      1 2936
      1 2937
      1 2938
      1 2939
      1 2942
      2 2943
      2 2948
      1 2955
      1 2959
      1 2960
      1 2965
      1 2970
      1 2972
      1 2973
      1 2975
      1 2977
      2 2978
      1 2979
      1 2981
      1 2982
      2 2986
      1 2988
      1 2989
      1 2995
      1 2998
      1 2999
      1 3001
      2 3002
      1 3018
      1 3023
      1 3027
      1 3031
      1 3033
      2 3036
      1 3042
      1 3046
      1 3051
      1 3052
      2 3058
      1 3063
      1 3065
      1 3077
      1 3079
      1 3081
      1 3086
      1 3089
      1 3092
      1 3098
      1 3099
      1 3104
      1 3106
      1 3111
      1 3112
      1 3113
      1 3114
      1 3126
      3 3130
      1 3132
      1 3133
      1 3134
      1 3135
      1 3143
      1 3148
      1 3151
      1 3153
      1 3156
      1 3158
      2 3160
      2 3166
      1 3167
      1 3174
      1 3185
      1 3187
      1 3188
      1 3194
      1 3204
      1 3206
      1 3210
      1 3212
      2 3217
      1 3227
      1 3233
      1 3236
      1 3239
      1 3246
      1 3249
      1 3265
      1 3272
      1 3274
      1 3286
      1 3291
      2 3292
      1 3298
      1 3303
      1 3306
      1 3307
      1 3334
      1 3340
      1 3346
      1 3355
      1 3375
      1 3390
      1 3397
      2 3403
      1 3439
      1 3441
      1 3445
      1 3456
      1 3469
      1 3489
      1 3497
      1 3503
      1 3507
      1 3543
      1 3560
      1 3561
      1 3568
      1 3605
      1 3606
      1 3638
      1 3642
      1 3651
      1 3700
      1 3701
      1 3727
      1 3752
      1 3776
      1 3961
      1 3974
      1 4013
      1 4030
      1 4070
      1 4262
      1 4657
      1 4776
      1 4864
      1 5218
      1 5516
      1 6065
      1 6312
      1 6474
      1 8651
---AAD-PGBENCH-LAG-US---
