pgbench (18.6 (Debian 18.6-1.pgdg13+2))
starting vacuum...end.
transaction type: <builtin: select only>
scaling factor: 1000
query mode: simple
number of clients: 64
number of threads: 16
maximum number of tries: 1
duration: 60 s
number of transactions actually processed: 8274587
number of failed transactions: 0 (0.000%)
latency average = 0.463 ms
initial connection time = 129.331 ms
tps = 138205.693240 (without initial connection time)
---AAD-PGBENCH-LATENCY-US---
rc=0
samples=165463
      1 253
      1 260
      1 261
      1 262
      1 264
      3 265
      2 266
      3 267
      7 268
     14 269
      6 270
      3 271
     14 272
     11 273
     15 274
     15 275
     20 276
     12 277
     20 278
     16 279
     33 280
     26 281
     31 282
     30 283
     39 284
     39 285
     34 286
     29 287
     43 288
     39 289
     43 290
     50 291
     45 292
     60 293
     55 294
     47 295
     61 296
     55 297
     54 298
     72 299
     65 300
     72 301
     71 302
     77 303
     85 304
     74 305
     79 306
    108 307
    112 308
    112 309
    101 310
    111 311
    103 312
    111 313
    108 314
    124 315
    121 316
    114 317
    124 318
    154 319
    164 320
    148 321
    148 322
    215 323
    163 324
    220 325
    259 326
    250 327
    258 328
    269 329
    294 330
    321 331
    326 332
    347 333
    429 334
    434 335
    482 336
    457 337
    501 338
    518 339
    572 340
    578 341
    647 342
    678 343
    697 344
    728 345
    694 346
    673 347
    677 348
    697 349
    630 350
    640 351
    674 352
    601 353
    649 354
    579 355
    588 356
    585 357
    602 358
    599 359
    513 360
    562 361
    560 362
    601 363
    566 364
    530 365
    495 366
    513 367
    519 368
    540 369
    525 370
    563 371
    530 372
    512 373
    517 374
    543 375
    547 376
    549 377
    506 378
    531 379
    518 380
    601 381
    527 382
    534 383
    544 384
    555 385
    586 386
    572 387
    628 388
    570 389
    560 390
    578 391
    643 392
    613 393
    616 394
    671 395
    696 396
    698 397
    751 398
    751 399
    764 400
    750 401
    854 402
    832 403
    897 404
    920 405
    916 406
    990 407
    989 408
    994 409
   1006 410
   1090 411
    995 412
   1059 413
   1210 414
   1082 415
    991 416
   1023 417
   1020 418
    961 419
    958 420
    854 421
    839 422
    851 423
    825 424
    836 425
    705 426
    744 427
    722 428
    674 429
    696 430
    699 431
    646 432
    575 433
    598 434
    635 435
    585 436
    582 437
    570 438
    606 439
    553 440
    538 441
    563 442
    564 443
    549 444
    584 445
    536 446
    516 447
    526 448
    543 449
    515 450
    505 451
    549 452
    529 453
    501 454
    538 455
    530 456
    546 457
    538 458
    542 459
    562 460
    573 461
    529 462
    569 463
    585 464
    588 465
    622 466
    626 467
    650 468
    625 469
    664 470
    661 471
    675 472
    679 473
    693 474
    713 475
    760 476
    809 477
    721 478
    766 479
    753 480
    767 481
    835 482
    812 483
    803 484
    805 485
    758 486
    723 487
    724 488
    707 489
    695 490
    683 491
    675 492
    626 493
    611 494
    597 495
    606 496
    537 497
    565 498
    572 499
    590 500
    592 501
    524 502
    511 503
    558 504
    494 505
    510 506
    484 507
    471 508
    464 509
    470 510
    493 511
    457 512
    457 513
    467 514
    466 515
    445 516
    488 517
    413 518
    482 519
    415 520
    431 521
    418 522
    444 523
    409 524
    434 525
    417 526
    485 527
    370 528
    428 529
    419 530
    452 531
    456 532
    392 533
    449 534
    446 535
    419 536
    455 537
    458 538
    415 539
    490 540
    460 541
    477 542
    473 543
    475 544
    462 545
    501 546
    467 547
    528 548
    506 549
    498 550
    465 551
    506 552
    488 553
    454 554
    442 555
    473 556
    409 557
    428 558
    386 559
    386 560
    362 561
    364 562
    336 563
    325 564
    319 565
    332 566
    331 567
    288 568
    258 569
    291 570
    271 571
    284 572
    258 573
    262 574
    283 575
    253 576
    226 577
    236 578
    232 579
    229 580
    246 581
    225 582
    216 583
    237 584
    216 585
    214 586
    188 587
    184 588
    208 589
    204 590
    177 591
    205 592
    183 593
    192 594
    194 595
    195 596
    178 597
    176 598
    166 599
    175 600
    183 601
    179 602
    181 603
    172 604
    159 605
    164 606
    181 607
    141 608
    155 609
    174 610
    147 611
    159 612
    154 613
    143 614
    158 615
    162 616
    140 617
    137 618
    167 619
    144 620
    151 621
    151 622
    142 623
    154 624
    130 625
    118 626
    129 627
    121 628
    120 629
    100 630
     93 631
    109 632
    103 633
    113 634
     87 635
    103 636
    105 637
     90 638
     85 639
     90 640
     98 641
     88 642
     85 643
     76 644
     59 645
     86 646
     77 647
     75 648
     72 649
     74 650
     86 651
     69 652
     77 653
     68 654
     68 655
     54 656
     66 657
     65 658
     59 659
     57 660
     59 661
     52 662
     64 663
     53 664
     55 665
     49 666
     61 667
     47 668
     55 669
     61 670
     58 671
     53 672
     51 673
     45 674
     41 675
     36 676
     39 677
     49 678
     34 679
     48 680
     53 681
     52 682
     44 683
     39 684
     33 685
     39 686
     33 687
     29 688
     42 689
     39 690
     28 691
     38 692
     46 693
     41 694
     34 695
     37 696
     45 697
     39 698
     30 699
     34 700
     35 701
     39 702
     24 703
     32 704
     34 705
     21 706
     27 707
     23 708
     16 709
     28 710
     25 711
     27 712
     28 713
     23 714
     30 715
     26 716
     29 717
     16 718
     24 719
     15 720
     20 721
     24 722
     15 723
     21 724
     25 725
     23 726
     16 727
     16 728
     16 729
     16 730
     19 731
     18 732
     13 733
     22 734
     12 735
     18 736
     23 737
     20 738
     14 739
     12 740
     18 741
     15 742
     15 743
     18 744
     18 745
     10 746
     12 747
      6 748
      9 749
     12 750
     15 751
     13 752
      7 753
     13 754
     16 755
     13 756
     10 757
     13 758
     14 759
     15 760
      7 761
     12 762
     11 763
     11 764
      9 765
     10 766
      8 767
      7 768
      5 769
     13 770
     13 771
     13 772
      7 773
     16 774
      9 775
     12 776
      8 777
      8 778
      7 779
      8 780
     12 781
     11 782
      6 783
      5 784
      4 785
     10 786
      7 787
      4 788
      9 789
      9 790
      2 791
      5 792
      1 793
      8 794
      8 795
      3 796
      6 797
      4 798
      7 799
      6 800
      9 801
      3 802
      4 803
      5 804
      7 805
      7 806
      5 807
      8 808
      6 809
      2 810
      2 811
      5 812
      6 813
      8 814
      4 815
      4 816
      3 817
      4 818
      5 819
      1 820
      5 821
      5 822
      2 823
      5 824
      6 826
      5 827
      3 828
      6 829
      4 830
      3 831
      6 832
      2 833
      2 834
      2 835
      2 836
      2 837
      4 838
      3 839
      6 840
      2 841
      2 842
      6 843
      3 844
      5 845
      3 846
      4 847
      6 849
      2 850
      3 851
      3 852
      1 853
      9 854
      6 855
      5 857
      2 858
      4 859
      2 860
      1 861
      2 862
      1 863
      2 864
      3 866
      1 867
      1 868
      3 869
      4 870
      2 871
      1 872
      2 874
      1 875
      1 876
      2 877
      2 879
      1 881
      2 882
      2 883
      3 884
      2 885
      1 887
      3 889
      3 890
      1 892
      2 893
      2 895
      2 896
      2 897
      1 898
      1 901
      3 902
      2 903
      1 904
      2 905
      3 906
      3 908
      1 909
      2 910
      2 911
      3 912
      1 913
      1 915
      3 916
      2 917
      1 918
      1 919
      4 920
      1 922
      2 923
      1 925
      2 926
      1 927
      1 928
      1 930
      1 931
      1 932
      1 933
      1 935
      2 936
      1 937
      1 939
      4 940
      1 941
      4 943
      1 944
      1 945
      1 946
      2 947
      1 948
      1 950
      1 951
      1 952
      1 953
      2 954
      1 957
      1 962
      2 963
      1 964
      2 965
      1 966
      1 968
      2 969
      1 970
      1 971
      2 977
      1 978
      1 979
      1 981
      1 984
      1 986
      2 988
      1 991
      1 992
      2 993
      1 994
      1 995
      2 996
      2 997
      1 998
      2 999
      1 1002
      4 1003
      3 1004
      2 1006
      2 1007
      1 1008
      2 1015
      1 1016
      1 1017
      1 1019
      1 1020
      3 1021
      1 1022
      1 1023
      1 1024
      3 1025
      3 1027
      1 1028
      3 1030
      1 1031
      2 1033
      2 1036
      1 1037
      3 1039
      1 1040
      1 1041
      2 1043
      2 1045
      1 1048
      1 1049
      2 1051
      1 1053
      2 1054
      2 1055
      3 1056
      1 1058
      1 1059
      2 1060
      1 1061
      2 1065
      2 1068
      1 1069
      1 1071
      2 1076
      1 1077
      1 1078
      1 1080
      1 1081
      1 1082
      1 1083
      1 1084
      1 1085
      1 1088
      3 1091
      2 1092
      1 1093
      2 1094
      1 1098
      1 1100
      1 1101
      2 1103
      1 1104
      1 1106
      2 1107
      1 1108
      1 1110
      2 1112
      2 1113
      2 1115
      2 1117
      1 1118
      1 1120
      3 1121
      3 1122
      1 1123
      2 1124
      1 1127
      1 1128
      1 1129
      1 1130
      1 1131
      1 1133
      1 1135
      1 1137
      1 1139
      1 1142
      2 1145
      1 1146
      1 1148
      2 1149
      1 1150
      4 1151
      2 1152
      1 1156
      1 1157
      1 1158
      1 1160
      1 1161
      1 1164
      2 1165
      2 1167
      2 1168
      1 1169
      1 1170
      1 1172
      1 1175
      1 1176
      1 1177
      2 1179
      2 1180
      1 1182
      2 1183
      1 1184
      1 1186
      1 1187
      1 1192
      3 1195
      3 1197
      1 1198
      1 1199
      1 1200
      1 1202
      1 1208
      1 1209
      2 1210
      1 1211
      1 1214
      1 1215
      1 1219
      1 1221
      1 1222
      1 1223
      1 1226
      2 1227
      1 1229
      1 1231
      3 1234
      2 1235
      1 1236
      1 1243
      2 1244
      2 1245
      1 1247
      2 1249
      3 1250
      1 1251
      1 1253
      1 1257
      1 1259
      1 1261
      1 1262
      1 1263
      1 1266
      4 1267
      1 1270
      1 1273
      1 1276
      2 1278
      1 1281
      2 1283
      1 1284
      2 1288
      1 1291
      2 1292
      1 1293
      1 1300
      1 1301
      1 1303
      1 1304
      2 1305
      3 1307
      2 1308
      1 1310
      3 1311
      1 1314
      2 1315
      1 1317
      2 1318
      1 1319
      4 1320
      1 1321
      2 1322
      2 1324
      3 1325
      2 1326
      1 1328
      1 1329
      2 1333
      1 1335
      1 1337
      1 1338
      1 1339
      1 1341
      2 1342
      3 1343
      1 1345
      1 1346
      2 1347
      1 1351
      1 1352
      1 1354
      2 1357
      1 1361
      1 1363
      2 1365
      2 1366
      1 1368
      1 1369
      1 1370
      1 1371
      1 1372
      1 1375
      1 1377
      2 1379
      2 1380
      1 1381
      1 1383
      3 1384
      2 1385
      2 1386
      2 1387
      2 1389
      1 1391
      1 1392
      3 1393
      2 1394
      2 1395
      1 1396
      1 1397
      1 1399
      1 1401
      1 1402
      1 1405
      1 1406
      1 1407
      2 1408
      3 1409
      4 1410
      2 1411
      2 1412
      3 1413
      2 1415
      2 1417
      2 1419
      2 1422
      4 1424
      2 1425
      2 1426
      2 1431
      2 1432
      1 1435
      2 1437
      2 1438
      6 1439
      1 1440
      1 1442
      2 1443
      2 1446
      2 1448
      1 1450
      1 1453
      1 1456
      1 1458
      1 1459
      3 1460
      1 1462
      3 1464
      1 1466
      1 1467
      1 1468
      1 1469
      4 1470
      3 1471
      2 1472
      2 1473
      2 1474
      3 1476
      3 1478
      1 1480
      1 1481
      3 1482
      1 1483
      2 1484
      1 1485
      1 1486
      1 1487
      1 1488
      3 1491
      2 1492
      1 1493
      2 1496
      2 1498
      2 1500
      1 1501
      1 1504
      2 1505
      3 1506
      2 1507
      1 1508
      1 1510
      1 1511
      1 1513
      1 1514
      1 1515
      2 1517
      1 1519
      1 1522
      2 1523
      1 1526
      1 1527
      4 1530
      1 1531
      1 1532
      1 1533
      3 1534
      3 1535
      2 1537
      1 1538
      3 1540
      1 1541
      1 1542
      1 1545
      3 1546
      2 1550
      3 1551
      1 1555
      2 1558
      2 1559
      1 1562
      2 1564
      3 1565
      1 1566
      2 1568
      1 1570
      1 1571
      2 1572
      1 1573
      2 1574
      1 1578
      1 1580
      1 1581
      1 1584
      1 1585
      1 1587
      2 1588
      1 1592
      1 1593
      1 1597
      1 1598
      3 1599
      1 1600
      2 1601
      1 1604
      1 1605
      1 1606
      1 1607
      1 1608
      1 1611
      2 1614
      1 1615
      1 1617
      1 1621
      1 1622
      1 1623
      1 1624
      2 1625
      1 1626
      3 1628
      1 1629
      2 1630
      2 1636
      2 1637
      3 1639
      1 1640
      1 1643
      1 1644
      1 1645
      2 1646
      2 1648
      1 1652
      1 1653
      2 1656
      1 1657
      1 1660
      2 1661
      3 1662
      1 1664
      1 1666
      1 1667
      1 1670
      2 1671
      2 1672
      1 1673
      1 1675
      1 1682
      1 1683
      1 1685
      1 1686
      1 1694
      1 1696
      2 1700
      1 1702
      1 1706
      1 1711
      1 1712
      1 1713
      1 1715
      3 1716
      1 1717
      1 1722
      1 1725
      1 1726
      1 1731
      2 1733
      1 1734
      1 1741
      1 1745
      1 1747
      1 1751
      2 1752
      1 1753
      1 1754
      1 1771
      1 1774
      1 1777
      1 1781
      1 1784
      2 1789
      1 1796
      1 1797
      1 1805
      1 1841
      1 1848
      1 1850
      1 1855
      1 1859
      1 1874
      1 1885
      1 1899
      1 1929
      1 1940
      1 1950
      1 1978
      1 2165
      1 2606
      1 2994
      1 3011
      1 3586
      1 3635
      1 5513
      1 6744
---AAD-PGBENCH-LAG-US---
