pgbench (18.6 (Debian 18.6-1.pgdg13+2))
starting vacuum...end.
transaction type: <builtin: select only>
scaling factor: 1000
query mode: simple
number of clients: 128
number of threads: 16
maximum number of tries: 1
duration: 60 s
number of transactions actually processed: 8659410
number of failed transactions: 0 (0.000%)
latency average = 0.884 ms
initial connection time = 266.383 ms
tps = 144862.252374 (without initial connection time)
---AAD-PGBENCH-LATENCY-US---
rc=0
samples=173820
      1 267
      1 268
      1 277
      2 278
      1 280
      1 281
      2 282
      2 283
      1 285
      1 286
      1 287
      2 288
      3 289
      1 290
      2 291
      2 292
      4 293
      1 294
      1 295
      5 296
      4 297
      2 298
      1 299
      2 300
      4 301
      5 302
      7 303
      5 304
      1 305
      6 306
      4 307
      3 308
      4 309
      4 310
      5 311
      7 312
      6 313
     10 314
      6 315
      4 316
      6 317
     15 318
      4 319
     13 320
      9 321
     13 322
     13 323
     15 324
      8 325
     14 326
      9 327
     11 328
     12 329
     17 330
     14 331
     15 332
     12 333
     18 334
     25 335
     23 336
     28 337
     33 338
     34 339
     27 340
     34 341
     32 342
     26 343
     40 344
     39 345
     45 346
     36 347
     31 348
     47 349
     33 350
     31 351
     49 352
     38 353
     42 354
     44 355
     34 356
     34 357
     27 358
     27 359
     37 360
     32 361
     34 362
     29 363
     37 364
     30 365
     30 366
     34 367
     49 368
     34 369
     31 370
     38 371
     41 372
     38 373
     40 374
     32 375
     33 376
     33 377
     37 378
     31 379
     35 380
     35 381
     36 382
     43 383
     37 384
     32 385
     45 386
     37 387
     38 388
     47 389
     40 390
     46 391
     44 392
     59 393
     54 394
     47 395
     48 396
     49 397
     50 398
     62 399
     64 400
     68 401
     65 402
     67 403
     63 404
     72 405
     70 406
     71 407
     87 408
     79 409
     81 410
     93 411
    103 412
     88 413
     87 414
     87 415
     77 416
     93 417
     67 418
    102 419
     74 420
     84 421
     72 422
     64 423
     76 424
     71 425
     72 426
     74 427
     81 428
     83 429
     66 430
     65 431
     64 432
     65 433
     63 434
     51 435
     66 436
     71 437
     73 438
     65 439
     72 440
     66 441
     85 442
     58 443
     71 444
     67 445
     80 446
     68 447
     65 448
     65 449
     64 450
     73 451
     74 452
     86 453
     60 454
     69 455
     93 456
     66 457
     71 458
     96 459
     80 460
     76 461
     77 462
     90 463
    108 464
    100 465
    110 466
     92 467
    102 468
    122 469
    104 470
    134 471
    115 472
    137 473
    138 474
    130 475
    132 476
    128 477
    154 478
    147 479
    146 480
    172 481
    181 482
    141 483
    164 484
    167 485
    129 486
    141 487
    142 488
    165 489
    171 490
    167 491
    144 492
    158 493
    142 494
    172 495
    153 496
    149 497
    167 498
    160 499
    146 500
    142 501
    142 502
    128 503
    143 504
    129 505
    151 506
    167 507
    136 508
    158 509
    124 510
    150 511
    137 512
    138 513
    142 514
    159 515
    141 516
    149 517
    145 518
    149 519
    166 520
    136 521
    178 522
    175 523
    169 524
    148 525
    174 526
    168 527
    158 528
    175 529
    163 530
    171 531
    183 532
    174 533
    187 534
    193 535
    226 536
    206 537
    215 538
    203 539
    239 540
    223 541
    243 542
    244 543
    267 544
    262 545
    272 546
    305 547
    302 548
    298 549
    300 550
    326 551
    320 552
    340 553
    318 554
    315 555
    321 556
    299 557
    309 558
    319 559
    322 560
    304 561
    303 562
    278 563
    285 564
    263 565
    283 566
    251 567
    255 568
    283 569
    254 570
    273 571
    253 572
    239 573
    238 574
    221 575
    221 576
    237 577
    232 578
    245 579
    243 580
    227 581
    222 582
    210 583
    235 584
    199 585
    216 586
    225 587
    209 588
    241 589
    221 590
    235 591
    236 592
    245 593
    213 594
    214 595
    233 596
    264 597
    245 598
    259 599
    239 600
    245 601
    255 602
    233 603
    266 604
    262 605
    266 606
    292 607
    268 608
    289 609
    285 610
    294 611
    278 612
    305 613
    284 614
    301 615
    298 616
    300 617
    338 618
    299 619
    339 620
    341 621
    349 622
    282 623
    330 624
    321 625
    292 626
    327 627
    304 628
    273 629
    292 630
    273 631
    270 632
    289 633
    261 634
    227 635
    250 636
    266 637
    280 638
    239 639
    253 640
    241 641
    220 642
    245 643
    230 644
    231 645
    237 646
    211 647
    216 648
    228 649
    231 650
    208 651
    238 652
    202 653
    217 654
    200 655
    220 656
    185 657
    225 658
    229 659
    217 660
    234 661
    190 662
    221 663
    212 664
    193 665
    211 666
    228 667
    213 668
    187 669
    223 670
    218 671
    227 672
    226 673
    223 674
    203 675
    201 676
    236 677
    215 678
    223 679
    214 680
    231 681
    246 682
    238 683
    247 684
    226 685
    231 686
    228 687
    239 688
    254 689
    277 690
    255 691
    258 692
    258 693
    257 694
    252 695
    222 696
    259 697
    216 698
    219 699
    231 700
    236 701
    228 702
    215 703
    213 704
    201 705
    187 706
    205 707
    199 708
    200 709
    195 710
    219 711
    211 712
    213 713
    183 714
    207 715
    213 716
    214 717
    211 718
    186 719
    194 720
    179 721
    184 722
    213 723
    213 724
    180 725
    184 726
    177 727
    187 728
    201 729
    215 730
    166 731
    199 732
    191 733
    206 734
    190 735
    207 736
    192 737
    195 738
    216 739
    209 740
    208 741
    197 742
    200 743
    235 744
    233 745
    215 746
    219 747
    210 748
    233 749
    234 750
    246 751
    243 752
    229 753
    238 754
    243 755
    253 756
    249 757
    254 758
    241 759
    259 760
    270 761
    248 762
    237 763
    239 764
    231 765
    222 766
    222 767
    227 768
    230 769
    235 770
    211 771
    218 772
    235 773
    237 774
    196 775
    225 776
    237 777
    229 778
    211 779
    202 780
    172 781
    221 782
    216 783
    217 784
    207 785
    222 786
    189 787
    195 788
    208 789
    188 790
    196 791
    195 792
    203 793
    195 794
    200 795
    216 796
    198 797
    217 798
    197 799
    215 800
    225 801
    208 802
    198 803
    215 804
    207 805
    196 806
    212 807
    213 808
    217 809
    183 810
    236 811
    221 812
    215 813
    213 814
    256 815
    230 816
    205 817
    226 818
    232 819
    219 820
    236 821
    205 822
    218 823
    205 824
    225 825
    248 826
    241 827
    250 828
    222 829
    256 830
    231 831
    246 832
    252 833
    187 834
    231 835
    231 836
    237 837
    221 838
    235 839
    244 840
    239 841
    196 842
    206 843
    210 844
    245 845
    201 846
    209 847
    175 848
    175 849
    210 850
    193 851
    214 852
    217 853
    195 854
    186 855
    185 856
    188 857
    188 858
    214 859
    188 860
    187 861
    214 862
    191 863
    215 864
    186 865
    178 866
    183 867
    207 868
    200 869
    173 870
    180 871
    188 872
    194 873
    204 874
    189 875
    201 876
    192 877
    226 878
    211 879
    199 880
    198 881
    207 882
    191 883
    200 884
    198 885
    190 886
    183 887
    209 888
    229 889
    223 890
    211 891
    220 892
    213 893
    226 894
    251 895
    231 896
    216 897
    244 898
    247 899
    222 900
    244 901
    224 902
    202 903
    224 904
    215 905
    213 906
    183 907
    238 908
    222 909
    214 910
    192 911
    217 912
    200 913
    211 914
    210 915
    191 916
    177 917
    185 918
    199 919
    195 920
    216 921
    167 922
    190 923
    176 924
    197 925
    177 926
    187 927
    176 928
    170 929
    203 930
    207 931
    189 932
    174 933
    189 934
    179 935
    189 936
    158 937
    181 938
    163 939
    180 940
    199 941
    186 942
    195 943
    191 944
    173 945
    165 946
    178 947
    175 948
    178 949
    180 950
    201 951
    188 952
    205 953
    199 954
    158 955
    183 956
    197 957
    190 958
    201 959
    198 960
    197 961
    213 962
    200 963
    207 964
    202 965
    189 966
    203 967
    231 968
    216 969
    195 970
    207 971
    206 972
    196 973
    187 974
    213 975
    169 976
    188 977
    201 978
    199 979
    192 980
    194 981
    202 982
    176 983
    170 984
    195 985
    202 986
    204 987
    183 988
    166 989
    181 990
    169 991
    180 992
    169 993
    174 994
    176 995
    165 996
    181 997
    179 998
    182 999
    184 1000
    175 1001
    161 1002
    181 1003
    160 1004
    169 1005
    192 1006
    184 1007
    188 1008
    176 1009
    176 1010
    165 1011
    169 1012
    163 1013
    192 1014
    177 1015
    175 1016
    165 1017
    161 1018
    152 1019
    163 1020
    156 1021
    162 1022
    184 1023
    179 1024
    170 1025
    156 1026
    171 1027
    168 1028
    171 1029
    187 1030
    171 1031
    179 1032
    173 1033
    200 1034
    199 1035
    181 1036
    184 1037
    188 1038
    186 1039
    182 1040
    167 1041
    167 1042
    172 1043
    158 1044
    182 1045
    159 1046
    173 1047
    180 1048
    152 1049
    167 1050
    146 1051
    149 1052
    162 1053
    164 1054
    184 1055
    162 1056
    165 1057
    156 1058
    154 1059
    148 1060
    150 1061
    167 1062
    142 1063
    156 1064
    169 1065
    169 1066
    136 1067
    138 1068
    143 1069
    156 1070
    150 1071
    151 1072
    153 1073
    158 1074
    154 1075
    129 1076
    139 1077
    154 1078
    147 1079
    130 1080
    162 1081
    127 1082
    125 1083
    125 1084
    135 1085
    128 1086
    128 1087
    136 1088
    139 1089
    110 1090
    151 1091
    125 1092
    145 1093
    126 1094
    129 1095
    153 1096
    132 1097
    139 1098
    136 1099
    125 1100
    137 1101
    169 1102
    135 1103
    143 1104
    150 1105
    160 1106
    150 1107
    141 1108
    169 1109
    127 1110
    148 1111
    141 1112
    149 1113
    149 1114
    146 1115
    118 1116
    146 1117
    136 1118
    119 1119
    132 1120
    120 1121
    138 1122
    106 1123
    132 1124
    121 1125
    113 1126
    113 1127
    126 1128
    133 1129
    125 1130
    112 1131
    112 1132
    122 1133
    140 1134
    113 1135
    129 1136
    119 1137
    109 1138
    113 1139
     95 1140
    119 1141
     89 1142
    113 1143
    111 1144
    113 1145
    117 1146
    114 1147
    112 1148
    105 1149
    112 1150
     96 1151
    107 1152
    105 1153
     99 1154
     88 1155
    105 1156
    104 1157
     95 1158
     97 1159
     99 1160
     84 1161
    120 1162
    108 1163
    116 1164
    117 1165
    111 1166
    111 1167
    106 1168
     89 1169
     89 1170
    102 1171
    102 1172
    114 1173
    101 1174
     92 1175
     98 1176
    134 1177
    107 1178
    124 1179
    107 1180
     95 1181
     94 1182
    114 1183
     95 1184
     97 1185
     89 1186
     97 1187
    109 1188
     96 1189
     79 1190
    105 1191
     75 1192
    102 1193
     91 1194
     88 1195
     83 1196
     90 1197
     95 1198
     87 1199
    100 1200
     99 1201
     85 1202
     77 1203
     79 1204
     95 1205
     85 1206
     94 1207
     89 1208
     92 1209
     81 1210
     96 1211
     76 1212
     80 1213
     80 1214
     78 1215
     70 1216
     78 1217
     83 1218
     96 1219
     92 1220
     77 1221
     78 1222
     94 1223
     77 1224
     78 1225
     73 1226
     71 1227
     86 1228
     78 1229
     67 1230
     66 1231
     68 1232
     85 1233
     93 1234
     83 1235
     87 1236
     85 1237
     81 1238
     95 1239
     82 1240
     93 1241
     91 1242
     90 1243
     88 1244
     76 1245
     77 1246
     67 1247
     70 1248
     62 1249
     77 1250
     91 1251
     72 1252
     62 1253
     72 1254
     73 1255
     68 1256
     58 1257
     66 1258
     72 1259
     68 1260
     63 1261
     66 1262
     80 1263
     68 1264
     63 1265
     82 1266
     57 1267
     70 1268
     79 1269
     69 1270
     71 1271
     69 1272
     60 1273
     69 1274
     60 1275
     66 1276
     61 1277
     60 1278
     58 1279
     63 1280
     60 1281
     49 1282
     61 1283
     56 1284
     64 1285
     65 1286
     54 1287
     59 1288
     45 1289
     66 1290
     74 1291
     71 1292
     66 1293
     64 1294
     56 1295
     60 1296
     63 1297
     62 1298
     65 1299
     53 1300
     60 1301
     56 1302
     67 1303
     51 1304
     58 1305
     68 1306
     60 1307
     64 1308
     70 1309
     66 1310
     52 1311
     68 1312
     58 1313
     54 1314
     54 1315
     51 1316
     52 1317
     59 1318
     47 1319
     45 1320
     64 1321
     67 1322
     62 1323
     56 1324
     48 1325
     51 1326
     62 1327
     66 1328
     68 1329
     51 1330
     60 1331
     53 1332
     61 1333
     48 1334
     59 1335
     42 1336
     55 1337
     56 1338
     48 1339
     64 1340
     36 1341
     57 1342
     42 1343
     41 1344
     44 1345
     46 1346
     65 1347
     49 1348
     44 1349
     44 1350
     52 1351
     49 1352
     57 1353
     43 1354
     48 1355
     40 1356
     46 1357
     50 1358
     66 1359
     44 1360
     49 1361
     51 1362
     54 1363
     44 1364
     43 1365
     46 1366
     63 1367
     54 1368
     45 1369
     50 1370
     59 1371
     61 1372
     45 1373
     54 1374
     48 1375
     58 1376
     37 1377
     47 1378
     49 1379
     37 1380
     54 1381
     45 1382
     61 1383
     46 1384
     51 1385
     57 1386
     56 1387
     56 1388
     48 1389
     51 1390
     38 1391
     49 1392
     28 1393
     46 1394
     36 1395
     46 1396
     29 1397
     52 1398
     41 1399
     52 1400
     62 1401
     37 1402
     44 1403
     39 1404
     41 1405
     35 1406
     40 1407
     47 1408
     44 1409
     43 1410
     40 1411
     51 1412
     38 1413
     42 1414
     40 1415
     49 1416
     32 1417
     45 1418
     29 1419
     34 1420
     41 1421
     49 1422
     40 1423
     40 1424
     45 1425
     33 1426
     26 1427
     49 1428
     44 1429
     45 1430
     40 1431
     40 1432
     38 1433
     39 1434
     43 1435
     36 1436
     42 1437
     42 1438
     32 1439
     41 1440
     46 1441
     26 1442
     40 1443
     41 1444
     37 1445
     40 1446
     40 1447
     49 1448
     43 1449
     45 1450
     35 1451
     44 1452
     25 1453
     38 1454
     34 1455
     45 1456
     27 1457
     39 1458
     41 1459
     36 1460
     36 1461
     32 1462
     41 1463
     38 1464
     45 1465
     37 1466
     27 1467
     36 1468
     38 1469
     29 1470
     33 1471
     38 1472
     43 1473
     43 1474
     34 1475
     31 1476
     40 1477
     37 1478
     45 1479
     33 1480
     38 1481
     46 1482
     28 1483
     49 1484
     34 1485
     34 1486
     35 1487
     23 1488
     28 1489
     34 1490
     27 1491
     31 1492
     35 1493
     33 1494
     33 1495
     33 1496
     43 1497
     23 1498
     29 1499
     20 1500
     20 1501
     48 1502
     46 1503
     34 1504
     35 1505
     40 1506
     41 1507
     25 1508
     38 1509
     40 1510
     34 1511
     28 1512
     30 1513
     31 1514
     28 1515
     37 1516
     29 1517
     35 1518
     40 1519
     43 1520
     25 1521
     40 1522
     43 1523
     24 1524
     36 1525
     29 1526
     33 1527
     25 1528
     34 1529
     25 1530
     28 1531
     37 1532
     31 1533
     35 1534
     25 1535
     22 1536
     27 1537
     27 1538
     21 1539
     32 1540
     22 1541
     31 1542
     35 1543
     21 1544
     28 1545
     27 1546
     26 1547
     30 1548
     35 1549
     34 1550
     24 1551
     32 1552
     32 1553
     26 1554
     34 1555
     26 1556
     27 1557
     23 1558
     25 1559
     24 1560
     26 1561
     28 1562
     30 1563
     25 1564
     25 1565
     21 1566
     29 1567
     19 1568
     34 1569
     28 1570
     21 1571
     29 1572
     22 1573
     27 1574
     13 1575
     25 1576
     24 1577
     23 1578
     38 1579
     20 1580
     30 1581
     27 1582
     23 1583
     32 1584
     29 1585
     33 1586
     21 1587
     20 1588
     36 1589
     26 1590
     30 1591
     28 1592
     26 1593
     19 1594
     22 1595
     29 1596
     29 1597
     29 1598
     36 1599
     19 1600
     19 1601
     35 1602
     26 1603
     25 1604
     26 1605
     22 1606
     22 1607
     30 1608
     18 1609
     20 1610
     20 1611
     27 1612
     26 1613
     23 1614
     27 1615
     16 1616
     14 1617
     32 1618
     19 1619
     27 1620
     17 1621
     17 1622
     30 1623
     20 1624
     19 1625
     18 1626
     21 1627
     16 1628
     18 1629
     16 1630
     18 1631
     25 1632
     24 1633
     17 1634
     27 1635
     17 1636
     23 1637
     26 1638
     17 1639
     24 1640
     12 1641
     11 1642
     20 1643
     21 1644
     25 1645
     18 1646
     19 1647
     13 1648
     20 1649
     17 1650
     33 1651
     18 1652
     23 1653
     17 1654
     15 1655
     15 1656
     26 1657
     14 1658
     20 1659
     25 1660
     19 1661
     18 1662
     19 1663
     14 1664
     18 1665
     20 1666
     18 1667
     14 1668
     16 1669
     12 1670
     25 1671
     19 1672
     14 1673
     24 1674
     25 1675
     14 1676
     18 1677
     17 1678
     22 1679
     16 1680
     21 1681
     21 1682
     13 1683
     11 1684
     16 1685
     18 1686
     18 1687
      6 1688
     22 1689
     21 1690
     11 1691
      9 1692
      8 1693
     21 1694
     13 1695
     12 1696
     20 1697
     12 1698
     12 1699
     14 1700
     12 1701
     13 1702
     20 1703
     12 1704
     13 1705
      8 1706
     10 1707
     14 1708
      9 1709
     13 1710
     14 1711
     23 1712
     14 1713
     23 1714
     11 1715
     16 1716
     13 1717
     12 1718
     15 1719
     16 1720
     15 1721
     18 1722
     20 1723
     11 1724
     10 1725
     14 1726
     14 1727
     15 1728
     16 1729
     24 1730
     16 1731
      6 1732
     16 1733
     12 1734
     18 1735
     14 1736
     16 1737
     13 1738
     15 1739
      4 1740
     11 1741
     14 1742
     21 1743
     11 1744
      8 1745
     14 1746
     14 1747
     15 1748
     14 1749
     16 1750
      8 1751
     12 1752
      8 1753
     15 1754
     14 1755
     13 1756
     16 1757
      8 1758
     14 1759
      7 1760
     12 1761
     10 1762
      9 1763
     12 1764
      9 1765
     12 1766
     12 1767
      6 1768
      7 1769
      6 1770
     15 1771
     10 1772
     14 1773
     16 1774
      8 1775
      4 1776
     12 1777
      8 1778
      7 1779
      8 1780
     12 1781
     16 1782
      8 1783
      9 1784
      7 1785
      7 1786
     14 1787
     11 1788
      9 1789
     10 1790
     10 1791
     14 1792
      9 1793
     11 1794
      4 1795
      9 1796
      6 1797
     13 1798
     14 1799
     14 1800
     13 1801
     13 1802
      5 1803
      9 1804
      5 1805
      2 1806
      9 1807
     11 1808
      5 1809
      8 1810
     13 1811
      9 1812
      5 1813
     13 1814
      4 1815
      7 1816
      8 1817
      7 1818
      5 1819
      6 1820
      7 1821
     12 1822
      8 1823
      6 1824
      5 1825
      5 1826
      6 1827
      7 1828
      9 1829
     14 1830
      8 1831
      6 1832
      9 1833
      4 1834
      9 1835
      7 1836
      7 1837
      6 1838
      8 1839
      7 1840
      2 1841
      6 1842
      9 1843
      6 1844
      6 1845
     10 1846
      5 1847
      9 1848
      6 1849
      9 1850
     10 1851
      4 1852
     10 1853
      9 1854
      5 1855
      4 1856
      4 1857
      8 1858
     10 1859
      2 1860
      9 1861
      8 1862
      7 1863
      5 1864
      6 1865
     13 1866
      5 1867
      5 1868
      2 1869
      8 1870
      5 1871
      6 1872
      5 1873
      6 1874
      5 1875
     14 1876
      9 1877
      4 1878
      8 1879
      5 1880
      5 1881
      5 1882
      3 1883
      9 1884
      4 1885
      7 1886
      4 1887
      3 1888
      7 1889
      5 1890
      8 1891
     11 1892
      3 1893
      6 1894
     11 1895
      4 1896
      8 1897
     11 1898
      4 1899
      7 1900
      3 1901
      8 1902
      3 1903
      4 1904
      5 1905
      5 1906
      1 1907
      6 1908
      9 1909
      9 1910
     11 1911
      6 1912
     11 1913
      4 1914
      3 1915
      1 1916
      4 1917
      6 1918
      3 1919
      2 1920
      5 1921
      4 1922
      6 1923
      6 1924
      2 1925
      6 1926
      2 1927
      6 1928
      7 1929
      5 1930
      5 1932
      2 1933
      6 1934
      4 1935
      4 1936
      2 1937
      2 1938
      3 1939
      3 1940
      3 1941
      5 1942
      7 1943
      4 1944
      3 1945
      6 1946
      5 1947
      2 1948
      3 1949
      4 1950
      4 1951
      3 1952
      4 1953
      3 1954
      2 1955
      3 1956
      3 1957
      4 1958
      2 1959
      1 1960
      6 1961
      4 1962
      4 1964
      4 1965
      3 1966
      4 1967
      4 1968
      3 1969
      7 1970
      2 1971
      3 1972
      5 1973
      7 1974
      4 1975
      6 1976
      7 1977
      3 1978
      2 1979
      6 1980
      5 1981
      1 1982
      3 1983
      6 1984
      2 1985
      1 1988
      8 1989
      3 1990
      3 1991
      2 1992
      4 1993
      2 1994
      2 1995
      1 1996
      6 1997
      4 1998
      3 1999
      6 2000
      2 2001
      3 2002
      2 2003
      3 2004
      6 2005
      3 2006
      3 2007
      2 2008
      3 2009
      4 2010
      1 2011
      5 2012
      3 2013
      3 2015
      4 2016
      3 2017
      3 2018
      3 2019
      2 2020
      3 2021
      4 2022
      4 2023
      6 2024
      1 2025
      6 2026
      2 2027
      5 2028
      7 2029
      3 2030
      2 2031
      2 2032
      1 2033
      6 2034
      3 2035
      2 2036
      4 2037
      1 2038
      1 2039
      1 2040
      2 2041
      1 2042
      5 2044
      4 2045
      1 2046
      2 2047
      3 2048
      3 2049
      2 2050
      5 2051
      1 2053
      1 2054
      1 2055
      2 2056
      1 2058
      2 2059
      1 2060
      5 2061
      3 2063
      2 2065
      1 2066
      1 2067
      4 2068
      5 2069
      3 2070
      5 2071
      2 2072
      2 2073
      2 2074
      4 2075
      3 2076
      4 2077
      3 2078
      2 2079
      4 2080
      1 2081
      1 2084
      3 2085
      4 2086
      1 2087
      2 2088
      2 2089
      2 2090
      2 2092
      3 2093
      2 2094
      3 2095
      5 2096
      1 2097
      2 2098
      5 2099
      2 2100
      1 2102
      2 2103
      5 2105
      6 2106
      1 2107
      2 2108
      1 2109
      2 2110
      2 2111
      4 2113
      1 2116
      1 2117
      1 2118
      1 2119
      3 2120
      3 2121
      2 2122
      1 2123
      2 2124
      4 2125
      1 2126
      2 2127
      1 2128
      4 2129
      2 2130
      2 2133
      3 2134
      1 2135
      1 2136
      2 2137
      1 2139
      1 2140
      4 2141
      1 2143
      1 2144
      1 2145
      2 2147
      4 2148
      1 2149
      1 2150
      2 2152
      3 2153
      1 2154
      1 2155
      1 2156
      2 2157
      2 2158
      1 2160
      2 2161
      6 2162
      1 2163
      3 2164
      3 2165
      1 2166
      1 2167
      2 2168
      5 2169
      1 2170
      1 2171
      3 2172
      1 2173
      1 2176
      1 2178
      1 2179
      1 2180
      1 2181
      1 2182
      3 2184
      3 2185
      2 2186
      1 2187
      1 2188
      2 2189
      1 2190
      2 2191
      1 2192
      2 2193
      3 2194
      1 2195
      2 2196
      6 2197
      1 2198
      3 2200
      1 2201
      3 2202
      2 2204
      3 2205
      2 2207
      1 2208
      2 2211
      1 2212
      1 2213
      1 2215
      1 2217
      2 2218
      1 2219
      1 2220
      2 2221
      2 2222
      1 2223
      2 2224
      1 2225
      2 2227
      1 2228
      1 2230
      2 2231
      1 2232
      4 2233
      2 2234
      2 2235
      2 2237
      1 2238
      1 2239
      1 2241
      2 2242
      1 2243
      1 2244
      2 2246
      1 2250
      2 2252
      1 2253
      1 2254
      3 2255
      1 2258
      1 2260
      5 2262
      1 2265
      1 2267
      1 2268
      1 2269
      1 2270
      2 2271
      2 2272
      3 2273
      1 2275
      1 2277
      2 2280
      1 2281
      3 2283
      1 2284
      1 2285
      2 2286
      1 2287
      3 2290
      1 2291
      2 2292
      4 2293
      1 2295
      2 2296
      1 2299
      1 2300
      4 2301
      1 2302
      1 2303
      2 2305
      1 2306
      1 2307
      1 2308
      3 2309
      1 2311
      1 2312
      1 2313
      1 2315
      3 2317
      2 2319
      1 2320
      1 2321
      1 2322
      1 2323
      2 2324
      1 2329
      1 2330
      1 2331
      2 2332
      2 2333
      2 2338
      2 2339
      1 2340
      1 2341
      2 2342
      3 2344
      2 2345
      1 2346
      1 2347
      2 2348
      1 2349
      1 2351
      4 2352
      3 2354
      1 2355
      2 2357
      1 2358
      1 2359
      2 2360
      1 2362
      1 2364
      1 2366
      1 2368
      1 2373
      2 2374
      2 2375
      1 2376
      1 2377
      1 2378
      1 2379
      1 2381
      1 2382
      1 2384
      1 2385
      1 2387
      1 2388
      2 2389
      1 2391
      1 2392
      2 2393
      1 2398
      3 2400
      1 2403
      1 2404
      1 2405
      2 2408
      1 2409
      4 2410
      1 2414
      1 2415
      1 2416
      2 2419
      1 2420
      1 2421
      2 2422
      1 2423
      3 2424
      2 2425
      1 2428
      3 2429
      3 2430
      1 2431
      1 2434
      1 2435
      1 2436
      2 2437
      1 2438
      1 2441
      2 2443
      2 2446
      1 2449
      2 2451
      2 2452
      1 2454
      1 2455
      2 2458
      1 2460
      1 2462
      1 2464
      1 2465
      2 2466
      5 2468
      1 2472
      1 2474
      2 2475
      1 2476
      1 2477
      2 2479
      2 2481
      1 2483
      2 2484
      2 2485
      1 2486
      1 2490
      1 2491
      1 2492
      2 2493
      2 2496
      2 2498
      1 2499
      1 2500
      2 2502
      2 2503
      2 2505
      1 2506
      1 2507
      1 2509
      1 2510
      1 2511
      2 2512
      1 2513
      2 2514
      2 2520
      3 2522
      2 2523
      1 2526
      1 2528
      1 2530
      1 2533
      1 2534
      2 2535
      2 2536
      2 2537
      2 2538
      1 2540
      1 2542
      2 2544
      2 2545
      1 2548
      2 2550
      2 2552
      1 2553
      3 2554
      1 2555
      1 2558
      2 2559
      1 2560
      1 2563
      1 2565
      1 2567
      2 2569
      1 2570
      1 2571
      1 2572
      1 2573
      1 2575
      2 2577
      1 2578
      2 2579
      2 2580
      1 2581
      2 2582
      1 2584
      1 2588
      1 2589
      1 2591
      2 2594
      2 2599
      1 2601
      1 2603
      1 2604
      3 2605
      1 2606
      1 2609
      1 2610
      1 2611
      2 2612
      1 2613
      2 2614
      2 2616
      1 2618
      1 2621
      1 2623
      1 2624
      2 2627
      2 2628
      1 2629
      3 2630
      1 2632
      1 2634
      2 2635
      1 2636
      1 2639
      1 2641
      3 2643
      2 2644
      1 2645
      4 2646
      2 2649
      1 2650
      2 2652
      1 2656
      1 2657
      2 2661
      1 2668
      2 2669
      1 2670
      1 2671
      1 2672
      1 2673
      2 2674
      1 2675
      1 2676
      1 2678
      2 2682
      2 2683
      1 2687
      1 2688
      1 2689
      1 2691
      2 2695
      1 2696
      3 2697
      1 2698
      2 2699
      1 2701
      1 2702
      2 2704
      1 2708
      2 2717
      1 2720
      1 2721
      1 2722
      1 2724
      1 2726
      1 2727
      1 2728
      1 2730
      1 2731
      1 2737
      1 2738
      1 2739
      1 2740
      1 2741
      1 2744
      1 2745
      1 2749
      4 2750
      1 2751
      1 2752
      1 2755
      1 2756
      1 2757
      1 2760
      1 2761
      1 2767
      1 2768
      1 2773
      2 2774
      2 2778
      1 2782
      1 2784
      2 2785
      1 2786
      1 2787
      2 2794
      1 2795
      3 2798
      2 2799
      1 2801
      1 2803
      1 2804
      1 2805
      2 2808
      1 2811
      1 2812
      2 2813
      1 2816
      1 2817
      1 2818
      1 2819
      1 2820
      1 2822
      2 2823
      1 2832
      1 2834
      1 2840
      1 2841
      1 2842
      2 2845
      1 2851
      1 2854
      2 2855
      3 2856
      1 2858
      2 2860
      1 2862
      1 2865
      1 2866
      1 2869
      4 2873
      1 2875
      1 2880
      2 2881
      1 2882
      2 2883
      1 2887
      1 2891
      1 2892
      2 2894
      1 2896
      1 2898
      1 2899
      1 2901
      2 2902
      1 2906
      1 2910
      2 2912
      1 2913
      1 2915
      1 2920
      1 2926
      1 2927
      4 2928
      1 2930
      1 2935
      1 2936
      1 2937
      1 2938
      1 2942
      1 2943
      2 2944
      1 2945
      1 2946
      2 2947
      1 2948
      1 2952
      2 2954
      1 2957
      1 2960
      1 2962
      1 2963
      1 2967
      1 2969
      2 2980
      2 2987
      2 2997
      1 3000
      1 3002
      1 3006
      1 3009
      1 3013
      2 3014
      1 3015
      2 3019
      1 3022
      1 3025
      2 3035
      1 3036
      1 3043
      2 3049
      1 3050
      1 3051
      1 3059
      1 3065
      1 3070
      1 3074
      1 3076
      1 3078
      1 3081
      1 3085
      1 3086
      1 3088
      1 3089
      1 3092
      1 3093
      1 3100
      2 3104
      1 3114
      1 3115
      2 3121
      1 3123
      1 3129
      1 3130
      1 3137
      1 3138
      1 3140
      1 3141
      1 3147
      1 3151
      1 3156
      1 3163
      1 3164
      1 3169
      1 3176
      1 3177
      1 3178
      1 3179
      2 3186
      1 3187
      1 3200
      1 3209
      1 3213
      2 3218
      1 3228
      1 3229
      1 3234
      1 3236
      1 3239
      1 3245
      1 3246
      1 3249
      1 3262
      1 3271
      1 3272
      1 3275
      2 3276
      1 3281
      2 3284
      2 3286
      1 3287
      1 3292
      1 3294
      1 3297
      3 3299
      1 3301
      1 3302
      1 3312
      1 3314
      1 3317
      1 3322
      1 3331
      1 3332
      1 3343
      1 3346
      1 3351
      1 3369
      1 3370
      2 3372
      1 3376
      2 3377
      1 3388
      1 3397
      1 3403
      1 3404
      1 3414
      1 3420
      1 3422
      1 3429
      1 3437
      1 3453
      1 3464
      1 3468
      1 3469
      1 3477
      1 3481
      2 3489
      1 3494
      1 3496
      2 3503
      1 3508
      1 3509
      1 3511
      1 3514
      2 3521
      2 3522
      1 3546
      1 3548
      2 3558
      1 3581
      1 3598
      1 3606
      1 3616
      1 3624
      1 3632
      1 3640
      1 3646
      1 3658
      1 3668
      2 3674
      1 3701
      1 3712
      1 3713
      1 3715
      1 3722
      1 3731
      1 3744
      1 3748
      1 3754
      1 3763
      1 3775
      1 3777
      1 3799
      1 3814
      1 3825
      1 3840
      1 3844
      1 3890
      1 3910
      1 3932
      1 3937
      1 3938
      1 3940
      1 3955
      1 3966
      1 3975
      1 3978
      1 3994
      1 3996
      1 3999
      1 4021
      1 4034
      1 4040
      1 4041
      1 4043
      1 4045
      1 4053
      1 4096
      1 4119
      1 4124
      1 4132
      1 4138
      1 4149
      1 4159
      1 4173
      1 4174
      1 4177
      1 4186
      1 4197
      1 4232
      1 4241
      1 4256
      1 4272
      2 4279
      1 4291
      1 4295
      1 4313
      1 4314
      1 4336
      1 4370
      1 4371
      1 4387
      1 4398
      1 4436
      1 4437
      1 4438
      1 4444
      1 4468
      1 4471
      1 4548
      1 4553
      1 4554
      1 4568
      1 4600
      1 4612
      1 4695
      1 4757
      1 4784
      1 4792
      1 4816
      1 4833
      1 4850
      1 4871
      1 4892
      1 4900
      1 4920
      1 4960
      1 5009
      1 5018
      1 5021
      1 5042
      1 5061
      1 5110
      1 5197
      1 5233
      1 5337
      1 5340
      1 5362
      1 5402
      1 5499
      1 5502
      1 5516
      1 5525
      1 5557
      1 5577
      1 5587
      1 5629
      1 5712
      1 5723
      1 5826
      1 5892
      1 5900
      1 5961
      1 6007
      1 6138
      1 6163
      1 6175
      1 6189
      1 6232
      1 6285
      1 6288
      1 6293
      1 6407
      1 6749
      1 6782
      1 6829
      1 6890
      1 6904
      1 7264
      1 7500
      1 7602
      1 7649
      1 7718
      1 7882
      1 8092
      1 8339
      1 9304
      1 14990
---AAD-PGBENCH-LAG-US---
