pgbench (18.6 (Debian 18.6-1.pgdg13+2))
starting vacuum...end.
transaction type: <builtin: select only>
scaling factor: 1000
query mode: simple
number of clients: 16
number of threads: 16
maximum number of tries: 1
duration: 60 s
number of transactions actually processed: 3103626
number of failed transactions: 0 (0.000%)
latency average = 0.309 ms
initial connection time = 6.457 ms
tps = 51732.168890 (without initial connection time)
---AAD-PGBENCH-LATENCY-US---
rc=0
samples=62350
      2 240
      1 241
      3 242
      1 243
      5 244
      6 245
      7 246
     10 247
     11 248
     24 249
     22 250
     21 251
     36 252
     42 253
     69 254
     66 255
     97 256
    121 257
    141 258
    186 259
    227 260
    236 261
    317 262
    280 263
    361 264
    412 265
    502 266
    516 267
    652 268
    707 269
    779 270
    895 271
    954 272
   1081 273
   1115 274
   1249 275
   1331 276
   1243 277
   1226 278
   1310 279
   1260 280
   1239 281
   1128 282
   1158 283
   1204 284
   1100 285
   1057 286
   1081 287
   1143 288
   1048 289
   1023 290
   1046 291
   1060 292
    905 293
    928 294
    889 295
    873 296
    761 297
    741 298
    784 299
    642 300
    572 301
    585 302
    611 303
    526 304
    470 305
    476 306
    465 307
    438 308
    371 309
    391 310
    371 311
    341 312
    322 313
    307 314
    306 315
    240 316
    277 317
    282 318
    284 319
    280 320
    290 321
    294 322
    284 323
    264 324
    313 325
    374 326
    302 327
    323 328
    407 329
    506 330
    375 331
    296 332
    331 333
    322 334
    323 335
    295 336
    307 337
    332 338
    308 339
    317 340
    320 341
    338 342
    262 343
    256 344
    274 345
    267 346
    244 347
    244 348
    239 349
    207 350
    225 351
    185 352
    202 353
    171 354
    163 355
    165 356
    184 357
    142 358
    124 359
    140 360
    157 361
    124 362
    116 363
    126 364
    107 365
    105 366
    130 367
     95 368
    101 369
     86 370
     84 371
     80 372
     76 373
     68 374
     73 375
     63 376
     63 377
     66 378
     72 379
     86 380
     54 381
     64 382
     56 383
     62 384
     53 385
     68 386
     50 387
     53 388
     60 389
     51 390
     53 391
     59 392
     54 393
     57 394
     68 395
     62 396
     43 397
     50 398
     54 399
     57 400
     52 401
     50 402
     49 403
     46 404
     57 405
     52 406
     58 407
     41 408
     42 409
     45 410
     45 411
     48 412
     53 413
     50 414
     33 415
     40 416
     37 417
     37 418
     31 419
     37 420
     35 421
     37 422
     28 423
     27 424
     20 425
     33 426
     26 427
     28 428
     28 429
     25 430
     23 431
     24 432
     23 433
     32 434
     20 435
     17 436
     18 437
     16 438
     18 439
     18 440
     16 441
     15 442
     17 443
     21 444
     21 445
     21 446
     18 447
     14 448
     22 449
     20 450
     18 451
     19 452
     11 453
     15 454
     13 455
     12 456
     18 457
     15 458
     21 459
     12 460
     15 461
     12 462
     14 463
      9 464
     12 465
     20 466
     16 467
     16 468
     18 469
     16 470
     16 471
      8 472
      9 473
     19 474
     10 475
     13 476
     11 477
     16 478
     13 479
     17 480
     11 481
     16 482
     19 483
      8 484
     22 485
     15 486
     22 487
     15 488
     17 489
     11 490
     17 491
     21 492
     18 493
      8 494
     14 495
     18 496
     12 497
     20 498
     14 499
     11 500
     13 501
     14 502
     19 503
     17 504
     25 505
     10 506
      7 507
     12 508
     13 509
     15 510
     12 511
     12 512
     10 513
     15 514
     11 515
     13 516
     10 517
     15 518
     10 519
     11 520
     11 521
     12 522
     11 523
     11 524
      6 525
      8 526
      7 527
      4 528
      8 529
      8 530
      5 531
     10 532
      5 533
      6 534
      7 535
     13 536
      7 537
      6 538
      6 539
      5 540
      5 541
      4 542
      5 543
      5 544
      6 545
      6 546
     12 547
      4 548
      7 549
      9 550
      3 551
      4 552
      3 553
      8 554
      5 555
      7 556
      3 557
      4 558
      8 559
      5 560
      3 561
      5 562
      4 563
      5 564
      8 565
      4 566
      4 567
      7 568
      4 569
      3 570
      1 571
      4 572
      4 573
      7 574
      7 575
      5 576
      2 577
      2 578
      4 579
      3 580
      2 581
      3 582
      4 583
      2 584
      1 585
      1 586
      3 587
      8 588
      9 589
      3 590
      4 591
      5 592
      3 593
      5 594
      1 595
      4 596
      3 597
      1 598
      3 599
      1 600
      2 601
      4 602
      3 603
      3 604
      1 605
      3 607
      1 608
      3 609
      3 611
      3 612
      1 613
      5 614
      4 615
      2 616
      2 617
      1 618
      2 619
      2 620
      2 622
      2 625
      1 626
      3 628
      1 629
      1 630
      1 631
      3 632
      2 633
      3 634
      1 635
      1 637
      2 638
      2 639
      2 641
      1 642
      1 644
      1 645
      1 648
      1 650
      2 651
      1 652
      1 655
      1 657
      1 658
      2 659
      1 661
      1 662
      2 663
      3 664
      1 665
      1 667
      1 668
      1 671
      2 672
      1 676
      2 678
      1 683
      1 684
      1 686
      1 687
      1 690
      2 691
      1 695
      1 696
      1 700
      1 701
      1 703
      1 704
      1 705
      1 709
      1 711
      2 712
      1 715
      1 716
      2 718
      1 724
      1 725
      1 728
      1 729
      1 733
      1 736
      2 739
      1 745
      1 749
      1 751
      2 755
      1 763
      1 769
      1 771
      1 774
      1 775
      1 780
      1 786
      1 787
      1 788
      1 793
      1 796
      2 797
      1 801
      1 804
      1 815
      1 817
      1 833
      1 838
      1 840
      1 859
      2 867
      1 868
      1 883
      1 910
      1 997
      1 1011
      1 1032
      1 1046
      1 1051
      1 1361
---AAD-PGBENCH-LAG-US---
