pgbench (18.6 (Debian 18.6-1.pgdg13+2))
starting vacuum...end.
transaction type: <builtin: select only>
scaling factor: 1000
query mode: simple
number of clients: 8
number of threads: 8
maximum number of tries: 1
duration: 60 s
number of transactions actually processed: 1691577
number of failed transactions: 0 (0.000%)
latency average = 0.284 ms
initial connection time = 4.541 ms
tps = 28194.840934 (without initial connection time)
---AAD-PGBENCH-LATENCY-US---
rc=0
samples=33663
      1 239
      1 240
      3 241
      1 242
      2 243
      5 244
      8 245
     16 246
     18 247
     32 248
     38 249
     42 250
     49 251
     54 252
     48 253
    104 254
    117 255
    210 256
    326 257
    399 258
    468 259
    426 260
    414 261
    422 262
    449 263
    498 264
    623 265
    818 266
    803 267
    869 268
    910 269
    897 270
    927 271
    968 272
   1056 273
   1119 274
   1185 275
   1209 276
   1058 277
    907 278
    895 279
    857 280
    891 281
    881 282
   1058 283
   1173 284
    942 285
    857 286
    758 287
    634 288
    498 289
    427 290
    436 291
    382 292
    333 293
    261 294
    264 295
    233 296
    229 297
    163 298
    168 299
    136 300
    122 301
    127 302
    108 303
     94 304
     97 305
     93 306
     80 307
     72 308
     75 309
     77 310
     80 311
     61 312
     65 313
     57 314
     54 315
     53 316
     52 317
     56 318
     45 319
     51 320
     38 321
     49 322
     51 323
     45 324
     58 325
     54 326
     46 327
     48 328
     62 329
     46 330
     54 331
     57 332
     48 333
     60 334
     51 335
     46 336
     40 337
     31 338
     40 339
     31 340
     49 341
     35 342
     29 343
     35 344
     26 345
     27 346
     20 347
     26 348
     26 349
     25 350
     22 351
     16 352
     17 353
     12 354
     19 355
     18 356
     18 357
      9 358
     15 359
     15 360
     15 361
     13 362
     12 363
      9 364
     10 365
     13 366
      9 367
      4 368
     10 369
     11 370
     11 371
     11 372
     13 373
      4 374
      7 375
      9 376
      5 377
     16 378
      8 379
      7 380
      8 381
     12 382
      7 383
      9 384
      5 385
      8 386
      7 387
      9 388
     20 389
      8 390
      9 391
      7 392
      9 393
     10 394
      6 395
      8 396
     10 397
      8 398
     11 399
      1 400
      4 401
      8 402
      8 403
      6 404
      5 405
      2 406
     10 407
      6 408
      3 409
      3 410
      4 411
      3 412
      3 413
      6 414
      2 415
      7 416
      2 417
      4 418
      1 419
      5 420
      1 421
      3 422
      5 423
      2 424
      5 425
      3 426
      3 427
      6 428
      4 430
      2 431
      4 432
      2 433
      1 434
      2 435
      1 436
      1 438
      4 439
      1 440
      1 441
      5 442
      1 443
      3 444
      2 445
      3 446
      4 447
      2 448
      2 449
      5 450
      2 451
      6 452
      2 454
      3 455
      3 456
      5 457
      1 458
      3 459
      3 460
      1 462
      1 463
      2 464
      1 465
      3 466
      2 467
      1 468
      4 469
      3 470
      1 471
      3 472
      3 473
      4 474
      1 475
      1 476
      3 477
      1 478
      4 481
      2 482
      2 484
      1 485
      1 487
      1 490
      1 491
      3 492
      2 493
      1 494
      1 495
      2 496
      2 498
      5 499
      3 500
      4 501
      3 502
      2 503
      3 505
      2 506
      2 507
      1 508
      3 509
      4 510
      1 511
      1 512
      4 513
      3 514
      3 515
      5 516
      3 517
      1 518
      4 519
      5 520
      2 521
      3 522
      1 523
      1 524
      2 525
      2 527
      2 528
      1 530
      3 533
      1 534
      1 535
      1 541
      2 543
      2 546
      1 548
      1 550
      3 554
      1 557
      1 559
      2 560
      1 563
      2 564
      2 565
      1 569
      1 572
      3 573
      1 577
      1 578
      1 580
      1 582
      1 586
      1 597
      1 600
      1 606
      1 610
      1 612
      1 615
      1 626
      1 641
      1 642
      1 649
      1 678
      1 686
      1 692
      1 695
      1 699
      1 767
      1 827
      1 987
      1 1029
---AAD-PGBENCH-LAG-US---
