pgbench (18.6 (Debian 18.6-1.pgdg13+2))
starting vacuum...end.
transaction type: <builtin: select only>
scaling factor: 1000
query mode: simple
number of clients: 64
number of threads: 16
maximum number of tries: 1
duration: 60 s
number of transactions actually processed: 8315609
number of failed transactions: 0 (0.000%)
latency average = 0.461 ms
initial connection time = 126.234 ms
tps = 138864.108651 (without initial connection time)
---AAD-PGBENCH-LATENCY-US---
rc=0
samples=165770
      1 254
      1 258
      1 259
      1 261
      2 262
      2 263
      1 264
      3 265
      6 266
      7 267
      5 268
     16 269
     16 270
     15 271
     20 272
     30 273
     25 274
     15 275
     31 276
     24 277
     22 278
     29 279
     29 280
     47 281
     39 282
     43 283
     44 284
     47 285
     46 286
     37 287
     55 288
     61 289
     55 290
     63 291
     51 292
     71 293
     63 294
     66 295
     75 296
     72 297
     81 298
     76 299
     73 300
     95 301
    101 302
     75 303
     88 304
     79 305
     86 306
     99 307
    104 308
     96 309
    115 310
    119 311
    107 312
    128 313
    141 314
    130 315
    120 316
    144 317
    145 318
    131 319
    145 320
    194 321
    203 322
    192 323
    190 324
    207 325
    261 326
    276 327
    273 328
    280 329
    316 330
    340 331
    377 332
    398 333
    412 334
    484 335
    504 336
    502 337
    575 338
    599 339
    610 340
    661 341
    709 342
    747 343
    744 344
    786 345
    823 346
    765 347
    770 348
    763 349
    761 350
    747 351
    704 352
    739 353
    666 354
    639 355
    647 356
    635 357
    597 358
    614 359
    597 360
    613 361
    596 362
    559 363
    567 364
    556 365
    572 366
    539 367
    538 368
    535 369
    540 370
    540 371
    516 372
    536 373
    509 374
    498 375
    505 376
    504 377
    492 378
    560 379
    547 380
    511 381
    527 382
    541 383
    526 384
    573 385
    578 386
    570 387
    574 388
    549 389
    609 390
    600 391
    586 392
    624 393
    621 394
    640 395
    650 396
    695 397
    736 398
    737 399
    757 400
    786 401
    804 402
    835 403
    880 404
    876 405
    872 406
    972 407
    995 408
    968 409
    977 410
   1072 411
   1023 412
   1117 413
   1159 414
   1244 415
   1104 416
   1019 417
    950 418
    954 419
    963 420
    864 421
    879 422
    863 423
    778 424
    768 425
    763 426
    736 427
    669 428
    702 429
    584 430
    638 431
    633 432
    617 433
    592 434
    625 435
    578 436
    549 437
    611 438
    556 439
    497 440
    571 441
    558 442
    507 443
    560 444
    524 445
    510 446
    479 447
    544 448
    534 449
    510 450
    478 451
    536 452
    511 453
    528 454
    464 455
    529 456
    520 457
    472 458
    531 459
    525 460
    559 461
    527 462
    567 463
    542 464
    533 465
    557 466
    586 467
    595 468
    632 469
    592 470
    595 471
    633 472
    631 473
    694 474
    737 475
    731 476
    704 477
    678 478
    709 479
    741 480
    704 481
    762 482
    792 483
    798 484
    761 485
    709 486
    747 487
    697 488
    701 489
    665 490
    624 491
    664 492
    717 493
    574 494
    614 495
    610 496
    585 497
    574 498
    529 499
    514 500
    536 501
    537 502
    574 503
    521 504
    509 505
    516 506
    447 507
    483 508
    455 509
    478 510
    493 511
    479 512
    476 513
    437 514
    461 515
    454 516
    470 517
    402 518
    401 519
    417 520
    453 521
    407 522
    395 523
    422 524
    388 525
    390 526
    434 527
    414 528
    421 529
    403 530
    439 531
    406 532
    448 533
    420 534
    461 535
    447 536
    450 537
    417 538
    437 539
    421 540
    451 541
    441 542
    460 543
    488 544
    499 545
    491 546
    470 547
    499 548
    461 549
    473 550
    495 551
    504 552
    520 553
    450 554
    440 555
    469 556
    414 557
    386 558
    430 559
    417 560
    378 561
    349 562
    387 563
    370 564
    304 565
    330 566
    315 567
    300 568
    300 569
    271 570
    276 571
    274 572
    258 573
    275 574
    244 575
    247 576
    243 577
    264 578
    234 579
    217 580
    218 581
    232 582
    231 583
    210 584
    223 585
    213 586
    215 587
    203 588
    213 589
    180 590
    168 591
    179 592
    183 593
    191 594
    176 595
    166 596
    151 597
    185 598
    184 599
    169 600
    157 601
    162 602
    151 603
    151 604
    163 605
    149 606
    154 607
    153 608
    150 609
    157 610
    153 611
    161 612
    148 613
    143 614
    149 615
    148 616
    151 617
    141 618
    152 619
    160 620
    143 621
    152 622
    151 623
    149 624
    142 625
    124 626
    139 627
    134 628
    134 629
    128 630
    116 631
    110 632
    133 633
    137 634
    101 635
     82 636
     89 637
     94 638
     92 639
     95 640
     78 641
     95 642
     69 643
    101 644
     85 645
     93 646
     79 647
     76 648
     69 649
     89 650
     81 651
     53 652
     76 653
     50 654
     59 655
     60 656
     68 657
     61 658
     53 659
     58 660
     57 661
     57 662
     64 663
     80 664
     52 665
     63 666
     63 667
     45 668
     49 669
     50 670
     46 671
     41 672
     52 673
     45 674
     47 675
     47 676
     39 677
     50 678
     47 679
     35 680
     56 681
     41 682
     41 683
     39 684
     46 685
     40 686
     50 687
     38 688
     43 689
     43 690
     34 691
     34 692
     56 693
     29 694
     44 695
     30 696
     22 697
     39 698
     42 699
     39 700
     35 701
     27 702
     25 703
     31 704
     23 705
     26 706
     36 707
     24 708
     30 709
     26 710
     20 711
     28 712
     25 713
     23 714
     27 715
     30 716
     20 717
     20 718
     24 719
     26 720
     16 721
     20 722
     29 723
     23 724
     17 725
     24 726
     26 727
     21 728
     18 729
      9 730
     19 731
     20 732
     16 733
     22 734
     13 735
     16 736
      8 737
     22 738
     15 739
     20 740
     24 741
     14 742
     16 743
     17 744
     15 745
      9 746
     15 747
     14 748
     13 749
     13 750
     19 751
      8 752
     13 753
     21 754
     13 755
     12 756
     13 757
      6 758
     12 759
     14 760
      9 761
     12 762
      8 763
     11 764
     17 765
      7 766
     12 767
     14 768
     12 769
     12 770
      7 771
     12 772
      6 773
      7 774
      3 775
     10 776
      6 777
     10 778
     10 779
      9 780
      9 781
      5 782
     11 783
     14 784
      7 785
      7 786
      7 787
     10 788
      5 789
      7 790
      6 791
      6 792
     11 793
      7 794
      5 795
      5 796
      7 797
      6 798
      6 799
      4 800
      1 801
     10 802
      6 803
      5 804
      3 805
      6 806
      3 807
      5 808
      1 809
      6 810
      2 811
      5 812
      3 813
      3 814
      4 815
      2 816
      6 817
      3 818
      8 819
      1 820
      4 821
      8 822
      4 823
      7 824
      4 825
      2 826
     11 827
      2 828
      7 829
      2 830
      3 832
      7 833
      6 834
      6 835
      1 836
      3 837
      3 838
      5 839
      3 840
      1 841
      3 842
      4 843
      2 844
      2 845
      1 846
      4 847
      5 848
      2 849
      3 850
      2 851
      4 852
      1 853
      4 854
      3 855
      1 856
      6 857
      2 858
      1 859
      3 860
      4 861
      2 862
      7 863
      1 864
      4 865
      1 866
      1 867
      2 869
      4 870
      2 871
      3 872
      2 873
      2 874
      1 875
      6 876
      3 877
      2 878
      2 879
      2 881
      1 882
      3 883
      1 884
      3 885
      2 886
      4 887
      2 888
      2 890
      2 892
      2 893
      3 894
      3 895
      1 896
      2 897
      2 898
      2 899
      1 900
      3 901
      1 902
      2 903
      1 904
      2 905
      2 906
      1 909
      2 910
      2 912
      1 913
      3 914
      1 917
      1 918
      2 919
      2 920
      2 921
      1 923
      1 924
      1 925
      5 927
      1 928
      1 929
      3 930
      1 933
      1 935
      1 936
      3 938
      4 940
      1 941
      1 942
      1 945
      1 946
      1 947
      2 948
      2 949
      1 950
      1 951
      5 952
      1 953
      1 954
      2 955
      1 956
      1 957
      2 958
      1 959
      1 960
      2 961
      1 963
      1 964
      2 965
      1 966
      2 967
      2 968
      1 970
      4 971
      2 972
      1 973
      2 974
      3 978
      3 979
      2 982
      1 983
      3 984
      1 985
      2 986
      2 987
      1 988
      1 989
      2 990
      1 993
      1 994
      1 995
      1 996
      3 997
      3 998
      1 999
      1 1000
      2 1001
      3 1003
      1 1005
      2 1008
      1 1009
      1 1010
      1 1012
      1 1013
      1 1015
      3 1016
      1 1017
      3 1019
      2 1020
      1 1022
      1 1023
      1 1025
      3 1028
      1 1031
      1 1034
      2 1035
      4 1037
      1 1038
      3 1040
      2 1041
      2 1042
      1 1044
      1 1046
      1 1050
      3 1052
      2 1053
      1 1055
      1 1057
      2 1059
      3 1061
      1 1062
      1 1063
      4 1065
      2 1066
      1 1067
      2 1068
      1 1070
      1 1071
      1 1072
      2 1074
      1 1076
      3 1078
      1 1080
      1 1085
      1 1086
      1 1087
      1 1088
      2 1089
      3 1091
      1 1092
      1 1093
      1 1094
      1 1095
      1 1097
      1 1098
      1 1099
      2 1103
      1 1105
      1 1108
      1 1109
      1 1110
      1 1111
      1 1112
      1 1113
      1 1114
      1 1116
      2 1117
      1 1119
      1 1120
      1 1121
      1 1122
      1 1126
      3 1130
      3 1131
      1 1133
      1 1135
      1 1136
      1 1137
      1 1138
      2 1139
      3 1140
      2 1141
      1 1142
      2 1143
      1 1144
      1 1145
      2 1148
      2 1150
      1 1151
      2 1152
      3 1153
      1 1154
      1 1157
      1 1161
      1 1163
      1 1164
      2 1165
      1 1166
      1 1167
      1 1168
      1 1169
      1 1170
      1 1173
      1 1175
      1 1177
      2 1178
      1 1179
      1 1180
      1 1181
      2 1182
      1 1184
      1 1185
      1 1186
      2 1188
      1 1189
      1 1190
      1 1191
      1 1193
      2 1195
      1 1197
      2 1199
      1 1200
      1 1201
      2 1202
      1 1203
      2 1207
      1 1210
      1 1212
      1 1213
      2 1214
      1 1215
      1 1216
      2 1217
      1 1219
      1 1220
      1 1221
      1 1222
      1 1223
      1 1224
      1 1226
      1 1232
      1 1242
      3 1244
      2 1247
      1 1248
      4 1250
      1 1251
      1 1254
      2 1257
      1 1259
      1 1261
      3 1263
      1 1264
      2 1266
      1 1268
      1 1272
      3 1273
      2 1275
      2 1276
      2 1278
      3 1280
      1 1281
      2 1283
      1 1288
      1 1291
      1 1293
      2 1294
      1 1297
      2 1299
      1 1301
      3 1304
      1 1306
      2 1307
      2 1310
      1 1311
      2 1312
      1 1313
      1 1314
      1 1317
      3 1319
      2 1321
      2 1322
      3 1323
      2 1325
      1 1326
      1 1328
      1 1329
      2 1330
      1 1332
      3 1333
      1 1337
      1 1340
      1 1341
      3 1342
      1 1343
      1 1344
      1 1346
      1 1348
      1 1350
      1 1352
      1 1354
      1 1356
      1 1361
      1 1363
      1 1364
      1 1366
      1 1373
      1 1375
      1 1377
      1 1378
      1 1382
      1 1385
      1 1386
      2 1387
      2 1388
      2 1389
      1 1391
      1 1392
      1 1393
      1 1394
      1 1395
      1 1397
      1 1401
      1 1403
      1 1404
      1 1405
      1 1406
      4 1407
      1 1408
      1 1410
      2 1411
      2 1414
      1 1415
      1 1416
      2 1420
      2 1421
      3 1423
      1 1424
      2 1426
      1 1427
      1 1430
      1 1433
      1 1434
      1 1435
      1 1436
      1 1438
      2 1439
      1 1441
      1 1442
      2 1444
      1 1445
      1 1448
      1 1449
      1 1450
      1 1451
      1 1453
      1 1454
      1 1456
      3 1458
      2 1459
      1 1460
      1 1461
      3 1463
      1 1465
      4 1466
      1 1467
      1 1468
      1 1469
      1 1471
      1 1472
      3 1474
      1 1475
      4 1476
      1 1477
      1 1478
      1 1481
      1 1482
      2 1483
      2 1487
      3 1489
      3 1492
      1 1493
      1 1494
      2 1495
      2 1496
      2 1497
      1 1498
      4 1499
      1 1500
      2 1501
      1 1503
      4 1505
      1 1510
      1 1512
      1 1514
      2 1516
      3 1517
      2 1518
      1 1525
      1 1527
      3 1529
      2 1530
      3 1531
      2 1532
      1 1534
      1 1535
      1 1537
      1 1538
      1 1540
      1 1541
      1 1543
      3 1546
      2 1550
      1 1551
      2 1554
      1 1555
      2 1556
      2 1557
      2 1558
      2 1560
      1 1561
      3 1565
      1 1566
      3 1567
      2 1568
      2 1569
      1 1570
      2 1572
      2 1574
      2 1575
      1 1576
      1 1578
      1 1581
      1 1582
      2 1583
      1 1584
      1 1585
      1 1589
      2 1590
      1 1593
      1 1597
      1 1599
      1 1600
      3 1601
      1 1602
      1 1604
      1 1605
      2 1606
      1 1608
      1 1611
      1 1612
      2 1616
      2 1617
      1 1619
      2 1620
      1 1621
      1 1624
      1 1625
      1 1626
      1 1627
      1 1630
      1 1634
      1 1635
      2 1638
      1 1639
      2 1641
      1 1643
      2 1645
      1 1646
      1 1649
      1 1653
      1 1655
      2 1656
      1 1659
      1 1660
      1 1663
      1 1666
      1 1668
      1 1672
      2 1673
      1 1677
      1 1682
      2 1685
      1 1686
      1 1687
      1 1689
      1 1691
      1 1694
      1 1695
      1 1696
      1 1698
      2 1702
      1 1707
      1 1708
      1 1711
      2 1712
      1 1715
      1 1716
      1 1719
      1 1727
      1 1731
      1 1737
      1 1738
      1 1747
      1 1755
      1 1757
      1 1758
      1 1763
      1 1770
      1 1777
      1 1783
      3 1788
      1 1799
      1 1803
      2 1806
      1 1814
      1 1816
      1 1822
      1 1828
      1 1833
      3 1842
      1 1852
      1 1860
      1 1929
      1 2060
      1 2583
      1 2646
      1 4751
---AAD-PGBENCH-LAG-US---
