pgbench (18.6 (Debian 18.6-1.pgdg13+2))
starting vacuum...end.
transaction type: <builtin: select only>
scaling factor: 1000
query mode: simple
number of clients: 8
number of threads: 8
maximum number of tries: 1
duration: 60 s
number of transactions actually processed: 1726865
number of failed transactions: 0 (0.000%)
latency average = 0.278 ms
initial connection time = 5.119 ms
tps = 28783.286214 (without initial connection time)
---AAD-PGBENCH-LATENCY-US---
rc=0
samples=34740
      2 234
      6 235
     10 236
      3 237
      6 238
      9 239
     14 240
     24 241
     17 242
     43 243
     64 244
     85 245
    106 246
    114 247
    128 248
    169 249
    233 250
    238 251
    254 252
    278 253
    399 254
    477 255
    600 256
    752 257
    844 258
    785 259
    852 260
    890 261
    915 262
    945 263
    980 264
   1015 265
    939 266
    918 267
    941 268
    847 269
    728 270
    778 271
    834 272
    750 273
    692 274
    672 275
    769 276
    635 277
    561 278
    563 279
    706 280
    677 281
    650 282
    719 283
    839 284
    652 285
    654 286
    643 287
    619 288
    464 289
    428 290
    434 291
    408 292
    342 293
    281 294
    274 295
    248 296
    211 297
    184 298
    201 299
    182 300
    135 301
    140 302
    133 303
    116 304
    101 305
     88 306
     88 307
     85 308
     57 309
     57 310
     76 311
     58 312
     49 313
     67 314
     53 315
     45 316
     40 317
     46 318
     44 319
     51 320
     52 321
     52 322
     38 323
     51 324
     31 325
     44 326
     40 327
     42 328
     40 329
     41 330
     28 331
     31 332
     28 333
     21 334
     25 335
     27 336
     33 337
     38 338
     31 339
     28 340
     28 341
     22 342
     29 343
     26 344
     25 345
     18 346
     21 347
     24 348
     17 349
     22 350
     21 351
     17 352
     15 353
      6 354
      4 355
     10 356
     11 357
      9 358
      9 359
     10 360
     12 361
      7 362
      6 363
     16 364
     14 365
      3 366
      6 367
      4 368
      5 369
      6 370
      4 371
      9 372
      8 373
      6 374
      7 375
      4 376
      6 377
      6 378
      6 379
      7 380
      2 381
      7 382
      5 383
      3 384
      3 385
      7 386
      3 387
      4 388
      4 389
      1 390
      7 391
      3 392
      8 393
      4 394
      3 395
      6 396
      1 397
      1 398
      5 399
      4 400
      7 401
      8 402
      2 403
      5 404
      3 405
      5 406
      1 407
      3 408
      2 409
      3 410
      3 411
      4 412
      5 413
      3 414
      3 415
      5 416
      3 417
      1 418
      2 419
      7 420
      5 421
      2 422
      1 423
      3 424
      1 425
      2 426
      1 427
      1 428
      1 429
      4 430
      1 432
      1 433
      3 434
      1 435
      1 438
      3 440
      2 441
      2 442
      2 446
      2 447
      3 448
      3 450
      3 452
      2 453
      3 454
      1 456
      2 458
      1 459
      3 461
      2 462
      1 463
      2 464
      1 465
      2 466
      1 468
      1 469
      1 471
      1 472
      1 473
      1 475
      2 476
      1 477
      2 479
      1 481
      2 489
      1 490
      2 494
      1 495
      1 496
      3 500
      3 501
      1 502
      2 503
      1 505
      2 507
      1 509
      2 511
      1 512
      1 513
      1 514
      1 515
      1 517
      3 518
      2 520
      1 521
      1 522
      2 523
      1 524
      1 525
      2 526
      3 527
      1 529
      1 534
      1 536
      1 537
      1 541
      1 542
      2 545
      1 551
      1 554
      2 573
      1 581
      1 587
      1 597
      1 603
      1 609
      1 630
      1 642
      1 649
      1 653
      1 668
      1 669
      1 715
      1 1105
---AAD-PGBENCH-LAG-US---
