pgbench (18.6 (Debian 18.6-1.pgdg13+2))
starting vacuum...end.
transaction type: <builtin: select only>
scaling factor: 1000
query mode: simple
number of clients: 32
number of threads: 16
maximum number of tries: 1
duration: 60 s
number of transactions actually processed: 5146322
number of failed transactions: 0 (0.000%)
latency average = 0.373 ms
initial connection time = 11.293 ms
tps = 85787.300613 (without initial connection time)
---AAD-PGBENCH-LATENCY-US---
rc=0
samples=103166
      1 247
      1 249
      2 252
      1 253
      3 254
      4 255
      2 256
      4 257
      4 258
      3 259
      8 260
      7 261
      7 262
     18 263
     15 264
     22 265
     29 266
     25 267
     43 268
     52 269
     56 270
     59 271
     79 272
     85 273
    111 274
    109 275
    136 276
    128 277
    138 278
    162 279
    145 280
    178 281
    159 282
    160 283
    206 284
    191 285
    221 286
    232 287
    222 288
    235 289
    226 290
    258 291
    227 292
    262 293
    244 294
    278 295
    255 296
    276 297
    273 298
    300 299
    276 300
    285 301
    302 302
    312 303
    293 304
    299 305
    308 306
    311 307
    317 308
    315 309
    300 310
    339 311
    321 312
    339 313
    346 314
    386 315
    358 316
    379 317
    390 318
    376 319
    406 320
    432 321
    481 322
    484 323
    471 324
    477 325
    589 326
    541 327
    597 328
    621 329
    641 330
    725 331
    698 332
    706 333
    809 334
    812 335
    904 336
   1010 337
   1071 338
    968 339
    995 340
   1023 341
   1046 342
   1043 343
   1120 344
   1267 345
   1246 346
   1106 347
   1034 348
   1069 349
    983 350
    934 351
    918 352
    960 353
    865 354
    842 355
    768 356
    858 357
    758 358
    730 359
    777 360
    752 361
    700 362
    665 363
    753 364
    721 365
    664 366
    635 367
    663 368
    665 369
    572 370
    605 371
    606 372
    615 373
    644 374
    639 375
    635 376
    678 377
    639 378
    640 379
    738 380
    726 381
    828 382
    853 383
    889 384
    927 385
    958 386
    997 387
   1146 388
   1284 389
   1432 390
   1812 391
   1804 392
   1363 393
   1205 394
   1110 395
    990 396
    971 397
    912 398
    931 399
    761 400
    782 401
    719 402
    686 403
    593 404
    603 405
    565 406
    610 407
    533 408
    513 409
    516 410
    487 411
    420 412
    408 413
    420 414
    398 415
    379 416
    354 417
    338 418
    335 419
    289 420
    282 421
    266 422
    254 423
    277 424
    254 425
    241 426
    219 427
    197 428
    203 429
    220 430
    206 431
    197 432
    182 433
    184 434
    157 435
    160 436
    187 437
    170 438
    158 439
    150 440
    138 441
    155 442
    142 443
    133 444
    148 445
    123 446
    135 447
    117 448
    125 449
    121 450
    103 451
    153 452
    117 453
    110 454
    131 455
    109 456
    108 457
    106 458
    105 459
    106 460
     89 461
    103 462
     99 463
    114 464
     98 465
    100 466
    107 467
     99 468
    101 469
     98 470
     78 471
     96 472
     89 473
     78 474
     92 475
     84 476
     71 477
     68 478
     72 479
     73 480
     48 481
     59 482
     52 483
     70 484
     55 485
     53 486
     50 487
     62 488
     57 489
     57 490
     39 491
     44 492
     54 493
     43 494
     42 495
     46 496
     50 497
     37 498
     48 499
     46 500
     33 501
     32 502
     38 503
     35 504
     54 505
     50 506
     39 507
     41 508
     41 509
     39 510
     33 511
     45 512
     52 513
     51 514
     34 515
     64 516
     56 517
     41 518
     69 519
     54 520
     47 521
     61 522
     46 523
     44 524
     40 525
     49 526
     30 527
     29 528
     40 529
     33 530
     38 531
     27 532
     25 533
     25 534
     27 535
     32 536
     17 537
     16 538
     12 539
     18 540
     18 541
     12 542
     18 543
     21 544
     11 545
     18 546
     17 547
     19 548
     17 549
     26 550
     17 551
      8 552
     12 553
     12 554
     20 555
     15 556
     15 557
     12 558
     15 559
     13 560
     10 561
     13 562
     12 563
     12 564
     11 565
     17 566
     11 567
      8 568
      7 569
      7 570
      6 571
     11 572
     12 573
      6 574
      8 575
      5 576
     14 577
      5 578
      5 579
      6 580
      7 581
      3 582
     11 583
      5 584
     10 585
      4 586
      7 587
      7 588
      6 589
     13 590
      8 591
      3 592
     10 593
      6 594
      8 595
      9 596
     10 597
      3 598
      6 599
      4 600
      3 601
      4 602
      6 603
      4 604
      9 605
      2 606
      4 607
      4 608
      3 609
      3 610
      6 611
      2 612
      4 613
      3 614
      3 615
      3 616
      1 617
      3 618
      2 620
      7 621
      2 622
      4 623
      3 624
      3 625
      6 626
      1 627
      1 628
      1 629
      1 630
      2 631
      2 632
      4 633
      1 634
      4 635
      1 636
      3 638
      1 639
      1 641
      1 643
      3 644
      1 646
      1 648
      1 649
      2 650
      1 652
      3 653
      4 656
      1 658
      1 659
      2 661
      2 663
      1 664
      1 665
      3 666
      1 668
      1 669
      1 670
      1 671
      1 672
      5 673
      1 675
      1 676
      1 679
      1 680
      1 686
      1 687
      1 691
      1 692
      2 694
      2 698
      2 699
      1 700
      1 702
      1 705
      1 706
      1 718
      1 719
      1 721
      1 723
      2 724
      1 725
      2 728
      1 730
      1 742
      1 743
      1 746
      1 750
      1 751
      1 759
      1 764
      1 777
      1 799
      1 854
      1 859
      1 899
      1 928
      1 1002
      1 1034
      1 1047
      1 1077
      1 1132
      1 1163
      1 1221
      1 1224
      1 1234
      1 1255
      1 1257
      1 1285
      1 1303
      1 1321
      1 1331
      1 1338
      1 1374
      1 1378
      1 1381
      1 1448
      1 1504
      1 1515
      1 1539
      1 1546
      1 1553
      1 2829
---AAD-PGBENCH-LAG-US---
