pgbench (18.6 (Debian 18.6-1.pgdg13+2))
starting vacuum...end.
transaction type: <builtin: select only>
scaling factor: 1000
query mode: simple
number of clients: 32
number of threads: 16
maximum number of tries: 1
duration: 60 s
number of transactions actually processed: 5171109
number of failed transactions: 0 (0.000%)
latency average = 0.371 ms
initial connection time = 9.510 ms
tps = 86192.013757 (without initial connection time)
---AAD-PGBENCH-LATENCY-US---
rc=0
samples=103384
      1 247
      1 249
      3 250
      3 252
      4 253
      5 254
      4 255
      7 256
     11 257
     13 258
     18 259
     19 260
     24 261
     20 262
     23 263
     38 264
     34 265
     41 266
     45 267
     58 268
     77 269
     72 270
     83 271
     95 272
    102 273
    128 274
    145 275
    168 276
    157 277
    174 278
    176 279
    196 280
    178 281
    206 282
    209 283
    241 284
    260 285
    227 286
    281 287
    274 288
    252 289
    293 290
    307 291
    327 292
    326 293
    321 294
    349 295
    336 296
    328 297
    331 298
    374 299
    372 300
    357 301
    351 302
    394 303
    379 304
    382 305
    376 306
    356 307
    371 308
    368 309
    362 310
    379 311
    383 312
    398 313
    397 314
    445 315
    395 316
    397 317
    464 318
    450 319
    422 320
    507 321
    503 322
    507 323
    465 324
    559 325
    579 326
    628 327
    596 328
    674 329
    723 330
    723 331
    750 332
    779 333
    776 334
    863 335
    905 336
    931 337
    960 338
    951 339
    925 340
   1057 341
   1039 342
   1081 343
   1161 344
   1208 345
   1216 346
   1071 347
   1036 348
   1023 349
    928 350
    952 351
    893 352
    841 353
    846 354
    839 355
    729 356
    807 357
    734 358
    761 359
    661 360
    773 361
    707 362
    639 363
    668 364
    688 365
    603 366
    657 367
    618 368
    594 369
    631 370
    639 371
    596 372
    590 373
    624 374
    584 375
    655 376
    635 377
    606 378
    683 379
    696 380
    713 381
    744 382
    798 383
    801 384
    811 385
    871 386
    914 387
    876 388
   1098 389
   1093 390
   1315 391
   1380 392
   1151 393
   1042 394
    980 395
    911 396
    933 397
    863 398
    854 399
    782 400
    783 401
    736 402
    696 403
    626 404
    632 405
    608 406
    552 407
    534 408
    517 409
    486 410
    467 411
    423 412
    461 413
    402 414
    415 415
    354 416
    359 417
    320 418
    336 419
    307 420
    276 421
    258 422
    253 423
    238 424
    240 425
    237 426
    249 427
    226 428
    213 429
    204 430
    190 431
    179 432
    186 433
    180 434
    152 435
    183 436
    179 437
    155 438
    167 439
    189 440
    157 441
    149 442
    156 443
    156 444
    162 445
    145 446
    139 447
    127 448
    152 449
    132 450
    116 451
    126 452
    144 453
    125 454
    129 455
    146 456
    150 457
    117 458
    121 459
    111 460
    121 461
    119 462
    102 463
    110 464
    119 465
     87 466
    127 467
     99 468
    101 469
     95 470
     81 471
    110 472
     82 473
     79 474
     89 475
     78 476
     82 477
     82 478
     82 479
     89 480
     65 481
     55 482
     62 483
     63 484
     67 485
     67 486
     45 487
     61 488
     59 489
     61 490
     50 491
     55 492
     46 493
     56 494
     58 495
     43 496
     46 497
     57 498
     44 499
     45 500
     41 501
     46 502
     52 503
     44 504
     44 505
     42 506
     49 507
     48 508
     43 509
     56 510
     55 511
     55 512
     59 513
     66 514
     51 515
     52 516
     56 517
     63 518
     55 519
     64 520
     67 521
     56 522
     49 523
     52 524
     44 525
     38 526
     60 527
     47 528
     38 529
     36 530
     30 531
     32 532
     26 533
     36 534
     25 535
     30 536
     29 537
     32 538
     20 539
     22 540
     26 541
     26 542
     18 543
     24 544
     28 545
     16 546
     14 547
     13 548
     18 549
     14 550
     16 551
     17 552
     19 553
     18 554
     17 555
     17 556
     14 557
     13 558
     19 559
     13 560
     16 561
     16 562
     18 563
     19 564
     14 565
      4 566
     12 567
     13 568
      6 569
      9 570
     11 571
     12 572
     10 573
     11 574
     11 575
      5 576
      9 577
     12 578
     13 579
     10 580
      9 581
     10 582
     16 583
     11 584
     15 585
      9 586
     10 587
     10 588
     12 589
     11 590
     11 591
      9 592
     12 593
     12 594
      7 595
      4 596
      5 597
      2 598
      4 599
      8 600
      6 601
      3 602
      8 603
      5 604
      5 605
      7 606
      7 607
      6 608
      1 609
      4 610
      5 611
      7 612
      5 613
      5 614
      7 615
      2 616
      3 617
      3 618
      5 619
      4 620
      4 621
      3 622
      1 623
      2 624
      2 625
      2 626
      1 627
      2 628
      3 629
      4 630
      2 631
      1 632
      2 633
      2 635
      3 636
      3 637
      3 638
      1 639
      1 640
      1 642
      2 643
      3 644
      1 645
      2 646
      2 647
      3 648
      3 649
      4 650
      1 652
      2 653
      2 655
      1 656
      4 657
      1 658
      2 659
      3 660
      2 662
      3 666
      1 667
      1 668
      4 669
      1 670
      1 671
      1 677
      1 678
      3 682
      1 684
      3 685
      1 688
      2 691
      1 692
      1 694
      1 695
      1 696
      1 698
      1 700
      1 702
      1 703
      1 704
      1 706
      1 707
      2 708
      1 709
      1 712
      2 713
      1 718
      2 720
      1 735
      1 741
      1 744
      1 752
      1 761
      1 763
      1 780
      1 791
      1 795
      1 796
      1 808
      1 825
      1 844
      1 870
      1 871
      1 879
      1 945
      1 978
      1 1078
      1 1091
      1 1097
      1 1132
      1 1166
      1 1168
      1 1221
      1 1240
      1 1263
      1 1292
      1 1394
      1 1410
      1 1416
      1 1435
      1 1440
      1 1445
      1 1457
      1 1497
      1 1528
      1 1534
      1 1537
      1 1551
      1 1617
---AAD-PGBENCH-LAG-US---
