pgbench (18.6 (Debian 18.6-1.pgdg13+2))
starting vacuum...end.
transaction type: <builtin: select only>
scaling factor: 1000
query mode: simple
number of clients: 32
number of threads: 16
maximum number of tries: 1
duration: 60 s
number of transactions actually processed: 6412661
number of failed transactions: 0 (0.000%)
latency average = 0.299 ms
initial connection time = 9.800 ms
tps = 106894.073758 (without initial connection time)
---AAD-PGBENCH-LATENCY-US---
rc=0
samples=128383
      1 204
      3 206
      7 207
      6 208
      9 209
      9 210
     29 211
     28 212
     30 213
     44 214
     53 215
     56 216
     64 217
     94 218
    123 219
    129 220
    129 221
    161 222
    205 223
    203 224
    233 225
    260 226
    275 227
    317 228
    356 229
    342 230
    417 231
    434 232
    437 233
    507 234
    484 235
    521 236
    544 237
    504 238
    537 239
    575 240
    579 241
    551 242
    573 243
    549 244
    572 245
    558 246
    562 247
    570 248
    538 249
    615 250
    588 251
    606 252
    646 253
    619 254
    699 255
    680 256
    771 257
    709 258
    868 259
    910 260
    882 261
    996 262
   1115 263
   1105 264
   1187 265
   1297 266
   1401 267
   1457 268
   1583 269
   1661 270
   1692 271
   1859 272
   2049 273
   2061 274
   2228 275
   2473 276
   2441 277
   2026 278
   2035 279
   1957 280
   1901 281
   1598 282
   1650 283
   1564 284
   1526 285
   1444 286
   1307 287
   1339 288
   1258 289
   1219 290
   1213 291
   1130 292
   1085 293
   1070 294
   1015 295
    999 296
    892 297
    910 298
    907 299
    812 300
    815 301
    802 302
    856 303
    792 304
    734 305
    771 306
    768 307
    714 308
    669 309
    667 310
    648 311
    635 312
    601 313
    608 314
    603 315
    612 316
    581 317
    654 318
    608 319
    619 320
    605 321
    622 322
    587 323
    623 324
    659 325
    666 326
    653 327
    717 328
    736 329
    721 330
    749 331
    737 332
    758 333
    713 334
    754 335
    756 336
    781 337
    766 338
    799 339
    757 340
    745 341
    775 342
    694 343
    707 344
    703 345
    665 346
    659 347
    597 348
    565 349
    527 350
    507 351
    506 352
    466 353
    402 354
    400 355
    372 356
    362 357
    331 358
    316 359
    284 360
    258 361
    278 362
    247 363
    217 364
    242 365
    215 366
    232 367
    182 368
    203 369
    191 370
    188 371
    156 372
    148 373
    158 374
    152 375
    151 376
    131 377
    153 378
    135 379
    159 380
    135 381
    132 382
    130 383
    134 384
    132 385
    129 386
    126 387
    114 388
    133 389
    134 390
    122 391
    125 392
    133 393
    113 394
    125 395
    123 396
    123 397
    111 398
     95 399
    117 400
    106 401
     98 402
    111 403
    107 404
     90 405
     89 406
     84 407
     76 408
     92 409
     89 410
     73 411
     78 412
     88 413
     66 414
     69 415
     67 416
     65 417
     63 418
     58 419
     42 420
     62 421
     48 422
     57 423
     47 424
     55 425
     47 426
     47 427
     46 428
     47 429
     30 430
     31 431
     40 432
     21 433
     33 434
     32 435
     25 436
     31 437
     27 438
     27 439
     25 440
     25 441
     28 442
     22 443
     29 444
     25 445
     24 446
     23 447
     25 448
     21 449
     20 450
     24 451
     20 452
     18 453
     22 454
     19 455
     18 456
     21 457
     19 458
     21 459
     23 460
     25 461
     14 462
     29 463
     19 464
     17 465
     21 466
     24 467
     18 468
     17 469
     14 470
     15 471
     18 472
     16 473
     18 474
     14 475
     26 476
     13 477
     16 478
     21 479
     27 480
     23 481
     24 482
     25 483
     16 484
     21 485
     16 486
     18 487
     23 488
     23 489
     15 490
     14 491
     18 492
     22 493
     14 494
     16 495
     17 496
     19 497
     11 498
     16 499
     17 500
     14 501
      8 502
     10 503
     23 504
     14 505
     14 506
     14 507
     12 508
     12 509
     23 510
     21 511
     18 512
     19 513
     18 514
     16 515
     24 516
     19 517
     24 518
     12 519
     22 520
     20 521
     25 522
     25 523
     22 524
     12 525
     22 526
     12 527
     12 528
     10 529
     10 530
     11 531
     10 532
      8 533
     10 534
      6 535
      9 536
      9 537
      8 538
     10 539
      7 540
      7 541
      6 542
      8 543
      5 544
      4 545
     10 546
      9 547
      4 548
      2 549
      4 550
      3 551
     10 552
      7 553
      8 554
      4 555
      2 556
      7 557
      2 558
      2 559
      3 560
      3 561
      1 562
      3 563
      3 564
      2 565
      1 566
      2 567
      3 568
      3 569
      1 571
      1 572
      1 573
      3 574
      1 575
      1 577
      2 579
      1 580
      1 581
      1 582
      2 583
      1 584
      1 585
      3 586
      2 587
      2 588
      1 590
      1 591
      2 592
      1 594
      1 595
      1 597
      1 604
      1 605
      4 606
      1 609
      1 612
      1 614
      1 621
      1 629
      1 630
      1 631
      1 649
      1 652
      1 653
      1 671
      1 676
      1 682
      1 698
      1 723
      1 739
      1 742
      1 771
      1 799
      1 1135
      1 1577
      1 1792
      1 4116
---AAD-PGBENCH-LAG-US---
