pgbench (18.6 (Debian 18.6-1.pgdg13+2))
starting vacuum...end.
transaction type: <builtin: select only>
scaling factor: 1000
query mode: simple
number of clients: 64
number of threads: 16
maximum number of tries: 1
duration: 60 s
number of transactions actually processed: 11211132
number of failed transactions: 0 (0.000%)
latency average = 0.342 ms
initial connection time = 152.314 ms
tps = 187294.239377 (without initial connection time)
---AAD-PGBENCH-LATENCY-US---
rc=0
samples=224111
      1 206
      1 209
      1 210
      2 212
      2 213
      3 214
      5 215
      7 216
      6 217
      9 218
     16 219
     20 220
     16 221
     19 222
     20 223
     25 224
     39 225
     33 226
     44 227
     50 228
     50 229
     53 230
     67 231
     73 232
     80 233
    109 234
    106 235
    113 236
     95 237
    109 238
    140 239
    148 240
    151 241
    151 242
    145 243
    153 244
    171 245
    181 246
    181 247
    230 248
    263 249
    246 250
    268 251
    276 252
    333 253
    346 254
    378 255
    441 256
    458 257
    493 258
    539 259
    590 260
    709 261
    747 262
    826 263
    869 264
    940 265
   1114 266
   1210 267
   1259 268
   1397 269
   1459 270
   1551 271
   1569 272
   1731 273
   1853 274
   1902 275
   2073 276
   1989 277
   1981 278
   1953 279
   1877 280
   1727 281
   1840 282
   1728 283
   1710 284
   1617 285
   1517 286
   1545 287
   1399 288
   1378 289
   1315 290
   1195 291
   1198 292
   1163 293
   1125 294
   1082 295
   1066 296
   1020 297
    914 298
    897 299
    934 300
    902 301
    865 302
    851 303
    867 304
    819 305
    869 306
    871 307
    856 308
    853 309
    815 310
    786 311
    802 312
    874 313
    823 314
    831 315
    812 316
    828 317
    829 318
    906 319
    939 320
    965 321
    913 322
   1037 323
   1068 324
   1074 325
   1184 326
   1242 327
   1319 328
   1387 329
   1470 330
   1598 331
   1649 332
   1672 333
   1831 334
   2048 335
   2222 336
   2287 337
   2389 338
   2496 339
   2627 340
   2789 341
   2882 342
   3014 343
   3239 344
   3262 345
   3216 346
   2985 347
   2743 348
   2630 349
   2458 350
   2256 351
   2179 352
   2044 353
   1910 354
   1753 355
   1801 356
   1725 357
   1484 358
   1465 359
   1347 360
   1243 361
   1237 362
   1129 363
   1038 364
    992 365
    983 366
   1040 367
    917 368
    845 369
    796 370
    844 371
    804 372
    806 373
    787 374
    779 375
    717 376
    703 377
    737 378
    712 379
    666 380
    704 381
    667 382
    704 383
    600 384
    667 385
    636 386
    664 387
    637 388
    598 389
    651 390
    680 391
    652 392
    679 393
    665 394
    676 395
    712 396
    749 397
    692 398
    734 399
    798 400
    810 401
    793 402
    811 403
    898 404
    886 405
    822 406
    880 407
    901 408
   1002 409
    982 410
   1008 411
   1001 412
    953 413
    969 414
    948 415
    933 416
    877 417
    830 418
    797 419
    715 420
    631 421
    639 422
    617 423
    575 424
    535 425
    531 426
    489 427
    423 428
    391 429
    394 430
    374 431
    308 432
    296 433
    311 434
    264 435
    268 436
    251 437
    245 438
    260 439
    232 440
    210 441
    191 442
    196 443
    177 444
    168 445
    162 446
    180 447
    145 448
    133 449
    129 450
    142 451
    123 452
    120 453
    144 454
    127 455
    133 456
    117 457
    110 458
    109 459
    103 460
    133 461
    104 462
     97 463
     99 464
    115 465
     94 466
    106 467
    100 468
    113 469
    112 470
    114 471
    110 472
     83 473
     89 474
    103 475
     86 476
     88 477
     79 478
     85 479
    101 480
     90 481
     77 482
     84 483
     96 484
     73 485
     80 486
     68 487
     68 488
     78 489
     53 490
     57 491
     57 492
     59 493
     52 494
     38 495
     43 496
     42 497
     34 498
     39 499
     35 500
     39 501
     48 502
     30 503
     32 504
     30 505
     19 506
     24 507
     26 508
     24 509
     19 510
     32 511
     24 512
     25 513
     21 514
     20 515
     18 516
     21 517
     20 518
     13 519
     19 520
     12 521
     24 522
     11 523
     18 524
     19 525
     20 526
     15 527
     13 528
     15 529
      9 530
     15 531
     14 532
     21 533
     10 534
      8 535
     10 536
     12 537
      8 538
      8 539
     11 540
      7 541
     14 542
      9 543
     13 544
     10 545
     11 546
      6 547
     11 548
     18 549
     11 550
     13 551
      6 552
     10 553
      8 554
      9 555
      8 556
     11 557
      7 558
     11 559
      6 560
      6 561
      9 562
     11 563
      7 564
      5 565
     10 566
      8 567
      7 568
      9 569
      4 570
      3 571
      7 572
      6 573
      5 574
      2 575
      2 576
      3 577
      2 578
      5 579
      3 580
      6 581
      2 582
      3 583
      1 586
      2 587
      4 588
      4 589
      2 590
      3 591
      5 592
      1 593
      3 594
      1 595
      4 596
      5 597
      3 598
      1 599
      5 600
      2 601
      3 602
      2 603
      1 605
      3 606
      2 607
      1 608
      3 609
      1 610
      3 612
      3 613
      1 614
      3 618
      2 619
      4 620
      2 621
      2 622
      3 623
      1 624
      3 626
      1 627
      4 628
      1 633
      1 635
      1 638
      1 642
      1 644
      1 645
      1 647
      3 649
      1 650
      1 651
      1 653
      2 654
      1 655
      2 663
      1 669
      1 671
      1 677
      1 681
      1 684
      1 686
      1 689
      2 690
      2 692
      1 701
      1 706
      1 710
      1 713
      1 732
      1 808
      1 836
      1 849
      1 932
      1 934
      1 1003
      1 1095
      1 1142
      1 1144
      1 1349
      1 1371
      1 1379
      1 1396
      1 1420
      1 1476
      1 1529
      1 1756
      1 1769
      1 1873
      1 2324
      1 2623
      1 2954
      1 3570
      1 3717
      1 4004
      1 4799
      1 5004
      1 5914
      1 7146
      1 8967
      1 9165
      1 9516
      1 9568
      1 9759
      1 9932
      1 9987
      1 10032
      1 10387
      1 10915
      1 14367
      1 19670
      1 26410
      1 28908
      1 29254
      1 31789
      1 40470
---AAD-PGBENCH-LAG-US---
