pgbench (18.6 (Debian 18.6-1.pgdg13+2))
starting vacuum...end.
transaction type: <builtin: select only>
scaling factor: 1000
query mode: simple
number of clients: 256
number of threads: 16
maximum number of tries: 1
duration: 60 s
number of transactions actually processed: 13907445
number of failed transactions: 0 (0.000%)
latency average = 1.099 ms
initial connection time = 539.499 ms
tps = 232914.558865 (without initial connection time)
---AAD-PGBENCH-LATENCY-US---
rc=0
samples=278010
      2 222
      1 225
      1 226
      1 228
      1 229
      3 230
      2 231
      1 232
      1 233
      3 234
      1 235
      4 236
      8 237
      1 238
      2 239
      5 240
      7 241
      4 242
      7 243
      8 244
      6 245
      8 246
      7 247
      7 248
     10 249
     12 250
      5 251
      3 252
     13 253
     10 254
     11 255
     11 256
      9 257
     16 258
     10 259
     15 260
     12 261
     21 262
     22 263
     20 264
     22 265
     16 266
     25 267
     27 268
     25 269
     29 270
     23 271
     24 272
     28 273
     26 274
     27 275
     33 276
     26 277
     32 278
     32 279
     31 280
     22 281
     32 282
     27 283
     31 284
     25 285
     26 286
     22 287
     27 288
     13 289
     29 290
     27 291
     13 292
     19 293
     23 294
     22 295
     15 296
     20 297
     13 298
     25 299
     17 300
     15 301
     19 302
     10 303
     19 304
     14 305
     10 306
     11 307
     14 308
     10 309
     16 310
     19 311
      6 312
     10 313
      9 314
     11 315
     14 316
     15 317
     10 318
     12 319
     13 320
     18 321
     14 322
     17 323
     18 324
     15 325
      9 326
     12 327
     13 328
     17 329
     21 330
     18 331
     26 332
     19 333
     26 334
     21 335
     31 336
     38 337
     30 338
     29 339
     31 340
     31 341
     32 342
     41 343
     38 344
     32 345
     41 346
     36 347
     39 348
     38 349
     30 350
     32 351
     36 352
     30 353
     28 354
     29 355
     25 356
     28 357
     22 358
     23 359
     19 360
     15 361
     13 362
     17 363
     18 364
     20 365
     16 366
      8 367
     16 368
     16 369
     11 370
     17 371
     13 372
     14 373
     16 374
     10 375
     14 376
      6 377
     10 378
     18 379
     11 380
     10 381
     20 382
     15 383
     11 384
     12 385
      9 386
      8 387
     21 388
     11 389
     12 390
     13 391
     17 392
     15 393
     11 394
      7 395
     19 396
     19 397
     25 398
     23 399
     31 400
     23 401
     27 402
     20 403
     32 404
     24 405
     33 406
     31 407
     26 408
     23 409
     27 410
     36 411
     33 412
     32 413
     28 414
     42 415
     43 416
     32 417
     40 418
     29 419
     33 420
     31 421
     30 422
     31 423
     24 424
     23 425
     30 426
     27 427
     23 428
     16 429
     22 430
     20 431
     20 432
     28 433
     19 434
     15 435
     15 436
     18 437
     13 438
     27 439
     10 440
     19 441
     17 442
     21 443
     23 444
     27 445
     20 446
     16 447
     25 448
     29 449
     20 450
     16 451
     30 452
     21 453
     17 454
     18 455
     25 456
     25 457
     35 458
     23 459
     39 460
     36 461
     38 462
     43 463
     27 464
     40 465
     42 466
     48 467
     65 468
     56 469
     46 470
     70 471
     77 472
     79 473
     73 474
     77 475
     75 476
     86 477
     77 478
     96 479
     90 480
    113 481
     90 482
    107 483
    101 484
     95 485
    131 486
    108 487
    100 488
     97 489
     89 490
     90 491
     78 492
     80 493
     92 494
     69 495
     79 496
     77 497
     85 498
     85 499
     57 500
     60 501
     68 502
     83 503
     71 504
     70 505
     50 506
     60 507
     66 508
     63 509
     59 510
     60 511
     55 512
     52 513
     49 514
     61 515
     67 516
     81 517
     58 518
     74 519
     66 520
     70 521
     56 522
     76 523
     74 524
     94 525
     95 526
     76 527
     89 528
     86 529
     95 530
    112 531
    104 532
    147 533
    126 534
    129 535
    142 536
    166 537
    169 538
    183 539
    173 540
    196 541
    226 542
    214 543
    217 544
    258 545
    232 546
    246 547
    262 548
    286 549
    297 550
    328 551
    290 552
    298 553
    292 554
    324 555
    279 556
    336 557
    249 558
    254 559
    276 560
    269 561
    263 562
    264 563
    260 564
    269 565
    252 566
    227 567
    215 568
    224 569
    200 570
    187 571
    176 572
    187 573
    181 574
    202 575
    188 576
    184 577
    178 578
    173 579
    170 580
    172 581
    175 582
    185 583
    168 584
    174 585
    186 586
    146 587
    193 588
    170 589
    184 590
    177 591
    199 592
    213 593
    197 594
    193 595
    218 596
    180 597
    212 598
    221 599
    228 600
    253 601
    229 602
    255 603
    266 604
    344 605
    354 606
    351 607
    343 608
    369 609
    363 610
    411 611
    405 612
    439 613
    461 614
    427 615
    499 616
    507 617
    547 618
    528 619
    575 620
    559 621
    515 622
    566 623
    528 624
    538 625
    554 626
    545 627
    526 628
    533 629
    522 630
    472 631
    445 632
    436 633
    455 634
    426 635
    383 636
    377 637
    400 638
    351 639
    343 640
    310 641
    388 642
    323 643
    332 644
    361 645
    324 646
    274 647
    282 648
    308 649
    283 650
    270 651
    268 652
    274 653
    262 654
    306 655
    290 656
    298 657
    279 658
    299 659
    256 660
    274 661
    286 662
    244 663
    274 664
    293 665
    302 666
    283 667
    306 668
    314 669
    336 670
    360 671
    337 672
    365 673
    343 674
    387 675
    396 676
    426 677
    455 678
    490 679
    445 680
    483 681
    531 682
    507 683
    525 684
    507 685
    535 686
    620 687
    622 688
    565 689
    609 690
    544 691
    577 692
    580 693
    563 694
    561 695
    535 696
    521 697
    545 698
    537 699
    483 700
    490 701
    510 702
    449 703
    448 704
    452 705
    354 706
    377 707
    404 708
    396 709
    363 710
    365 711
    361 712
    303 713
    309 714
    323 715
    306 716
    309 717
    310 718
    285 719
    307 720
    274 721
    259 722
    280 723
    258 724
    251 725
    284 726
    258 727
    245 728
    262 729
    249 730
    239 731
    261 732
    269 733
    281 734
    241 735
    246 736
    244 737
    280 738
    246 739
    306 740
    303 741
    303 742
    311 743
    301 744
    337 745
    349 746
    355 747
    370 748
    400 749
    385 750
    417 751
    432 752
    423 753
    470 754
    480 755
    508 756
    479 757
    483 758
    491 759
    545 760
    491 761
    485 762
    497 763
    477 764
    431 765
    456 766
    423 767
    409 768
    404 769
    406 770
    382 771
    375 772
    393 773
    350 774
    337 775
    372 776
    350 777
    331 778
    317 779
    303 780
    296 781
    300 782
    258 783
    283 784
    290 785
    273 786
    227 787
    230 788
    247 789
    237 790
    257 791
    219 792
    247 793
    247 794
    222 795
    240 796
    206 797
    234 798
    242 799
    231 800
    217 801
    220 802
    214 803
    237 804
    230 805
    253 806
    261 807
    247 808
    275 809
    251 810
    257 811
    290 812
    281 813
    271 814
    328 815
    303 816
    338 817
    375 818
    329 819
    370 820
    407 821
    399 822
    404 823
    381 824
    422 825
    426 826
    423 827
    437 828
    454 829
    455 830
    452 831
    459 832
    451 833
    399 834
    378 835
    410 836
    413 837
    396 838
    398 839
    368 840
    358 841
    374 842
    313 843
    326 844
    348 845
    302 846
    282 847
    331 848
    300 849
    287 850
    252 851
    285 852
    255 853
    275 854
    287 855
    241 856
    234 857
    238 858
    243 859
    245 860
    254 861
    227 862
    232 863
    239 864
    220 865
    238 866
    236 867
    250 868
    206 869
    220 870
    225 871
    239 872
    224 873
    236 874
    228 875
    252 876
    264 877
    296 878
    283 879
    283 880
    285 881
    291 882
    317 883
    313 884
    351 885
    348 886
    340 887
    360 888
    348 889
    391 890
    402 891
    389 892
    402 893
    383 894
    423 895
    462 896
    444 897
    496 898
    517 899
    484 900
    412 901
    454 902
    410 903
    426 904
    442 905
    433 906
    429 907
    406 908
    403 909
    403 910
    336 911
    340 912
    380 913
    355 914
    314 915
    325 916
    290 917
    317 918
    273 919
    294 920
    311 921
    299 922
    291 923
    271 924
    275 925
    292 926
    273 927
    256 928
    252 929
    251 930
    219 931
    277 932
    259 933
    261 934
    262 935
    242 936
    251 937
    259 938
    247 939
    251 940
    271 941
    288 942
    266 943
    250 944
    274 945
    262 946
    271 947
    267 948
    271 949
    286 950
    308 951
    315 952
    332 953
    291 954
    338 955
    347 956
    321 957
    346 958
    399 959
    388 960
    371 961
    392 962
    387 963
    366 964
    388 965
    403 966
    421 967
    431 968
    434 969
    436 970
    414 971
    404 972
    379 973
    382 974
    374 975
    384 976
    381 977
    397 978
    323 979
    324 980
    351 981
    289 982
    308 983
    295 984
    319 985
    282 986
    277 987
    263 988
    293 989
    255 990
    215 991
    276 992
    260 993
    240 994
    236 995
    232 996
    244 997
    234 998
    229 999
    209 1000
    246 1001
    211 1002
    227 1003
    238 1004
    209 1005
    249 1006
    215 1007
    225 1008
    211 1009
    206 1010
    227 1011
    211 1012
    221 1013
    235 1014
    206 1015
    239 1016
    206 1017
    218 1018
    233 1019
    268 1020
    283 1021
    262 1022
    259 1023
    286 1024
    279 1025
    303 1026
    313 1027
    301 1028
    291 1029
    299 1030
    307 1031
    312 1032
    304 1033
    341 1034
    325 1035
    334 1036
    332 1037
    327 1038
    332 1039
    312 1040
    324 1041
    314 1042
    313 1043
    299 1044
    271 1045
    288 1046
    283 1047
    273 1048
    253 1049
    269 1050
    253 1051
    210 1052
    237 1053
    224 1054
    261 1055
    249 1056
    204 1057
    208 1058
    221 1059
    217 1060
    205 1061
    191 1062
    169 1063
    177 1064
    191 1065
    169 1066
    191 1067
    182 1068
    176 1069
    185 1070
    198 1071
    175 1072
    181 1073
    170 1074
    168 1075
    175 1076
    174 1077
    184 1078
    168 1079
    188 1080
    181 1081
    191 1082
    187 1083
    177 1084
    178 1085
    168 1086
    178 1087
    166 1088
    172 1089
    188 1090
    185 1091
    212 1092
    185 1093
    191 1094
    223 1095
    219 1096
    215 1097
    230 1098
    233 1099
    244 1100
    226 1101
    232 1102
    234 1103
    246 1104
    235 1105
    244 1106
    247 1107
    245 1108
    236 1109
    219 1110
    230 1111
    193 1112
    239 1113
    208 1114
    201 1115
    203 1116
    204 1117
    205 1118
    161 1119
    163 1120
    179 1121
    181 1122
    160 1123
    154 1124
    157 1125
    168 1126
    160 1127
    130 1128
    146 1129
    154 1130
    167 1131
    142 1132
    138 1133
    123 1134
    113 1135
    123 1136
    134 1137
    121 1138
    113 1139
    125 1140
    124 1141
    110 1142
    112 1143
    111 1144
    110 1145
    134 1146
    142 1147
    129 1148
    116 1149
    115 1150
    133 1151
    116 1152
    122 1153
    133 1154
    142 1155
    123 1156
    116 1157
    138 1158
    123 1159
    153 1160
    127 1161
    137 1162
    149 1163
    155 1164
    140 1165
    161 1166
    161 1167
    182 1168
    168 1169
    183 1170
    175 1171
    148 1172
    171 1173
    166 1174
    180 1175
    151 1176
    159 1177
    165 1178
    163 1179
    151 1180
    174 1181
    166 1182
    164 1183
    156 1184
    138 1185
    155 1186
    146 1187
    151 1188
    127 1189
    122 1190
    147 1191
    117 1192
    111 1193
    120 1194
    136 1195
    118 1196
    105 1197
    107 1198
    117 1199
     93 1200
     99 1201
    104 1202
     94 1203
     96 1204
     92 1205
     97 1206
    102 1207
     81 1208
    103 1209
    108 1210
     99 1211
    100 1212
     85 1213
     85 1214
     95 1215
     91 1216
     93 1217
     95 1218
     86 1219
     92 1220
     96 1221
     95 1222
     88 1223
     82 1224
    108 1225
    102 1226
    106 1227
    121 1228
    102 1229
    103 1230
    100 1231
    114 1232
    105 1233
    102 1234
    100 1235
    121 1236
    114 1237
    141 1238
    111 1239
    112 1240
    142 1241
    142 1242
    118 1243
    137 1244
    134 1245
    155 1246
    120 1247
    132 1248
    125 1249
    140 1250
    130 1251
    130 1252
    112 1253
    123 1254
    102 1255
     93 1256
    104 1257
    100 1258
     92 1259
     83 1260
     92 1261
     96 1262
    108 1263
     99 1264
    107 1265
     81 1266
     75 1267
     83 1268
     85 1269
     86 1270
     73 1271
     78 1272
     92 1273
     70 1274
     75 1275
     74 1276
     62 1277
     83 1278
     66 1279
     68 1280
     79 1281
     80 1282
     82 1283
     72 1284
     67 1285
     76 1286
     75 1287
     68 1288
     76 1289
     83 1290
     70 1291
    101 1292
     77 1293
     94 1294
     87 1295
     79 1296
     95 1297
     78 1298
     78 1299
     94 1300
     91 1301
     93 1302
     87 1303
     88 1304
     90 1305
     99 1306
    116 1307
     89 1308
    107 1309
     96 1310
    120 1311
     92 1312
    103 1313
    108 1314
    121 1315
    121 1316
     92 1317
     95 1318
    107 1319
     88 1320
     92 1321
     97 1322
     97 1323
     92 1324
    104 1325
     76 1326
     98 1327
     89 1328
     86 1329
     79 1330
     66 1331
     80 1332
     93 1333
     87 1334
     65 1335
     73 1336
     73 1337
     77 1338
     70 1339
     64 1340
     55 1341
     70 1342
     79 1343
     69 1344
     62 1345
     94 1346
     55 1347
     54 1348
     67 1349
     56 1350
     70 1351
     61 1352
     53 1353
     53 1354
     63 1355
     67 1356
     88 1357
     71 1358
     49 1359
     64 1360
     73 1361
     83 1362
     86 1363
     75 1364
     53 1365
     79 1366
     66 1367
     87 1368
     77 1369
     63 1370
     97 1371
     81 1372
     82 1373
     94 1374
    106 1375
     92 1376
     82 1377
     96 1378
     88 1379
     87 1380
     87 1381
     92 1382
    104 1383
     88 1384
     96 1385
    103 1386
    110 1387
    100 1388
     91 1389
     90 1390
     90 1391
     93 1392
     90 1393
     85 1394
     90 1395
     68 1396
     87 1397
     72 1398
     72 1399
     65 1400
     86 1401
     69 1402
     82 1403
     64 1404
     58 1405
     63 1406
     87 1407
     73 1408
     81 1409
     75 1410
     63 1411
     78 1412
     56 1413
     56 1414
     58 1415
     70 1416
     60 1417
     59 1418
     58 1419
     62 1420
     73 1421
     67 1422
     49 1423
     65 1424
     88 1425
     69 1426
     51 1427
     77 1428
     66 1429
     64 1430
     68 1431
     62 1432
     71 1433
     98 1434
     61 1435
     65 1436
     79 1437
     82 1438
     70 1439
     81 1440
     85 1441
     88 1442
     81 1443
     78 1444
     84 1445
     88 1446
     90 1447
    101 1448
     86 1449
     80 1450
    100 1451
     99 1452
     80 1453
     88 1454
    107 1455
     83 1456
     87 1457
     81 1458
     82 1459
     89 1460
     77 1461
     86 1462
     86 1463
     69 1464
     90 1465
     71 1466
     70 1467
     83 1468
     74 1469
     66 1470
     66 1471
     75 1472
     74 1473
     58 1474
     59 1475
     74 1476
     78 1477
     53 1478
     69 1479
     67 1480
     68 1481
     60 1482
     55 1483
     68 1484
     74 1485
     61 1486
     59 1487
     78 1488
     55 1489
     74 1490
     65 1491
     49 1492
     61 1493
     40 1494
     72 1495
     51 1496
     71 1497
     54 1498
     55 1499
     59 1500
     69 1501
     63 1502
     76 1503
     68 1504
     72 1505
     78 1506
     57 1507
     86 1508
     68 1509
     59 1510
     68 1511
     88 1512
     85 1513
     82 1514
     77 1515
     77 1516
     99 1517
     85 1518
     83 1519
     89 1520
     91 1521
     79 1522
     84 1523
     99 1524
     92 1525
     87 1526
     82 1527
     79 1528
     73 1529
     89 1530
     89 1531
     85 1532
     91 1533
     75 1534
     86 1535
     69 1536
     86 1537
     83 1538
     79 1539
     76 1540
     53 1541
     68 1542
     57 1543
     75 1544
     72 1545
     62 1546
     67 1547
     72 1548
     72 1549
     54 1550
     74 1551
     75 1552
     54 1553
     51 1554
     70 1555
     77 1556
     64 1557
     72 1558
     74 1559
     46 1560
     57 1561
     52 1562
     56 1563
     62 1564
     61 1565
     54 1566
     60 1567
     74 1568
     46 1569
     64 1570
     64 1571
     70 1572
     65 1573
     70 1574
     64 1575
     76 1576
     77 1577
     77 1578
     66 1579
     82 1580
     84 1581
     85 1582
     89 1583
     72 1584
     84 1585
    103 1586
     88 1587
    103 1588
     84 1589
     87 1590
     86 1591
     86 1592
     71 1593
     77 1594
    104 1595
     88 1596
     84 1597
     95 1598
     83 1599
     70 1600
     69 1601
     85 1602
     86 1603
     94 1604
     75 1605
     73 1606
     73 1607
     62 1608
     81 1609
     91 1610
     68 1611
     71 1612
     59 1613
     58 1614
     87 1615
     71 1616
     54 1617
     65 1618
     54 1619
     66 1620
     71 1621
     56 1622
     59 1623
     62 1624
     61 1625
     54 1626
     59 1627
     56 1628
     53 1629
     55 1630
     67 1631
     49 1632
     52 1633
     61 1634
     55 1635
     49 1636
     65 1637
     62 1638
     53 1639
     62 1640
     69 1641
     66 1642
     50 1643
     72 1644
     67 1645
     63 1646
     76 1647
     83 1648
     68 1649
     73 1650
     86 1651
     85 1652
     78 1653
     64 1654
     85 1655
     78 1656
     94 1657
     80 1658
     73 1659
     92 1660
    105 1661
     93 1662
     74 1663
     73 1664
     84 1665
     72 1666
     82 1667
     91 1668
     86 1669
     70 1670
     63 1671
     71 1672
     75 1673
     61 1674
     81 1675
     87 1676
     77 1677
     69 1678
     64 1679
     71 1680
     74 1681
     70 1682
     68 1683
     50 1684
     66 1685
     70 1686
     70 1687
     67 1688
     66 1689
     60 1690
     69 1691
     70 1692
     64 1693
     66 1694
     47 1695
     67 1696
     55 1697
     39 1698
     49 1699
     64 1700
     48 1701
     60 1702
     57 1703
     57 1704
     65 1705
     67 1706
     50 1707
     62 1708
     68 1709
     53 1710
     61 1711
     71 1712
     85 1713
     61 1714
     68 1715
     70 1716
     50 1717
     74 1718
     71 1719
     78 1720
     78 1721
     86 1722
     72 1723
     73 1724
     77 1725
     80 1726
    101 1727
     57 1728
     71 1729
     74 1730
     76 1731
     80 1732
     70 1733
     76 1734
    101 1735
     77 1736
     73 1737
     71 1738
     81 1739
     71 1740
     82 1741
     54 1742
     62 1743
     42 1744
     73 1745
     63 1746
     58 1747
     67 1748
     54 1749
     53 1750
     79 1751
     49 1752
     69 1753
     58 1754
     45 1755
     69 1756
     50 1757
     57 1758
     53 1759
     37 1760
     54 1761
     66 1762
     58 1763
     67 1764
     48 1765
     50 1766
     61 1767
     55 1768
     59 1769
     66 1770
     61 1771
     51 1772
     49 1773
     60 1774
     61 1775
     61 1776
     55 1777
     57 1778
     52 1779
     55 1780
     68 1781
     56 1782
     60 1783
     64 1784
     59 1785
     70 1786
     58 1787
     63 1788
     73 1789
     54 1790
     73 1791
     74 1792
     75 1793
     80 1794
     81 1795
     58 1796
     62 1797
     80 1798
     75 1799
     65 1800
     90 1801
     71 1802
     72 1803
     78 1804
     68 1805
     69 1806
     80 1807
     68 1808
     79 1809
     61 1810
     56 1811
     49 1812
     63 1813
     73 1814
     51 1815
     60 1816
     77 1817
     41 1818
     71 1819
     42 1820
     49 1821
     52 1822
     62 1823
     49 1824
     54 1825
     57 1826
     57 1827
     60 1828
     47 1829
     72 1830
     53 1831
     53 1832
     64 1833
     49 1834
     51 1835
     60 1836
     64 1837
     46 1838
     43 1839
     39 1840
     53 1841
     40 1842
     43 1843
     48 1844
     46 1845
     44 1846
     55 1847
     56 1848
     44 1849
     46 1850
     63 1851
     66 1852
     53 1853
     57 1854
     51 1855
     69 1856
     60 1857
     62 1858
     64 1859
     75 1860
     67 1861
     64 1862
     58 1863
     57 1864
     66 1865
     79 1866
     77 1867
     76 1868
     63 1869
     63 1870
     56 1871
     69 1872
     62 1873
     57 1874
     68 1875
     51 1876
     57 1877
     61 1878
     57 1879
     45 1880
     67 1881
     59 1882
     61 1883
     48 1884
     62 1885
     53 1886
     46 1887
     54 1888
     52 1889
     60 1890
     44 1891
     55 1892
     50 1893
     48 1894
     45 1895
     57 1896
     51 1897
     51 1898
     45 1899
     50 1900
     47 1901
     37 1902
     41 1903
     39 1904
     55 1905
     52 1906
     52 1907
     41 1908
     48 1909
     38 1910
     45 1911
     48 1912
     46 1913
     44 1914
     47 1915
     38 1916
     57 1917
     60 1918
     48 1919
     52 1920
     52 1921
     50 1922
     61 1923
     60 1924
     59 1925
     64 1926
     51 1927
     48 1928
     53 1929
     48 1930
     64 1931
     64 1932
     61 1933
     61 1934
     64 1935
     48 1936
     61 1937
     59 1938
     61 1939
     65 1940
     46 1941
     56 1942
     52 1943
     61 1944
     56 1945
     50 1946
     62 1947
     47 1948
     58 1949
     52 1950
     50 1951
     38 1952
     74 1953
     47 1954
     43 1955
     53 1956
     49 1957
     41 1958
     46 1959
     54 1960
     44 1961
     46 1962
     47 1963
     35 1964
     41 1965
     42 1966
     42 1967
     39 1968
     54 1969
     30 1970
     39 1971
     40 1972
     41 1973
     44 1974
     38 1975
     53 1976
     33 1977
     42 1978
     39 1979
     34 1980
     46 1981
     40 1982
     45 1983
     35 1984
     47 1985
     42 1986
     54 1987
     41 1988
     43 1989
     43 1990
     48 1991
     36 1992
     47 1993
     39 1994
     49 1995
     40 1996
     43 1997
     46 1998
     52 1999
     71 2000
     59 2001
     49 2002
     68 2003
     54 2004
     50 2005
     61 2006
     52 2007
     54 2008
     41 2009
     42 2010
     57 2011
     45 2012
     37 2013
     37 2014
     36 2015
     34 2016
     54 2017
     50 2018
     54 2019
     47 2020
     63 2021
     23 2022
     40 2023
     35 2024
     45 2025
     52 2026
     32 2027
     44 2028
     32 2029
     33 2030
     24 2031
     41 2032
     34 2033
     45 2034
     41 2035
     35 2036
     47 2037
     45 2038
     33 2039
     47 2040
     34 2041
     39 2042
     32 2043
     33 2044
     32 2045
     35 2046
     33 2047
     39 2048
     38 2049
     34 2050
     29 2051
     50 2052
     26 2053
     32 2054
     34 2055
     44 2056
     36 2057
     34 2058
     36 2059
     46 2060
     53 2061
     47 2062
     46 2063
     33 2064
     36 2065
     35 2066
     52 2067
     35 2068
     56 2069
     35 2070
     37 2071
     62 2072
     49 2073
     38 2074
     40 2075
     46 2076
     50 2077
     44 2078
     38 2079
     32 2080
     43 2081
     56 2082
     44 2083
     44 2084
     41 2085
     40 2086
     42 2087
     28 2088
     39 2089
     55 2090
     36 2091
     43 2092
     46 2093
     37 2094
     44 2095
     36 2096
     33 2097
     34 2098
     38 2099
     32 2100
     35 2101
     43 2102
     37 2103
     30 2104
     30 2105
     26 2106
     48 2107
     34 2108
     30 2109
     29 2110
     39 2111
     33 2112
     30 2113
     26 2114
     38 2115
     30 2116
     43 2117
     31 2118
     32 2119
     32 2120
     31 2121
     41 2122
     33 2123
     31 2124
     35 2125
     31 2126
     27 2127
     46 2128
     34 2129
     35 2130
     42 2131
     37 2132
     29 2133
     42 2134
     30 2135
     43 2136
     42 2137
     41 2138
     33 2139
     33 2140
     42 2141
     51 2142
     34 2143
     42 2144
     40 2145
     33 2146
     36 2147
     39 2148
     36 2149
     33 2150
     47 2151
     41 2152
     42 2153
     36 2154
     36 2155
     41 2156
     36 2157
     30 2158
     32 2159
     36 2160
     42 2161
     35 2162
     31 2163
     27 2164
     24 2165
     35 2166
     33 2167
     22 2168
     23 2169
     32 2170
     23 2171
     20 2172
     42 2173
     29 2174
     25 2175
     24 2176
     29 2177
     25 2178
     41 2179
     31 2180
     28 2181
     27 2182
     25 2183
     16 2184
     25 2185
     28 2186
     28 2187
     29 2188
     24 2189
     22 2190
     29 2191
     23 2192
     23 2193
     38 2194
     30 2195
     44 2196
     25 2197
     42 2198
     29 2199
     26 2200
     27 2201
     23 2202
     31 2203
     32 2204
     25 2205
     34 2206
     36 2207
     38 2208
     33 2209
     42 2210
     45 2211
     41 2212
     31 2213
     39 2214
     34 2215
     33 2216
     34 2217
     35 2218
     22 2219
     34 2220
     27 2221
     32 2222
     32 2223
     30 2224
     31 2225
     31 2226
     24 2227
     34 2228
     25 2229
     35 2230
     13 2231
     17 2232
     28 2233
     30 2234
     33 2235
     22 2236
     26 2237
     25 2238
     21 2239
     14 2240
     19 2241
     29 2242
     22 2243
     24 2244
     23 2245
     19 2246
     17 2247
     22 2248
     23 2249
     20 2250
     25 2251
     24 2252
     18 2253
     22 2254
     25 2255
     23 2256
     32 2257
     19 2258
     27 2259
     25 2260
     18 2261
     22 2262
     33 2263
     21 2264
     27 2265
     22 2266
     25 2267
     18 2268
     33 2269
     33 2270
     28 2271
     22 2272
     24 2273
     20 2274
     26 2275
     33 2276
     20 2277
     29 2278
     24 2279
     34 2280
     25 2281
     33 2282
     24 2283
     32 2284
     30 2285
     25 2286
     20 2287
     25 2288
     22 2289
     28 2290
     22 2291
     26 2292
     28 2293
     23 2294
     23 2295
     15 2296
     19 2297
     18 2298
     19 2299
     22 2300
     18 2301
     17 2302
     29 2303
     17 2304
     25 2305
     20 2306
     26 2307
     20 2308
     22 2309
     19 2310
     19 2311
     20 2312
     26 2313
     18 2314
     16 2315
     17 2316
     18 2317
     15 2318
     18 2319
     22 2320
     16 2321
     16 2322
     16 2323
     17 2324
     22 2325
     16 2326
     15 2327
     15 2328
     23 2329
     17 2330
     20 2331
     22 2332
     17 2333
     30 2334
     21 2335
     22 2336
     19 2337
     23 2338
     17 2339
     17 2340
     26 2341
      9 2342
     25 2343
     19 2344
     19 2345
     27 2346
     18 2347
     22 2348
     25 2349
     21 2350
     18 2351
     29 2352
     18 2353
     28 2354
     22 2355
     31 2356
     20 2357
     26 2358
     19 2359
     13 2360
     21 2361
     20 2362
     20 2363
     21 2364
     21 2365
     27 2366
     13 2367
     22 2368
     18 2369
     15 2370
     13 2371
     21 2372
     29 2373
     22 2374
     20 2375
     13 2376
     19 2377
     12 2378
     18 2379
     22 2380
     11 2381
     22 2382
      8 2383
     18 2384
     21 2385
     13 2386
     19 2387
     11 2388
     20 2389
     11 2390
     17 2391
     18 2392
     17 2393
     16 2394
     14 2395
     18 2396
      6 2397
     19 2398
     11 2399
     11 2400
     22 2401
     21 2402
     19 2403
     16 2404
     21 2405
     12 2406
     17 2407
     15 2408
     17 2409
     14 2410
     22 2411
     21 2412
     18 2413
     19 2414
     21 2415
     17 2416
     16 2417
     23 2418
     17 2419
     15 2420
     23 2421
     15 2422
     15 2423
     18 2424
     17 2425
     18 2426
     26 2427
     16 2428
     14 2429
     16 2430
     29 2431
     18 2432
     27 2433
     16 2434
     16 2435
     16 2436
     21 2437
     10 2438
     22 2439
     19 2440
     13 2441
     18 2442
     23 2443
     13 2444
      9 2445
      8 2446
     13 2447
     16 2448
     14 2449
     14 2450
     20 2451
     14 2452
      9 2453
     19 2454
     13 2455
     10 2456
     17 2457
     15 2458
     15 2459
     12 2460
     16 2461
     16 2462
     12 2463
     17 2464
     11 2465
     11 2466
     10 2467
     15 2468
     15 2469
     16 2470
     19 2471
     12 2472
     12 2473
     11 2474
      7 2475
     20 2476
     19 2477
     12 2478
     17 2479
     20 2480
     17 2481
     13 2482
     11 2483
     10 2484
     16 2485
     12 2486
     18 2487
     14 2488
     15 2489
     20 2490
     14 2491
     16 2492
     12 2493
     17 2494
     11 2495
     13 2496
     18 2497
     14 2498
     16 2499
     13 2500
     11 2501
      8 2502
     12 2503
     12 2504
     17 2505
     15 2506
     13 2507
     15 2508
     12 2509
     16 2510
     14 2511
     16 2512
     11 2513
     14 2514
      9 2515
     11 2516
     16 2517
     18 2518
     11 2519
      4 2520
     17 2521
     10 2522
      9 2523
     12 2524
     14 2525
     11 2526
      9 2527
     10 2528
      7 2529
      8 2530
     11 2531
     12 2532
     15 2533
     10 2534
      9 2535
      9 2536
      9 2537
     14 2538
      8 2539
     13 2540
      7 2541
      8 2542
     10 2543
     10 2544
     14 2545
     11 2546
     12 2547
     12 2548
      9 2549
     18 2550
     10 2551
     15 2552
     16 2553
     13 2554
     11 2555
     13 2556
     20 2557
     19 2558
      7 2559
     18 2560
     16 2561
     14 2562
     16 2563
      7 2564
     11 2565
     19 2566
     11 2567
      6 2568
     10 2569
     10 2570
     11 2571
     13 2572
      7 2573
     12 2574
     11 2575
      5 2576
      9 2577
     14 2578
     15 2579
      8 2580
     13 2581
      6 2582
      8 2583
      8 2584
      6 2585
     10 2586
      4 2587
      6 2588
      6 2589
      3 2590
     14 2591
      6 2592
     15 2593
     10 2594
      8 2595
      5 2596
      6 2597
      8 2598
     15 2599
     10 2600
      8 2601
      6 2602
      9 2603
      5 2604
     13 2605
      7 2606
      4 2607
     14 2608
      7 2609
      9 2610
     10 2611
     11 2612
      6 2613
     10 2614
     10 2615
     10 2616
     10 2617
     12 2618
      9 2619
     12 2620
      5 2621
     13 2622
      8 2623
     10 2624
      6 2625
     14 2626
      4 2627
     18 2628
     18 2629
     14 2630
      9 2631
      8 2632
      5 2633
     19 2634
      9 2635
     12 2636
     10 2637
      8 2638
      8 2639
      9 2640
      9 2641
     11 2642
      7 2643
     11 2644
     10 2645
     12 2646
      7 2647
      8 2648
      8 2649
      7 2650
     11 2651
     11 2652
      8 2653
      2 2654
     12 2655
      8 2656
      6 2657
      8 2658
      7 2659
      7 2660
      6 2661
      8 2662
     10 2663
      6 2664
      7 2665
      5 2666
      2 2667
      3 2668
      9 2669
      6 2670
      7 2671
      8 2672
      5 2673
     10 2674
      7 2675
     12 2676
     14 2677
      4 2678
      7 2679
      8 2680
      4 2681
      8 2682
      6 2683
      7 2684
     13 2685
     12 2686
      6 2687
      6 2688
      7 2689
     10 2690
      6 2691
      9 2692
      4 2693
     11 2694
      7 2695
      5 2696
      6 2697
      9 2698
      4 2699
     12 2700
      3 2701
      8 2702
      9 2703
      7 2704
      8 2705
      6 2706
      8 2707
     10 2708
     10 2709
      9 2710
      6 2711
     12 2712
      9 2713
      9 2714
      8 2715
      9 2716
      6 2717
      8 2718
      3 2719
      6 2720
      8 2721
      7 2722
      7 2723
      5 2724
      5 2725
      7 2726
      4 2727
      7 2728
      3 2729
      4 2730
      2 2731
      6 2732
      6 2733
      6 2734
      9 2735
      2 2736
      4 2737
      9 2738
      9 2739
      8 2740
      3 2741
      8 2742
      7 2743
      8 2745
      7 2746
      4 2747
      7 2748
      1 2749
      7 2750
      5 2751
      4 2752
      6 2753
      4 2754
      2 2755
      4 2756
      9 2757
      7 2758
      5 2759
      9 2760
      3 2761
      8 2762
      4 2763
      4 2764
     10 2765
      1 2766
      6 2767
      4 2768
      5 2769
      5 2770
      6 2771
      7 2772
     11 2773
      7 2774
      6 2775
      4 2776
      7 2777
      7 2778
      1 2779
      4 2780
      2 2781
      1 2782
      6 2783
      5 2784
      5 2785
      3 2786
      5 2787
      5 2788
      2 2789
      5 2790
      9 2791
      6 2792
      1 2793
      8 2794
      7 2795
      5 2796
      4 2797
      1 2798
      3 2799
      6 2800
      6 2801
      7 2802
      5 2803
      4 2804
      6 2805
      6 2806
      2 2807
      2 2808
      7 2809
      7 2810
      2 2811
      6 2812
      4 2813
      4 2815
      5 2816
      4 2817
      1 2818
      2 2819
      2 2820
      4 2821
      5 2822
      6 2823
      8 2824
      7 2825
      8 2826
      8 2827
      4 2828
      4 2829
      5 2830
      3 2831
      3 2832
      5 2833
      6 2834
      7 2835
      4 2836
      7 2837
      7 2838
      5 2839
      6 2840
      5 2841
     11 2842
      5 2843
      3 2844
      5 2845
      3 2846
      6 2847
      6 2848
      6 2850
      7 2851
      4 2852
      7 2853
      5 2854
      5 2855
      4 2856
      5 2857
      4 2858
      2 2859
      4 2860
      2 2861
      6 2862
      9 2863
      8 2864
      7 2865
      4 2866
      5 2867
      2 2868
      5 2869
      6 2870
      3 2871
      3 2872
      2 2873
      3 2874
      2 2875
      4 2876
      8 2877
      6 2879
      4 2880
      6 2881
      4 2883
      3 2884
      5 2885
      6 2886
      3 2887
      5 2888
      3 2889
      8 2890
      4 2891
      5 2892
      3 2893
      3 2894
      8 2895
      2 2896
      4 2897
      7 2898
      6 2899
      4 2900
      1 2901
      4 2902
      1 2903
      3 2904
      4 2905
      2 2906
      4 2907
      5 2908
      5 2909
      6 2910
      2 2912
      5 2913
      4 2914
      8 2915
      4 2916
      5 2917
      5 2918
      5 2919
      3 2920
      7 2921
      4 2922
      2 2923
      4 2924
      4 2925
      3 2927
      5 2928
      1 2929
      3 2930
      1 2931
      3 2932
      4 2933
      3 2934
      1 2935
      3 2936
      2 2937
      2 2938
      5 2939
      1 2940
      2 2941
      4 2942
      3 2943
      5 2944
      2 2945
      2 2946
      3 2947
      3 2948
      2 2949
      2 2950
      1 2951
      2 2952
      1 2953
      2 2954
      4 2955
      2 2956
      6 2957
      4 2958
      3 2959
      5 2960
      4 2961
      2 2962
      4 2963
      4 2964
      4 2965
      3 2966
      3 2967
      4 2968
      6 2969
      5 2970
      6 2971
      6 2972
      2 2973
      2 2974
      4 2975
      4 2976
      6 2977
      3 2978
      3 2979
      3 2980
      1 2981
      4 2982
      3 2983
      1 2984
      3 2985
      4 2986
      3 2987
      5 2988
      3 2989
      3 2990
      1 2991
      2 2992
      2 2993
      4 2994
      1 2995
      4 2997
      2 2998
      3 2999
      2 3000
      5 3001
      3 3002
      8 3004
      2 3005
      3 3006
      3 3007
      2 3009
      3 3010
      2 3011
      1 3012
      4 3013
      2 3014
      4 3015
      2 3016
      4 3017
      4 3020
      4 3021
      6 3022
      2 3023
      5 3024
      1 3025
      1 3026
      4 3027
      2 3028
      2 3029
      3 3030
      2 3031
      4 3032
      3 3033
      2 3034
      5 3035
      1 3036
      1 3037
      2 3038
      1 3039
      3 3040
      2 3041
      2 3042
      1 3043
      1 3044
      1 3045
      2 3046
      2 3047
      3 3048
      3 3049
      4 3050
      3 3051
      3 3052
      5 3053
      1 3054
      1 3055
      3 3056
      1 3057
      1 3058
      5 3059
      4 3060
      4 3061
      2 3062
      1 3063
      2 3064
      4 3065
      2 3066
      2 3067
      3 3068
      1 3069
      3 3070
      1 3071
      1 3073
      5 3074
      2 3075
      3 3076
      1 3077
      1 3078
      2 3079
      3 3080
      1 3082
      1 3083
      1 3085
      1 3086
      2 3087
      5 3088
      2 3089
      3 3090
      2 3091
      4 3092
      1 3093
      1 3094
      1 3095
      2 3096
      1 3098
      3 3100
      2 3102
      1 3103
      2 3104
      2 3105
      1 3106
      2 3107
      2 3108
      1 3109
      2 3110
      2 3112
      2 3113
      2 3114
      2 3115
      3 3116
      3 3117
      1 3118
      6 3119
      1 3120
      1 3121
      1 3122
      3 3123
      4 3124
      1 3125
      3 3128
      2 3129
      2 3130
      1 3132
      5 3134
      1 3135
      1 3136
      2 3137
      4 3138
      1 3139
      1 3141
      2 3142
      1 3143
      1 3144
      1 3145
      2 3146
      1 3148
      1 3149
      1 3150
      3 3151
      2 3152
      1 3153
      1 3154
      1 3155
      1 3159
      1 3160
      3 3161
      2 3162
      2 3163
      2 3164
      2 3165
      2 3166
      2 3168
      1 3171
      3 3172
      2 3173
      1 3174
      3 3175
      2 3176
      1 3177
      2 3178
      1 3179
      2 3180
      1 3181
      3 3182
      1 3183
      2 3184
      2 3185
      1 3186
      2 3187
      1 3188
      5 3191
      1 3192
      1 3193
      1 3194
      1 3196
      1 3197
      2 3198
      1 3199
      1 3200
      1 3201
      1 3202
      1 3203
      4 3205
      1 3206
      1 3207
      3 3209
      1 3211
      2 3213
      1 3214
      2 3215
      4 3216
      1 3217
      1 3218
      2 3219
      1 3220
      2 3221
      2 3224
      2 3226
      2 3227
      1 3229
      1 3230
      1 3231
      2 3232
      1 3233
      1 3234
      1 3235
      1 3236
      2 3237
      2 3239
      2 3240
      1 3242
      3 3243
      1 3244
      2 3245
      1 3246
      1 3247
      1 3248
      3 3249
      1 3250
      1 3251
      2 3252
      3 3254
      1 3255
      4 3257
      1 3258
      2 3259
      1 3260
      2 3262
      1 3263
      1 3264
      1 3265
      1 3266
      3 3267
      1 3268
      2 3269
      2 3270
      2 3271
      1 3272
      1 3274
      1 3275
      1 3276
      5 3278
      1 3279
      1 3280
      1 3281
      1 3282
      3 3284
      2 3285
      1 3286
      1 3288
      1 3289
      1 3290
      3 3291
      1 3292
      3 3293
      3 3294
      1 3296
      2 3297
      1 3298
      1 3299
      1 3300
      2 3301
      1 3302
      1 3303
      1 3304
      2 3305
      3 3306
      4 3307
      3 3308
      2 3309
      3 3310
      1 3311
      4 3313
      1 3314
      4 3315
      1 3316
      1 3317
      1 3318
      1 3319
      1 3321
      1 3323
      1 3324
      3 3327
      1 3328
      2 3329
      3 3330
      1 3331
      1 3332
      1 3334
      2 3335
      1 3336
      2 3338
      2 3339
      1 3340
      1 3342
      1 3345
      2 3348
      1 3349
      2 3351
      1 3352
      1 3353
      2 3356
      1 3357
      1 3358
      1 3359
      1 3360
      2 3362
      1 3363
      2 3364
      3 3365
      2 3367
      2 3368
      3 3369
      2 3370
      1 3372
      2 3374
      3 3375
      1 3376
      4 3377
      3 3378
      1 3380
      1 3381
      1 3382
      3 3383
      1 3384
      1 3385
      2 3386
      2 3387
      1 3388
      1 3394
      2 3395
      1 3396
      1 3397
      1 3400
      1 3402
      5 3403
      1 3405
      1 3408
      1 3409
      2 3410
      1 3414
      2 3415
      1 3416
      1 3417
      1 3419
      2 3420
      1 3421
      1 3422
      1 3423
      2 3428
      1 3430
      1 3433
      1 3436
      3 3438
      1 3439
      2 3440
      1 3441
      1 3444
      2 3445
      2 3447
      1 3449
      1 3451
      1 3452
      1 3453
      1 3455
      2 3456
      1 3457
      2 3458
      1 3459
      1 3464
      1 3465
      1 3466
      2 3467
      1 3468
      1 3469
      1 3470
      3 3471
      1 3472
      1 3474
      1 3477
      1 3480
      1 3483
      1 3485
      1 3487
      1 3488
      1 3489
      1 3490
      2 3493
      1 3494
      3 3496
      1 3497
      1 3498
      2 3501
      1 3505
      1 3506
      1 3509
      2 3511
      1 3514
      3 3515
      1 3517
      1 3520
      1 3521
      1 3522
      1 3525
      1 3526
      1 3527
      1 3528
      1 3529
      3 3530
      1 3531
      1 3532
      2 3533
      1 3534
      1 3535
      1 3537
      2 3539
      1 3540
      1 3541
      2 3545
      1 3547
      2 3550
      2 3551
      1 3553
      1 3555
      1 3556
      1 3558
      1 3559
      1 3562
      1 3567
      1 3569
      1 3571
      2 3574
      1 3575
      2 3577
      1 3579
      2 3581
      1 3584
      1 3585
      1 3586
      1 3587
      1 3589
      2 3590
      1 3591
      1 3593
      3 3594
      1 3597
      1 3599
      1 3600
      1 3601
      1 3604
      1 3605
      1 3606
      1 3608
      4 3611
      1 3612
      1 3616
      2 3617
      1 3618
      1 3619
      1 3620
      1 3623
      2 3624
      1 3626
      1 3627
      1 3630
      2 3631
      1 3632
      1 3639
      1 3640
      3 3641
      1 3645
      1 3646
      1 3648
      2 3649
      3 3650
      1 3655
      1 3658
      1 3659
      1 3660
      1 3663
      1 3664
      1 3665
      1 3666
      3 3667
      2 3669
      1 3670
      2 3672
      1 3678
      1 3680
      2 3688
      3 3690
      1 3691
      1 3692
      1 3693
      1 3694
      1 3695
      2 3697
      1 3698
      2 3699
      1 3701
      1 3703
      3 3706
      1 3707
      1 3708
      1 3709
      1 3716
      1 3721
      1 3723
      2 3726
      2 3728
      2 3729
      1 3730
      1 3734
      1 3736
      2 3738
      1 3739
      1 3741
      2 3743
      1 3745
      1 3748
      3 3749
      2 3751
      1 3753
      1 3754
      1 3755
      1 3756
      2 3761
      1 3762
      1 3763
      2 3764
      1 3765
      1 3766
      2 3767
      1 3768
      1 3772
      1 3774
      1 3776
      1 3780
      1 3781
      3 3785
      1 3786
      2 3787
      1 3789
      1 3792
      1 3793
      1 3795
      2 3796
      1 3797
      1 3798
      1 3804
      1 3805
      2 3807
      1 3808
      1 3809
      1 3811
      1 3813
      1 3818
      4 3819
      1 3820
      1 3821
      2 3823
      1 3825
      1 3828
      2 3829
      1 3834
      1 3837
      1 3843
      1 3846
      1 3849
      1 3850
      1 3852
      1 3854
      1 3859
      1 3861
      1 3863
      1 3864
      2 3865
      1 3867
      1 3869
      1 3873
      1 3874
      1 3876
      1 3878
      1 3880
      1 3888
      1 3891
      2 3892
      1 3894
      1 3896
      2 3897
      1 3898
      1 3903
      1 3904
      1 3906
      3 3910
      1 3911
      1 3920
      1 3922
      2 3923
      1 3924
      1 3926
      1 3929
      1 3930
      1 3932
      1 3938
      1 3941
      1 3942
      1 3944
      2 3946
      1 3947
      1 3948
      1 3953
      1 3955
      1 3958
      1 3959
      1 3968
      1 3969
      1 3972
      1 3974
      2 3978
      1 3983
      1 3984
      1 3993
      1 3996
      1 3999
      1 4004
      1 4012
      1 4018
      2 4019
      1 4022
      1 4024
      1 4029
      1 4031
      1 4036
      1 4037
      2 4040
      1 4043
      1 4046
      1 4049
      1 4059
      1 4062
      1 4064
      1 4066
      1 4067
      2 4069
      2 4072
      2 4073
      1 4076
      2 4077
      2 4081
      1 4084
      1 4090
      1 4096
      1 4097
      1 4098
      1 4105
      1 4111
      1 4113
      1 4114
      1 4120
      2 4122
      1 4123
      1 4134
      1 4136
      1 4138
      3 4140
      1 4143
      1 4144
      2 4145
      1 4149
      1 4158
      1 4160
      1 4162
      1 4163
      1 4167
      2 4170
      1 4172
      1 4174
      1 4175
      1 4186
      1 4190
      1 4192
      3 4197
      1 4199
      1 4209
      1 4211
      1 4213
      1 4214
      1 4218
      1 4221
      1 4226
      2 4228
      1 4233
      1 4236
      1 4244
      1 4252
      3 4258
      2 4259
      1 4261
      1 4263
      1 4267
      1 4273
      1 4279
      1 4287
      1 4301
      1 4311
      2 4314
      2 4315
      1 4316
      1 4317
      1 4318
      1 4320
      1 4323
      1 4324
      1 4326
      1 4337
      2 4338
      1 4340
      1 4341
      1 4343
      2 4345
      1 4347
      1 4353
      1 4356
      1 4360
      1 4362
      1 4365
      2 4366
      1 4374
      2 4385
      1 4388
      2 4392
      1 4395
      1 4396
      1 4399
      1 4403
      1 4404
      1 4409
      1 4413
      1 4418
      1 4419
      2 4421
      1 4429
      1 4431
      1 4432
      1 4438
      1 4441
      1 4444
      1 4445
      1 4449
      1 4456
      1 4461
      1 4464
      3 4467
      1 4477
      1 4481
      1 4506
      1 4508
      1 4511
      1 4518
      1 4520
      1 4521
      1 4522
      1 4527
      2 4535
      1 4551
      1 4556
      1 4561
      1 4567
      1 4568
      1 4572
      1 4573
      1 4583
      1 4586
      1 4587
      1 4588
      1 4589
      1 4590
      1 4609
      1 4616
      1 4621
      1 4626
      1 4629
      1 4630
      1 4632
      1 4646
      1 4652
      2 4653
      1 4661
      2 4666
      1 4690
      1 4696
      1 4699
      2 4701
      1 4712
      1 4713
      2 4714
      1 4715
      1 4716
      1 4727
      1 4742
      1 4746
      1 4749
      1 4758
      1 4768
      1 4780
      1 4782
      1 4789
      1 4811
      2 4814
      3 4823
      1 4824
      1 4826
      1 4833
      1 4836
      1 4844
      1 4850
      1 4851
      1 4854
      1 4858
      2 4860
      1 4871
      1 4877
      2 4878
      1 4880
      1 4890
      1 4897
      1 4900
      1 4909
      1 4914
      1 4915
      1 4917
      1 4918
      1 4930
      1 4934
      1 4943
      1 4946
      1 4949
      1 4954
      1 4965
      1 4970
      1 4985
      1 4990
      1 4997
      2 5017
      2 5027
      1 5039
      1 5061
      1 5062
      1 5084
      1 5115
      1 5118
      1 5120
      1 5123
      1 5128
      1 5144
      1 5188
      1 5191
      1 5194
      1 5195
      1 5209
      1 5210
      1 5229
      1 5235
      1 5236
      2 5242
      1 5262
      1 5265
      2 5269
      1 5286
      1 5296
      1 5303
      2 5324
      1 5332
      1 5349
      1 5361
      1 5377
      1 5393
      1 5398
      1 5413
      1 5419
      1 5431
      1 5458
      1 5463
      1 5467
      1 5494
      1 5500
      2 5520
      1 5522
      1 5528
      1 5561
      1 5579
      1 5585
      1 5607
      1 5644
      1 5663
      1 5676
      2 5709
      1 5717
      1 5719
      1 5722
      1 5753
      1 5773
      1 5777
      1 5796
      1 5826
      1 5831
      1 5836
      1 5839
      1 5841
      1 5860
      1 5862
      1 5867
      1 5949
      1 5961
      1 5962
      1 5968
      1 5990
      1 6003
      1 6025
      1 6036
      1 6039
      2 6099
      1 6106
      1 6117
      1 6158
      1 6204
      1 6219
      1 6228
      1 6275
      1 6327
      1 6405
      1 6454
      1 6490
      1 6520
      1 6577
      1 6651
      1 6666
      1 6667
      1 6821
      1 6840
      1 6976
      1 7013
      1 7117
      1 7136
      1 7161
      1 7250
      1 7311
      1 7749
      1 7750
      1 7897
      1 7970
      1 8903
      1 8926
      1 9123
      1 9210
      1 9476
      1 9559
      1 9574
      1 9626
      1 9644
      1 9720
      1 9760
      1 9831
      1 10032
      1 10096
      1 10118
      1 10137
      1 10204
      1 10208
      1 10245
      1 10277
      1 10385
      1 10551
      1 10695
      1 10774
      1 10806
      1 10885
      1 10977
      1 11165
      1 11482
      1 11655
      1 11675
      1 14773
      1 15258
      1 17584
      1 18062
      1 18302
      1 18315
      1 24520
      1 26052
      1 27644
      1 40185
      1 40248
      1 40296
      1 52843
      1 59492
      1 109564
      1 176089
      1 1081101
      1 1141525
      1 1142111
---AAD-PGBENCH-LAG-US---
