pgbench (18.6 (Debian 18.6-1.pgdg13+2))
starting vacuum...end.
transaction type: <builtin: select only>
scaling factor: 1000
query mode: simple
number of clients: 8
number of threads: 8
maximum number of tries: 1
duration: 60 s
number of transactions actually processed: 2006524
number of failed transactions: 0 (0.000%)
latency average = 0.239 ms
initial connection time = 4.698 ms
tps = 33444.412792 (without initial connection time)
---AAD-PGBENCH-LATENCY-US---
rc=0
samples=39943
      1 208
      4 209
      3 210
      3 211
      8 212
     11 213
      8 214
     15 215
     20 216
     30 217
     41 218
     62 219
    117 220
    198 221
    234 222
    276 223
    256 224
    314 225
    443 226
    486 227
    564 228
    806 229
   1308 230
   1705 231
   2154 232
   2618 233
   3207 234
   3102 235
   2939 236
   2707 237
   2667 238
   2076 239
   1594 240
   1375 241
   1084 242
    757 243
    584 244
    488 245
    419 246
    297 247
    262 248
    253 249
    211 250
    174 251
    140 252
    136 253
    122 254
     90 255
    109 256
    104 257
    100 258
    167 259
    452 260
    776 261
    390 262
    127 263
     74 264
     66 265
     73 266
     63 267
     47 268
     49 269
     65 270
     45 271
     45 272
     40 273
     39 274
     44 275
     48 276
     47 277
     27 278
     30 279
     22 280
     27 281
     25 282
     25 283
     17 284
     17 285
     20 286
     17 287
     24 288
     21 289
     20 290
     20 291
     24 292
     16 293
      8 294
     11 295
     10 296
     10 297
      5 298
      7 299
     10 300
     14 301
      3 302
      7 303
      7 304
      5 305
      1 306
      6 307
      4 308
      3 309
      1 310
      1 311
      1 313
      3 314
      4 315
      1 316
      4 317
      2 318
      2 319
      2 320
      4 322
      2 324
      3 325
      3 326
      1 327
      3 328
      4 329
      3 330
      3 331
      5 332
      1 333
      3 334
      3 335
      5 336
      3 337
      5 338
      2 339
      2 341
      1 342
      2 343
      1 344
      3 345
      1 346
      1 349
      1 354
      4 355
      1 356
      4 357
      2 358
      3 359
      1 361
      3 362
      1 364
      1 367
      1 370
      1 377
      1 380
      1 381
      1 387
      1 390
      1 397
      1 399
      1 402
      1 403
      1 407
      1 416
      1 429
      2 434
      2 441
      1 443
      1 444
      1 448
      1 455
      1 458
      1 462
      1 463
      1 470
      1 473
      1 481
      1 483
      1 487
      1 495
      2 496
      1 510
      1 532
      1 540
---AAD-PGBENCH-LAG-US---
