pgbench (18.6 (Debian 18.6-1.pgdg13+2))
starting vacuum...end.
transaction type: <builtin: select only>
scaling factor: 1000
query mode: simple
number of clients: 128
number of threads: 16
maximum number of tries: 1
duration: 60 s
number of transactions actually processed: 16258758
number of failed transactions: 0 (0.000%)
latency average = 0.471 ms
initial connection time = 262.631 ms
tps = 271665.804015 (without initial connection time)
---AAD-PGBENCH-LATENCY-US---
rc=0
samples=325251
      1 218
      1 219
      1 220
      5 222
      2 223
      6 224
      8 225
      6 226
      9 227
      7 228
      9 229
     12 230
      9 231
      6 232
     12 233
     17 234
     14 235
     19 236
     22 237
     15 238
     16 239
     21 240
     17 241
     21 242
     31 243
     35 244
     28 245
     32 246
     33 247
     32 248
     36 249
     43 250
     28 251
     33 252
     38 253
     44 254
     46 255
     54 256
     54 257
     70 258
     59 259
     80 260
     64 261
     71 262
     85 263
    104 264
    108 265
     98 266
    115 267
    119 268
    109 269
    133 270
    147 271
    129 272
    147 273
    149 274
    161 275
    173 276
    183 277
    191 278
    172 279
    191 280
    171 281
    150 282
    190 283
    181 284
    234 285
    179 286
    182 287
    213 288
    192 289
    199 290
    197 291
    188 292
    212 293
    190 294
    233 295
    224 296
    203 297
    221 298
    202 299
    241 300
    239 301
    280 302
    255 303
    252 304
    258 305
    259 306
    294 307
    316 308
    306 309
    312 310
    343 311
    353 312
    374 313
    409 314
    393 315
    396 316
    417 317
    441 318
    457 319
    530 320
    517 321
    517 322
    569 323
    595 324
    652 325
    704 326
    712 327
    781 328
    841 329
    842 330
    889 331
   1011 332
   1191 333
   1185 334
   1235 335
   1270 336
   1321 337
   1379 338
   1410 339
   1478 340
   1535 341
   1642 342
   1698 343
   1743 344
   1856 345
   1739 346
   1847 347
   1883 348
   1800 349
   1758 350
   1840 351
   1687 352
   1683 353
   1764 354
   1715 355
   1727 356
   1662 357
   1671 358
   1671 359
   1562 360
   1585 361
   1598 362
   1547 363
   1605 364
   1535 365
   1532 366
   1535 367
   1475 368
   1484 369
   1488 370
   1481 371
   1474 372
   1518 373
   1519 374
   1452 375
   1494 376
   1551 377
   1534 378
   1468 379
   1468 380
   1472 381
   1570 382
   1551 383
   1565 384
   1579 385
   1614 386
   1562 387
   1601 388
   1634 389
   1664 390
   1671 391
   1697 392
   1758 393
   1751 394
   1858 395
   1894 396
   1893 397
   1932 398
   1900 399
   2004 400
   2047 401
   2030 402
   2112 403
   2057 404
   2178 405
   2205 406
   2229 407
   2193 408
   2213 409
   2242 410
   2231 411
   2245 412
   2259 413
   2314 414
   2292 415
   2121 416
   2103 417
   2058 418
   1935 419
   1874 420
   1860 421
   1735 422
   1682 423
   1587 424
   1582 425
   1552 426
   1423 427
   1378 428
   1291 429
   1300 430
   1220 431
   1227 432
   1150 433
   1144 434
   1052 435
   1054 436
    996 437
    927 438
    913 439
    908 440
    930 441
    821 442
    893 443
    797 444
    856 445
    819 446
    707 447
    743 448
    788 449
    760 450
    728 451
    724 452
    710 453
    695 454
    678 455
    705 456
    649 457
    626 458
    701 459
    659 460
    657 461
    643 462
    636 463
    624 464
    629 465
    635 466
    643 467
    645 468
    635 469
    622 470
    688 471
    614 472
    623 473
    623 474
    606 475
    667 476
    658 477
    639 478
    618 479
    665 480
    652 481
    599 482
    606 483
    650 484
    579 485
    596 486
    598 487
    559 488
    578 489
    546 490
    524 491
    520 492
    493 493
    454 494
    491 495
    488 496
    488 497
    451 498
    447 499
    476 500
    408 501
    411 502
    407 503
    379 504
    400 505
    430 506
    389 507
    325 508
    385 509
    345 510
    369 511
    352 512
    396 513
    358 514
    312 515
    318 516
    322 517
    329 518
    342 519
    333 520
    289 521
    314 522
    331 523
    332 524
    335 525
    317 526
    328 527
    300 528
    353 529
    356 530
    315 531
    334 532
    336 533
    351 534
    360 535
    336 536
    367 537
    345 538
    378 539
    348 540
    362 541
    383 542
    374 543
    432 544
    375 545
    418 546
    398 547
    364 548
    443 549
    402 550
    435 551
    398 552
    421 553
    414 554
    379 555
    377 556
    358 557
    379 558
    409 559
    350 560
    384 561
    347 562
    362 563
    346 564
    370 565
    341 566
    334 567
    322 568
    324 569
    334 570
    333 571
    302 572
    289 573
    308 574
    286 575
    310 576
    298 577
    267 578
    274 579
    280 580
    262 581
    279 582
    287 583
    289 584
    260 585
    275 586
    265 587
    260 588
    254 589
    259 590
    302 591
    281 592
    292 593
    261 594
    278 595
    282 596
    263 597
    268 598
    266 599
    254 600
    267 601
    293 602
    281 603
    277 604
    262 605
    294 606
    278 607
    278 608
    270 609
    270 610
    295 611
    274 612
    265 613
    278 614
    333 615
    312 616
    329 617
    294 618
    301 619
    295 620
    299 621
    333 622
    302 623
    301 624
    294 625
    303 626
    294 627
    290 628
    278 629
    310 630
    264 631
    289 632
    269 633
    260 634
    258 635
    259 636
    256 637
    250 638
    240 639
    260 640
    261 641
    240 642
    224 643
    225 644
    223 645
    240 646
    215 647
    247 648
    247 649
    234 650
    238 651
    213 652
    210 653
    210 654
    204 655
    224 656
    187 657
    204 658
    195 659
    204 660
    203 661
    214 662
    213 663
    218 664
    205 665
    202 666
    212 667
    179 668
    192 669
    206 670
    215 671
    218 672
    215 673
    218 674
    218 675
    198 676
    203 677
    216 678
    210 679
    198 680
    247 681
    222 682
    221 683
    236 684
    197 685
    243 686
    207 687
    215 688
    207 689
    229 690
    204 691
    210 692
    221 693
    246 694
    235 695
    210 696
    208 697
    190 698
    221 699
    200 700
    181 701
    197 702
    180 703
    193 704
    186 705
    175 706
    168 707
    155 708
    159 709
    167 710
    178 711
    177 712
    213 713
    163 714
    166 715
    170 716
    151 717
    153 718
    154 719
    166 720
    143 721
    163 722
    160 723
    149 724
    180 725
    137 726
    144 727
    150 728
    172 729
    178 730
    160 731
    149 732
    133 733
    151 734
    149 735
    138 736
    158 737
    129 738
    134 739
    147 740
    125 741
    150 742
    146 743
    159 744
    134 745
    141 746
    123 747
    162 748
    166 749
    163 750
    165 751
    148 752
    145 753
    146 754
    132 755
    158 756
    170 757
    139 758
    160 759
    166 760
    152 761
    154 762
    153 763
    142 764
    133 765
    151 766
    153 767
    136 768
    121 769
    134 770
    106 771
    143 772
    115 773
    130 774
    134 775
    122 776
    123 777
    135 778
    123 779
    117 780
    113 781
    121 782
    129 783
    114 784
    128 785
     84 786
    110 787
     94 788
    116 789
     96 790
    107 791
     91 792
    113 793
     94 794
    112 795
     98 796
    115 797
    106 798
    105 799
    102 800
     81 801
    105 802
    100 803
    100 804
     98 805
     91 806
     92 807
    117 808
    102 809
    101 810
    108 811
     97 812
     87 813
     91 814
     95 815
    101 816
     96 817
     91 818
     88 819
    110 820
     93 821
    107 822
     90 823
     89 824
    100 825
     92 826
     87 827
     85 828
     99 829
     95 830
     83 831
     75 832
     92 833
     80 834
     92 835
     68 836
     64 837
     74 838
     75 839
     74 840
     78 841
     76 842
     67 843
     75 844
     68 845
     85 846
     73 847
     75 848
     77 849
     63 850
     74 851
     74 852
     74 853
     78 854
     58 855
     64 856
     66 857
     64 858
     62 859
     63 860
     54 861
     64 862
     45 863
     71 864
     59 865
     47 866
     55 867
     61 868
     58 869
     55 870
     67 871
     58 872
     54 873
     61 874
     52 875
     48 876
     56 877
     53 878
     51 879
     71 880
     49 881
     49 882
     53 883
     46 884
     41 885
     41 886
     56 887
     53 888
     63 889
     55 890
     49 891
     46 892
     55 893
     65 894
     56 895
     51 896
     51 897
     74 898
     45 899
     47 900
     52 901
     47 902
     34 903
     47 904
     47 905
     44 906
     38 907
     42 908
     49 909
     37 910
     45 911
     43 912
     35 913
     50 914
     43 915
     36 916
     42 917
     35 918
     42 919
     40 920
     31 921
     43 922
     35 923
     40 924
     45 925
     40 926
     32 927
     36 928
     26 929
     41 930
     37 931
     30 932
     33 933
     30 934
     31 935
     33 936
     44 937
     36 938
     41 939
     28 940
     33 941
     28 942
     43 943
     29 944
     32 945
     32 946
     22 947
     24 948
     36 949
     21 950
     24 951
     37 952
     30 953
     28 954
     44 955
     25 956
     29 957
     34 958
     23 959
     31 960
     29 961
     25 962
     30 963
     26 964
     34 965
     28 966
     25 967
     27 968
     24 969
     24 970
     35 971
     34 972
     17 973
     34 974
     28 975
     27 976
     17 977
     21 978
     33 979
     19 980
     22 981
     22 982
     20 983
     22 984
     23 985
     32 986
     17 987
     37 988
     23 989
     24 990
     21 991
     16 992
     22 993
     17 994
     20 995
     24 996
     14 997
     21 998
     16 999
     15 1000
     23 1001
     11 1002
     23 1003
     11 1004
     16 1005
     23 1006
     13 1007
     13 1008
     19 1009
     18 1010
     21 1011
     17 1012
     22 1013
     23 1014
     23 1015
     18 1016
     28 1017
     14 1018
     17 1019
     18 1020
     16 1021
     12 1022
     17 1023
      5 1024
     12 1025
     17 1026
     20 1027
     24 1028
     16 1029
     21 1030
     17 1031
     19 1032
     20 1033
     16 1034
     22 1035
     18 1036
     13 1037
     11 1038
     15 1039
     15 1040
     14 1041
      5 1042
     16 1043
     10 1044
     13 1045
     18 1046
     12 1047
      7 1048
      9 1049
      6 1050
     14 1051
      6 1052
      4 1053
     18 1054
     13 1055
     16 1056
      8 1057
     12 1058
      8 1059
     12 1060
     16 1061
      7 1062
     12 1063
      8 1064
     12 1065
     11 1066
      6 1067
     15 1068
     11 1069
     16 1070
     12 1071
     11 1072
     13 1073
     13 1074
      6 1075
     11 1076
     12 1077
      7 1078
     10 1079
      8 1080
      7 1081
     11 1082
      7 1083
      5 1084
      9 1085
     11 1086
      9 1087
     13 1088
      6 1089
     10 1090
      7 1091
     10 1092
      9 1093
      5 1094
     12 1095
      8 1096
      9 1097
      8 1098
     10 1099
      2 1100
      9 1101
     13 1102
     14 1103
      5 1104
      9 1105
      8 1106
      8 1107
      7 1108
      6 1109
     10 1110
      8 1111
      5 1112
      7 1113
      6 1114
      4 1115
      7 1116
     12 1117
      7 1118
     12 1119
      5 1120
      7 1121
      6 1122
      7 1123
      7 1124
      3 1125
      6 1126
      6 1127
      7 1128
      4 1129
      9 1130
      7 1131
      7 1132
      3 1133
      3 1134
     10 1135
      1 1136
      7 1137
      5 1138
      6 1139
      8 1140
      4 1141
      7 1142
      5 1143
      5 1144
      6 1145
      8 1146
      6 1147
      7 1148
      5 1149
      5 1150
      8 1151
      4 1152
      5 1153
      6 1154
      3 1155
     10 1156
      5 1157
      2 1158
      5 1159
      4 1160
      1 1161
      2 1162
      1 1163
      2 1164
      6 1165
      5 1166
      8 1167
      2 1168
      2 1169
      7 1170
      6 1171
      4 1172
      7 1173
      3 1174
      2 1175
      4 1176
      4 1177
      5 1179
      7 1180
      4 1181
      4 1182
      3 1183
      7 1184
      3 1186
      8 1187
      5 1188
      1 1189
      2 1190
      3 1191
      1 1192
      4 1193
      1 1194
      1 1196
      5 1197
      1 1198
      2 1199
      1 1200
      2 1201
      1 1202
      4 1203
      3 1204
      3 1205
      2 1206
      1 1207
      3 1208
      1 1209
      3 1210
      2 1211
      1 1212
      2 1213
      2 1214
      3 1215
      2 1216
      5 1217
      6 1218
      2 1219
      1 1220
      3 1221
      1 1222
      1 1223
      1 1224
      1 1225
      2 1226
      3 1227
      1 1228
      1 1229
      3 1230
      1 1231
      2 1232
      1 1233
      2 1234
      1 1236
      4 1237
      1 1238
      6 1240
      2 1241
      2 1242
      4 1243
      4 1244
      2 1245
      2 1246
      2 1247
      3 1248
      4 1249
      3 1250
      1 1251
      2 1252
      2 1253
      3 1254
      3 1256
      1 1258
      3 1259
      2 1260
      1 1261
      1 1262
      3 1263
      3 1264
      2 1265
      1 1266
      1 1268
      1 1269
      2 1270
      1 1271
      2 1272
      1 1273
      3 1274
      1 1275
      4 1276
      2 1277
      3 1278
      1 1279
      2 1280
      2 1281
      3 1282
      1 1284
      1 1286
      1 1289
      1 1290
      1 1291
      3 1292
      1 1293
      3 1294
      3 1296
      1 1297
      1 1301
      2 1303
      1 1304
      2 1306
      3 1307
      1 1308
      1 1309
      1 1311
      1 1313
      1 1314
      1 1315
      2 1317
      1 1319
      1 1323
      3 1325
      1 1327
      1 1328
      1 1333
      1 1334
      5 1336
      2 1338
      2 1339
      1 1340
      2 1342
      1 1344
      2 1353
      2 1354
      1 1355
      1 1356
      1 1357
      1 1360
      3 1361
      1 1363
      2 1366
      2 1368
      2 1370
      3 1371
      2 1372
      1 1374
      1 1375
      1 1376
      1 1377
      1 1379
      1 1382
      2 1389
      1 1391
      1 1394
      1 1395
      1 1396
      1 1398
      1 1399
      1 1400
      1 1401
      1 1403
      1 1405
      1 1407
      2 1412
      1 1415
      1 1416
      1 1417
      1 1418
      1 1421
      1 1422
      2 1424
      1 1428
      1 1429
      1 1430
      1 1431
      2 1432
      1 1439
      1 1446
      3 1449
      1 1455
      2 1460
      2 1461
      2 1462
      1 1464
      1 1466
      1 1470
      2 1472
      1 1474
      2 1476
      1 1477
      2 1481
      1 1485
      1 1486
      1 1489
      1 1504
      1 1506
      1 1507
      1 1515
      1 1520
      1 1530
      1 1539
      1 1552
      1 1554
      1 1559
      1 1566
      1 1577
      1 1578
      1 1580
      1 1584
      1 1585
      1 1593
      1 1629
      1 1631
      1 1636
      1 1662
      1 1672
      1 1686
      1 1688
      1 1693
      1 1702
      1 1707
      1 1717
      1 1718
      1 1722
      1 1735
      1 1744
      1 1746
      1 1764
      1 1813
      1 1848
      1 1853
      1 1872
      1 1875
      1 1897
      1 1913
      1 1916
      1 1953
      1 1974
      1 1985
      1 1997
      1 2007
      1 2059
      1 2077
      1 2118
      1 2142
      1 2145
      1 2199
      1 2212
      1 2223
      1 2312
      1 2331
      1 2363
      1 2373
      1 2398
      1 2430
      1 2462
      1 2468
      1 2472
      1 2514
      1 2530
      1 2627
      1 2695
      1 2793
      1 2812
      1 2892
      1 2938
      1 2964
      1 3084
      1 3170
      1 3174
      1 3241
      1 3390
      1 3395
      1 3431
      1 3434
      1 3440
      1 3471
      1 3485
      1 3490
      1 3524
      1 3580
      1 3588
      1 3611
      1 3648
      1 3715
      1 3758
      1 3871
      1 4171
      1 4172
      1 4303
      1 4327
      1 4522
      1 4657
      1 4812
      1 4868
      1 5007
      1 5032
      1 5201
      1 5265
      1 5467
      1 5530
      1 5586
      1 5676
      1 5821
      1 5931
      1 6377
      1 6415
      1 6456
      1 6496
      1 6511
      1 6524
      1 6556
      1 6576
      1 6620
      1 6748
      1 6831
      1 6925
      1 6992
      1 7043
      1 7304
      1 7405
      1 7431
      1 7471
      1 7479
      1 7547
      1 7825
      1 8116
      1 8227
      1 8402
      1 8527
      1 8570
      1 8572
      1 8649
      1 8661
      1 9026
      1 9345
      1 9496
      1 9497
      1 9746
      1 9808
      1 9810
      1 9859
      1 9891
      1 9896
      1 9926
      1 9947
      1 9960
      1 9972
      1 9979
      1 9983
      1 9990
      1 10013
      1 10033
      1 10050
      1 10103
      1 10105
      1 10163
      1 10172
      1 10205
      1 10265
      1 10326
      1 10562
      1 10701
      1 10723
      1 11022
      1 11096
      1 11214
      1 11281
      1 11289
      1 11919
      1 12402
      1 12717
      1 12888
      1 13552
      1 13636
      1 14564
      1 14702
      1 19474
      1 20063
      1 24537
      1 29616
      1 29803
      1 33756
      1 38551
      1 38883
      1 39703
      1 39954
      1 40312
      1 40542
      1 42095
      1 45249
      1 49771
      1 58643
      1 60405
      1 61241
      1 62303
      1 62450
      1 67518
      1 69205
      1 72231
      1 75376
      1 76964
      1 85587
      1 87606
      1 90405
---AAD-PGBENCH-LAG-US---
