pgbench (18.6 (Debian 18.6-1.pgdg13+2))
starting vacuum...end.
transaction type: <builtin: select only>
scaling factor: 1000
query mode: simple
number of clients: 256
number of threads: 16
maximum number of tries: 1
duration: 60 s
number of transactions actually processed: 13253327
number of failed transactions: 0 (0.000%)
latency average = 1.173 ms
initial connection time = 462.708 ms
tps = 218157.405351 (without initial connection time)
---AAD-PGBENCH-LATENCY-US---
rc=0
samples=265408
      2 238
      1 245
      1 251
      1 252
      3 253
      2 256
      4 257
      5 258
      2 259
      4 260
      4 261
      1 262
      2 264
      3 265
      3 266
      4 267
      2 268
      6 269
      9 270
      5 271
      5 272
      8 273
      5 274
      5 275
      7 276
      6 277
      4 278
      5 279
     10 280
      7 281
      5 282
      4 283
      8 284
      3 285
     10 286
      6 287
      8 288
      6 289
      8 290
      5 291
      4 292
      8 293
      8 294
      3 295
      7 296
      4 297
      3 298
      4 299
      6 300
      9 301
      6 302
      8 303
      2 304
     12 305
      5 306
      5 307
      9 308
     10 309
      5 310
      7 311
      3 312
      6 313
      8 314
      8 315
      7 316
      4 317
     15 318
      8 319
     17 320
     10 321
     11 322
      7 323
     12 324
     11 325
      8 326
     18 327
     18 328
     25 329
     17 330
     24 331
     36 332
     24 333
     36 334
     32 335
     36 336
     37 337
     37 338
     35 339
     41 340
     43 341
     49 342
     59 343
     42 344
     65 345
     53 346
     58 347
     52 348
     43 349
     54 350
     47 351
     54 352
     46 353
     45 354
     37 355
     47 356
     45 357
     35 358
     36 359
     27 360
     33 361
     35 362
     23 363
     28 364
     32 365
     29 366
     26 367
     21 368
     21 369
     22 370
     41 371
     20 372
     24 373
     16 374
     18 375
     24 376
     33 377
     33 378
     24 379
     27 380
     23 381
     37 382
     42 383
     21 384
     34 385
     40 386
     30 387
     45 388
     40 389
     42 390
     58 391
     47 392
     56 393
     61 394
     78 395
     73 396
     41 397
     56 398
     69 399
     73 400
     91 401
     86 402
     94 403
    106 404
    101 405
    104 406
    127 407
    132 408
    141 409
    155 410
    157 411
    147 412
    145 413
    157 414
    144 415
    127 416
    135 417
    144 418
    126 419
    126 420
    126 421
    121 422
    113 423
     94 424
    111 425
     89 426
     77 427
     80 428
     72 429
     78 430
     81 431
     72 432
     61 433
     66 434
     66 435
     56 436
     67 437
     56 438
     49 439
     53 440
     67 441
     44 442
     50 443
     61 444
     43 445
     49 446
     45 447
     43 448
     45 449
     49 450
     47 451
     52 452
     46 453
     60 454
     48 455
     47 456
     52 457
     57 458
     58 459
     67 460
     63 461
     69 462
     56 463
     49 464
     78 465
     80 466
     69 467
     97 468
     90 469
    116 470
    100 471
    120 472
    101 473
     91 474
    110 475
    124 476
    109 477
    134 478
    127 479
    140 480
    132 481
    122 482
    117 483
    148 484
    147 485
    138 486
    126 487
    146 488
    117 489
    110 490
    108 491
    114 492
    127 493
    106 494
    103 495
    118 496
    107 497
     85 498
     86 499
     90 500
     98 501
     83 502
     76 503
     80 504
     58 505
     66 506
     79 507
     73 508
     74 509
     72 510
     53 511
     64 512
     73 513
     61 514
     60 515
     63 516
     56 517
     63 518
     77 519
     69 520
     74 521
     77 522
     61 523
     74 524
     81 525
     88 526
     82 527
    103 528
     94 529
     89 530
     92 531
     94 532
    124 533
    142 534
    119 535
    122 536
    147 537
    139 538
    141 539
    166 540
    171 541
    182 542
    202 543
    247 544
    206 545
    219 546
    221 547
    256 548
    259 549
    251 550
    244 551
    236 552
    255 553
    264 554
    271 555
    273 556
    280 557
    234 558
    258 559
    232 560
    247 561
    245 562
    222 563
    237 564
    205 565
    181 566
    205 567
    182 568
    176 569
    188 570
    175 571
    155 572
    179 573
    145 574
    167 575
    137 576
    168 577
    158 578
    147 579
    142 580
    158 581
    147 582
    160 583
    137 584
    140 585
    145 586
    141 587
    157 588
    166 589
    140 590
    149 591
    152 592
    149 593
    163 594
    168 595
    181 596
    184 597
    164 598
    161 599
    199 600
    213 601
    202 602
    236 603
    231 604
    239 605
    282 606
    256 607
    281 608
    301 609
    313 610
    311 611
    303 612
    369 613
    350 614
    372 615
    378 616
    389 617
    442 618
    433 619
    418 620
    435 621
    439 622
    441 623
    437 624
    431 625
    415 626
    434 627
    411 628
    381 629
    375 630
    381 631
    356 632
    353 633
    343 634
    353 635
    330 636
    329 637
    248 638
    295 639
    294 640
    273 641
    273 642
    274 643
    255 644
    206 645
    226 646
    235 647
    219 648
    213 649
    206 650
    219 651
    223 652
    220 653
    193 654
    198 655
    190 656
    211 657
    186 658
    213 659
    217 660
    203 661
    193 662
    200 663
    229 664
    194 665
    227 666
    195 667
    206 668
    217 669
    255 670
    257 671
    245 672
    274 673
    277 674
    283 675
    316 676
    284 677
    373 678
    336 679
    379 680
    366 681
    348 682
    382 683
    402 684
    396 685
    433 686
    417 687
    437 688
    455 689
    452 690
    438 691
    436 692
    410 693
    457 694
    407 695
    404 696
    393 697
    375 698
    382 699
    347 700
    354 701
    344 702
    324 703
    328 704
    327 705
    293 706
    290 707
    280 708
    273 709
    268 710
    276 711
    279 712
    202 713
    232 714
    241 715
    237 716
    213 717
    221 718
    218 719
    214 720
    241 721
    199 722
    191 723
    213 724
    180 725
    240 726
    206 727
    199 728
    184 729
    207 730
    193 731
    202 732
    189 733
    200 734
    190 735
    190 736
    207 737
    198 738
    222 739
    210 740
    199 741
    245 742
    231 743
    238 744
    257 745
    268 746
    263 747
    302 748
    299 749
    272 750
    305 751
    302 752
    332 753
    337 754
    327 755
    353 756
    327 757
    334 758
    365 759
    372 760
    379 761
    373 762
    332 763
    319 764
    362 765
    316 766
    313 767
    343 768
    332 769
    292 770
    303 771
    304 772
    259 773
    235 774
    294 775
    270 776
    246 777
    214 778
    224 779
    219 780
    237 781
    209 782
    218 783
    193 784
    204 785
    191 786
    204 787
    214 788
    175 789
    171 790
    180 791
    163 792
    194 793
    152 794
    190 795
    177 796
    167 797
    171 798
    165 799
    161 800
    167 801
    202 802
    218 803
    173 804
    175 805
    168 806
    194 807
    186 808
    186 809
    198 810
    210 811
    214 812
    218 813
    271 814
    211 815
    256 816
    274 817
    270 818
    285 819
    288 820
    318 821
    318 822
    328 823
    277 824
    319 825
    321 826
    346 827
    380 828
    328 829
    367 830
    385 831
    343 832
    323 833
    371 834
    330 835
    322 836
    330 837
    305 838
    311 839
    280 840
    306 841
    288 842
    264 843
    264 844
    252 845
    252 846
    246 847
    244 848
    254 849
    228 850
    208 851
    223 852
    186 853
    232 854
    194 855
    192 856
    220 857
    205 858
    174 859
    198 860
    173 861
    188 862
    200 863
    192 864
    182 865
    210 866
    190 867
    206 868
    165 869
    211 870
    236 871
    199 872
    234 873
    208 874
    217 875
    245 876
    216 877
    226 878
    204 879
    255 880
    225 881
    255 882
    261 883
    240 884
    286 885
    259 886
    308 887
    301 888
    316 889
    299 890
    317 891
    323 892
    348 893
    368 894
    361 895
    394 896
    369 897
    352 898
    382 899
    365 900
    364 901
    349 902
    335 903
    365 904
    373 905
    339 906
    313 907
    310 908
    306 909
    328 910
    285 911
    291 912
    276 913
    294 914
    241 915
    247 916
    250 917
    268 918
    255 919
    217 920
    269 921
    236 922
    248 923
    211 924
    241 925
    215 926
    233 927
    214 928
    205 929
    194 930
    247 931
    209 932
    206 933
    230 934
    213 935
    210 936
    218 937
    206 938
    192 939
    199 940
    219 941
    207 942
    185 943
    217 944
    234 945
    227 946
    229 947
    249 948
    256 949
    211 950
    217 951
    236 952
    271 953
    244 954
    270 955
    278 956
    300 957
    321 958
    306 959
    307 960
    325 961
    337 962
    302 963
    367 964
    365 965
    351 966
    340 967
    325 968
    349 969
    335 970
    357 971
    371 972
    325 973
    283 974
    314 975
    339 976
    306 977
    294 978
    305 979
    298 980
    272 981
    293 982
    268 983
    242 984
    263 985
    238 986
    228 987
    211 988
    219 989
    198 990
    224 991
    207 992
    220 993
    187 994
    203 995
    180 996
    199 997
    193 998
    182 999
    198 1000
    204 1001
    192 1002
    189 1003
    182 1004
    170 1005
    178 1006
    195 1007
    188 1008
    189 1009
    176 1010
    202 1011
    187 1012
    185 1013
    194 1014
    198 1015
    198 1016
    215 1017
    225 1018
    197 1019
    187 1020
    201 1021
    250 1022
    207 1023
    237 1024
    223 1025
    239 1026
    240 1027
    277 1028
    272 1029
    250 1030
    278 1031
    287 1032
    290 1033
    281 1034
    300 1035
    287 1036
    310 1037
    308 1038
    280 1039
    292 1040
    297 1041
    283 1042
    241 1043
    243 1044
    244 1045
    238 1046
    214 1047
    230 1048
    215 1049
    214 1050
    217 1051
    220 1052
    205 1053
    213 1054
    214 1055
    201 1056
    209 1057
    192 1058
    187 1059
    176 1060
    183 1061
    169 1062
    159 1063
    177 1064
    196 1065
    162 1066
    157 1067
    146 1068
    152 1069
    146 1070
    131 1071
    147 1072
    165 1073
    152 1074
    153 1075
    148 1076
    153 1077
    134 1078
    146 1079
    154 1080
    144 1081
    166 1082
    157 1083
    169 1084
    160 1085
    170 1086
    158 1087
    167 1088
    182 1089
    169 1090
    176 1091
    170 1092
    195 1093
    192 1094
    178 1095
    179 1096
    205 1097
    210 1098
    196 1099
    211 1100
    191 1101
    224 1102
    233 1103
    232 1104
    229 1105
    236 1106
    228 1107
    212 1108
    212 1109
    231 1110
    212 1111
    246 1112
    207 1113
    216 1114
    184 1115
    194 1116
    200 1117
    175 1118
    168 1119
    180 1120
    174 1121
    168 1122
    175 1123
    154 1124
    166 1125
    148 1126
    159 1127
    141 1128
    146 1129
    128 1130
    129 1131
    134 1132
    128 1133
    137 1134
    112 1135
    124 1136
    127 1137
    128 1138
    140 1139
    144 1140
    122 1141
    134 1142
    115 1143
    124 1144
    140 1145
    101 1146
     93 1147
    109 1148
    104 1149
    126 1150
    107 1151
    120 1152
    100 1153
    127 1154
    131 1155
    125 1156
    128 1157
    135 1158
    139 1159
    122 1160
    139 1161
    143 1162
    169 1163
    146 1164
    141 1165
    177 1166
    155 1167
    154 1168
    144 1169
    157 1170
    138 1171
    158 1172
    177 1173
    174 1174
    185 1175
    157 1176
    174 1177
    150 1178
    183 1179
    147 1180
    153 1181
    157 1182
    162 1183
    163 1184
    174 1185
    162 1186
    131 1187
    156 1188
    137 1189
    143 1190
    122 1191
    121 1192
    148 1193
    118 1194
    118 1195
    108 1196
    117 1197
    105 1198
    106 1199
    112 1200
    109 1201
     87 1202
     96 1203
    115 1204
     98 1205
     96 1206
    114 1207
     99 1208
    100 1209
     65 1210
     92 1211
     98 1212
     75 1213
     73 1214
     87 1215
     97 1216
    103 1217
     93 1218
     82 1219
     84 1220
     96 1221
     92 1222
     82 1223
     88 1224
    111 1225
    112 1226
    113 1227
    111 1228
    107 1229
    100 1230
    126 1231
    128 1232
    115 1233
    111 1234
    110 1235
    128 1236
    134 1237
    138 1238
    151 1239
    141 1240
    139 1241
    132 1242
    128 1243
    130 1244
    137 1245
    145 1246
    160 1247
    139 1248
    149 1249
    134 1250
    114 1251
    129 1252
    127 1253
    123 1254
    115 1255
    137 1256
    116 1257
    139 1258
    113 1259
    113 1260
     83 1261
     99 1262
    112 1263
    113 1264
     90 1265
    100 1266
    108 1267
     77 1268
     85 1269
     81 1270
     91 1271
     79 1272
     94 1273
     89 1274
     84 1275
    115 1276
     97 1277
     87 1278
     82 1279
     88 1280
    106 1281
     91 1282
     97 1283
     87 1284
     91 1285
     82 1286
     90 1287
     84 1288
     68 1289
     79 1290
     84 1291
     75 1292
     82 1293
     97 1294
    101 1295
    101 1296
    110 1297
     84 1298
     91 1299
    102 1300
    106 1301
    105 1302
    111 1303
    133 1304
    100 1305
    118 1306
     96 1307
    141 1308
     97 1309
    100 1310
    114 1311
    116 1312
    139 1313
    142 1314
    110 1315
    103 1316
    126 1317
    131 1318
    115 1319
    101 1320
    124 1321
    119 1322
    100 1323
    106 1324
    108 1325
     99 1326
    109 1327
     80 1328
     98 1329
     98 1330
    101 1331
     91 1332
     97 1333
     89 1334
     92 1335
     89 1336
     77 1337
     74 1338
     93 1339
     81 1340
     65 1341
     86 1342
     83 1343
     69 1344
     68 1345
     80 1346
     60 1347
     73 1348
     69 1349
     55 1350
     66 1351
     85 1352
     60 1353
     84 1354
     81 1355
     87 1356
     75 1357
     74 1358
     89 1359
     79 1360
     90 1361
     76 1362
     70 1363
     87 1364
     72 1365
     99 1366
     93 1367
     96 1368
     74 1369
    100 1370
     91 1371
     96 1372
    110 1373
     99 1374
    117 1375
    102 1376
    117 1377
    111 1378
    106 1379
    124 1380
    101 1381
    126 1382
    124 1383
    133 1384
    113 1385
    107 1386
    129 1387
    106 1388
    123 1389
    115 1390
     94 1391
    115 1392
     97 1393
     90 1394
    103 1395
    113 1396
     84 1397
     87 1398
     92 1399
    109 1400
     88 1401
     88 1402
     80 1403
     97 1404
    109 1405
     76 1406
     87 1407
     74 1408
     80 1409
     87 1410
     84 1411
     87 1412
     78 1413
     86 1414
     93 1415
     81 1416
     73 1417
     65 1418
     64 1419
     80 1420
     77 1421
     80 1422
     81 1423
     78 1424
     87 1425
     75 1426
     71 1427
     69 1428
     85 1429
     72 1430
     86 1431
     82 1432
     78 1433
     69 1434
    107 1435
     89 1436
     88 1437
     85 1438
     79 1439
     82 1440
     83 1441
     97 1442
     96 1443
    111 1444
    111 1445
     96 1446
     97 1447
    102 1448
    122 1449
    108 1450
    125 1451
    117 1452
    117 1453
    127 1454
    116 1455
    111 1456
    115 1457
    110 1458
    118 1459
    100 1460
    123 1461
    100 1462
    107 1463
     91 1464
    123 1465
     95 1466
     98 1467
    108 1468
     90 1469
     81 1470
     90 1471
     92 1472
     93 1473
     92 1474
     91 1475
     96 1476
     77 1477
     86 1478
     78 1479
     85 1480
     62 1481
     83 1482
     80 1483
     65 1484
     79 1485
     83 1486
     86 1487
     73 1488
     76 1489
     78 1490
     89 1491
     79 1492
     80 1493
     68 1494
     92 1495
     74 1496
     70 1497
     70 1498
     92 1499
     92 1500
     93 1501
     80 1502
     72 1503
     93 1504
     83 1505
    103 1506
     99 1507
    103 1508
    117 1509
     94 1510
     86 1511
    117 1512
     94 1513
    112 1514
    122 1515
    113 1516
    120 1517
    110 1518
    105 1519
    113 1520
    109 1521
    130 1522
    113 1523
    103 1524
    105 1525
    109 1526
    107 1527
    117 1528
    100 1529
     99 1530
    101 1531
    121 1532
     94 1533
     95 1534
    101 1535
     98 1536
    106 1537
     97 1538
    110 1539
     83 1540
     89 1541
     83 1542
     65 1543
     93 1544
    100 1545
     88 1546
     72 1547
     85 1548
     72 1549
     96 1550
     81 1551
     80 1552
     85 1553
     72 1554
     72 1555
     75 1556
     84 1557
     68 1558
     74 1559
     83 1560
     71 1561
     72 1562
     91 1563
     78 1564
     77 1565
     85 1566
     82 1567
     71 1568
     84 1569
     92 1570
     76 1571
     90 1572
     89 1573
     92 1574
     86 1575
     88 1576
     94 1577
    102 1578
     97 1579
     91 1580
     92 1581
     92 1582
     97 1583
     88 1584
     97 1585
    116 1586
     99 1587
    110 1588
    120 1589
    113 1590
    107 1591
    113 1592
    111 1593
     98 1594
    108 1595
    130 1596
    100 1597
    101 1598
    101 1599
     96 1600
     88 1601
    105 1602
     93 1603
     85 1604
     90 1605
     89 1606
     93 1607
     92 1608
     82 1609
     88 1610
     93 1611
    107 1612
     85 1613
     86 1614
     78 1615
     89 1616
     91 1617
     80 1618
     70 1619
     90 1620
     88 1621
     78 1622
     74 1623
     70 1624
     81 1625
     83 1626
     72 1627
     62 1628
     79 1629
     74 1630
     89 1631
     73 1632
     86 1633
     74 1634
     74 1635
     80 1636
     91 1637
     77 1638
     88 1639
     67 1640
     86 1641
     65 1642
     86 1643
     89 1644
     70 1645
     90 1646
     72 1647
     84 1648
     86 1649
     82 1650
     92 1651
    106 1652
     99 1653
     98 1654
    116 1655
    113 1656
    114 1657
     93 1658
    113 1659
    101 1660
    106 1661
     98 1662
     99 1663
     85 1664
    114 1665
    104 1666
    113 1667
    112 1668
     91 1669
    106 1670
    108 1671
    101 1672
     89 1673
     76 1674
    100 1675
     88 1676
     82 1677
     87 1678
     92 1679
     80 1680
     76 1681
     81 1682
     80 1683
     83 1684
     74 1685
     67 1686
     89 1687
     79 1688
     93 1689
     85 1690
     91 1691
     62 1692
     69 1693
     72 1694
     88 1695
     70 1696
     63 1697
     57 1698
     75 1699
     70 1700
     71 1701
     81 1702
     70 1703
     71 1704
     80 1705
     63 1706
     75 1707
     76 1708
     74 1709
     71 1710
     80 1711
     84 1712
     79 1713
     89 1714
     95 1715
     86 1716
     94 1717
     92 1718
     95 1719
     90 1720
     84 1721
     99 1722
     92 1723
     84 1724
     95 1725
     94 1726
     86 1727
    110 1728
     97 1729
     89 1730
     92 1731
     95 1732
     76 1733
     94 1734
     97 1735
     94 1736
     91 1737
    105 1738
     93 1739
     87 1740
     94 1741
     75 1742
     84 1743
     88 1744
     87 1745
     89 1746
     69 1747
     95 1748
     76 1749
     80 1750
     74 1751
     87 1752
     82 1753
     82 1754
     76 1755
     69 1756
     84 1757
     69 1758
     67 1759
     71 1760
     66 1761
    105 1762
     76 1763
     82 1764
     70 1765
     74 1766
     71 1767
     67 1768
     77 1769
     79 1770
     56 1771
     73 1772
     72 1773
     66 1774
     76 1775
     68 1776
     76 1777
     67 1778
     77 1779
     77 1780
     73 1781
     90 1782
     64 1783
     90 1784
     90 1785
     85 1786
     81 1787
     82 1788
     92 1789
     94 1790
     88 1791
     90 1792
     92 1793
     88 1794
     93 1795
    105 1796
     82 1797
     92 1798
     84 1799
     91 1800
     81 1801
    104 1802
    100 1803
     89 1804
    102 1805
     89 1806
     95 1807
     79 1808
     94 1809
     75 1810
     77 1811
     70 1812
     85 1813
     96 1814
     75 1815
     73 1816
     98 1817
     75 1818
     88 1819
     65 1820
     76 1821
     56 1822
     67 1823
     73 1824
     67 1825
     73 1826
     67 1827
     67 1828
     81 1829
     68 1830
     60 1831
     62 1832
     72 1833
     56 1834
     56 1835
     64 1836
     64 1837
     77 1838
     68 1839
     69 1840
     61 1841
     67 1842
     70 1843
     64 1844
     55 1845
     80 1846
     60 1847
     74 1848
     63 1849
     59 1850
     71 1851
     75 1852
     76 1853
     65 1854
     70 1855
     74 1856
     76 1857
     74 1858
     73 1859
     77 1860
     76 1861
     72 1862
     84 1863
     80 1864
    100 1865
     78 1866
     70 1867
     82 1868
     73 1869
     97 1870
     97 1871
     88 1872
     78 1873
     93 1874
     74 1875
     73 1876
     89 1877
     78 1878
     76 1879
     56 1880
     74 1881
     98 1882
     57 1883
     64 1884
     65 1885
     65 1886
     59 1887
     63 1888
     73 1889
     65 1890
     69 1891
     51 1892
     64 1893
     68 1894
     60 1895
     52 1896
     58 1897
     63 1898
     59 1899
     68 1900
     74 1901
     66 1902
     61 1903
     73 1904
     58 1905
     60 1906
     78 1907
     57 1908
     61 1909
     71 1910
     60 1911
     64 1912
     60 1913
     85 1914
     44 1915
     54 1916
     72 1917
     67 1918
     63 1919
     55 1920
     52 1921
     76 1922
     79 1923
     61 1924
     75 1925
     86 1926
     71 1927
     74 1928
     70 1929
     86 1930
     76 1931
     76 1932
     76 1933
     76 1934
     82 1935
     68 1936
     63 1937
     89 1938
     78 1939
     85 1940
     72 1941
     92 1942
     66 1943
     82 1944
     76 1945
     82 1946
     67 1947
     66 1948
     65 1949
     78 1950
     63 1951
     60 1952
     76 1953
     68 1954
     52 1955
     60 1956
     62 1957
     61 1958
     43 1959
     53 1960
     61 1961
     43 1962
     52 1963
     48 1964
     52 1965
     63 1966
     64 1967
     65 1968
     53 1969
     42 1970
     45 1971
     56 1972
     53 1973
     55 1974
     47 1975
     51 1976
     49 1977
     56 1978
     51 1979
     60 1980
     66 1981
     39 1982
     64 1983
     53 1984
     56 1985
     54 1986
     65 1987
     49 1988
     74 1989
     75 1990
     62 1991
     60 1992
     66 1993
     50 1994
     59 1995
     54 1996
     57 1997
     59 1998
     61 1999
     71 2000
     68 2001
     70 2002
     71 2003
     80 2004
     94 2005
     67 2006
     62 2007
     72 2008
     71 2009
     72 2010
     77 2011
     64 2012
     73 2013
     61 2014
     43 2015
     50 2016
     69 2017
     51 2018
     51 2019
     64 2020
     55 2021
     75 2022
     60 2023
     49 2024
     58 2025
     51 2026
     51 2027
     55 2028
     49 2029
     48 2030
     52 2031
     51 2032
     54 2033
     49 2034
     50 2035
     61 2036
     43 2037
     51 2038
     52 2039
     33 2040
     49 2041
     51 2042
     44 2043
     41 2044
     43 2045
     41 2046
     52 2047
     38 2048
     46 2049
     45 2050
     51 2051
     35 2052
     51 2053
     55 2054
     42 2055
     43 2056
     43 2057
     51 2058
     39 2059
     45 2060
     38 2061
     61 2062
     46 2063
     47 2064
     60 2065
     60 2066
     58 2067
     61 2068
     58 2069
     61 2070
     70 2071
     76 2072
     72 2073
     64 2074
     60 2075
     57 2076
     55 2077
     54 2078
     59 2079
     59 2080
     40 2081
     39 2082
     64 2083
     51 2084
     59 2085
     53 2086
     53 2087
     53 2088
     48 2089
     53 2090
     48 2091
     44 2092
     47 2093
     49 2094
     35 2095
     53 2096
     52 2097
     40 2098
     41 2099
     53 2100
     37 2101
     39 2102
     45 2103
     39 2104
     21 2105
     47 2106
     41 2107
     35 2108
     49 2109
     42 2110
     46 2111
     41 2112
     35 2113
     39 2114
     26 2115
     36 2116
     37 2117
     39 2118
     46 2119
     32 2120
     36 2121
     41 2122
     43 2123
     38 2124
     43 2125
     40 2126
     42 2127
     45 2128
     40 2129
     43 2130
     42 2131
     52 2132
     49 2133
     52 2134
     47 2135
     54 2136
     60 2137
     50 2138
     49 2139
     51 2140
     52 2141
     50 2142
     53 2143
     53 2144
     57 2145
     54 2146
     53 2147
     41 2148
     38 2149
     56 2150
     46 2151
     39 2152
     50 2153
     36 2154
     45 2155
     58 2156
     46 2157
     40 2158
     40 2159
     41 2160
     39 2161
     32 2162
     51 2163
     56 2164
     43 2165
     36 2166
     35 2167
     32 2168
     56 2169
     32 2170
     45 2171
     38 2172
     42 2173
     35 2174
     36 2175
     43 2176
     34 2177
     35 2178
     35 2179
     36 2180
     39 2181
     36 2182
     38 2183
     32 2184
     33 2185
     39 2186
     31 2187
     28 2188
     30 2189
     32 2190
     38 2191
     46 2192
     34 2193
     39 2194
     48 2195
     38 2196
     32 2197
     45 2198
     38 2199
     36 2200
     48 2201
     32 2202
     39 2203
     39 2204
     43 2205
     40 2206
     43 2207
     48 2208
     51 2209
     55 2210
     37 2211
     44 2212
     48 2213
     48 2214
     34 2215
     38 2216
     48 2217
     34 2218
     43 2219
     40 2220
     42 2221
     51 2222
     39 2223
     42 2224
     40 2225
     37 2226
     37 2227
     40 2228
     36 2229
     25 2230
     33 2231
     33 2232
     30 2233
     38 2234
     26 2235
     43 2236
     34 2237
     43 2238
     33 2239
     21 2240
     40 2241
     29 2242
     30 2243
     31 2244
     33 2245
     26 2246
     27 2247
     36 2248
     30 2249
     17 2250
     29 2251
     41 2252
     30 2253
     28 2254
     37 2255
     28 2256
     31 2257
     24 2258
     36 2259
     25 2260
     33 2261
     38 2262
     22 2263
     34 2264
     27 2265
     33 2266
     32 2267
     34 2268
     34 2269
     29 2270
     32 2271
     36 2272
     27 2273
     33 2274
     34 2275
     30 2276
     40 2277
     21 2278
     34 2279
     37 2280
     39 2281
     39 2282
     42 2283
     33 2284
     41 2285
     19 2286
     34 2287
     38 2288
     28 2289
     33 2290
     39 2291
     38 2292
     36 2293
     37 2294
     30 2295
     36 2296
     30 2297
     38 2298
     28 2299
     24 2300
     21 2301
     23 2302
     27 2303
     29 2304
     26 2305
     26 2306
     39 2307
     26 2308
     25 2309
     22 2310
     28 2311
     29 2312
     26 2313
     31 2314
     26 2315
     18 2316
     20 2317
     22 2318
     32 2319
     27 2320
     33 2321
     34 2322
     29 2323
     24 2324
     32 2325
     37 2326
     16 2327
     25 2328
     26 2329
     32 2330
     22 2331
     16 2332
     17 2333
     15 2334
     30 2335
     25 2336
     31 2337
     28 2338
     27 2339
     39 2340
     30 2341
     22 2342
     30 2343
     35 2344
     34 2345
     21 2346
     40 2347
     31 2348
     29 2349
     37 2350
     22 2351
     33 2352
     33 2353
     32 2354
     27 2355
     31 2356
     19 2357
     35 2358
     29 2359
     30 2360
     22 2361
     20 2362
     16 2363
     32 2364
     17 2365
     29 2366
     31 2367
     27 2368
     20 2369
     34 2370
     21 2371
     26 2372
     27 2373
     25 2374
     24 2375
     16 2376
     22 2377
     24 2378
     16 2379
     23 2380
     24 2381
     29 2382
     22 2383
     20 2384
     34 2385
     22 2386
     21 2387
     19 2388
     15 2389
     21 2390
     21 2391
     20 2392
     17 2393
     18 2394
     15 2395
     31 2396
     12 2397
     27 2398
     19 2399
     19 2400
     24 2401
     18 2402
     17 2403
     26 2404
     19 2405
     22 2406
     15 2407
     22 2408
     15 2409
     18 2410
     19 2411
     23 2412
     22 2413
     25 2414
     27 2415
     30 2416
     24 2417
     23 2418
     19 2419
     22 2420
     24 2421
     25 2422
     27 2423
     23 2424
     29 2425
     25 2426
     32 2427
     19 2428
     25 2429
     26 2430
     26 2431
     22 2432
     16 2433
     22 2434
     20 2435
     25 2436
     20 2437
     19 2438
     26 2439
     18 2440
     19 2441
     28 2442
     25 2443
     19 2444
     15 2445
     18 2446
     20 2447
     16 2448
     20 2449
     16 2450
     14 2451
     17 2452
     20 2453
     16 2454
     14 2455
     16 2456
     23 2457
     17 2458
     17 2459
     14 2460
     22 2461
     16 2462
     17 2463
     18 2464
     23 2465
     17 2466
     18 2467
     18 2468
     16 2469
      8 2470
     17 2471
     22 2472
     23 2473
     10 2474
     22 2475
     14 2476
     18 2477
     13 2478
     26 2479
     17 2480
     23 2481
     18 2482
     25 2483
     32 2484
     22 2485
     15 2486
     16 2487
     16 2488
     21 2489
     21 2490
     16 2491
     20 2492
     23 2493
     18 2494
     23 2495
     21 2496
     22 2497
     11 2498
     22 2499
     22 2500
     20 2501
     16 2502
     19 2503
     26 2504
     18 2505
     20 2506
     17 2507
     13 2508
     20 2509
     26 2510
     13 2511
     18 2512
     17 2513
     11 2514
     16 2515
     13 2516
      8 2517
     13 2518
      9 2519
     13 2520
     17 2521
      9 2522
     19 2523
     11 2524
     14 2525
     12 2526
     13 2527
     15 2528
     14 2529
     13 2530
     17 2531
     17 2532
     14 2533
     16 2534
     16 2535
     16 2536
     16 2537
     11 2538
     11 2539
      8 2540
     16 2541
     21 2542
     20 2543
     15 2544
     13 2545
     13 2546
     10 2547
     16 2548
     19 2549
     16 2550
     19 2551
     18 2552
     18 2553
     13 2554
     19 2555
     12 2556
      9 2557
     17 2558
     12 2559
     17 2560
     18 2561
      9 2562
     22 2563
     14 2564
     18 2565
     19 2566
     12 2567
     13 2568
     19 2569
     13 2570
      8 2571
     17 2572
     19 2573
     16 2574
     19 2575
     21 2576
     15 2577
     16 2578
     13 2579
      7 2580
     18 2581
     13 2582
     15 2583
     14 2584
     15 2585
     12 2586
     12 2587
     18 2588
     15 2589
      8 2590
     13 2591
     15 2592
      9 2593
     16 2594
     17 2595
     11 2596
     13 2597
      9 2598
     12 2599
      9 2600
      8 2601
     13 2602
     14 2603
     10 2604
      6 2605
     12 2606
     14 2607
     10 2608
     12 2609
     11 2610
     14 2611
     15 2612
     16 2613
      8 2614
     19 2615
     15 2616
     13 2617
     15 2618
     13 2619
     13 2620
     12 2621
     19 2622
     12 2623
     16 2624
      8 2625
     14 2626
     18 2627
     11 2628
     13 2629
     12 2630
     20 2631
     16 2632
     13 2633
     13 2634
     14 2635
     15 2636
     10 2637
     15 2638
     12 2639
      6 2640
     20 2641
      6 2642
     14 2643
     12 2644
     14 2645
     17 2646
      6 2647
      8 2648
     10 2649
     12 2650
      9 2651
     11 2652
     12 2653
     12 2654
      9 2655
     11 2656
      8 2657
      7 2658
      6 2659
     10 2660
     10 2661
      7 2662
      8 2663
     14 2664
      9 2665
      8 2666
      8 2667
      4 2668
      6 2669
     11 2670
      5 2671
      7 2672
      5 2673
     11 2674
     10 2675
     11 2676
     11 2677
      9 2678
      4 2679
      3 2680
      9 2681
      9 2682
     10 2683
      8 2684
     11 2685
     13 2686
      8 2687
     14 2688
     13 2689
     11 2690
      9 2691
     11 2692
      7 2693
     10 2694
     12 2695
     10 2696
     13 2697
     11 2698
      8 2699
      8 2700
     11 2701
     10 2702
      6 2703
     10 2704
      4 2705
      7 2706
      9 2707
      8 2708
     12 2709
      8 2710
      9 2711
      8 2712
      7 2713
      5 2714
      4 2715
     11 2716
      5 2717
      3 2718
     11 2719
     10 2720
      6 2721
     12 2722
      4 2723
      8 2724
      6 2725
      7 2726
      9 2727
     10 2728
     10 2729
      7 2730
      6 2731
      6 2732
      7 2733
      9 2734
      7 2735
      6 2736
      7 2737
      8 2738
      5 2739
     10 2740
     10 2741
      4 2742
      4 2743
      5 2744
      7 2745
      6 2746
      6 2747
     10 2748
      7 2749
      9 2750
     11 2751
      7 2752
      7 2753
      6 2754
      9 2755
      5 2756
      8 2757
      5 2758
      8 2759
      7 2760
      9 2761
      8 2762
      4 2763
      8 2764
     10 2765
      9 2766
      9 2767
      7 2768
      5 2769
      8 2770
      5 2771
      5 2772
     10 2773
      8 2774
      4 2775
      6 2776
      6 2777
      8 2778
      5 2779
      8 2780
      7 2781
      8 2782
      8 2783
      9 2784
      9 2785
      8 2786
      6 2787
      3 2788
      4 2789
      2 2790
      7 2791
      7 2792
      4 2793
      8 2794
     12 2795
      5 2796
      4 2797
      5 2798
      7 2799
      4 2800
      6 2801
     10 2802
      5 2803
      8 2804
      6 2805
      5 2806
      5 2807
      5 2808
      4 2809
      9 2810
      7 2811
      8 2812
      8 2813
      7 2815
      3 2816
      9 2817
      3 2818
      6 2819
      8 2820
      7 2821
      4 2822
      4 2823
      4 2824
      6 2825
      5 2826
      6 2827
      4 2828
      7 2829
      2 2830
      7 2831
      6 2832
      7 2833
      9 2834
      4 2835
      8 2836
      5 2837
      3 2838
      7 2839
      4 2840
      5 2841
      3 2842
      2 2843
      6 2844
      5 2845
      7 2846
      2 2847
      6 2848
      4 2849
      4 2850
      5 2851
      7 2852
      4 2853
      7 2854
      5 2855
      7 2856
      7 2857
      6 2858
      2 2859
      9 2860
      2 2861
      5 2862
      2 2863
      5 2864
      3 2865
      6 2866
      1 2867
      2 2868
      4 2869
      5 2870
      5 2871
      2 2872
      7 2873
      2 2874
      4 2875
      6 2876
      4 2877
      9 2878
      3 2879
      7 2880
      7 2881
      8 2882
      6 2883
      6 2884
      3 2885
      6 2886
      3 2887
      4 2888
      5 2889
      4 2890
      3 2891
      6 2892
      4 2893
      6 2894
      6 2895
      2 2896
      5 2897
      7 2898
      4 2899
      7 2900
      4 2901
      6 2902
      5 2903
      4 2904
      5 2905
      4 2906
      6 2907
      4 2908
      4 2909
      2 2910
      6 2911
      3 2912
      4 2913
      4 2914
      5 2915
      7 2916
      6 2917
      3 2918
      3 2919
      5 2920
      8 2921
      6 2922
      4 2923
      5 2924
      7 2925
      4 2926
      3 2927
      5 2928
      5 2929
      2 2930
      6 2931
      4 2932
      3 2933
      3 2934
      6 2935
      1 2936
      1 2937
      2 2938
      6 2939
      7 2940
      4 2941
      3 2942
      5 2943
      6 2944
      1 2945
      5 2946
      3 2947
      4 2948
      6 2949
      3 2950
      3 2951
      2 2952
      4 2953
      4 2954
      4 2955
      3 2956
      3 2957
      3 2958
      4 2959
      1 2960
      2 2961
      4 2962
      7 2963
      2 2964
      5 2965
      4 2966
      4 2967
      6 2968
      2 2969
      4 2970
      3 2971
      7 2972
      8 2973
      6 2974
      2 2975
      5 2976
      5 2977
      4 2978
      6 2979
      2 2980
      4 2981
      2 2982
      1 2983
      6 2984
      3 2985
      1 2986
      7 2987
      7 2988
      2 2989
      5 2991
      5 2992
      4 2993
      7 2994
      4 2996
      7 2997
      4 2998
      4 2999
      1 3000
      3 3001
      3 3002
      3 3003
      3 3004
      5 3005
      1 3006
      1 3007
      3 3008
      2 3009
      2 3011
      4 3012
      2 3013
      5 3014
      2 3015
      5 3016
      1 3017
      3 3018
      2 3019
      6 3020
      1 3021
      3 3022
      3 3023
      6 3024
      5 3025
      5 3026
      2 3028
      3 3029
      3 3030
      2 3031
      3 3032
      4 3033
      4 3034
      3 3035
      3 3036
      4 3038
      3 3040
      3 3041
      1 3042
      3 3043
      2 3044
      2 3045
      3 3046
      1 3047
      2 3048
      7 3049
      4 3050
      2 3051
      2 3052
      2 3053
      2 3054
      3 3055
      2 3056
      3 3057
      7 3058
      2 3059
      3 3060
      3 3061
      4 3062
      4 3063
      1 3064
      5 3065
      1 3067
      2 3068
      2 3069
      4 3070
      6 3071
      2 3072
      1 3077
      3 3078
      3 3079
      2 3080
      4 3081
      2 3082
      2 3083
      2 3084
      2 3085
      1 3086
      2 3087
      3 3088
      1 3089
      3 3090
      2 3091
      2 3092
      1 3094
      3 3095
      1 3096
      1 3097
      4 3098
      3 3099
      3 3100
      1 3101
      2 3102
      2 3103
      5 3104
      1 3105
      2 3106
      3 3107
      4 3108
      2 3109
      2 3110
      2 3112
      1 3113
      2 3114
      5 3115
      4 3116
      5 3117
      4 3118
      4 3119
      5 3120
      2 3121
      2 3122
      2 3123
      2 3124
      2 3125
      1 3126
      3 3127
      2 3130
      2 3131
      1 3132
      1 3133
      2 3134
      3 3135
      1 3136
      2 3137
      2 3139
      3 3140
      1 3141
      1 3142
      4 3143
      1 3145
      1 3146
      2 3147
      1 3149
      1 3150
      2 3151
      4 3152
      4 3153
      3 3154
      3 3155
      2 3156
      3 3157
      3 3158
      1 3159
      2 3160
      1 3161
      3 3162
      4 3163
      2 3164
      1 3165
      3 3166
      1 3169
      1 3170
      4 3171
      1 3172
      1 3173
      2 3174
      1 3175
      3 3176
      1 3177
      1 3178
      1 3179
      3 3180
      2 3181
      2 3182
      1 3183
      1 3184
      4 3186
      5 3187
      3 3188
      1 3189
      4 3193
      3 3194
      2 3196
      1 3197
      3 3198
      3 3199
      4 3200
      1 3201
      3 3203
      1 3204
      2 3205
      2 3206
      1 3208
      2 3209
      1 3210
      1 3211
      4 3212
      3 3213
      1 3214
      2 3215
      2 3216
      3 3219
      3 3220
      2 3221
      2 3223
      1 3224
      3 3225
      2 3227
      1 3228
      1 3229
      1 3230
      2 3231
      1 3235
      2 3236
      2 3237
      3 3238
      2 3239
      3 3240
      3 3241
      1 3242
      1 3243
      1 3244
      2 3246
      2 3247
      2 3248
      1 3249
      3 3250
      1 3251
      3 3253
      2 3255
      1 3256
      1 3257
      3 3259
      3 3261
      1 3262
      2 3264
      2 3265
      1 3266
      2 3267
      1 3268
      2 3270
      4 3271
      1 3272
      4 3273
      1 3274
      1 3276
      1 3277
      1 3278
      2 3281
      3 3284
      3 3285
      1 3286
      1 3287
      1 3288
      1 3289
      2 3291
      1 3294
      1 3295
      4 3297
      2 3298
      2 3299
      3 3300
      1 3301
      1 3303
      2 3304
      1 3305
      1 3306
      2 3308
      1 3310
      1 3311
      2 3312
      1 3313
      2 3314
      3 3315
      1 3316
      2 3317
      2 3318
      1 3319
      2 3320
      2 3321
      2 3322
      2 3323
      1 3324
      1 3325
      4 3326
      1 3327
      3 3328
      4 3329
      1 3331
      2 3332
      1 3333
      2 3334
      1 3335
      1 3336
      2 3337
      2 3338
      1 3340
      1 3341
      2 3343
      1 3344
      1 3346
      3 3347
      1 3348
      3 3349
      4 3350
      2 3351
      1 3354
      1 3355
      1 3356
      3 3357
      3 3360
      1 3361
      2 3363
      2 3365
      2 3366
      1 3367
      2 3370
      1 3371
      2 3372
      2 3373
      4 3374
      3 3375
      1 3377
      3 3379
      1 3380
      1 3381
      2 3382
      1 3383
      2 3384
      1 3385
      1 3386
      1 3388
      1 3389
      3 3390
      2 3391
      1 3392
      1 3394
      2 3395
      3 3396
      1 3401
      2 3402
      4 3403
      1 3404
      2 3406
      2 3408
      3 3409
      1 3411
      2 3412
      1 3414
      3 3417
      1 3419
      2 3420
      2 3423
      2 3425
      1 3426
      4 3427
      3 3429
      1 3430
      2 3433
      2 3434
      2 3435
      1 3438
      2 3440
      3 3444
      1 3446
      2 3447
      1 3448
      2 3449
      1 3450
      3 3451
      3 3452
      1 3454
      2 3455
      1 3456
      1 3460
      2 3462
      1 3463
      1 3465
      1 3468
      2 3470
      1 3472
      2 3473
      1 3474
      1 3476
      3 3480
      1 3483
      3 3484
      3 3486
      1 3487
      1 3488
      1 3489
      1 3490
      1 3492
      2 3493
      1 3494
      2 3496
      2 3497
      1 3500
      1 3501
      1 3502
      1 3503
      1 3506
      3 3507
      1 3508
      1 3512
      1 3513
      1 3514
      1 3516
      2 3519
      1 3521
      1 3524
      2 3527
      1 3529
      2 3530
      1 3532
      2 3533
      1 3534
      1 3536
      1 3537
      2 3539
      3 3541
      1 3542
      1 3543
      1 3544
      4 3545
      1 3546
      3 3547
      2 3548
      1 3549
      1 3552
      1 3555
      2 3556
      1 3557
      1 3558
      1 3559
      1 3560
      1 3561
      3 3563
      1 3564
      2 3566
      1 3567
      1 3568
      1 3572
      1 3573
      1 3574
      2 3576
      1 3579
      1 3581
      1 3584
      2 3585
      1 3587
      1 3588
      1 3589
      2 3590
      1 3591
      1 3593
      1 3595
      1 3596
      1 3597
      1 3598
      1 3599
      1 3600
      1 3601
      1 3603
      1 3604
      1 3605
      1 3606
      1 3608
      1 3610
      2 3613
      1 3614
      1 3617
      1 3618
      2 3619
      1 3620
      1 3622
      3 3623
      2 3629
      1 3631
      1 3632
      1 3633
      3 3634
      1 3637
      1 3639
      1 3640
      2 3641
      1 3644
      1 3645
      2 3649
      1 3650
      1 3652
      1 3653
      2 3654
      1 3660
      2 3662
      1 3664
      3 3666
      1 3668
      1 3669
      3 3670
      1 3674
      2 3676
      1 3678
      1 3680
      2 3683
      1 3684
      1 3685
      3 3686
      1 3691
      2 3693
      1 3698
      1 3700
      2 3703
      2 3704
      1 3707
      2 3714
      2 3721
      1 3722
      1 3724
      1 3725
      3 3726
      1 3732
      1 3735
      2 3737
      1 3740
      1 3745
      1 3746
      1 3747
      1 3750
      2 3752
      1 3753
      1 3756
      1 3757
      2 3758
      1 3760
      1 3767
      1 3768
      1 3772
      1 3776
      1 3780
      1 3781
      1 3787
      1 3791
      2 3800
      1 3802
      1 3804
      1 3806
      1 3807
      1 3810
      2 3811
      1 3814
      1 3816
      2 3817
      1 3818
      1 3821
      2 3824
      1 3831
      1 3832
      3 3833
      1 3835
      2 3836
      1 3837
      1 3838
      2 3840
      2 3843
      2 3846
      1 3847
      1 3848
      1 3851
      1 3852
      1 3859
      1 3860
      1 3863
      1 3872
      1 3878
      1 3881
      1 3884
      1 3885
      1 3886
      1 3887
      1 3889
      1 3898
      2 3906
      1 3908
      1 3914
      2 3917
      1 3918
      1 3920
      1 3922
      1 3923
      2 3925
      2 3930
      1 3931
      1 3934
      1 3935
      1 3936
      1 3937
      2 3939
      1 3947
      1 3949
      1 3951
      1 3956
      1 3957
      1 3960
      1 3961
      2 3962
      1 3964
      1 3965
      1 3967
      2 3969
      1 3970
      1 3975
      1 3976
      1 3977
      1 3978
      1 3979
      1 3980
      3 3981
      1 3985
      1 3988
      1 3989
      1 3992
      1 3993
      1 3996
      1 3998
      1 3999
      1 4000
      1 4001
      1 4004
      2 4008
      1 4009
      1 4011
      1 4014
      1 4017
      1 4018
      1 4028
      2 4030
      3 4034
      1 4035
      2 4038
      2 4042
      2 4043
      1 4048
      1 4049
      1 4056
      1 4061
      1 4064
      1 4065
      1 4066
      2 4068
      1 4070
      1 4071
      2 4072
      1 4078
      1 4081
      2 4082
      2 4086
      1 4092
      1 4094
      1 4095
      1 4098
      1 4101
      1 4102
      2 4106
      1 4110
      1 4111
      2 4114
      1 4115
      1 4120
      1 4123
      1 4124
      2 4126
      1 4128
      1 4133
      1 4135
      1 4143
      1 4144
      1 4149
      2 4150
      2 4151
      1 4152
      1 4155
      1 4158
      1 4163
      1 4166
      1 4172
      1 4177
      1 4179
      1 4180
      2 4181
      1 4183
      2 4193
      1 4196
      1 4200
      1 4204
      1 4206
      1 4207
      1 4208
      1 4211
      1 4215
      1 4218
      1 4221
      1 4227
      1 4230
      1 4231
      2 4236
      1 4244
      1 4247
      1 4248
      3 4252
      1 4253
      1 4254
      1 4257
      1 4258
      1 4264
      1 4267
      1 4269
      1 4271
      1 4272
      1 4275
      2 4277
      1 4278
      1 4284
      1 4285
      1 4286
      1 4289
      1 4291
      1 4296
      1 4298
      1 4303
      1 4311
      3 4314
      1 4321
      1 4325
      1 4326
      2 4328
      1 4329
      2 4332
      1 4338
      1 4340
      1 4349
      1 4352
      1 4356
      1 4358
      1 4360
      1 4367
      1 4370
      1 4376
      1 4377
      1 4383
      1 4384
      1 4386
      1 4387
      1 4388
      1 4389
      1 4394
      1 4396
      1 4399
      1 4403
      1 4409
      1 4416
      1 4421
      1 4424
      1 4426
      2 4427
      1 4431
      1 4435
      1 4437
      1 4439
      1 4440
      1 4441
      1 4444
      1 4451
      1 4452
      1 4455
      1 4463
      2 4466
      1 4467
      1 4475
      1 4488
      1 4491
      1 4495
      1 4496
      1 4498
      1 4499
      1 4501
      2 4507
      1 4509
      2 4510
      1 4513
      1 4523
      1 4531
      1 4534
      2 4539
      1 4542
      1 4543
      1 4548
      1 4551
      1 4553
      2 4555
      1 4556
      2 4557
      2 4576
      1 4577
      1 4584
      1 4588
      2 4601
      1 4602
      1 4610
      1 4621
      1 4624
      1 4627
      1 4630
      1 4632
      1 4635
      1 4649
      1 4650
      1 4652
      1 4653
      1 4656
      1 4668
      1 4669
      1 4686
      1 4687
      1 4697
      2 4707
      1 4709
      1 4712
      1 4713
      1 4727
      1 4735
      1 4738
      1 4747
      1 4749
      1 4752
      1 4759
      1 4762
      2 4763
      1 4768
      1 4769
      1 4772
      1 4773
      1 4778
      1 4779
      1 4780
      1 4787
      1 4789
      2 4793
      1 4800
      1 4816
      1 4818
      1 4821
      1 4823
      1 4834
      1 4850
      1 4851
      1 4852
      1 4853
      1 4857
      1 4861
      1 4866
      1 4868
      1 4892
      1 4903
      1 4906
      1 4907
      1 4909
      1 4926
      1 4927
      1 4931
      1 4946
      1 4957
      1 4960
      1 4967
      1 4972
      1 4974
      1 4975
      1 4986
      1 4993
      1 5012
      1 5015
      1 5021
      2 5028
      1 5031
      1 5035
      1 5036
      1 5038
      1 5040
      1 5044
      1 5052
      1 5053
      1 5057
      1 5067
      1 5072
      1 5089
      1 5094
      1 5097
      1 5122
      1 5123
      1 5124
      1 5137
      1 5156
      1 5157
      1 5165
      2 5167
      1 5173
      2 5192
      1 5196
      1 5214
      1 5225
      1 5232
      1 5238
      1 5240
      1 5247
      1 5250
      1 5261
      1 5275
      1 5280
      1 5284
      1 5289
      1 5307
      1 5310
      3 5323
      1 5331
      1 5348
      1 5355
      1 5367
      1 5369
      1 5370
      1 5385
      1 5386
      1 5390
      1 5393
      1 5394
      1 5454
      1 5459
      1 5463
      1 5475
      1 5481
      1 5484
      1 5511
      1 5532
      1 5538
      1 5540
      1 5561
      1 5564
      1 5589
      1 5644
      1 5647
      1 5649
      1 5655
      1 5669
      1 5677
      1 5679
      1 5680
      1 5689
      1 5697
      1 5712
      1 5716
      1 5721
      1 5727
      1 5733
      1 5775
      1 5797
      1 5808
      1 5828
      1 5843
      1 5855
      1 5872
      1 5903
      1 5905
      1 5921
      1 5950
      1 5969
      1 5981
      1 6023
      1 6047
      1 6051
      1 6068
      1 6070
      1 6092
      1 6104
      1 6107
      1 6115
      1 6117
      1 6122
      1 6147
      1 6194
      1 6196
      1 6206
      1 6210
      1 6249
      1 6253
      1 6287
      1 6335
      1 6377
      1 6380
      1 6396
      1 6402
      1 6470
      1 6476
      1 6504
      1 6511
      1 6536
      1 6654
      1 6877
      1 7467
      1 7585
      1 7621
      1 7685
      1 7814
      1 8211
      1 8987
      1 9108
      1 14813
      1 37087
      1 1024262
---AAD-PGBENCH-LAG-US---
