pgbench (18.6 (Debian 18.6-1.pgdg13+2))
starting vacuum...end.
transaction type: <builtin: select only>
scaling factor: 1000
query mode: simple
number of clients: 16
number of threads: 16
maximum number of tries: 1
duration: 60 s
number of transactions actually processed: 3820901
number of failed transactions: 0 (0.000%)
latency average = 0.251 ms
initial connection time = 6.225 ms
tps = 63687.527725 (without initial connection time)
---AAD-PGBENCH-LATENCY-US---
rc=0
samples=76789
      2 205
      2 206
      4 207
     14 208
     11 209
     15 210
     24 211
     30 212
     44 213
     50 214
     63 215
     75 216
    103 217
    157 218
    203 219
    299 220
    374 221
    443 222
    533 223
    562 224
    682 225
    832 226
    948 227
   1040 228
   1373 229
   1629 230
   1888 231
   2180 232
   2422 233
   2802 234
   2748 235
   2743 236
   2856 237
   2669 238
   2358 239
   2121 240
   2022 241
   1760 242
   1512 243
   1302 244
   1242 245
   1144 246
   1015 247
    843 248
    853 249
    831 250
    822 251
    800 252
    731 253
    766 254
    763 255
    800 256
    971 257
   1046 258
   1227 259
   1649 260
   2094 261
   1407 262
   1056 263
    946 264
    785 265
    683 266
    710 267
    744 268
    698 269
    621 270
    560 271
    493 272
    486 273
    460 274
    576 275
    637 276
    534 277
    363 278
    324 279
    291 280
    279 281
    243 282
    254 283
    243 284
    198 285
    190 286
    188 287
    166 288
    160 289
    126 290
    133 291
    118 292
    115 293
    115 294
    110 295
    125 296
    107 297
    111 298
    108 299
     87 300
     91 301
     68 302
     66 303
     66 304
     70 305
     61 306
     62 307
     55 308
     46 309
     47 310
     38 311
     39 312
     40 313
     32 314
     41 315
     27 316
     37 317
     34 318
     37 319
     24 320
     34 321
     27 322
     25 323
     30 324
     33 325
     36 326
     31 327
     36 328
     48 329
     42 330
     34 331
     33 332
     30 333
     25 334
     28 335
     22 336
     26 337
     17 338
     18 339
     21 340
     16 341
     28 342
     21 343
     17 344
     17 345
     12 346
     17 347
     18 348
     20 349
     11 350
     12 351
     17 352
     15 353
     13 354
     13 355
     10 356
     21 357
     13 358
      9 359
     14 360
     16 361
     10 362
     11 363
     10 364
      7 365
      5 366
      7 367
     10 368
      8 369
      9 370
      9 371
      9 372
     15 373
     10 374
     10 375
      8 376
      8 377
      5 378
      9 379
      8 380
     11 381
      6 382
      8 383
     10 384
     10 385
      9 386
     11 387
     18 388
     13 389
     17 390
     10 391
     16 392
     10 393
     13 394
     11 395
      7 396
      8 397
      7 398
      8 399
     11 400
     10 401
      9 402
      8 403
      6 404
     11 405
      8 406
      6 407
     11 408
      7 409
      6 410
      3 411
      6 412
      1 413
      2 414
      7 415
      2 416
      4 417
      8 418
      3 419
      2 420
      6 421
      1 422
      3 423
      3 424
      1 425
      4 426
      3 427
      5 428
      2 429
      4 430
      2 431
      4 432
      3 433
      2 434
      5 435
      1 436
      4 438
      2 439
      1 440
      1 441
      1 442
      2 443
      4 445
      2 446
      1 447
      1 448
      2 449
      4 450
      3 451
      1 452
      1 453
      3 454
      2 455
      1 456
      2 457
      2 458
      4 459
      4 460
      2 461
      4 462
      2 464
      1 465
      3 466
      1 467
      4 469
      4 470
      3 471
      2 472
      1 473
      2 474
      1 476
      2 477
      4 480
      2 481
      2 482
      1 484
      2 485
      1 486
      1 488
      1 490
      2 491
      1 492
      4 493
      2 495
      2 496
      1 497
      2 499
      2 500
      2 502
      4 503
      3 504
      3 505
      3 506
      1 507
      6 508
      4 509
      8 510
      7 511
      9 512
      7 513
      7 514
      5 515
      4 516
      8 517
      9 518
     15 519
     10 520
      6 521
      7 522
      6 523
      3 524
      5 525
      2 526
      3 527
      2 528
      1 529
      4 530
      4 531
      2 532
      2 533
      3 535
      2 538
      1 541
      1 544
      1 551
      2 552
      1 553
      1 565
      1 585
      1 592
      1 635
      1 802
      1 922
---AAD-PGBENCH-LAG-US---
