pgbench (18.6 (Debian 18.6-1.pgdg13+2))
starting vacuum...end.
transaction type: <builtin: select only>
scaling factor: 1000
query mode: simple
number of clients: 64
number of threads: 16
maximum number of tries: 1
duration: 60 s
number of transactions actually processed: 11275777
number of failed transactions: 0 (0.000%)
latency average = 0.340 ms
initial connection time = 130.432 ms
tps = 188337.096531 (without initial connection time)
---AAD-PGBENCH-LATENCY-US---
rc=0
samples=226423
      3 210
      1 211
      2 212
      1 213
      1 214
      3 215
      1 216
      8 217
     10 218
     11 219
     11 220
      9 221
     12 222
     14 223
     25 224
     27 225
     34 226
     32 227
     28 228
     35 229
     42 230
     46 231
     55 232
     66 233
     74 234
     66 235
     78 236
     95 237
     97 238
    102 239
    117 240
    125 241
    134 242
    143 243
    170 244
    167 245
    174 246
    198 247
    209 248
    232 249
    281 250
    281 251
    332 252
    303 253
    338 254
    417 255
    410 256
    478 257
    498 258
    572 259
    647 260
    702 261
    730 262
    853 263
    910 264
   1048 265
   1096 266
   1195 267
   1287 268
   1370 269
   1545 270
   1628 271
   1694 272
   1878 273
   1904 274
   2062 275
   2165 276
   2234 277
   2021 278
   2051 279
   2097 280
   1990 281
   1906 282
   1856 283
   1720 284
   1684 285
   1656 286
   1534 287
   1513 288
   1452 289
   1340 290
   1333 291
   1266 292
   1145 293
   1137 294
   1040 295
   1051 296
   1076 297
    967 298
    925 299
    995 300
    990 301
    947 302
    882 303
    942 304
    908 305
    841 306
    861 307
    867 308
    847 309
    838 310
    859 311
    829 312
    841 313
    861 314
    889 315
    787 316
    857 317
    874 318
    921 319
    931 320
    913 321
   1021 322
    994 323
   1055 324
   1116 325
   1141 326
   1207 327
   1307 328
   1389 329
   1483 330
   1574 331
   1571 332
   1728 333
   1950 334
   2023 335
   2139 336
   2249 337
   2373 338
   2525 339
   2577 340
   2786 341
   2854 342
   3095 343
   3116 344
   3298 345
   3216 346
   2994 347
   2810 348
   2631 349
   2460 350
   2293 351
   2068 352
   2011 353
   1914 354
   1804 355
   1735 356
   1583 357
   1459 358
   1426 359
   1321 360
   1283 361
   1152 362
   1075 363
   1014 364
   1059 365
    992 366
    887 367
    880 368
    890 369
    777 370
    844 371
    823 372
    758 373
    721 374
    753 375
    751 376
    749 377
    703 378
    725 379
    655 380
    655 381
    657 382
    608 383
    616 384
    595 385
    595 386
    587 387
    611 388
    585 389
    597 390
    556 391
    630 392
    641 393
    652 394
    681 395
    691 396
    688 397
    767 398
    760 399
    780 400
    788 401
    807 402
    861 403
    866 404
    839 405
    940 406
    927 407
    938 408
    947 409
    971 410
    983 411
    990 412
   1017 413
    966 414
    929 415
    952 416
    886 417
    867 418
    803 419
    728 420
    743 421
    672 422
    567 423
    555 424
    561 425
    481 426
    502 427
    464 428
    373 429
    426 430
    372 431
    333 432
    333 433
    270 434
    292 435
    263 436
    294 437
    237 438
    236 439
    217 440
    210 441
    198 442
    192 443
    199 444
    192 445
    189 446
    166 447
    162 448
    162 449
    146 450
    139 451
    142 452
    130 453
    125 454
    135 455
    135 456
    128 457
    122 458
    128 459
    114 460
     98 461
    114 462
    115 463
     95 464
    123 465
    115 466
     91 467
    105 468
    108 469
    116 470
    122 471
     91 472
     94 473
     90 474
     96 475
     95 476
    105 477
     88 478
     93 479
    108 480
     88 481
     81 482
     93 483
     94 484
     89 485
     79 486
     76 487
     71 488
     66 489
     61 490
     58 491
     50 492
     54 493
     63 494
     50 495
     46 496
     52 497
     38 498
     36 499
     37 500
     29 501
     24 502
     32 503
     33 504
     27 505
     27 506
     37 507
     26 508
     22 509
     21 510
     21 511
     21 512
     23 513
     15 514
     28 515
     14 516
     22 517
     20 518
     24 519
     19 520
     18 521
     16 522
     19 523
     15 524
     21 525
     24 526
     16 527
     19 528
     20 529
     19 530
     17 531
     16 532
     16 533
     15 534
     14 535
     11 536
     18 537
     13 538
     15 539
      9 540
     10 541
      9 542
     12 543
     14 544
      9 545
      9 546
      6 547
     13 548
     10 549
     16 550
     11 551
      5 552
     16 553
     11 554
      5 555
     13 556
     16 557
     10 558
      9 559
      6 560
      9 561
     14 562
      5 563
      9 564
      5 565
     13 566
      3 567
      4 568
      4 569
      6 570
      3 571
      2 572
      4 573
      4 575
      3 576
      2 577
      6 578
      4 579
      2 580
      5 581
      5 582
      4 583
      4 584
      4 585
      2 586
      3 587
      6 588
      7 589
      3 591
      3 592
      3 593
      3 594
      5 595
      3 596
      4 597
      4 598
      2 599
      1 600
      1 602
      4 603
      5 604
      1 605
      2 606
      3 608
      1 611
      1 613
      1 615
      1 616
      3 617
      1 618
      1 619
      5 620
      1 622
      2 623
      2 625
      2 626
      1 629
      1 631
      2 633
      1 634
      1 636
      1 637
      2 638
      1 639
      1 641
      1 647
      1 649
      1 655
      1 656
      1 660
      1 661
      1 663
      1 665
      1 670
      1 678
      1 679
      1 682
      1 698
      1 700
      1 704
      1 710
      1 717
      1 752
      1 754
      1 765
      1 768
      1 1048
      1 1307
      1 1461
      1 1477
      1 1513
      1 1677
---AAD-PGBENCH-LAG-US---
