pgbench (18.6 (Debian 18.6-1.pgdg13+2))
starting vacuum...end.
transaction type: <builtin: select only>
scaling factor: 1000
query mode: simple
number of clients: 128
number of threads: 16
maximum number of tries: 1
duration: 480 s
number of transactions actually processed: 53105452
number of failed transactions: 0 (0.000%)
latency average = 0.443 ms
latency stddev = 0.124 ms
rate limit schedule lag: avg 0.047 (max 24.558) ms
initial connection time = 297.667 ms
tps = 110698.610850 (without initial connection time)
---AAD-PGBENCH-LATENCY-US---
rc=0
samples=1061747
      1 231
      1 237
      3 238
      2 239
      2 240
      5 241
      7 242
     17 243
     26 244
     36 245
     40 246
     45 247
     70 248
     62 249
     95 250
    105 251
    131 252
    164 253
    161 254
    171 255
    243 256
    247 257
    305 258
    335 259
    342 260
    434 261
    488 262
    476 263
    607 264
    680 265
    678 266
    780 267
    857 268
    921 269
    971 270
   1098 271
   1127 272
   1235 273
   1390 274
   1489 275
   1468 276
   1614 277
   1763 278
   1758 279
   1780 280
   1987 281
   1930 282
   2105 283
   2248 284
   2249 285
   2266 286
   2439 287
   2526 288
   2487 289
   2688 290
   2830 291
   2799 292
   2925 293
   3026 294
   3080 295
   3236 296
   3235 297
   3250 298
   3499 299
   3498 300
   3601 301
   3735 302
   3876 303
   4049 304
   4059 305
   4300 306
   4342 307
   4365 308
   4709 309
   4688 310
   4599 311
   4896 312
   5001 313
   5155 314
   5058 315
   5261 316
   5446 317
   5497 318
   5607 319
   5764 320
   5753 321
   5864 322
   5846 323
   6106 324
   6157 325
   6288 326
   6347 327
   6486 328
   6358 329
   6540 330
   6653 331
   6614 332
   6532 333
   6690 334
   6715 335
   6757 336
   6659 337
   6838 338
   6890 339
   6854 340
   6942 341
   6870 342
   6952 343
   6862 344
   7029 345
   7048 346
   6793 347
   6840 348
   6729 349
   6756 350
   6769 351
   6570 352
   6622 353
   6612 354
   6559 355
   6660 356
   6550 357
   6421 358
   6568 359
   6443 360
   6368 361
   6457 362
   6277 363
   6283 364
   6405 365
   6274 366
   6243 367
   6349 368
   6264 369
   6144 370
   6001 371
   6117 372
   6022 373
   6082 374
   6060 375
   6031 376
   5892 377
   5786 378
   5778 379
   5833 380
   5680 381
   5731 382
   5656 383
   5632 384
   5667 385
   5508 386
   5583 387
   5523 388
   5368 389
   5201 390
   5204 391
   5208 392
   5186 393
   5107 394
   4963 395
   4925 396
   4843 397
   4888 398
   4673 399
   4721 400
   4650 401
   4579 402
   4501 403
   4521 404
   4510 405
   4492 406
   4515 407
   4403 408
   4419 409
   4247 410
   4304 411
   4327 412
   4351 413
   4218 414
   4081 415
   4127 416
   4116 417
   3923 418
   4009 419
   3889 420
   3829 421
   3745 422
   3748 423
   3620 424
   3666 425
   3630 426
   3555 427
   3494 428
   3477 429
   3489 430
   3440 431
   3487 432
   3388 433
   3311 434
   3341 435
   3203 436
   3124 437
   3184 438
   3221 439
   3079 440
   3133 441
   3059 442
   3050 443
   2981 444
   2914 445
   2923 446
   2900 447
   2847 448
   2794 449
   2758 450
   2750 451
   2789 452
   2670 453
   2587 454
   2624 455
   2580 456
   2523 457
   2512 458
   2504 459
   2523 460
   2386 461
   2372 462
   2376 463
   2307 464
   2274 465
   2283 466
   2215 467
   2191 468
   2211 469
   2141 470
   2149 471
   2044 472
   2031 473
   2046 474
   2041 475
   2086 476
   1996 477
   1922 478
   1952 479
   1937 480
   1859 481
   1882 482
   1933 483
   1797 484
   1818 485
   1749 486
   1740 487
   1815 488
   1706 489
   1706 490
   1712 491
   1596 492
   1650 493
   1617 494
   1613 495
   1619 496
   1527 497
   1561 498
   1391 499
   1442 500
   1371 501
   1509 502
   1339 503
   1354 504
   1398 505
   1301 506
   1361 507
   1357 508
   1385 509
   1312 510
   1300 511
   1302 512
   1289 513
   1251 514
   1245 515
   1238 516
   1226 517
   1221 518
   1240 519
   1112 520
   1182 521
   1179 522
   1124 523
   1101 524
   1042 525
   1052 526
   1024 527
   1022 528
   1080 529
    988 530
    981 531
   1010 532
    917 533
    913 534
    926 535
    915 536
    893 537
    931 538
    864 539
    865 540
    880 541
    861 542
    870 543
    831 544
    817 545
    827 546
    762 547
    817 548
    709 549
    749 550
    788 551
    765 552
    759 553
    676 554
    708 555
    744 556
    684 557
    657 558
    697 559
    673 560
    620 561
    652 562
    590 563
    625 564
    604 565
    637 566
    546 567
    597 568
    568 569
    568 570
    561 571
    546 572
    540 573
    590 574
    526 575
    495 576
    476 577
    520 578
    506 579
    510 580
    472 581
    446 582
    469 583
    472 584
    425 585
    418 586
    451 587
    468 588
    392 589
    426 590
    414 591
    428 592
    412 593
    364 594
    387 595
    392 596
    381 597
    380 598
    354 599
    330 600
    340 601
    345 602
    337 603
    346 604
    344 605
    314 606
    349 607
    324 608
    331 609
    285 610
    319 611
    311 612
    286 613
    305 614
    291 615
    269 616
    295 617
    255 618
    278 619
    289 620
    258 621
    258 622
    270 623
    272 624
    251 625
    223 626
    255 627
    229 628
    258 629
    217 630
    240 631
    246 632
    228 633
    210 634
    218 635
    208 636
    202 637
    218 638
    209 639
    185 640
    204 641
    170 642
    185 643
    207 644
    183 645
    175 646
    173 647
    175 648
    175 649
    156 650
    186 651
    151 652
    169 653
    165 654
    156 655
    150 656
    116 657
    133 658
    144 659
    132 660
    142 661
    143 662
    146 663
    147 664
    133 665
    131 666
    135 667
    127 668
    138 669
    143 670
    132 671
    121 672
    123 673
    127 674
    129 675
    118 676
    103 677
    109 678
    125 679
    132 680
     91 681
    110 682
     99 683
    106 684
    119 685
     99 686
    105 687
     94 688
     95 689
    117 690
    101 691
    119 692
    105 693
     85 694
     95 695
     90 696
     76 697
     85 698
     93 699
     81 700
     82 701
     80 702
     79 703
     87 704
     73 705
     81 706
     89 707
     71 708
     91 709
     82 710
     76 711
     73 712
     82 713
     71 714
     82 715
     64 716
     69 717
     82 718
     52 719
     58 720
     69 721
     78 722
     52 723
     54 724
     64 725
     58 726
     60 727
     55 728
     71 729
     58 730
     70 731
     55 732
     53 733
     59 734
     61 735
     51 736
     62 737
     58 738
     45 739
     36 740
     45 741
     52 742
     43 743
     44 744
     47 745
     48 746
     49 747
     47 748
     42 749
     51 750
     39 751
     50 752
     53 753
     36 754
     59 755
     45 756
     48 757
     52 758
     32 759
     38 760
     54 761
     41 762
     44 763
     37 764
     33 765
     41 766
     37 767
     43 768
     40 769
     41 770
     32 771
     35 772
     29 773
     38 774
     36 775
     38 776
     34 777
     35 778
     30 779
     30 780
     45 781
     30 782
     35 783
     32 784
     30 785
     30 786
     26 787
     36 788
     31 789
     27 790
     34 791
     36 792
     20 793
     48 794
     24 795
     29 796
     21 797
     34 798
     28 799
     22 800
     26 801
     30 802
     27 803
     23 804
     23 805
     23 806
     23 807
     22 808
     22 809
     22 810
     24 811
     30 812
     26 813
     31 814
     13 815
     21 816
     22 817
     21 818
     28 819
     31 820
     31 821
     14 822
     18 823
     19 824
     20 825
     17 826
     19 827
     21 828
     26 829
     27 830
     19 831
     24 832
     11 833
     23 834
     16 835
     20 836
     17 837
     13 838
     19 839
     37 840
     25 841
     15 842
     15 843
     18 844
     17 845
     16 846
     17 847
     17 848
      8 849
     14 850
     19 851
     14 852
     16 853
     11 854
     14 855
     18 856
     10 857
     22 858
     16 859
     22 860
     18 861
     19 862
     13 863
     21 864
     20 865
     15 866
     23 867
     20 868
     17 869
     16 870
     11 871
     13 872
      6 873
     16 874
     18 875
     18 876
     10 877
     21 878
     14 879
     13 880
      9 881
     12 882
     17 883
     17 884
     10 885
     12 886
     22 887
     22 888
     17 889
     14 890
     14 891
     11 892
      9 893
      9 894
     17 895
     12 896
     14 897
     16 898
     15 899
      8 900
     12 901
     16 902
     10 903
     11 904
     11 905
      7 906
      4 907
      7 908
      5 909
     13 910
      9 911
     10 912
     15 913
     13 914
     11 915
     14 916
      8 917
      7 918
     10 919
     16 920
      8 921
     12 922
      8 923
      9 924
      6 925
     13 926
      9 927
     11 928
      9 929
      4 930
     13 931
     10 932
      6 933
      7 934
      7 935
      8 936
      5 937
      9 938
      6 939
      3 940
     11 941
      7 942
     12 943
      9 944
     10 945
      7 946
      8 947
      9 948
     12 949
      4 950
      6 951
     12 952
     11 953
      9 954
      3 955
      4 956
      9 957
     11 958
      7 959
      6 960
      7 961
      5 962
      8 963
     13 964
      8 965
      7 966
      8 967
      7 968
      4 969
      6 970
     10 971
      9 972
      5 973
      7 974
      4 975
     10 976
      7 977
     12 978
      7 979
      9 980
      9 981
      6 982
      4 983
      8 984
      8 985
      6 986
      9 987
      6 988
      4 989
      4 990
     11 991
      7 992
      8 993
      5 994
      6 995
     10 996
      1 997
      8 998
      8 999
      7 1000
      9 1001
      7 1002
      5 1003
      9 1004
     10 1005
      6 1006
      4 1007
      9 1008
     11 1009
      5 1010
      6 1011
      5 1012
      9 1013
      8 1014
      7 1015
     10 1016
      9 1017
      7 1018
      5 1019
      8 1020
      7 1021
      2 1022
      3 1023
      4 1024
     11 1025
      8 1026
     11 1027
      6 1028
      8 1029
      7 1030
      8 1031
      7 1032
      7 1033
     13 1034
      6 1035
      3 1036
      5 1037
      7 1038
      5 1039
      3 1040
      8 1041
      7 1042
      6 1043
      5 1044
      5 1045
      5 1046
      8 1047
      6 1048
      4 1049
      8 1050
      7 1051
      5 1052
      4 1053
      5 1054
      5 1055
      7 1056
      9 1057
      3 1058
      8 1059
      7 1060
      3 1061
      7 1062
      5 1063
      5 1064
      4 1065
      6 1066
      6 1067
      8 1068
      8 1069
      4 1070
      6 1071
      8 1072
      6 1073
      5 1074
      5 1075
      2 1076
      2 1077
      5 1078
      4 1079
      2 1080
     10 1081
      7 1082
      4 1083
      9 1084
      1 1085
      8 1086
      8 1087
      3 1088
      7 1089
      3 1090
      6 1091
      7 1092
      5 1093
      5 1094
      5 1095
      8 1096
     10 1097
      4 1098
      4 1099
      6 1100
      4 1101
      5 1102
      3 1103
      6 1104
      6 1105
      4 1106
      6 1107
      4 1108
      7 1109
      4 1110
      6 1111
      5 1112
      7 1113
      2 1114
      4 1115
      6 1116
      4 1117
      4 1118
      3 1119
      1 1120
      8 1121
      4 1122
      4 1123
      5 1124
     11 1125
      5 1126
      1 1127
      4 1128
      6 1129
      3 1130
      5 1131
      6 1132
      7 1133
      5 1134
      3 1135
      5 1136
      3 1137
      6 1138
      5 1139
      2 1140
      7 1141
      6 1142
      4 1143
      5 1144
      6 1145
      9 1146
      5 1147
      4 1148
      1 1149
      2 1150
      2 1151
      3 1152
      5 1153
      7 1154
      5 1155
      4 1156
      2 1157
      9 1158
      3 1159
      4 1160
      5 1161
      5 1162
      9 1163
      5 1164
      3 1165
      4 1166
      4 1167
      6 1168
      7 1169
      3 1170
      4 1171
      4 1172
      2 1173
      4 1174
      2 1175
      4 1176
      1 1177
      3 1178
      2 1179
      9 1180
      4 1181
      6 1182
      4 1183
      2 1184
      4 1185
      4 1186
      8 1187
      4 1188
      4 1189
      5 1190
      2 1191
      6 1192
      5 1193
      8 1194
      7 1195
      2 1196
      6 1198
      7 1199
      3 1200
      2 1201
      4 1202
      4 1203
      5 1204
      3 1205
      4 1206
      5 1207
      3 1208
      2 1209
      6 1210
      4 1211
      5 1212
      2 1213
      2 1214
      6 1215
      3 1216
      5 1217
      7 1218
      5 1219
      3 1220
      5 1221
      5 1223
      2 1224
      6 1225
      4 1226
      7 1227
      4 1228
      2 1229
      4 1230
      1 1231
     10 1232
      4 1233
      3 1234
      6 1235
      5 1236
      3 1237
      2 1238
      3 1239
      5 1240
      6 1241
      4 1242
      5 1243
      3 1244
      6 1245
      2 1246
      1 1247
      7 1248
      3 1249
      6 1250
      4 1251
      1 1252
      2 1253
      6 1254
      5 1255
      5 1256
      6 1257
      5 1258
      2 1259
      5 1260
      1 1261
      5 1262
      2 1263
      5 1264
      2 1265
      2 1266
      5 1267
      3 1268
      2 1269
      4 1270
      7 1271
      4 1272
      4 1273
      3 1274
      4 1275
      5 1276
      5 1277
      5 1278
      4 1279
      4 1280
      5 1281
      4 1282
      4 1283
      1 1284
      5 1285
      2 1286
      5 1287
      4 1288
      7 1289
      5 1290
      3 1291
      6 1292
      4 1293
      5 1294
      5 1295
      3 1296
      4 1297
      7 1298
      6 1299
      8 1300
      4 1301
      4 1302
      7 1304
      4 1305
      3 1306
      3 1307
      7 1308
      6 1309
      5 1310
      4 1311
      3 1312
      4 1313
      4 1314
      4 1315
      4 1316
      5 1317
      5 1319
      4 1320
      5 1321
      4 1322
      7 1323
      2 1324
      5 1325
      7 1326
      3 1327
      9 1328
      5 1329
      2 1330
      5 1331
      7 1332
      2 1333
      2 1334
      3 1335
      3 1336
      6 1337
      2 1338
      2 1339
      4 1340
      1 1341
      4 1342
      4 1343
      7 1344
      6 1345
      1 1346
      5 1347
      4 1348
      5 1349
      2 1350
      4 1351
      2 1352
      6 1353
      4 1354
      2 1355
      7 1356
      5 1357
      8 1358
      6 1359
      7 1360
      2 1361
      3 1362
      7 1363
      4 1364
      2 1365
      5 1366
      5 1367
      5 1368
      6 1369
      4 1370
      1 1371
      2 1372
      3 1373
      3 1374
      2 1375
      5 1376
      2 1377
     10 1378
      4 1379
      5 1380
      1 1381
      3 1382
      4 1383
      5 1384
      6 1385
      3 1386
      4 1387
      4 1388
      3 1389
      1 1390
      2 1391
      8 1392
      5 1393
      4 1394
      5 1395
      7 1396
      3 1397
      4 1398
      6 1399
      5 1400
      3 1401
      1 1402
      5 1403
      2 1404
      4 1405
      6 1406
      7 1407
      4 1408
      6 1409
      5 1410
      6 1411
      8 1412
     12 1413
     11 1414
      4 1415
      3 1416
      4 1417
     11 1418
      7 1419
      3 1420
      5 1421
      5 1422
      4 1423
      6 1424
      5 1425
      7 1426
      1 1427
      4 1428
      4 1429
      1 1430
      7 1431
      4 1432
      4 1433
      3 1434
      5 1435
      8 1436
      3 1437
      3 1438
      9 1439
      2 1440
      7 1441
      4 1442
      7 1443
      5 1444
      7 1445
      8 1446
      2 1447
      6 1448
      9 1449
      2 1450
      8 1451
      7 1452
      6 1453
      7 1454
      3 1455
      8 1456
      4 1457
      6 1458
      7 1459
      5 1460
      2 1461
      7 1462
      6 1463
      2 1464
      2 1465
      4 1466
      6 1467
      9 1468
      6 1469
      5 1470
      7 1471
      8 1472
      2 1473
      6 1474
      6 1475
      3 1476
      4 1477
      4 1478
      3 1479
      5 1480
      4 1481
      5 1482
      5 1483
      9 1484
      4 1485
      8 1486
      2 1487
      5 1488
      5 1489
      5 1490
      3 1491
      8 1492
      6 1493
      3 1494
      8 1495
      4 1496
      7 1497
      4 1498
      4 1499
      6 1500
      4 1501
      7 1502
     12 1503
      6 1504
      8 1505
      7 1506
      8 1507
      6 1508
      5 1509
      2 1510
      8 1512
      9 1513
     10 1514
      5 1515
      3 1516
      3 1517
      4 1518
      4 1519
      7 1520
      4 1521
      2 1522
      3 1523
      4 1524
      3 1525
      5 1526
      4 1527
      5 1528
      3 1529
      5 1530
      4 1531
      2 1532
      7 1533
      3 1534
      4 1535
      6 1536
      6 1537
      3 1538
      5 1539
      1 1540
      2 1541
      5 1542
      4 1543
      1 1544
      3 1545
      1 1546
      5 1547
      1 1548
      8 1550
      1 1551
      3 1552
      2 1553
      5 1554
      1 1555
      7 1556
      4 1557
      1 1558
      1 1559
      2 1560
      2 1561
      1 1562
      3 1563
      3 1564
      2 1565
      6 1566
      3 1567
      2 1568
      3 1569
      3 1570
      1 1571
      4 1572
      3 1573
      5 1575
      2 1576
      6 1577
      2 1578
      1 1579
      3 1580
      3 1581
      3 1582
      1 1584
      4 1585
      8 1586
      7 1587
      3 1588
      1 1589
      1 1591
      1 1592
      1 1593
      2 1594
      4 1595
      2 1596
      1 1597
      2 1598
      2 1599
      1 1600
      2 1602
      1 1603
      1 1604
      2 1605
      1 1606
      2 1607
      1 1608
      3 1609
      3 1610
      4 1611
      2 1612
      1 1613
      1 1614
      1 1615
      1 1618
      3 1619
      3 1620
      1 1624
      3 1625
      2 1626
      4 1627
      4 1628
      2 1630
      1 1631
      1 1632
      1 1633
      2 1634
      3 1635
      2 1636
      4 1637
      2 1638
      3 1639
      1 1640
      1 1641
      1 1642
      1 1645
      1 1646
      2 1647
      1 1648
      3 1649
      2 1650
      1 1651
      1 1652
      4 1653
      3 1654
      1 1655
      1 1659
      2 1660
      3 1661
      2 1662
      2 1663
      1 1664
      2 1665
      1 1666
      1 1667
      1 1668
      1 1669
      2 1671
      1 1672
      1 1673
      5 1674
      1 1677
      1 1681
      3 1684
      1 1686
      1 1687
      2 1690
      2 1691
      1 1692
      1 1693
      1 1694
      1 1695
      1 1698
      1 1699
      2 1700
      1 1702
      1 1706
      1 1708
      2 1710
      1 1711
      1 1712
      1 1713
      1 1714
      1 1715
      1 1716
      3 1719
      1 1720
      1 1721
      2 1723
      1 1724
      1 1725
      1 1726
      3 1729
      1 1731
      2 1733
      1 1737
      1 1742
      1 1745
      2 1749
      2 1751
      1 1752
      1 1755
      1 1757
      2 1762
      1 1763
      1 1766
      2 1767
      1 1769
      2 1773
      1 1774
      1 1777
      1 1778
      1 1779
      1 1781
      1 1784
      1 1787
      1 1788
      2 1789
      1 1790
      1 1794
      1 1798
      2 1803
      1 1806
      1 1810
      1 1811
      1 1814
      1 1818
      1 1823
      2 1824
      1 1827
      1 1828
      1 1829
      1 1831
      1 1833
      1 1842
      1 1843
      1 1853
      1 1859
      1 1861
      1 1863
      1 1864
      1 1865
      1 1866
      1 1867
      1 1868
      1 1869
      1 1871
      1 1872
      1 1876
      1 1891
      1 1899
      1 1901
      1 1905
      1 1906
      2 1909
      1 1915
      1 1916
      1 1917
      1 1924
      1 1931
      1 1932
      1 1937
      1 1945
      1 1953
      1 1954
      1 1970
      1 1985
      1 1988
      1 1991
      1 2009
      1 2012
      1 2026
      1 2041
      1 2062
      1 2067
      1 2069
      1 2072
      2 2077
      1 2111
      1 2124
      1 2126
      1 2161
      1 2164
      1 2202
      1 2225
      1 2228
      1 2263
      1 2310
      1 2338
      1 2363
      1 2396
      1 2453
      1 2635
      1 2665
      1 2713
      1 2721
      1 2775
      1 2822
      1 2868
      1 2919
      1 2936
      1 3063
      1 3413
      1 3445
      1 3661
      1 3765
      1 3781
      1 3994
      1 4528
      1 4547
      1 5815
      1 6776
      1 8748
---AAD-PGBENCH-LAG-US---
  16536 0
  14402 1
  13156 2
  12070 3
  11545 4
  11459 5
  10766 6
  10183 7
   9964 8
   9726 9
   9344 10
   9387 11
   9274 12
   9216 13
   8968 14
   8919 15
   8965 16
   8875 17
   8816 18
   8687 19
   8595 20
   8808 21
   8644 22
   8761 23
   8683 24
   8719 25
   8758 26
   8751 27
   8593 28
   8512 29
   8362 30
   8679 31
   8517 32
   8470 33
   8424 34
   8313 35
   8361 36
   8320 37
   8090 38
   8005 39
   7921 40
   7773 41
   7906 42
   7860 43
   7655 44
   7692 45
   7580 46
   7461 47
   7500 48
   7349 49
   7124 50
   6913 51
   6434 52
   5916 53
   5846 54
  17137 55
  29894 56
  15826 57
  12055 58
  11200 59
  11060 60
  13689 61
  29044 62
  50894 63
  90170 64
  64082 65
  26812 66
  19144 67
  18244 68
  19553 69
  23816 70
  21232 71
  19969 72
  16018 73
   9630 74
   7410 75
   6222 76
   5519 77
   5223 78
   4848 79
   3684 80
   2829 81
   2198 82
   1736 83
   1458 84
   1168 85
    972 86
    819 87
    628 88
    573 89
    441 90
    394 91
    338 92
    281 93
    268 94
    210 95
    188 96
    162 97
    127 98
    122 99
    108 100
    103 101
     95 102
    104 103
     76 104
     62 105
     83 106
     74 107
     63 108
     59 109
     68 110
     50 111
     62 112
     47 113
     55 114
     41 115
     56 116
     50 117
     56 118
     40 119
     54 120
     45 121
     45 122
     39 123
     48 124
     43 125
     58 126
     38 127
     43 128
     39 129
     44 130
     40 131
     38 132
     40 133
     41 134
     37 135
     34 136
     35 137
     38 138
     32 139
     29 140
     27 141
     37 142
     21 143
     32 144
     33 145
     31 146
     37 147
     30 148
     37 149
     40 150
     33 151
     34 152
     28 153
     37 154
     32 155
     36 156
     34 157
     21 158
     23 159
     31 160
     24 161
     23 162
     28 163
     28 164
     23 165
     24 166
     23 167
     16 168
     23 169
     27 170
     25 171
     25 172
     24 173
     22 174
     22 175
     28 176
     20 177
     12 178
     22 179
     21 180
     16 181
     17 182
     22 183
     17 184
     19 185
     19 186
     20 187
     16 188
     18 189
     19 190
     19 191
     17 192
     16 193
     13 194
     17 195
     20 196
     19 197
     11 198
     18 199
     11 200
     29 201
      9 202
     14 203
     15 204
     12 205
     18 206
     15 207
     14 208
     13 209
     15 210
     10 211
     12 212
      6 213
     10 214
     12 215
     14 216
     10 217
     13 218
     13 219
      8 220
      9 221
     10 222
      7 223
      8 224
      8 225
     14 226
      6 227
     12 228
     10 229
      9 230
      9 231
     11 232
     14 233
      7 234
      8 235
     11 236
      8 237
     10 238
      6 239
     16 240
     19 241
      9 242
      4 243
      8 244
      7 245
      6 246
      3 247
      8 248
     10 249
      3 250
      6 251
      4 252
      4 253
      7 254
      6 255
      1 256
      5 257
      5 258
     10 259
      3 260
      7 261
      3 262
      1 263
      5 264
      5 265
      1 266
      5 267
      9 268
      7 269
     11 270
      4 271
      1 272
      6 273
      3 274
      7 275
      7 276
      4 277
      3 278
      5 279
      5 280
      2 281
      6 282
      3 283
      2 284
      2 285
      7 287
      5 288
      4 289
      2 290
      4 291
      4 292
      4 293
      4 294
      4 295
      6 296
      4 297
      3 298
      5 299
      5 300
      1 301
      2 302
      2 303
      4 304
      3 305
      5 306
      1 307
      1 308
      2 309
      1 310
      1 311
      3 312
      3 313
      3 314
      1 315
      5 316
      2 317
      2 318
      2 319
      7 320
      1 321
      1 323
      4 324
      2 325
      1 326
      3 327
      4 328
      1 329
      1 330
      5 331
      2 332
      1 333
      2 334
      2 335
      3 336
      2 337
      1 338
      2 340
      2 341
      2 342
      5 345
      1 346
      8 347
      1 348
      1 349
      3 350
      2 351
      1 353
      1 354
      4 355
      6 356
      2 357
      2 358
      3 359
      1 360
      1 361
      2 362
      1 363
      1 365
      1 366
      1 367
      2 368
      1 371
      3 372
      1 374
      2 376
      1 377
      1 378
      2 379
      1 380
      1 381
      4 382
      1 383
      2 384
      3 387
      2 388
      1 390
      2 391
      1 392
      4 393
      2 394
      1 395
      3 397
      2 398
      3 400
      2 401
      3 403
      3 404
      3 405
      1 408
      1 409
      1 410
      1 411
      2 412
      1 415
      1 416
      1 417
      2 418
      2 419
      1 420
      1 421
      1 424
      1 425
      2 426
      1 427
      1 428
      1 429
      1 431
      1 432
      2 436
      1 437
      2 441
      2 442
      1 444
      1 445
      1 447
      1 448
      1 450
      2 451
      3 454
      1 455
      1 457
      1 459
      2 461
      1 463
      2 465
      1 468
      1 472
      3 473
      1 476
      2 477
      1 478
      2 480
      3 481
      2 482
      1 483
      2 484
      2 485
      1 490
      1 493
      1 495
      1 501
      2 502
      1 503
      2 504
      1 505
      2 508
      1 509
      1 513
      1 514
      1 517
      1 519
      1 524
      1 527
      1 530
      2 531
      1 532
      1 534
      1 537
      1 538
      1 540
      1 543
      1 546
      1 549
      1 550
      2 552
      1 553
      2 554
      2 556
      1 559
      1 560
      1 563
      2 565
      1 567
      1 569
      1 574
      1 576
      1 577
      1 578
      4 579
      1 580
      1 583
      1 584
      2 589
      1 593
      1 594
      1 595
      1 596
      1 600
      2 601
      1 602
      1 603
      1 607
      1 608
      1 609
      1 610
      1 613
      1 616
      2 617
      1 618
      1 619
      2 620
      2 621
      2 632
      1 633
      2 634
      1 636
      1 637
      1 638
      1 639
      1 642
      1 645
      1 647
      1 651
      2 659
      1 665
      1 667
      1 669
      1 671
      1 672
      1 675
      3 676
      1 680
      1 681
      1 683
      1 689
      1 695
      2 709
      1 710
      1 715
      2 716
      2 717
      1 721
      1 723
      1 726
      1 732
      1 733
      1 736
      1 737
      1 742
      1 743
      1 748
      1 749
      1 760
      2 764
      2 774
      1 775
      1 776
      1 786
      1 789
      1 791
      1 793
      1 794
      2 802
      1 803
      1 808
      1 814
      1 822
      1 826
      1 835
      1 837
      1 840
      1 843
      1 853
      1 854
      1 855
      1 857
      1 860
      1 874
      1 875
      1 882
      1 883
      1 889
      1 893
      1 898
      1 907
      1 909
      1 910
      2 911
      1 924
      1 925
      1 935
      1 936
      1 954
      1 956
      1 961
      1 962
      2 964
      1 982
      1 989
      1 990
      1 993
      2 994
      1 1007
      1 1011
      1 1023
      1 1066
      1 1128
      1 1174
      1 1182
      1 1220
      1 1261
      1 1291
      1 1297
      1 1325
      1 1337
      1 1339
      1 1361
      1 1381
      1 1391
      1 1468
      1 1470
      1 1565
      1 1570
      1 1585
      1 1614
      1 1660
      1 1676
      1 1691
      1 1704
      1 1760
      1 1806
      1 1815
      1 1834
      1 2000
      1 2008
      1 2102
      1 2151
      1 2244
      1 2257
      1 2332
      1 2624
      1 2921
      1 3132
      1 3168
      1 3521
      1 4778
      1 8574
      1 20859
