pgbench (18.6 (Debian 18.6-1.pgdg13+2))
starting vacuum...end.
transaction type: <builtin: select only>
scaling factor: 1000
query mode: simple
number of clients: 128
number of threads: 16
maximum number of tries: 1
duration: 480 s
number of transactions actually processed: 53115672
number of failed transactions: 0 (0.000%)
latency average = 0.442 ms
latency stddev = 0.211 ms
rate limit schedule lag: avg 0.049 (max 26.417) ms
initial connection time = 251.246 ms
tps = 110713.494809 (without initial connection time)
---AAD-PGBENCH-LATENCY-US---
rc=0
samples=1062819
      3 237
      7 238
      1 239
      8 240
     11 241
      9 242
     20 243
     19 244
     45 245
     38 246
     59 247
     75 248
     83 249
    107 250
    135 251
    152 252
    188 253
    192 254
    221 255
    236 256
    316 257
    315 258
    423 259
    448 260
    466 261
    509 262
    595 263
    634 264
    715 265
    785 266
    881 267
    919 268
   1051 269
   1136 270
   1226 271
   1366 272
   1441 273
   1429 274
   1567 275
   1617 276
   1798 277
   1806 278
   1915 279
   1966 280
   1975 281
   2142 282
   2171 283
   2332 284
   2442 285
   2423 286
   2557 287
   2615 288
   2720 289
   2784 290
   2889 291
   3028 292
   3039 293
   3197 294
   3315 295
   3347 296
   3421 297
   3560 298
   3698 299
   3782 300
   3786 301
   4002 302
   4055 303
   4226 304
   4374 305
   4499 306
   4553 307
   4688 308
   4738 309
   4773 310
   5144 311
   5070 312
   5265 313
   5341 314
   5458 315
   5496 316
   5579 317
   5586 318
   5956 319
   6078 320
   6094 321
   6174 322
   6085 323
   6244 324
   6324 325
   6596 326
   6440 327
   6406 328
   6519 329
   6681 330
   6886 331
   6648 332
   6823 333
   6836 334
   6748 335
   6826 336
   6887 337
   6896 338
   7011 339
   7030 340
   7040 341
   6988 342
   7034 343
   7000 344
   6972 345
   6973 346
   6900 347
   7087 348
   6881 349
   6972 350
   6825 351
   6746 352
   6843 353
   6702 354
   6703 355
   6777 356
   6746 357
   6436 358
   6486 359
   6661 360
   6536 361
   6492 362
   6337 363
   6336 364
   6313 365
   6338 366
   6286 367
   6234 368
   6259 369
   6267 370
   6228 371
   6093 372
   6063 373
   6182 374
   6021 375
   6025 376
   6038 377
   5920 378
   6084 379
   5881 380
   5682 381
   5829 382
   5738 383
   5519 384
   5472 385
   5586 386
   5394 387
   5338 388
   5320 389
   5257 390
   5139 391
   5101 392
   5095 393
   4916 394
   4920 395
   4928 396
   4919 397
   4957 398
   4742 399
   4752 400
   4639 401
   4674 402
   4567 403
   4519 404
   4510 405
   4523 406
   4483 407
   4336 408
   4200 409
   4242 410
   4269 411
   4140 412
   4127 413
   4161 414
   4035 415
   4042 416
   4053 417
   4015 418
   3938 419
   3815 420
   3755 421
   3776 422
   3662 423
   3620 424
   3595 425
   3690 426
   3465 427
   3403 428
   3402 429
   3374 430
   3415 431
   3303 432
   3294 433
   3249 434
   3149 435
   3161 436
   3036 437
   3075 438
   2996 439
   3047 440
   3040 441
   2910 442
   2972 443
   2927 444
   2819 445
   2800 446
   2754 447
   2748 448
   2775 449
   2570 450
   2640 451
   2683 452
   2566 453
   2569 454
   2550 455
   2559 456
   2501 457
   2475 458
   2350 459
   2361 460
   2353 461
   2253 462
   2255 463
   2241 464
   2250 465
   2225 466
   2058 467
   1980 468
   2049 469
   2018 470
   2098 471
   2087 472
   2035 473
   1985 474
   1956 475
   1907 476
   1904 477
   1835 478
   1829 479
   1842 480
   1744 481
   1809 482
   1857 483
   1690 484
   1762 485
   1719 486
   1752 487
   1642 488
   1693 489
   1639 490
   1598 491
   1567 492
   1533 493
   1514 494
   1515 495
   1536 496
   1406 497
   1421 498
   1386 499
   1312 500
   1418 501
   1359 502
   1358 503
   1371 504
   1267 505
   1277 506
   1268 507
   1237 508
   1246 509
   1259 510
   1166 511
   1162 512
   1197 513
   1178 514
   1101 515
   1157 516
   1146 517
   1098 518
   1061 519
   1036 520
   1063 521
   1134 522
   1014 523
   1042 524
    989 525
   1017 526
    964 527
    992 528
    905 529
    917 530
    923 531
    956 532
    868 533
    875 534
    863 535
    865 536
    849 537
    862 538
    861 539
    736 540
    783 541
    761 542
    772 543
    792 544
    715 545
    763 546
    701 547
    685 548
    734 549
    748 550
    724 551
    683 552
    671 553
    698 554
    721 555
    683 556
    656 557
    582 558
    644 559
    627 560
    627 561
    598 562
    553 563
    577 564
    581 565
    553 566
    561 567
    533 568
    543 569
    541 570
    534 571
    493 572
    490 573
    455 574
    474 575
    451 576
    466 577
    446 578
    463 579
    445 580
    427 581
    437 582
    405 583
    387 584
    441 585
    396 586
    392 587
    374 588
    389 589
    363 590
    352 591
    364 592
    376 593
    343 594
    374 595
    361 596
    381 597
    329 598
    316 599
    327 600
    314 601
    309 602
    343 603
    293 604
    287 605
    297 606
    296 607
    289 608
    296 609
    268 610
    295 611
    280 612
    249 613
    279 614
    279 615
    274 616
    244 617
    245 618
    219 619
    251 620
    237 621
    253 622
    241 623
    226 624
    253 625
    257 626
    211 627
    213 628
    199 629
    209 630
    209 631
    201 632
    204 633
    214 634
    194 635
    187 636
    183 637
    177 638
    190 639
    196 640
    183 641
    174 642
    174 643
    200 644
    161 645
    165 646
    152 647
    188 648
    165 649
    134 650
    174 651
    154 652
    164 653
    154 654
    159 655
    163 656
    158 657
    164 658
    138 659
    138 660
    128 661
    143 662
    129 663
    128 664
    120 665
    105 666
    115 667
    119 668
    125 669
    123 670
    125 671
    118 672
     99 673
    120 674
    118 675
    107 676
    123 677
    106 678
    100 679
    102 680
     94 681
    101 682
    121 683
     92 684
    110 685
     91 686
     92 687
     87 688
     95 689
     91 690
    104 691
     96 692
    105 693
     83 694
     81 695
     91 696
     84 697
     88 698
     73 699
     84 700
     72 701
     75 702
     92 703
     73 704
     82 705
     72 706
     65 707
     78 708
     84 709
     58 710
     62 711
     82 712
     73 713
     67 714
     74 715
     69 716
     59 717
     52 718
     69 719
     54 720
     51 721
     68 722
     61 723
     65 724
     53 725
     55 726
     74 727
     68 728
     58 729
     61 730
     47 731
     53 732
     59 733
     52 734
     64 735
     40 736
     45 737
     58 738
     47 739
     46 740
     54 741
     48 742
     38 743
     50 744
     54 745
     60 746
     38 747
     50 748
     43 749
     44 750
     37 751
     48 752
     43 753
     44 754
     38 755
     46 756
     38 757
     37 758
     46 759
     37 760
     39 761
     44 762
     44 763
     30 764
     35 765
     40 766
     29 767
     34 768
     33 769
     34 770
     35 771
     25 772
     36 773
     28 774
     34 775
     45 776
     40 777
     32 778
     31 779
     38 780
     29 781
     37 782
     23 783
     20 784
     31 785
     33 786
     25 787
     24 788
     34 789
     34 790
     38 791
     22 792
     26 793
     27 794
     31 795
     25 796
     33 797
     24 798
     22 799
     28 800
     21 801
     27 802
     26 803
     27 804
     29 805
     29 806
     28 807
     23 808
     21 809
     31 810
     27 811
     19 812
     29 813
     30 814
     20 815
     17 816
     29 817
     18 818
     20 819
     30 820
     21 821
     16 822
     23 823
     16 824
     19 825
     27 826
     19 827
     17 828
     25 829
     20 830
     26 831
     25 832
     16 833
     14 834
     15 835
     16 836
     18 837
     26 838
     20 839
     22 840
     21 841
     17 842
     16 843
     14 844
     12 845
     15 846
     16 847
     12 848
     18 849
     22 850
     18 851
     16 852
     22 853
     23 854
     14 855
     20 856
     23 857
     16 858
     13 859
     11 860
     14 861
     20 862
     16 863
      7 864
     16 865
     22 866
     25 867
     19 868
     14 869
     12 870
     16 871
     18 872
     13 873
     10 874
     15 875
     21 876
     14 877
     13 878
     13 879
      9 880
      8 881
     14 882
     16 883
     19 884
     11 885
     11 886
     11 887
      8 888
     15 889
      8 890
      8 891
     10 892
      4 893
     13 894
     15 895
     10 896
     10 897
     11 898
      9 899
      7 900
     11 901
      9 902
      9 903
     16 904
     15 905
      8 906
     11 907
      9 908
      8 909
     12 910
     12 911
     14 912
     14 913
     10 914
     12 915
      6 916
      9 917
      8 918
     14 919
     13 920
      7 921
     13 922
      6 923
     11 924
     12 925
     13 926
      9 927
      8 928
      9 929
      6 930
     11 931
      9 932
      7 933
      9 934
      9 935
      7 936
     10 937
      7 938
     10 939
      6 940
      9 941
      9 942
      6 943
      5 944
      4 945
      8 946
      9 947
      8 948
      5 949
      4 950
      8 951
     10 952
      5 953
      9 954
      8 955
      8 956
      6 957
      7 958
     11 959
     10 960
     16 961
      9 962
      6 963
      7 964
      7 965
      2 966
      6 967
      4 968
      8 969
      9 970
      7 971
     14 972
      9 973
      7 974
     12 975
      3 976
      9 977
      6 978
      9 979
     12 980
      6 981
     11 982
      9 983
      8 984
      8 985
      5 986
      6 987
      6 988
      5 989
      6 990
     10 991
      4 992
      5 993
      8 994
      6 995
      9 996
      6 997
      4 998
      3 999
     10 1000
      7 1001
      8 1002
      9 1003
      4 1004
      8 1005
      3 1006
      6 1007
      4 1008
      9 1009
      5 1010
      3 1011
      7 1012
      6 1013
      4 1014
      9 1015
      5 1016
      3 1017
      4 1018
      5 1019
      6 1020
      4 1021
      2 1022
      8 1023
      2 1024
      9 1025
     10 1026
      4 1027
      7 1028
      8 1029
      7 1030
      5 1031
      7 1032
     10 1033
      3 1034
      9 1035
      6 1036
      6 1037
      7 1038
      8 1039
      4 1040
      6 1041
      4 1042
      5 1043
      5 1044
      6 1045
      6 1046
      4 1047
      3 1048
      2 1049
      5 1050
      5 1051
      5 1052
      6 1053
      6 1054
      5 1055
      4 1056
      6 1057
      4 1058
      2 1059
      7 1060
      5 1061
      6 1062
     11 1063
      6 1064
      7 1065
      6 1066
      6 1067
      4 1068
      3 1069
      6 1070
      5 1071
      5 1072
      6 1073
      6 1074
      6 1075
      4 1076
      7 1077
      3 1078
      7 1079
      7 1080
      3 1081
      5 1082
      4 1083
      6 1084
      2 1085
      3 1086
      5 1087
      1 1088
      9 1089
      4 1090
      6 1091
      8 1092
      7 1093
      7 1094
      6 1095
      5 1096
      7 1097
     10 1098
      6 1099
      7 1100
      5 1101
      5 1102
      1 1103
      3 1104
      6 1105
      2 1106
      5 1107
      3 1108
      9 1109
      4 1110
      5 1111
      4 1112
      4 1113
      3 1114
      3 1115
      4 1116
      9 1117
      1 1118
      5 1119
      5 1120
      1 1121
      2 1122
      9 1123
      5 1124
      6 1125
      8 1126
      8 1127
      2 1128
      5 1129
      3 1130
      5 1131
      5 1132
      7 1133
      2 1134
      6 1135
      4 1136
      2 1137
      2 1138
      3 1139
      6 1140
      5 1141
      5 1142
      7 1143
      4 1144
      4 1145
      5 1146
      4 1147
      9 1148
      2 1149
      2 1150
      2 1151
      5 1152
      7 1153
      6 1154
      5 1155
      4 1156
      2 1157
      5 1158
      8 1159
      4 1160
      4 1161
      4 1162
      8 1163
      4 1164
      5 1165
      5 1166
      1 1167
      8 1168
      4 1169
      2 1170
      5 1171
      6 1172
      5 1173
      5 1174
      5 1175
      4 1176
      4 1177
      2 1178
      3 1179
      2 1180
      4 1181
      2 1182
      5 1183
      6 1184
      4 1185
      2 1186
      3 1187
      2 1189
      4 1190
      4 1193
      2 1194
      5 1195
      4 1196
      6 1197
      6 1198
      5 1199
      6 1200
      4 1201
      2 1202
      4 1203
      2 1204
      7 1205
      4 1206
      2 1207
      6 1208
      6 1209
      5 1210
      9 1211
      4 1212
      8 1213
      3 1214
      1 1215
      1 1216
      5 1217
      2 1218
      3 1219
      6 1220
      4 1221
      8 1222
      4 1223
      4 1224
      4 1225
      2 1226
      5 1227
      6 1228
      3 1229
      1 1230
      7 1231
      5 1232
      8 1233
      7 1234
      7 1235
      1 1236
      7 1237
      3 1238
      5 1239
      6 1240
      4 1241
      7 1242
      7 1243
      5 1244
      3 1245
      5 1247
      5 1248
      2 1249
      5 1250
      3 1251
      4 1252
      2 1253
      2 1254
      4 1255
      4 1256
      4 1257
      4 1258
      5 1259
      4 1260
      3 1261
      6 1262
      4 1263
      5 1264
      2 1265
      1 1266
      4 1267
      4 1268
      7 1269
      5 1270
      4 1271
      6 1272
      5 1273
      5 1274
      4 1275
      3 1276
      6 1277
      5 1278
      5 1279
      3 1280
      5 1281
      2 1282
      3 1283
      2 1284
      4 1285
      6 1286
      3 1287
      5 1288
      1 1289
     10 1290
     11 1291
      4 1292
      4 1293
      3 1294
      5 1295
      7 1296
      4 1297
      7 1298
      7 1299
      4 1300
      2 1301
      3 1302
      1 1303
      4 1304
      4 1305
      3 1306
      6 1307
      2 1308
      3 1310
      3 1311
      5 1312
      5 1313
      6 1314
     11 1315
     12 1316
      5 1317
      6 1318
      7 1319
      5 1320
      2 1321
      4 1322
      5 1323
      2 1324
      5 1325
      4 1326
      3 1327
     11 1328
      3 1329
      5 1330
      3 1331
      8 1332
      4 1333
      4 1334
      2 1335
      1 1336
      5 1337
      3 1338
      5 1339
      4 1340
      5 1341
      5 1342
      8 1343
      3 1345
      6 1346
      4 1347
      4 1348
      8 1349
      4 1350
      4 1351
      2 1352
      4 1353
      4 1354
      2 1355
      9 1356
      6 1357
      3 1358
      5 1359
      3 1360
      6 1361
      4 1362
      8 1363
      4 1364
      4 1365
      4 1366
      3 1367
      4 1368
      5 1369
      3 1370
      6 1371
      7 1372
      2 1373
      3 1374
      4 1375
      6 1376
      7 1377
      5 1378
      6 1379
     10 1380
      7 1381
      1 1382
      2 1383
      6 1384
      9 1385
      8 1386
      6 1387
      2 1388
      6 1389
      4 1390
      2 1391
      7 1392
      4 1393
      3 1394
      3 1395
      2 1396
      9 1397
      6 1398
      4 1399
      5 1400
      2 1401
      6 1402
      3 1403
      1 1404
      9 1405
      5 1406
      6 1407
      7 1408
      3 1409
      6 1410
      4 1411
      7 1412
      2 1413
      2 1414
      1 1415
      7 1416
      2 1417
      2 1418
      6 1419
      6 1420
      5 1421
      4 1422
      2 1423
      7 1424
      2 1425
      7 1426
      7 1427
      6 1428
      4 1429
      6 1430
      4 1431
      2 1432
      3 1433
      9 1434
      3 1435
      8 1436
      3 1437
      7 1438
      8 1439
      5 1440
      4 1441
      5 1442
      5 1443
      6 1444
      4 1445
      6 1446
      3 1447
      6 1448
      4 1449
      7 1450
      8 1451
      5 1452
      3 1453
      2 1454
      3 1455
      3 1456
      6 1457
      7 1458
      9 1459
      7 1460
      4 1461
      4 1462
      6 1463
      6 1464
      7 1465
      6 1466
      4 1467
      6 1468
      5 1469
      3 1470
      6 1471
      2 1472
      7 1473
      7 1474
     11 1475
     10 1476
      8 1477
      3 1478
      5 1479
      7 1480
      4 1481
      5 1482
      3 1483
      2 1484
      3 1485
      5 1486
      3 1487
      4 1488
      2 1489
      3 1490
      6 1491
      3 1492
     10 1493
      7 1494
      6 1495
      3 1496
      3 1497
      4 1498
      5 1499
      6 1500
      7 1501
      3 1502
      4 1503
      2 1504
      8 1505
      5 1506
      4 1507
      7 1508
      6 1509
      9 1510
      4 1511
      3 1512
      5 1513
      4 1514
      5 1515
      3 1516
      2 1517
      6 1518
      5 1519
      4 1520
      3 1521
      4 1522
      8 1523
      1 1524
      3 1525
      4 1526
      8 1527
      6 1528
      2 1529
      3 1530
      4 1531
      2 1532
      5 1533
      5 1534
      1 1535
      3 1536
      3 1537
      5 1538
      4 1539
      3 1540
      2 1541
      4 1542
      2 1543
      1 1544
      3 1545
      6 1546
      4 1547
      3 1548
      4 1549
      3 1550
      3 1551
      2 1552
      3 1553
      3 1554
      3 1555
      3 1556
      7 1557
      2 1558
      3 1559
      3 1560
      4 1561
      1 1562
      6 1563
      2 1564
      2 1565
      6 1566
      2 1568
      5 1569
      4 1570
      3 1571
      4 1572
      3 1573
      3 1574
      4 1575
      3 1576
      4 1577
      3 1578
      2 1579
      2 1580
      2 1581
      1 1582
      3 1583
      1 1585
      3 1586
      1 1587
      2 1588
      3 1589
      3 1590
      1 1591
      5 1593
      4 1594
      1 1595
      3 1597
      1 1598
      4 1599
      1 1600
      2 1601
      3 1602
      2 1603
      1 1605
      1 1607
      2 1608
      1 1609
      1 1610
      1 1611
      2 1613
      1 1614
      3 1616
      1 1617
      1 1618
      2 1620
      3 1621
      1 1622
      3 1625
      1 1626
      2 1627
      1 1628
      1 1629
      3 1632
      2 1633
      1 1636
      2 1637
      2 1638
      3 1639
      1 1640
      2 1641
      2 1643
      1 1647
      1 1648
      3 1649
      1 1650
      2 1651
      4 1652
      4 1653
      2 1655
      3 1657
      1 1658
      1 1661
      1 1662
      3 1663
      1 1664
      3 1665
      2 1666
      1 1667
      2 1670
      1 1671
      1 1672
      1 1675
      1 1676
      1 1678
      1 1679
      1 1680
      2 1682
      1 1686
      1 1687
      2 1688
      1 1693
      2 1696
      1 1701
      1 1702
      1 1703
      1 1704
      2 1708
      1 1709
      1 1710
      4 1712
      1 1713
      1 1717
      1 1718
      3 1719
      2 1722
      1 1724
      1 1725
      2 1726
      1 1728
      1 1730
      2 1731
      1 1736
      1 1737
      1 1742
      2 1745
      1 1748
      2 1749
      2 1750
      2 1752
      1 1755
      2 1756
      1 1757
      1 1761
      1 1766
      2 1767
      1 1771
      1 1773
      1 1774
      1 1775
      1 1776
      2 1783
      1 1790
      1 1792
      1 1793
      1 1796
      1 1799
      1 1808
      2 1809
      1 1814
      1 1818
      1 1828
      1 1829
      1 1836
      1 1850
      1 1853
      1 1872
      1 1875
      1 1887
      1 1892
      1 1894
      1 1900
      1 1902
      1 1903
      1 1908
      1 1919
      1 1920
      1 1921
      1 1935
      1 1940
      1 1959
      1 1971
      1 1987
      2 1997
      1 1999
      1 2001
      1 2005
      1 2022
      1 2056
      1 2061
      1 2077
      1 2088
      1 2090
      1 2169
      1 2188
      1 2235
      1 2254
      1 2361
      1 2385
      1 2387
      1 2410
      1 2471
      1 2474
      2 2481
      1 2542
      1 2600
      1 2745
      1 2773
      1 3433
      1 3435
      1 3492
      1 3629
      1 3733
      1 4266
      1 5075
      1 5792
      1 8464
      1 8981
      1 8982
      1 13171
      1 13255
      1 16797
      1 24038
      1 25008
      1 27931
---AAD-PGBENCH-LAG-US---
  16118 0
  14365 1
  13020 2
  12178 3
  11660 4
  11283 5
  10683 6
  10195 7
   9942 8
   9817 9
   9439 10
   9350 11
   9269 12
   9160 13
   9048 14
   8932 15
   8986 16
   9007 17
   8872 18
   8676 19
   8730 20
   8748 21
   8797 22
   8782 23
   8923 24
   8818 25
   8685 26
   8741 27
   8692 28
   8510 29
   8645 30
   8627 31
   8534 32
   8461 33
   8320 34
   8361 35
   8184 36
   8156 37
   8217 38
   7930 39
   7883 40
   7828 41
   7890 42
   7761 43
   7764 44
   7602 45
   7628 46
   7680 47
   7557 48
   7357 49
   7065 50
   6889 51
   6321 52
   5823 53
   5896 54
  16242 55
  29419 56
  16114 57
  12067 58
  11267 59
  11051 60
  13414 61
  29479 62
  51986 63
  89041 64
  65008 65
  27481 66
  19809 67
  18510 68
  19858 69
  23215 70
  21195 71
  19628 72
  15830 73
   9574 74
   7481 75
   6203 76
   5428 77
   5213 78
   4918 79
   3713 80
   2793 81
   2223 82
   1811 83
   1506 84
   1174 85
    959 86
    792 87
    631 88
    566 89
    480 90
    386 91
    355 92
    281 93
    214 94
    193 95
    164 96
    159 97
    113 98
    106 99
     98 100
     89 101
     79 102
     74 103
     79 104
     86 105
     73 106
     59 107
     75 108
     67 109
     52 110
     63 111
     64 112
     59 113
     44 114
     54 115
     58 116
     46 117
     37 118
     46 119
     40 120
     49 121
     39 122
     51 123
     45 124
     48 125
     41 126
     59 127
     34 128
     46 129
     37 130
     29 131
     41 132
     40 133
     35 134
     44 135
     31 136
     44 137
     32 138
     26 139
     39 140
     24 141
     33 142
     35 143
     42 144
     28 145
     38 146
     30 147
     32 148
     30 149
     30 150
     32 151
     24 152
     32 153
     33 154
     30 155
     23 156
     30 157
     22 158
     29 159
     26 160
     32 161
     28 162
     35 163
     25 164
     25 165
     22 166
     23 167
     30 168
     13 169
     30 170
     26 171
     32 172
     17 173
     21 174
     17 175
     22 176
     22 177
     22 178
     31 179
     19 180
     22 181
     23 182
     27 183
     30 184
     21 185
     14 186
     14 187
     19 188
     18 189
     26 190
     17 191
     15 192
     17 193
     21 194
     16 195
     10 196
     19 197
     10 198
     20 199
     17 200
     15 201
     12 202
      6 203
     13 204
     16 205
     18 206
     21 207
     17 208
     15 209
      9 210
     11 211
     15 212
      8 213
     12 214
     11 215
     11 216
     16 217
     15 218
      9 219
     11 220
      9 221
     10 222
      8 223
      7 224
      8 225
     11 226
     10 227
     12 228
      7 229
      5 230
      5 231
     11 232
      6 233
      9 234
      7 235
      6 236
      9 237
      8 238
      9 239
      4 240
      8 241
      7 242
      7 243
      6 244
      6 245
      9 246
     12 247
      5 248
      6 249
      6 250
      6 251
      7 252
     10 253
      5 254
     11 255
      9 256
      8 257
      3 258
      4 259
      5 260
      1 261
      8 262
      9 263
      6 264
      2 265
      5 266
      7 267
      1 268
      6 269
      7 270
     11 271
      4 272
      7 273
      2 274
      2 275
      6 276
      2 277
      5 278
      3 279
      6 280
      6 281
      5 282
      3 283
      3 284
      7 285
      4 286
      5 287
      4 288
      3 289
      8 290
      2 291
      2 292
      2 293
      5 294
      2 295
      2 297
      5 298
      2 299
      5 300
      1 301
      5 302
      2 303
      3 304
      4 305
      1 306
      3 308
      1 309
      1 310
      1 311
      1 312
      5 313
      5 314
      5 316
      1 317
      3 318
      4 319
      3 320
      5 321
      2 322
      3 323
      3 324
      2 325
      4 326
      1 328
      2 330
      3 331
      3 332
      2 333
      1 336
      3 337
      2 338
      3 340
      5 341
      2 342
      1 343
      2 344
      1 345
      3 346
      2 350
      3 351
      2 352
      2 354
      3 355
      2 356
      1 357
      3 359
      3 360
      2 361
      2 362
      2 364
      1 367
      2 368
      1 369
      2 370
      1 371
      1 374
      1 376
      4 377
      2 378
      2 379
      2 382
      3 384
      1 386
      1 387
      2 388
      2 391
      1 392
      1 393
      5 394
      1 395
      4 396
      1 398
      2 399
      1 401
      3 402
      2 403
      2 404
      1 405
      2 407
      2 408
      3 409
      2 410
      1 412
      5 413
      1 414
      1 416
      2 419
      1 421
      2 423
      2 424
      1 425
      1 426
      2 427
      1 428
      1 430
      5 431
      1 435
      1 438
      1 439
      2 440
      2 441
      1 442
      2 443
      2 444
      2 445
      1 446
      1 447
      1 448
      1 449
      3 451
      1 454
      1 455
      1 456
      1 457
      1 460
      1 461
      1 464
      1 465
      3 466
      3 467
      2 468
      2 471
      3 472
      2 475
      1 476
      3 478
      2 482
      1 484
      1 487
      2 489
      1 491
      2 492
      1 493
      1 496
      1 498
      1 499
      1 500
      1 501
      1 506
      1 510
      2 513
      2 515
      2 521
      2 525
      1 528
      2 529
      2 530
      1 531
      1 532
      1 533
      2 538
      1 539
      2 543
      1 544
      1 546
      1 547
      2 549
      1 553
      1 555
      1 559
      3 560
      1 568
      2 569
      1 570
      1 571
      1 574
      2 575
      1 578
      2 579
      1 581
      1 584
      2 585
      1 591
      3 592
      1 594
      1 609
      1 610
      2 614
      1 616
      1 619
      1 622
      1 628
      1 630
      1 633
      1 636
      2 637
      1 639
      3 645
      1 648
      1 653
      2 662
      1 675
      1 685
      1 687
      1 688
      1 689
      1 690
      1 692
      1 693
      1 698
      1 701
      1 706
      1 708
      1 710
      1 713
      1 714
      1 716
      2 719
      1 722
      1 723
      2 737
      1 741
      1 749
      1 751
      1 753
      1 758
      1 764
      1 767
      1 769
      1 772
      2 774
      1 776
      1 782
      1 783
      1 787
      1 789
      1 794
      2 796
      1 801
      1 805
      1 810
      1 812
      1 813
      1 819
      1 820
      1 825
      1 832
      1 844
      1 845
      1 850
      1 851
      1 853
      1 855
      1 858
      1 866
      1 868
      1 871
      1 880
      1 885
      1 893
      1 899
      1 904
      1 906
      1 918
      1 944
      1 946
      1 949
      1 966
      1 967
      1 978
      1 996
      1 1014
      1 1015
      1 1019
      1 1045
      1 1058
      1 1071
      1 1115
      1 1140
      1 1142
      1 1150
      1 1338
      1 1509
      1 1514
      1 1545
      1 1568
      1 1584
      1 1861
      1 1954
      1 2034
      1 2147
      1 2181
      1 2241
      1 2244
      1 2298
      1 2379
      1 2380
      1 2393
      1 2451
      1 2454
      1 2472
      1 2593
      1 2598
      1 2635
      1 2702
      1 2714
      1 2852
      1 2868
      1 2904
      1 2952
      1 3005
      1 3113
      1 3164
      1 3231
      1 3439
      1 3472
      1 3489
      1 3695
      1 3766
      1 3808
      1 3936
      1 4015
      1 4038
      1 4069
      1 4075
      1 4234
      1 4299
      1 4388
      1 4454
      1 4594
      1 4631
      1 4654
      1 4678
      1 4712
      1 4724
      1 4746
      1 4806
      1 4855
      1 4938
      1 4951
      1 5027
      1 5067
      1 5143
      1 5145
      1 5368
      1 5413
      1 5549
      1 5617
      1 5743
      1 5808
      1 5983
      1 6189
      1 6211
      1 6359
      1 6646
      1 6749
      1 6904
      1 7312
      1 7320
      1 8349
      1 8722
      1 8931
      1 8957
      1 9567
      1 9637
      1 9776
      1 9890
      1 9944
      1 9952
      1 9972
      1 10029
      1 10886
      1 10910
      1 12092
      1 12122
      1 12317
      1 12370
      1 12420
      1 12919
      1 12956
      1 13098
      1 13235
      1 13257
      1 13440
      1 13455
      1 13464
      1 14164
      1 14385
      1 14676
      1 14688
      1 14872
      1 14902
      1 15109
      1 15850
      1 16298
      1 16634
      1 16636
      1 16716
      1 16816
      1 17082
      1 17180
      1 17190
      1 17235
      1 17410
      1 17790
      1 18398
      1 18451
      1 18690
      1 18749
      1 18823
      1 19022
      1 19147
      1 19562
      1 19971
      1 19975
      1 20022
      1 20281
      1 20399
      1 20444
      1 20934
      1 21149
      1 21311
      1 21581
      1 21630
      1 21668
      1 21842
      1 21964
      1 21995
      1 22044
      1 22071
      1 22084
      1 22190
      1 22196
      1 22237
      1 22283
      1 22472
      1 23056
      1 23153
      1 23254
      1 23363
      1 23631
      1 23681
      1 23690
      1 23720
      1 24848
      1 25294
      1 26194
