pgbench (18.6 (Debian 18.6-1.pgdg13+2))
starting vacuum...end.
transaction type: <builtin: select only>
scaling factor: 1000
query mode: simple
number of clients: 128
number of threads: 16
maximum number of tries: 1
duration: 60 s
number of transactions actually processed: 9986889
number of failed transactions: 0 (0.000%)
latency average = 0.766 ms
initial connection time = 243.491 ms
tps = 167113.929108 (without initial connection time)
---AAD-PGBENCH-LATENCY-US---
rc=0
samples=199538
      1 242
      1 243
      2 246
      1 247
      3 248
      2 249
      2 250
      1 251
      4 252
      2 253
      2 254
      2 255
      4 256
      7 257
      5 258
      6 259
      5 260
      8 261
      4 262
      6 263
      7 264
      6 265
     13 266
      9 267
     12 268
     15 269
     16 270
     20 271
     18 272
     14 273
     17 274
     22 275
     21 276
     21 277
     21 278
     16 279
     14 280
     22 281
     18 282
     19 283
     17 284
     24 285
     20 286
     16 287
     26 288
     19 289
     18 290
     21 291
     17 292
     27 293
     19 294
     17 295
     21 296
     15 297
     24 298
     21 299
     19 300
     12 301
     22 302
     15 303
     36 304
     29 305
     29 306
     15 307
     15 308
     19 309
     30 310
     20 311
     36 312
     28 313
     26 314
     35 315
     31 316
     34 317
     42 318
     27 319
     39 320
     41 321
     44 322
     45 323
     38 324
     50 325
     53 326
     49 327
     38 328
     58 329
     62 330
     57 331
     59 332
     83 333
     84 334
     78 335
     87 336
    104 337
     84 338
    108 339
    108 340
    105 341
    118 342
    121 343
    124 344
    131 345
    116 346
    110 347
    116 348
    117 349
     98 350
    115 351
    101 352
     99 353
     95 354
    109 355
     92 356
     95 357
     87 358
     85 359
     72 360
     98 361
     75 362
     71 363
     75 364
     66 365
     79 366
     69 367
     56 368
     70 369
     60 370
     67 371
     73 372
     77 373
     58 374
     59 375
     58 376
     89 377
     67 378
     79 379
     67 380
     81 381
     63 382
     69 383
     62 384
     84 385
     82 386
    100 387
     76 388
     72 389
     80 390
    117 391
    109 392
     99 393
    103 394
    114 395
    107 396
    111 397
    139 398
    163 399
    148 400
    148 401
    162 402
    177 403
    176 404
    206 405
    218 406
    208 407
    223 408
    231 409
    243 410
    213 411
    256 412
    256 413
    258 414
    282 415
    275 416
    268 417
    288 418
    270 419
    268 420
    255 421
    266 422
    239 423
    261 424
    220 425
    237 426
    229 427
    220 428
    241 429
    213 430
    179 431
    181 432
    203 433
    180 434
    199 435
    199 436
    224 437
    206 438
    196 439
    207 440
    196 441
    204 442
    198 443
    198 444
    184 445
    169 446
    214 447
    207 448
    198 449
    209 450
    229 451
    217 452
    202 453
    209 454
    214 455
    222 456
    233 457
    243 458
    225 459
    245 460
    245 461
    264 462
    269 463
    270 464
    307 465
    328 466
    330 467
    371 468
    368 469
    355 470
    405 471
    427 472
    450 473
    451 474
    454 475
    486 476
    497 477
    543 478
    532 479
    603 480
    555 481
    552 482
    559 483
    634 484
    554 485
    574 486
    530 487
    510 488
    547 489
    510 490
    492 491
    534 492
    523 493
    465 494
    431 495
    426 496
    407 497
    429 498
    411 499
    413 500
    359 501
    346 502
    374 503
    352 504
    337 505
    346 506
    317 507
    342 508
    351 509
    272 510
    293 511
    318 512
    301 513
    291 514
    293 515
    311 516
    350 517
    300 518
    300 519
    277 520
    293 521
    304 522
    277 523
    275 524
    282 525
    284 526
    272 527
    283 528
    315 529
    302 530
    297 531
    307 532
    302 533
    303 534
    307 535
    331 536
    323 537
    317 538
    362 539
    366 540
    350 541
    372 542
    381 543
    375 544
    426 545
    447 546
    391 547
    411 548
    396 549
    425 550
    413 551
    445 552
    445 553
    412 554
    404 555
    417 556
    405 557
    416 558
    379 559
    392 560
    326 561
    351 562
    328 563
    352 564
    317 565
    314 566
    304 567
    293 568
    285 569
    263 570
    276 571
    275 572
    282 573
    259 574
    236 575
    238 576
    241 577
    239 578
    242 579
    243 580
    247 581
    220 582
    236 583
    233 584
    250 585
    214 586
    240 587
    228 588
    228 589
    227 590
    218 591
    207 592
    225 593
    199 594
    198 595
    196 596
    216 597
    224 598
    219 599
    211 600
    236 601
    230 602
    255 603
    230 604
    227 605
    243 606
    269 607
    267 608
    244 609
    267 610
    266 611
    284 612
    276 613
    295 614
    318 615
    298 616
    334 617
    353 618
    327 619
    309 620
    323 621
    358 622
    325 623
    342 624
    342 625
    357 626
    279 627
    314 628
    306 629
    299 630
    325 631
    296 632
    311 633
    298 634
    324 635
    304 636
    239 637
    250 638
    252 639
    266 640
    242 641
    263 642
    273 643
    266 644
    248 645
    231 646
    255 647
    217 648
    244 649
    207 650
    243 651
    244 652
    204 653
    257 654
    248 655
    235 656
    250 657
    221 658
    266 659
    242 660
    236 661
    238 662
    230 663
    228 664
    244 665
    250 666
    266 667
    260 668
    267 669
    268 670
    249 671
    241 672
    263 673
    258 674
    283 675
    256 676
    291 677
    313 678
    313 679
    321 680
    315 681
    338 682
    338 683
    302 684
    318 685
    318 686
    372 687
    350 688
    351 689
    368 690
    382 691
    397 692
    355 693
    363 694
    323 695
    345 696
    342 697
    333 698
    366 699
    331 700
    325 701
    319 702
    300 703
    302 704
    308 705
    283 706
    310 707
    284 708
    280 709
    313 710
    278 711
    270 712
    270 713
    254 714
    275 715
    266 716
    266 717
    253 718
    248 719
    262 720
    250 721
    219 722
    241 723
    240 724
    237 725
    226 726
    214 727
    228 728
    252 729
    257 730
    256 731
    214 732
    251 733
    242 734
    242 735
    253 736
    234 737
    247 738
    253 739
    268 740
    247 741
    259 742
    251 743
    274 744
    286 745
    293 746
    244 747
    247 748
    302 749
    283 750
    294 751
    306 752
    324 753
    322 754
    302 755
    326 756
    357 757
    309 758
    328 759
    333 760
    312 761
    344 762
    293 763
    301 764
    336 765
    347 766
    287 767
    310 768
    311 769
    294 770
    268 771
    265 772
    263 773
    291 774
    257 775
    247 776
    277 777
    262 778
    237 779
    238 780
    227 781
    222 782
    238 783
    207 784
    232 785
    203 786
    223 787
    203 788
    218 789
    198 790
    228 791
    236 792
    229 793
    208 794
    228 795
    219 796
    196 797
    186 798
    223 799
    210 800
    212 801
    202 802
    193 803
    214 804
    204 805
    197 806
    189 807
    218 808
    193 809
    216 810
    192 811
    207 812
    209 813
    225 814
    233 815
    243 816
    232 817
    231 818
    248 819
    245 820
    255 821
    270 822
    248 823
    253 824
    238 825
    252 826
    251 827
    280 828
    241 829
    283 830
    255 831
    257 832
    269 833
    264 834
    244 835
    213 836
    247 837
    249 838
    218 839
    247 840
    227 841
    199 842
    210 843
    205 844
    200 845
    208 846
    196 847
    211 848
    193 849
    176 850
    188 851
    200 852
    180 853
    186 854
    200 855
    191 856
    176 857
    183 858
    183 859
    195 860
    180 861
    178 862
    170 863
    175 864
    168 865
    174 866
    166 867
    127 868
    173 869
    185 870
    210 871
    167 872
    188 873
    165 874
    177 875
    185 876
    181 877
    203 878
    162 879
    185 880
    193 881
    216 882
    164 883
    189 884
    197 885
    202 886
    181 887
    201 888
    199 889
    200 890
    201 891
    214 892
    228 893
    205 894
    202 895
    233 896
    187 897
    247 898
    202 899
    215 900
    191 901
    191 902
    191 903
    202 904
    204 905
    200 906
    206 907
    190 908
    201 909
    172 910
    184 911
    181 912
    180 913
    182 914
    177 915
    177 916
    178 917
    163 918
    192 919
    178 920
    149 921
    167 922
    167 923
    159 924
    167 925
    138 926
    158 927
    176 928
    156 929
    152 930
    145 931
    172 932
    159 933
    134 934
    151 935
    137 936
    157 937
    146 938
    129 939
    167 940
    152 941
    150 942
    153 943
    131 944
    146 945
    131 946
    142 947
    140 948
    121 949
    175 950
    154 951
    159 952
    142 953
    154 954
    150 955
    168 956
    181 957
    172 958
    185 959
    159 960
    172 961
    182 962
    182 963
    168 964
    181 965
    183 966
    193 967
    192 968
    166 969
    160 970
    167 971
    169 972
    181 973
    161 974
    182 975
    165 976
    143 977
    156 978
    146 979
    158 980
    149 981
    133 982
    157 983
    160 984
    131 985
    139 986
    131 987
    151 988
    145 989
    135 990
    132 991
    131 992
    121 993
    136 994
    137 995
    130 996
    142 997
    142 998
    149 999
    135 1000
    131 1001
    114 1002
    126 1003
    130 1004
    125 1005
    139 1006
    129 1007
    117 1008
    115 1009
    141 1010
    125 1011
    115 1012
    110 1013
    132 1014
    120 1015
    128 1016
    121 1017
    116 1018
    124 1019
    144 1020
    114 1021
    120 1022
    132 1023
    155 1024
    118 1025
    132 1026
    122 1027
    148 1028
    136 1029
    137 1030
    121 1031
    132 1032
    149 1033
    155 1034
    136 1035
    153 1036
    125 1037
    149 1038
    150 1039
    154 1040
    141 1041
    130 1042
    140 1043
    130 1044
    142 1045
    133 1046
    108 1047
    144 1048
    135 1049
    123 1050
    115 1051
    117 1052
    126 1053
    122 1054
    123 1055
    131 1056
    106 1057
    109 1058
    107 1059
    125 1060
    120 1061
    104 1062
     99 1063
    103 1064
    106 1065
    107 1066
     98 1067
     98 1068
    125 1069
    106 1070
     99 1071
     88 1072
    111 1073
     97 1074
     98 1075
    104 1076
    100 1077
     99 1078
     90 1079
     87 1080
     80 1081
    113 1082
     94 1083
    102 1084
    100 1085
    104 1086
    104 1087
     96 1088
     77 1089
    107 1090
     98 1091
    103 1092
     93 1093
     95 1094
     86 1095
    121 1096
    102 1097
     86 1098
    103 1099
    106 1100
    100 1101
    102 1102
    117 1103
    100 1104
    108 1105
    123 1106
     94 1107
    122 1108
    127 1109
    123 1110
    116 1111
    104 1112
     99 1113
    110 1114
    106 1115
    105 1116
    104 1117
    114 1118
    101 1119
     87 1120
     94 1121
     93 1122
     90 1123
     85 1124
     99 1125
     91 1126
     88 1127
     99 1128
     94 1129
     92 1130
     91 1131
     84 1132
     83 1133
     71 1134
     78 1135
     69 1136
     79 1137
     69 1138
     99 1139
     90 1140
     74 1141
     79 1142
     80 1143
     75 1144
     75 1145
     82 1146
     98 1147
     83 1148
     75 1149
     72 1150
     77 1151
     64 1152
     68 1153
     77 1154
     77 1155
     82 1156
     60 1157
     74 1158
     69 1159
     64 1160
     86 1161
     69 1162
     70 1163
     78 1164
     82 1165
    104 1166
     72 1167
     88 1168
     87 1169
     79 1170
     91 1171
     92 1172
     93 1173
     96 1174
     99 1175
     85 1176
     70 1177
     66 1178
     83 1179
     85 1180
     87 1181
     85 1182
     73 1183
     79 1184
     90 1185
     69 1186
     71 1187
     75 1188
     65 1189
     77 1190
     81 1191
     69 1192
     73 1193
     88 1194
     67 1195
     47 1196
     61 1197
     67 1198
     68 1199
     68 1200
     51 1201
     52 1202
     67 1203
     59 1204
     54 1205
     69 1206
     51 1207
     68 1208
     70 1209
     63 1210
     67 1211
     58 1212
     68 1213
     57 1214
     63 1215
     65 1216
     58 1217
     62 1218
     61 1219
     57 1220
     59 1221
     50 1222
     68 1223
     68 1224
     65 1225
     54 1226
     56 1227
     72 1228
     60 1229
     63 1230
     70 1231
     64 1232
     58 1233
     63 1234
     58 1235
     53 1236
     51 1237
     77 1238
     78 1239
     55 1240
     54 1241
     60 1242
     62 1243
     63 1244
     75 1245
     72 1246
     60 1247
     65 1248
     71 1249
     56 1250
     58 1251
     73 1252
     62 1253
     50 1254
     62 1255
     66 1256
     42 1257
     61 1258
     61 1259
     59 1260
     76 1261
     47 1262
     53 1263
     59 1264
     48 1265
     51 1266
     65 1267
     55 1268
     52 1269
     57 1270
     41 1271
     41 1272
     50 1273
     61 1274
     52 1275
     37 1276
     51 1277
     40 1278
     44 1279
     48 1280
     42 1281
     52 1282
     43 1283
     45 1284
     43 1285
     37 1286
     37 1287
     62 1288
     42 1289
     42 1290
     52 1291
     36 1292
     41 1293
     40 1294
     47 1295
     35 1296
     47 1297
     54 1298
     44 1299
     44 1300
     48 1301
     49 1302
     60 1303
     43 1304
     36 1305
     40 1306
     50 1307
     40 1308
     55 1309
     51 1310
     55 1311
     46 1312
     36 1313
     56 1314
     45 1315
     59 1316
     55 1317
     46 1318
     51 1319
     61 1320
     47 1321
     52 1322
     50 1323
     52 1324
     39 1325
     47 1326
     39 1327
     48 1328
     49 1329
     45 1330
     36 1331
     41 1332
     35 1333
     45 1334
     38 1335
     50 1336
     46 1337
     44 1338
     36 1339
     42 1340
     42 1341
     40 1342
     39 1343
     31 1344
     43 1345
     34 1346
     50 1347
     42 1348
     32 1349
     38 1350
     40 1351
     36 1352
     35 1353
     31 1354
     36 1355
     33 1356
     38 1357
     48 1358
     35 1359
     31 1360
     34 1361
     32 1362
     42 1363
     30 1364
     29 1365
     48 1366
     33 1367
     36 1368
     42 1369
     38 1370
     32 1371
     30 1372
     28 1373
     45 1374
     35 1375
     43 1376
     32 1377
     33 1378
     37 1379
     45 1380
     31 1381
     33 1382
     35 1383
     35 1384
     39 1385
     32 1386
     26 1387
     47 1388
     29 1389
     28 1390
     40 1391
     36 1392
     35 1393
     41 1394
     42 1395
     41 1396
     33 1397
     36 1398
     24 1399
     34 1400
     37 1401
     35 1402
     39 1403
     32 1404
     34 1405
     33 1406
     37 1407
     33 1408
     26 1409
     35 1410
     28 1411
     25 1412
     32 1413
     40 1414
     35 1415
     35 1416
     27 1417
     31 1418
     25 1419
     36 1420
     27 1421
     31 1422
     26 1423
     33 1424
     36 1425
     30 1426
     23 1427
     29 1428
     26 1429
     26 1430
     26 1431
     29 1432
     38 1433
     33 1434
     21 1435
     34 1436
     23 1437
     24 1438
     31 1439
     29 1440
     30 1441
     33 1442
     25 1443
     23 1444
     37 1445
     22 1446
     21 1447
     26 1448
     17 1449
     26 1450
     24 1451
     33 1452
     29 1453
     21 1454
     23 1455
     24 1456
     29 1457
     18 1458
     32 1459
     22 1460
     31 1461
     26 1462
     32 1463
     22 1464
     27 1465
     21 1466
     27 1467
     29 1468
     15 1469
     26 1470
     23 1471
     25 1472
     13 1473
     26 1474
     21 1475
     15 1476
     23 1477
     22 1478
     43 1479
     23 1480
     22 1481
     26 1482
     26 1483
     23 1484
     20 1485
     13 1486
     16 1487
     26 1488
     16 1489
     21 1490
     26 1491
     26 1492
     20 1493
     22 1494
     21 1495
     17 1496
     23 1497
     25 1498
     30 1499
     19 1500
     21 1501
     30 1502
     15 1503
     19 1504
     22 1505
     24 1506
     21 1507
     22 1508
     20 1509
     19 1510
     24 1511
     29 1512
     27 1513
     27 1514
     19 1515
     14 1516
     21 1517
     22 1518
     21 1519
     19 1520
     24 1521
     14 1522
     29 1523
     21 1524
     18 1525
     22 1526
     21 1527
     18 1528
     15 1529
     25 1530
     23 1531
     22 1532
     15 1533
     20 1534
     24 1535
     17 1536
     22 1537
     25 1538
     17 1539
     17 1540
     12 1541
     19 1542
     15 1543
      9 1544
     15 1545
     19 1546
     13 1547
     18 1548
     19 1549
     20 1550
     14 1551
     16 1552
     21 1553
     15 1554
     24 1555
     20 1556
     12 1557
     19 1558
     22 1559
     16 1560
     14 1561
     12 1562
     14 1563
      8 1564
     15 1565
     13 1566
     10 1567
     13 1568
     18 1569
     16 1570
     14 1571
     11 1572
     17 1573
     15 1574
     17 1575
     14 1576
     13 1577
     14 1578
     14 1579
     13 1580
     14 1581
     16 1582
     20 1583
     19 1584
     11 1585
     18 1586
     18 1587
     13 1588
     21 1589
     16 1590
     14 1591
     13 1592
     14 1593
     19 1594
     14 1595
     24 1596
     18 1597
     21 1598
     16 1599
     11 1600
     19 1601
     10 1602
     12 1603
     11 1604
     16 1605
     16 1606
     13 1607
      5 1608
     13 1609
     13 1610
      8 1611
     18 1612
     12 1613
     15 1614
      8 1615
      9 1616
     15 1617
     14 1618
     10 1619
     16 1620
     15 1621
     10 1622
     10 1623
      7 1624
     11 1625
     10 1626
     13 1627
     12 1628
      9 1629
      9 1630
     14 1631
      8 1632
      5 1633
     13 1634
     11 1635
     11 1636
     11 1637
     14 1638
      9 1639
     11 1640
     15 1641
     13 1642
      9 1643
     13 1644
     11 1645
     11 1646
     11 1647
      9 1648
     10 1649
     10 1650
     11 1651
     13 1652
      7 1653
      7 1654
     11 1655
      8 1656
      9 1657
     12 1658
      8 1659
      8 1660
      6 1661
      9 1662
      9 1663
      7 1664
     22 1665
      7 1666
      6 1667
     12 1668
     11 1669
      8 1670
     12 1671
     15 1672
     14 1673
     13 1674
      4 1675
     10 1676
     10 1677
      8 1678
     10 1679
      5 1680
      8 1681
      6 1682
      6 1683
      8 1684
      9 1685
      7 1686
     10 1687
      9 1688
      9 1689
      8 1690
      7 1691
      6 1692
      8 1693
      7 1694
     10 1695
      6 1696
      9 1697
      6 1698
      8 1699
      6 1700
      9 1701
      7 1702
      8 1703
      4 1704
      8 1705
      6 1706
      7 1707
     10 1708
      7 1709
      9 1710
     10 1711
      6 1712
      9 1713
      9 1714
      6 1715
      7 1716
     12 1717
     12 1718
      7 1719
      3 1720
      8 1721
      8 1722
      5 1723
      6 1724
      6 1725
      8 1726
      5 1727
      7 1728
      3 1729
     11 1730
      4 1731
      8 1732
      6 1733
      5 1734
      5 1735
      5 1736
     11 1737
      8 1738
     12 1739
     12 1740
     11 1741
      7 1742
      5 1743
      8 1744
      9 1745
      7 1746
      5 1747
      3 1748
     10 1749
      4 1750
     14 1751
     11 1752
      8 1753
      4 1754
      9 1755
      5 1756
      6 1757
      4 1758
      4 1759
      9 1760
      4 1761
     14 1762
      7 1763
      8 1764
      8 1765
      7 1766
      4 1767
      4 1768
      6 1769
      4 1770
      7 1771
      7 1772
      4 1773
      7 1774
      8 1775
      3 1776
     10 1777
      5 1778
      9 1779
      9 1780
      8 1781
      6 1782
      5 1783
      7 1784
      6 1785
      9 1786
      8 1787
      7 1788
      8 1789
      5 1790
      9 1791
      5 1792
      8 1793
      7 1794
      4 1795
      6 1796
      6 1797
      6 1798
      4 1799
      8 1800
      6 1801
      4 1802
      5 1803
      2 1804
      8 1805
      2 1806
      9 1807
      5 1808
      8 1809
      6 1810
      5 1811
      1 1812
      4 1813
      5 1814
      7 1815
      5 1816
      2 1817
      3 1818
      9 1819
      5 1820
      3 1821
      7 1822
      8 1823
      3 1824
      5 1825
      6 1826
      3 1827
      5 1828
      5 1829
      3 1830
      2 1831
      1 1832
      3 1833
      6 1834
      5 1835
      6 1836
      8 1837
      3 1838
      8 1839
      3 1840
      7 1841
      6 1842
      4 1843
      6 1844
      2 1845
      2 1846
      2 1847
      6 1848
      1 1849
      3 1850
      2 1851
      3 1852
      8 1853
      1 1854
      5 1855
      5 1856
      6 1857
      3 1858
      5 1859
      5 1860
      2 1861
      5 1862
      3 1863
      5 1864
      2 1865
      2 1866
      5 1867
      4 1868
      3 1869
      6 1870
      5 1871
      9 1872
      4 1873
      6 1874
      3 1875
      6 1876
      5 1877
      6 1878
      4 1879
      2 1880
      6 1881
      2 1882
      1 1883
      1 1884
      1 1885
      3 1886
      4 1887
      5 1888
      1 1889
      6 1890
      3 1891
      6 1892
      2 1893
      1 1894
      3 1895
      3 1896
      2 1897
      2 1898
      3 1899
      1 1900
      2 1901
      2 1902
      3 1903
      6 1904
      2 1905
      1 1906
      2 1907
      4 1908
      3 1909
      4 1910
      3 1911
      4 1912
      3 1913
      1 1914
      3 1916
      1 1917
      1 1918
      3 1919
      1 1920
      1 1921
      3 1922
      1 1923
      1 1924
      3 1925
      5 1926
      4 1927
      3 1928
      1 1929
      3 1930
      2 1931
      3 1932
      3 1933
      3 1934
      1 1935
      4 1936
      2 1937
      1 1938
      2 1939
      5 1940
      3 1941
      1 1942
      5 1943
      2 1944
      4 1946
      4 1947
      3 1948
      6 1949
      2 1951
      3 1952
      1 1953
      3 1954
      3 1955
      3 1956
      4 1957
      4 1958
      1 1959
      1 1960
      3 1962
      2 1963
      4 1965
      2 1966
      2 1967
      2 1968
      4 1969
      3 1970
      2 1971
      4 1972
      3 1973
      3 1974
      4 1975
      5 1976
      1 1977
      1 1978
      1 1979
      1 1980
      1 1981
      2 1983
      1 1984
      3 1986
      4 1987
      2 1988
      2 1989
      2 1990
      1 1991
      1 1992
      2 1993
      1 1994
      2 1995
      3 1997
      3 1999
      1 2000
      2 2001
      2 2002
      4 2004
      2 2005
      3 2006
      2 2007
      4 2009
      4 2010
      4 2011
      3 2012
      1 2014
      6 2015
      7 2017
      4 2018
      3 2019
      2 2021
      1 2023
      2 2028
      1 2029
      1 2030
      1 2031
      5 2032
      2 2033
      1 2034
      1 2036
      4 2037
      2 2038
      1 2039
      2 2040
      1 2041
      1 2042
      2 2043
      2 2045
      1 2046
      3 2047
      4 2051
      2 2052
      2 2053
      2 2055
      2 2056
      1 2058
      2 2059
      3 2061
      3 2062
      2 2064
      1 2065
      1 2067
      2 2068
      1 2069
      2 2070
      1 2071
      4 2072
      4 2073
      1 2074
      1 2076
      2 2077
      1 2078
      2 2079
      1 2081
      2 2084
      1 2085
      2 2086
      4 2087
      1 2088
      2 2089
      2 2090
      4 2093
      2 2094
      2 2095
      4 2096
      4 2097
      2 2099
      3 2101
      1 2102
      3 2105
      1 2107
      4 2109
      3 2110
      1 2111
      3 2113
      1 2114
      2 2115
      2 2117
      1 2118
      2 2119
      1 2122
      1 2123
      1 2124
      1 2125
      1 2126
      1 2127
      2 2128
      1 2131
      1 2132
      2 2133
      2 2134
      1 2135
      1 2136
      2 2137
      2 2140
      1 2141
      1 2143
      1 2144
      1 2145
      1 2146
      2 2147
      4 2148
      1 2150
      3 2151
      1 2152
      1 2153
      2 2156
      1 2158
      1 2159
      2 2160
      2 2161
      1 2165
      1 2166
      2 2167
      1 2169
      2 2170
      1 2171
      2 2172
      1 2181
      1 2182
      2 2183
      1 2184
      1 2185
      2 2186
      1 2188
      1 2189
      1 2194
      1 2195
      2 2196
      1 2199
      1 2200
      2 2201
      1 2203
      1 2204
      1 2205
      2 2210
      4 2212
      1 2214
      3 2217
      1 2218
      1 2219
      1 2223
      1 2224
      3 2225
      1 2226
      1 2227
      1 2228
      1 2229
      1 2230
      3 2232
      1 2234
      3 2235
      1 2238
      2 2240
      2 2241
      1 2242
      1 2243
      3 2244
      4 2247
      2 2252
      1 2256
      1 2257
      2 2259
      1 2261
      1 2262
      1 2264
      1 2265
      1 2267
      2 2268
      2 2269
      1 2270
      1 2271
      1 2273
      1 2274
      2 2275
      2 2277
      1 2278
      2 2280
      1 2282
      1 2283
      1 2285
      1 2286
      3 2289
      2 2290
      2 2292
      1 2295
      1 2297
      2 2298
      1 2299
      1 2303
      1 2304
      1 2305
      1 2309
      3 2311
      1 2312
      1 2317
      2 2320
      2 2321
      3 2322
      3 2327
      1 2330
      1 2334
      1 2337
      1 2338
      2 2340
      2 2342
      2 2344
      1 2348
      2 2349
      1 2350
      3 2352
      1 2353
      1 2359
      1 2360
      1 2362
      1 2363
      1 2364
      2 2366
      1 2368
      2 2371
      1 2372
      1 2374
      1 2375
      2 2376
      1 2380
      2 2381
      1 2384
      1 2385
      1 2386
      1 2389
      1 2392
      2 2393
      1 2394
      1 2396
      1 2397
      2 2400
      2 2401
      1 2403
      1 2409
      2 2413
      1 2415
      1 2416
      1 2417
      1 2420
      1 2424
      1 2426
      1 2432
      1 2435
      2 2436
      1 2437
      1 2443
      1 2453
      1 2454
      2 2456
      1 2463
      1 2464
      1 2465
      1 2466
      1 2476
      1 2480
      1 2481
      1 2483
      2 2485
      1 2491
      1 2495
      1 2497
      2 2501
      1 2505
      1 2508
      1 2509
      1 2511
      1 2515
      1 2516
      1 2519
      1 2520
      1 2522
      1 2527
      1 2529
      1 2530
      1 2535
      1 2536
      1 2539
      2 2541
      1 2545
      1 2547
      1 2550
      1 2551
      1 2552
      1 2553
      1 2557
      1 2562
      1 2565
      2 2568
      2 2577
      1 2578
      2 2579
      1 2580
      1 2581
      1 2583
      1 2586
      1 2594
      1 2598
      1 2599
      1 2602
      1 2605
      1 2620
      1 2622
      1 2628
      2 2632
      1 2636
      1 2642
      1 2646
      2 2647
      1 2651
      1 2660
      1 2663
      1 2665
      1 2668
      1 2670
      1 2671
      1 2678
      1 2685
      1 2687
      1 2689
      1 2691
      1 2692
      1 2704
      1 2713
      1 2721
      2 2727
      2 2731
      1 2741
      1 2742
      1 2743
      1 2744
      2 2749
      1 2752
      1 2760
      1 2761
      1 2769
      1 2774
      1 2776
      1 2777
      1 2780
      1 2781
      1 2782
      1 2785
      1 2795
      1 2802
      1 2809
      1 2810
      1 2814
      1 2830
      1 2835
      1 2846
      2 2847
      1 2859
      1 2877
      1 2882
      1 2883
      1 2884
      2 2888
      1 2900
      1 2917
      1 2928
      1 2942
      1 2946
      1 2947
      1 2959
      1 2961
      1 2973
      1 2976
      1 2984
      1 2997
      1 2999
      1 3010
      1 3016
      1 3017
      1 3020
      1 3043
      1 3044
      1 3069
      1 3075
      1 3079
      1 3085
      1 3104
      1 3115
      1 3134
      1 3139
      1 3144
      1 3145
      1 3153
      1 3167
      1 3169
      1 3177
      1 3184
      1 3188
      1 3200
      1 3204
      1 3210
      1 3212
      1 3234
      1 3240
      1 3257
      1 3266
      1 3288
      1 3342
      1 3345
      1 3353
      1 3359
      1 3361
      1 3377
      1 3385
      1 3412
      1 3419
      1 3426
      1 3469
      1 3475
      2 3489
      1 3497
      1 3531
      1 3542
      1 3582
      1 3589
      1 3598
      1 3607
      1 3626
      1 3643
      1 3668
      1 3738
      1 3797
      1 3827
      1 4067
      1 4083
      2 4140
      1 4183
      1 4255
      1 4293
      1 4305
      1 4465
      1 4661
      1 4785
      1 4987
      1 5026
      1 5055
      1 5187
      1 5747
      1 6232
      1 6503
      1 6617
      1 7851
      1 7941
      1 7976
      1 8239
      1 9602
      1 9627
      1 10317
      1 10777
      1 19484
      1 19581
---AAD-PGBENCH-LAG-US---
