pgbench (18.6 (Debian 18.6-1.pgdg13+2))
starting vacuum...end.
transaction type: <builtin: select only>
scaling factor: 1000
query mode: simple
number of clients: 64
number of threads: 16
maximum number of tries: 1
duration: 60 s
number of transactions actually processed: 9476628
number of failed transactions: 0 (0.000%)
latency average = 0.404 ms
initial connection time = 120.421 ms
tps = 158251.533294 (without initial connection time)
---AAD-PGBENCH-LATENCY-US---
rc=0
samples=189153
      3 231
      2 232
      1 234
      2 235
      5 236
      7 237
      5 238
      5 239
      9 240
      8 241
     10 242
     17 243
     13 244
     20 245
     14 246
     31 247
     29 248
     31 249
     36 250
     33 251
     39 252
     46 253
     58 254
     57 255
     80 256
     86 257
     94 258
    122 259
     99 260
    107 261
    130 262
    184 263
    185 264
    187 265
    194 266
    230 267
    233 268
    251 269
    304 270
    349 271
    319 272
    393 273
    327 274
    368 275
    434 276
    424 277
    444 278
    435 279
    408 280
    407 281
    387 282
    398 283
    459 284
    391 285
    414 286
    379 287
    377 288
    359 289
    390 290
    341 291
    337 292
    366 293
    345 294
    307 295
    356 296
    352 297
    336 298
    323 299
    388 300
    341 301
    346 302
    332 303
    360 304
    359 305
    372 306
    373 307
    403 308
    387 309
    374 310
    400 311
    411 312
    426 313
    421 314
    436 315
    438 316
    532 317
    461 318
    544 319
    517 320
    521 321
    554 322
    560 323
    615 324
    676 325
    719 326
    763 327
    752 328
    887 329
    863 330
    949 331
   1064 332
   1018 333
   1179 334
   1204 335
   1269 336
   1380 337
   1381 338
   1426 339
   1547 340
   1625 341
   1717 342
   1774 343
   1914 344
   1956 345
   1945 346
   1806 347
   1731 348
   1702 349
   1543 350
   1450 351
   1440 352
   1346 353
   1239 354
   1224 355
   1177 356
   1101 357
   1065 358
   1011 359
    987 360
    947 361
    841 362
    780 363
    779 364
    822 365
    708 366
    730 367
    673 368
    666 369
    668 370
    626 371
    666 372
    625 373
    616 374
    586 375
    598 376
    616 377
    558 378
    560 379
    564 380
    559 381
    540 382
    556 383
    569 384
    539 385
    496 386
    559 387
    540 388
    545 389
    624 390
    576 391
    621 392
    601 393
    674 394
    656 395
    660 396
    692 397
    731 398
    781 399
    722 400
    795 401
    837 402
    896 403
    870 404
    960 405
    994 406
   1046 407
   1045 408
   1076 409
   1109 410
   1136 411
   1172 412
   1205 413
   1266 414
   1319 415
   1223 416
   1143 417
   1166 418
   1127 419
   1024 420
    987 421
   1059 422
    871 423
    886 424
    851 425
    867 426
    757 427
    728 428
    675 429
    670 430
    645 431
    612 432
    642 433
    641 434
    625 435
    550 436
    528 437
    536 438
    550 439
    507 440
    466 441
    509 442
    526 443
    468 444
    487 445
    458 446
    483 447
    447 448
    455 449
    435 450
    471 451
    447 452
    483 453
    435 454
    464 455
    464 456
    466 457
    468 458
    469 459
    492 460
    495 461
    512 462
    530 463
    497 464
    546 465
    522 466
    608 467
    560 468
    651 469
    612 470
    640 471
    694 472
    659 473
    698 474
    764 475
    756 476
    818 477
    770 478
    833 479
    882 480
    811 481
    884 482
    852 483
    885 484
    833 485
    815 486
    755 487
    780 488
    705 489
    675 490
    651 491
    627 492
    607 493
    564 494
    539 495
    501 496
    481 497
    449 498
    428 499
    408 500
    362 501
    404 502
    387 503
    362 504
    305 505
    329 506
    315 507
    292 508
    281 509
    297 510
    273 511
    255 512
    250 513
    239 514
    272 515
    269 516
    228 517
    266 518
    230 519
    247 520
    208 521
    194 522
    216 523
    220 524
    185 525
    173 526
    215 527
    181 528
    185 529
    221 530
    181 531
    180 532
    167 533
    209 534
    172 535
    167 536
    193 537
    181 538
    202 539
    197 540
    200 541
    227 542
    214 543
    208 544
    218 545
    203 546
    209 547
    225 548
    217 549
    208 550
    208 551
    214 552
    217 553
    185 554
    204 555
    204 556
    182 557
    168 558
    178 559
    162 560
    158 561
    132 562
    148 563
    148 564
    118 565
    124 566
    117 567
    125 568
    117 569
    107 570
     92 571
    103 572
    102 573
     79 574
     96 575
     80 576
     87 577
     63 578
     80 579
     69 580
     66 581
     70 582
     73 583
     74 584
     58 585
     58 586
     58 587
     60 588
     47 589
     56 590
     57 591
     61 592
     48 593
     68 594
     59 595
     48 596
     45 597
     49 598
     66 599
     53 600
     42 601
     57 602
     54 603
     56 604
     63 605
     48 606
     56 607
     48 608
     42 609
     42 610
     49 611
     47 612
     56 613
     54 614
     28 615
     48 616
     44 617
     48 618
     45 619
     43 620
     55 621
     43 622
     41 623
     43 624
     50 625
     46 626
     38 627
     42 628
     46 629
     45 630
     42 631
     44 632
     37 633
     29 634
     36 635
     33 636
     26 637
     30 638
     24 639
     31 640
     34 641
     19 642
     34 643
     29 644
     24 645
     24 646
     23 647
     25 648
     24 649
     21 650
     33 651
     19 652
     21 653
     19 654
     14 655
     27 656
     21 657
     19 658
     19 659
     15 660
     18 661
      9 662
     12 663
     20 664
     16 665
     12 666
     13 667
     12 668
     21 669
     10 670
     16 671
     17 672
     15 673
     16 674
     20 675
     18 676
     14 677
     14 678
     14 679
     16 680
     12 681
     14 682
     16 683
     13 684
     11 685
     12 686
     15 687
     10 688
     12 689
      9 690
     10 691
      7 692
     15 693
     11 694
      9 695
     12 696
     15 697
      9 698
     10 699
      5 700
      6 701
      7 702
     12 703
      6 704
     11 705
      9 706
      3 707
      7 708
      5 709
      3 710
      4 711
      7 712
      6 713
      8 714
     10 715
      4 716
     11 717
      8 718
      6 719
      2 720
      7 721
      6 722
      7 723
      3 724
      6 725
      5 726
      8 727
      5 728
      4 729
      8 730
      7 731
      7 732
      3 733
      6 734
      8 735
      3 736
      3 737
      5 738
      2 739
      9 740
      2 741
      6 742
      3 743
      4 744
      3 745
      2 746
      5 747
      1 748
      5 749
      3 750
      2 751
      7 752
      5 753
      1 754
      3 755
      3 756
      2 757
      4 758
      5 759
      3 760
      1 761
      6 762
      2 763
      5 764
     10 765
      3 766
      3 767
      3 768
      2 769
      1 770
      3 771
      3 772
      1 773
      3 774
      2 775
      3 776
      1 777
      2 778
      1 779
      4 780
      1 781
      2 782
      1 783
      3 784
      1 785
      4 786
      5 787
      2 788
      2 789
      3 790
      1 791
      1 792
      1 793
      3 794
      2 795
      1 796
      1 797
      1 798
      1 799
      2 800
      2 803
      1 804
      3 805
      1 806
      2 807
      3 808
      2 809
      2 810
      2 811
      3 812
      3 813
      3 814
      1 815
      2 816
      1 819
      1 820
      3 821
      3 822
      1 823
      2 824
      4 825
      2 826
      2 827
      2 828
      1 829
      1 830
      1 832
      2 833
      1 834
      1 835
      2 836
      3 837
      3 838
      3 840
      1 841
      1 842
      1 843
      1 844
      2 845
      4 848
      1 849
      2 850
      2 851
      1 852
      1 853
      2 854
      1 855
      1 856
      1 860
      3 863
      1 864
      1 865
      1 868
      1 870
      1 872
      2 875
      2 877
      1 878
      1 879
      1 880
      1 881
      1 886
      1 887
      1 889
      1 890
      1 892
      1 893
      1 895
      1 896
      2 899
      1 903
      1 906
      1 908
      1 909
      1 910
      1 918
      1 921
      1 922
      2 924
      1 932
      1 933
      2 936
      1 939
      1 948
      1 951
      1 953
      1 956
      1 962
      1 969
      1 972
      1 980
      1 984
      2 989
      1 1001
      1 1011
      1 1015
      1 1024
      1 1036
      1 1063
      1 1081
      1 1097
      1 1103
      1 1132
      1 1212
      1 1223
      1 1237
      1 1239
      1 1358
      1 1475
      1 1540
      1 2260
      1 2466
      1 2537
      1 2611
      1 3220
      1 4115
---AAD-PGBENCH-LAG-US---
