pgbench (18.6 (Debian 18.6-1.pgdg13+2))
starting vacuum...end.
transaction type: <builtin: select only>
scaling factor: 1000
query mode: simple
number of clients: 256
number of threads: 16
maximum number of tries: 1
duration: 60 s
number of transactions actually processed: 8422860
number of failed transactions: 0 (0.000%)
latency average = 1.805 ms
initial connection time = 657.954 ms
tps = 141830.787215 (without initial connection time)
---AAD-PGBENCH-LATENCY-US---
rc=0
samples=168419
      1 252
      1 254
      1 265
      2 268
      2 274
      1 278
      2 279
      1 280
      1 282
      1 283
      1 285
      1 288
      1 290
      1 291
      2 296
      2 297
      2 299
      2 301
      1 302
      1 303
      3 304
      1 307
      1 308
      1 313
      3 314
      1 315
      3 317
      1 318
      1 319
      1 320
      1 321
      3 322
      3 323
      1 324
      2 325
      1 326
      4 328
      2 329
      2 330
      2 331
      1 332
      2 333
      5 334
      1 335
      2 336
      3 337
      2 338
      3 339
      6 340
      6 341
      5 342
      5 343
      2 344
      6 345
      6 346
      5 347
      2 348
      4 349
      6 350
      2 351
      3 352
      5 353
      3 354
      2 355
      5 356
      5 357
      5 358
      4 359
      3 360
      3 361
      5 362
      1 363
      2 364
      3 365
      8 366
      6 367
      2 368
      4 369
      3 370
      4 371
      9 372
      3 373
      2 374
      6 375
      4 376
      1 377
      3 378
      3 379
      3 380
      4 381
      5 382
      6 383
      6 385
      6 386
      2 387
      6 388
      6 389
      2 390
      7 391
      5 392
      4 393
      8 394
      4 395
      5 396
     11 397
      8 398
      9 399
     10 400
     12 401
      7 402
     13 403
     12 404
     15 405
      7 406
     16 407
      8 408
     12 409
     15 410
     12 411
     11 412
     15 413
     18 414
     15 415
     11 416
     21 417
     18 418
     12 419
     12 420
     27 421
     19 422
     18 423
      8 424
      8 425
     13 426
      9 427
     17 428
     12 429
     18 430
     11 431
     10 432
      6 433
      6 434
     15 435
     15 436
      6 437
      7 438
      5 439
     12 440
      9 441
     10 442
      5 443
     10 444
      5 445
     13 446
     11 447
      6 448
     14 449
     10 450
      9 451
     16 452
     12 453
     11 454
     12 455
     13 456
     14 457
     17 458
     22 459
     12 460
     14 461
     13 462
     10 463
     10 464
     15 465
     13 466
     24 467
     22 468
     21 469
     22 470
     19 471
     14 472
     18 473
     18 474
     31 475
     25 476
     25 477
     24 478
     31 479
     30 480
     37 481
     21 482
     23 483
     27 484
     34 485
     17 486
     28 487
     16 488
     26 489
     30 490
     15 491
     23 492
     21 493
     28 494
     20 495
     19 496
     21 497
     34 498
     14 499
     19 500
     20 501
     17 502
     17 503
     15 504
     12 505
     26 506
     13 507
     15 508
     18 509
     15 510
     21 511
     19 512
     21 513
     19 514
     20 515
     16 516
     12 517
     16 518
     23 519
     14 520
     19 521
     13 522
     13 523
      8 524
     13 525
     21 526
     18 527
     18 528
     13 529
     11 530
     15 531
     15 532
     17 533
     15 534
     13 535
     15 536
     24 537
     18 538
     33 539
     14 540
     26 541
     23 542
     19 543
     14 544
     23 545
     15 546
     23 547
     25 548
     19 549
     25 550
     28 551
     24 552
     29 553
     20 554
     22 555
     19 556
     28 557
     21 558
     24 559
     18 560
     24 561
     19 562
      9 563
     17 564
     31 565
     13 566
     16 567
     26 568
     16 569
     12 570
     15 571
     20 572
     16 573
     18 574
     16 575
     10 576
     10 577
     19 578
     16 579
      7 580
      6 581
     13 582
     10 583
     13 584
      9 585
     19 586
     14 587
      8 588
     13 589
     12 590
     15 591
     13 592
      8 593
     16 594
     13 595
     11 596
      6 597
     14 598
     16 599
      9 600
     18 601
     20 602
      9 603
     16 604
     17 605
     15 606
     16 607
     17 608
     16 609
     19 610
     15 611
     24 612
     13 613
     21 614
     21 615
     14 616
     17 617
     21 618
     28 619
     21 620
     17 621
     18 622
     17 623
     19 624
     16 625
     28 626
     20 627
     19 628
     17 629
     17 630
     17 631
     19 632
     15 633
     15 634
     20 635
     17 636
     21 637
     22 638
     22 639
     17 640
     12 641
     10 642
     11 643
     15 644
     16 645
     10 646
     15 647
     17 648
     13 649
     20 650
     18 651
     14 652
     17 653
      8 654
     16 655
     11 656
     19 657
     11 658
     17 659
     15 660
     11 661
     10 662
     15 663
     11 664
      8 665
     16 666
     17 667
      6 668
     16 669
     11 670
     13 671
     21 672
     19 673
     16 674
     18 675
     14 676
      9 677
     24 678
     14 679
     16 680
     20 681
     25 682
     19 683
     11 684
     20 685
     21 686
     25 687
     15 688
     15 689
     16 690
     23 691
     18 692
     18 693
     18 694
     16 695
     16 696
     16 697
     17 698
     26 699
     20 700
     23 701
     12 702
     14 703
     20 704
     24 705
     21 706
     18 707
     14 708
     16 709
     21 710
     10 711
     18 712
     17 713
     15 714
      8 715
     16 716
     12 717
     21 718
     11 719
     12 720
     10 721
     15 722
     14 723
     19 724
      6 725
     14 726
     20 727
     15 728
     13 729
     11 730
     15 731
     14 732
     25 733
      7 734
     19 735
     15 736
     14 737
     14 738
     16 739
     19 740
     18 741
     15 742
     15 743
     22 744
     19 745
     14 746
     29 747
     22 748
     21 749
     27 750
     18 751
     23 752
     27 753
     20 754
     23 755
     21 756
     20 757
     20 758
     21 759
     24 760
     24 761
     19 762
     18 763
     18 764
     17 765
     17 766
     25 767
     28 768
     15 769
     18 770
     21 771
     12 772
     18 773
     15 774
     21 775
     20 776
     15 777
     15 778
     21 779
     21 780
     17 781
     19 782
     20 783
     19 784
     17 785
     16 786
     27 787
     10 788
     10 789
     17 790
     16 791
     18 792
     14 793
     17 794
     11 795
     15 796
     19 797
     15 798
     23 799
     13 800
     18 801
     13 802
      9 803
     16 804
     10 805
     14 806
     12 807
     16 808
     14 809
     21 810
     15 811
     20 812
     16 813
     17 814
     20 815
     19 816
     19 817
     15 818
     13 819
     16 820
     24 821
     20 822
     23 823
     15 824
     16 825
     21 826
     24 827
     25 828
     23 829
     19 830
     25 831
     15 832
     22 833
     14 834
     23 835
     10 836
     13 837
     17 838
     19 839
     10 840
     16 841
     24 842
     20 843
     19 844
     22 845
     24 846
     24 847
     15 848
     14 849
     13 850
     13 851
     20 852
     19 853
     19 854
     13 855
     14 856
     22 857
     19 858
     13 859
     14 860
     16 861
     15 862
     25 863
     17 864
      9 865
     19 866
     15 867
     10 868
     20 869
     15 870
     22 871
     21 872
     17 873
     12 874
     16 875
     20 876
     16 877
     16 878
     16 879
     14 880
     24 881
     20 882
     22 883
     25 884
     15 885
     29 886
     22 887
     21 888
     28 889
     24 890
     14 891
     19 892
     23 893
     25 894
     23 895
     19 896
     19 897
     27 898
     21 899
     19 900
     15 901
     23 902
     21 903
     27 904
     23 905
     22 906
     17 907
     16 908
     16 909
     22 910
     31 911
     15 912
     29 913
     23 914
     15 915
     26 916
     25 917
     23 918
     17 919
     20 920
      9 921
     24 922
     19 923
     22 924
     19 925
     27 926
     25 927
     25 928
     14 929
     22 930
     22 931
     19 932
     13 933
     15 934
     23 935
     19 936
     22 937
     16 938
     19 939
     15 940
     16 941
     17 942
     25 943
     24 944
     22 945
     21 946
     24 947
     20 948
     24 949
     19 950
     20 951
     22 952
     18 953
     26 954
     20 955
     21 956
     25 957
     16 958
     27 959
     32 960
     20 961
     33 962
     40 963
     29 964
     25 965
     30 966
     34 967
     28 968
     34 969
     35 970
     35 971
     35 972
     33 973
     29 974
     28 975
     25 976
     30 977
     37 978
     27 979
     27 980
     23 981
     27 982
     27 983
     32 984
     27 985
     33 986
     25 987
     21 988
     26 989
     42 990
     24 991
     24 992
     27 993
     32 994
     31 995
     26 996
     36 997
     32 998
     23 999
     24 1000
     28 1001
     30 1002
     33 1003
     30 1004
     28 1005
     33 1006
     21 1007
     42 1008
     36 1009
     37 1010
     29 1011
     22 1012
     45 1013
     37 1014
     29 1015
     35 1016
     37 1017
     43 1018
     49 1019
     34 1020
     45 1021
     29 1022
     30 1023
     29 1024
     40 1025
     36 1026
     31 1027
     47 1028
     39 1029
     34 1030
     42 1031
     44 1032
     49 1033
     50 1034
     28 1035
     51 1036
     43 1037
     40 1038
     41 1039
     45 1040
     35 1041
     36 1042
     33 1043
     39 1044
     46 1045
     33 1046
     47 1047
     41 1048
     44 1049
     52 1050
     40 1051
     46 1052
     40 1053
     50 1054
     45 1055
     43 1056
     47 1057
     27 1058
     54 1059
     43 1060
     37 1061
     35 1062
     34 1063
     46 1064
     40 1065
     55 1066
     46 1067
     43 1068
     43 1069
     49 1070
     54 1071
     49 1072
     42 1073
     54 1074
     64 1075
     50 1076
     46 1077
     46 1078
     47 1079
     41 1080
     46 1081
     48 1082
     50 1083
     49 1084
     55 1085
     73 1086
     60 1087
     54 1088
     48 1089
     51 1090
     56 1091
     54 1092
     63 1093
     65 1094
     50 1095
     58 1096
     66 1097
     59 1098
     73 1099
     64 1100
     65 1101
     68 1102
     65 1103
     65 1104
     76 1105
     70 1106
     78 1107
     68 1108
     65 1109
     58 1110
     68 1111
     68 1112
     73 1113
     82 1114
     69 1115
     81 1116
     76 1117
     68 1118
     86 1119
     74 1120
     72 1121
     71 1122
     72 1123
     83 1124
     91 1125
     56 1126
     77 1127
     73 1128
     94 1129
     73 1130
     62 1131
     62 1132
     75 1133
     81 1134
     77 1135
     66 1136
     93 1137
     85 1138
     87 1139
     74 1140
     68 1141
     79 1142
     95 1143
     91 1144
     79 1145
     87 1146
     95 1147
     84 1148
     71 1149
     88 1150
     87 1151
    101 1152
     80 1153
    106 1154
     94 1155
     92 1156
     81 1157
    101 1158
     98 1159
     91 1160
    106 1161
    104 1162
    104 1163
    100 1164
    119 1165
    122 1166
     98 1167
    117 1168
    117 1169
    126 1170
    108 1171
    116 1172
    115 1173
    131 1174
    127 1175
    113 1176
    129 1177
    114 1178
    132 1179
    139 1180
    118 1181
    124 1182
    111 1183
    147 1184
    113 1185
    128 1186
    133 1187
    115 1188
    135 1189
    124 1190
    152 1191
    139 1192
    128 1193
    136 1194
    125 1195
    119 1196
    135 1197
    134 1198
    132 1199
    152 1200
    144 1201
    127 1202
    140 1203
    141 1204
    143 1205
    143 1206
    133 1207
    143 1208
    125 1209
    133 1210
    136 1211
    151 1212
    148 1213
    140 1214
    153 1215
    150 1216
    140 1217
    142 1218
    147 1219
    166 1220
    157 1221
    128 1222
    154 1223
    168 1224
    152 1225
    148 1226
    158 1227
    163 1228
    193 1229
    149 1230
    186 1231
    178 1232
    179 1233
    161 1234
    196 1235
    182 1236
    165 1237
    201 1238
    189 1239
    201 1240
    193 1241
    182 1242
    221 1243
    177 1244
    190 1245
    201 1246
    212 1247
    197 1248
    208 1249
    201 1250
    182 1251
    162 1252
    191 1253
    184 1254
    189 1255
    192 1256
    198 1257
    192 1258
    206 1259
    206 1260
    195 1261
    191 1262
    204 1263
    216 1264
    167 1265
    181 1266
    153 1267
    193 1268
    162 1269
    175 1270
    185 1271
    179 1272
    199 1273
    172 1274
    173 1275
    203 1276
    188 1277
    191 1278
    197 1279
    186 1280
    183 1281
    203 1282
    188 1283
    199 1284
    219 1285
    182 1286
    190 1287
    186 1288
    201 1289
    190 1290
    172 1291
    205 1292
    204 1293
    216 1294
    192 1295
    176 1296
    206 1297
    207 1298
    218 1299
    210 1300
    216 1301
    195 1302
    218 1303
    205 1304
    226 1305
    207 1306
    227 1307
    209 1308
    194 1309
    213 1310
    219 1311
    224 1312
    220 1313
    225 1314
    247 1315
    227 1316
    218 1317
    220 1318
    189 1319
    190 1320
    221 1321
    215 1322
    223 1323
    191 1324
    193 1325
    215 1326
    200 1327
    193 1328
    216 1329
    204 1330
    204 1331
    201 1332
    218 1333
    172 1334
    205 1335
    211 1336
    193 1337
    206 1338
    180 1339
    180 1340
    214 1341
    200 1342
    167 1343
    179 1344
    173 1345
    181 1346
    180 1347
    176 1348
    178 1349
    215 1350
    171 1351
    186 1352
    189 1353
    204 1354
    193 1355
    183 1356
    172 1357
    172 1358
    175 1359
    163 1360
    162 1361
    175 1362
    175 1363
    149 1364
    171 1365
    164 1366
    155 1367
    197 1368
    168 1369
    191 1370
    200 1371
    167 1372
    196 1373
    204 1374
    178 1375
    173 1376
    167 1377
    198 1378
    197 1379
    159 1380
    191 1381
    192 1382
    183 1383
    182 1384
    210 1385
    178 1386
    187 1387
    172 1388
    210 1389
    221 1390
    177 1391
    181 1392
    161 1393
    185 1394
    174 1395
    180 1396
    185 1397
    163 1398
    159 1399
    143 1400
    163 1401
    177 1402
    165 1403
    152 1404
    171 1405
    154 1406
    169 1407
    154 1408
    148 1409
    168 1410
    147 1411
    148 1412
    136 1413
    172 1414
    156 1415
    154 1416
    142 1417
    141 1418
    159 1419
    148 1420
    157 1421
    135 1422
    130 1423
    134 1424
    168 1425
    149 1426
    137 1427
    143 1428
    164 1429
    142 1430
    140 1431
    149 1432
    134 1433
    132 1434
    163 1435
    144 1436
    136 1437
    149 1438
    163 1439
    127 1440
    124 1441
    146 1442
    146 1443
    147 1444
    162 1445
    139 1446
    140 1447
    144 1448
    130 1449
    138 1450
    142 1451
    144 1452
    136 1453
    146 1454
    167 1455
    155 1456
    146 1457
    127 1458
    153 1459
    148 1460
    141 1461
    136 1462
    117 1463
    129 1464
    150 1465
    127 1466
    131 1467
    116 1468
    126 1469
    130 1470
    123 1471
    132 1472
    131 1473
    127 1474
    134 1475
    142 1476
    138 1477
    119 1478
    121 1479
    115 1480
    122 1481
    120 1482
    135 1483
    132 1484
    116 1485
    116 1486
    121 1487
    107 1488
    137 1489
    110 1490
    119 1491
    114 1492
    112 1493
    119 1494
    118 1495
    116 1496
    118 1497
    125 1498
    106 1499
    112 1500
     97 1501
    117 1502
    102 1503
    107 1504
    100 1505
    107 1506
    113 1507
     97 1508
     96 1509
    104 1510
     96 1511
    110 1512
     99 1513
    123 1514
    134 1515
    125 1516
    113 1517
    108 1518
    100 1519
    115 1520
     95 1521
    103 1522
    109 1523
    102 1524
    112 1525
    124 1526
    108 1527
    115 1528
    113 1529
    113 1530
     98 1531
    137 1532
    115 1533
     96 1534
    121 1535
     99 1536
    105 1537
    135 1538
    114 1539
    108 1540
    120 1541
     89 1542
    109 1543
    105 1544
     81 1545
    100 1546
    106 1547
    104 1548
     95 1549
    116 1550
    110 1551
    105 1552
    110 1553
     92 1554
     92 1555
    106 1556
     88 1557
     93 1558
    101 1559
    105 1560
    106 1561
     81 1562
    113 1563
     94 1564
    118 1565
     88 1566
    107 1567
    101 1568
     83 1569
    105 1570
     90 1571
    114 1572
     91 1573
     88 1574
    110 1575
     74 1576
     86 1577
     96 1578
     87 1579
     86 1580
     81 1581
     97 1582
    103 1583
    103 1584
     82 1585
    104 1586
     97 1587
    102 1588
     95 1589
     91 1590
    101 1591
    101 1592
     88 1593
     92 1594
     90 1595
     82 1596
     81 1597
    105 1598
    106 1599
     85 1600
     85 1601
     82 1602
     85 1603
     91 1604
     96 1605
     95 1606
     65 1607
     88 1608
     90 1609
     86 1610
     89 1611
     90 1612
     92 1613
     83 1614
     87 1615
    101 1616
     73 1617
     95 1618
     69 1619
     79 1620
     93 1621
     75 1622
     86 1623
     86 1624
     86 1625
     85 1626
     93 1627
     83 1628
     71 1629
     77 1630
     82 1631
     78 1632
     83 1633
     80 1634
     71 1635
     79 1636
     82 1637
     79 1638
     84 1639
     90 1640
     76 1641
     76 1642
     73 1643
     93 1644
     70 1645
     84 1646
     63 1647
     84 1648
     77 1649
     87 1650
     73 1651
     82 1652
     85 1653
    100 1654
     91 1655
     91 1656
     79 1657
     75 1658
     88 1659
     81 1660
     85 1661
     74 1662
     79 1663
     69 1664
     82 1665
     71 1666
     89 1667
     67 1668
     73 1669
     83 1670
     77 1671
     67 1672
     68 1673
     69 1674
     67 1675
     69 1676
     82 1677
     85 1678
     81 1679
     77 1680
     72 1681
     80 1682
     57 1683
     66 1684
     58 1685
     65 1686
     75 1687
     75 1688
     91 1689
     90 1690
     63 1691
     93 1692
     59 1693
     74 1694
     81 1695
     81 1696
     72 1697
     86 1698
     73 1699
     71 1700
     64 1701
     74 1702
     72 1703
     70 1704
     66 1705
     64 1706
     67 1707
     76 1708
     79 1709
     71 1710
     64 1711
     60 1712
     74 1713
     72 1714
     67 1715
     77 1716
     86 1717
     70 1718
     72 1719
     62 1720
     67 1721
     52 1722
     79 1723
     75 1724
     59 1725
     71 1726
     71 1727
     62 1728
     74 1729
     71 1730
     56 1731
     69 1732
     81 1733
     74 1734
     87 1735
     63 1736
     78 1737
     71 1738
     73 1739
     60 1740
     71 1741
     79 1742
     50 1743
     92 1744
     68 1745
     70 1746
     73 1747
     60 1748
     55 1749
     72 1750
     79 1751
     51 1752
     72 1753
     79 1754
     58 1755
     66 1756
     45 1757
     62 1758
     45 1759
     46 1760
     61 1761
     59 1762
     63 1763
     56 1764
     77 1765
     73 1766
     59 1767
     63 1768
     77 1769
     50 1770
     64 1771
     73 1772
     61 1773
     57 1774
     57 1775
     66 1776
     76 1777
     40 1778
     55 1779
     71 1780
     48 1781
     50 1782
     54 1783
     63 1784
     65 1785
     51 1786
     51 1787
     64 1788
     57 1789
     47 1790
     61 1791
     56 1792
     76 1793
     60 1794
     54 1795
     73 1796
     63 1797
     67 1798
     67 1799
     66 1800
     73 1801
     65 1802
     44 1803
     49 1804
     71 1805
     78 1806
     69 1807
     53 1808
     52 1809
     59 1810
     64 1811
     49 1812
     58 1813
     58 1814
     47 1815
     70 1816
     56 1817
     47 1818
     66 1819
     71 1820
     67 1821
     51 1822
     59 1823
     53 1824
     60 1825
     62 1826
     65 1827
     63 1828
     62 1829
     54 1830
     63 1831
     46 1832
     63 1833
     48 1834
     60 1835
     50 1836
     59 1837
     48 1838
     46 1839
     59 1840
     72 1841
     64 1842
     62 1843
     56 1844
     58 1845
     51 1846
     51 1847
     61 1848
     41 1849
     53 1850
     65 1851
     50 1852
     58 1853
     54 1854
     66 1855
     64 1856
     50 1857
     57 1858
     51 1859
     53 1860
     46 1861
     57 1862
     64 1863
     63 1864
     51 1865
     68 1866
     57 1867
     60 1868
     53 1869
     67 1870
     58 1871
     56 1872
     66 1873
     64 1874
     68 1875
     55 1876
     64 1877
     69 1878
     63 1879
     44 1880
     62 1881
     53 1882
     61 1883
     56 1884
     37 1885
     61 1886
     64 1887
     66 1888
     51 1889
     60 1890
     40 1891
     62 1892
     60 1893
     42 1894
     42 1895
     52 1896
     50 1897
     57 1898
     48 1899
     49 1900
     51 1901
     48 1902
     55 1903
     67 1904
     65 1905
     53 1906
     53 1907
     54 1908
     65 1909
     45 1910
     60 1911
     66 1912
     56 1913
     61 1914
     51 1915
     56 1916
     37 1917
     42 1918
     50 1919
     62 1920
     57 1921
     63 1922
     67 1923
     55 1924
     58 1925
     53 1926
     53 1927
     65 1928
     50 1929
     57 1930
     64 1931
     46 1932
     62 1933
     66 1934
     42 1935
     58 1936
     54 1937
     63 1938
     59 1939
     65 1940
     49 1941
     75 1942
     45 1943
     57 1944
     48 1945
     51 1946
     53 1947
     57 1948
     45 1949
     57 1950
     59 1951
     64 1952
     49 1953
     55 1954
     58 1955
     59 1956
     56 1957
     52 1958
     54 1959
     60 1960
     55 1961
     58 1962
     54 1963
     70 1964
     59 1965
     59 1966
     72 1967
     56 1968
     48 1969
     49 1970
     52 1971
     55 1972
     53 1973
     49 1974
     52 1975
     56 1976
     55 1977
     39 1978
     40 1979
     51 1980
     60 1981
     50 1982
     62 1983
     51 1984
     60 1985
     55 1986
     50 1987
     62 1988
     70 1989
     55 1990
     52 1991
     68 1992
     65 1993
     53 1994
     42 1995
     57 1996
     49 1997
     59 1998
     57 1999
     46 2000
     52 2001
     57 2002
     49 2003
     56 2004
     47 2005
     50 2006
     52 2007
     73 2008
     39 2009
     47 2010
     47 2011
     47 2012
     57 2013
     59 2014
     54 2015
     45 2016
     50 2017
     50 2018
     52 2019
     57 2020
     55 2021
     60 2022
     56 2023
     63 2024
     47 2025
     81 2026
     37 2027
     36 2028
     49 2029
     44 2030
     43 2031
     49 2032
     51 2033
     63 2034
     46 2035
     46 2036
     39 2037
     55 2038
     74 2039
     48 2040
     66 2041
     69 2042
     54 2043
     39 2044
     39 2045
     60 2046
     43 2047
     55 2048
     58 2049
     66 2050
     64 2051
     63 2052
     49 2053
     50 2054
     55 2055
     38 2056
     46 2057
     54 2058
     50 2059
     53 2060
     57 2061
     53 2062
     53 2063
     65 2064
     42 2065
     50 2066
     48 2067
     56 2068
     45 2069
     60 2070
     60 2071
     53 2072
     53 2073
     59 2074
     59 2075
     63 2076
     50 2077
     58 2078
     66 2079
     61 2080
     63 2081
     68 2082
     53 2083
     62 2084
     54 2085
     61 2086
     48 2087
     56 2088
     53 2089
     54 2090
     56 2091
     52 2092
     48 2093
     59 2094
     50 2095
     52 2096
     58 2097
     68 2098
     61 2099
     55 2100
     58 2101
     57 2102
     48 2103
     62 2104
     50 2105
     53 2106
     60 2107
     52 2108
     62 2109
     54 2110
     47 2111
     52 2112
     58 2113
     41 2114
     65 2115
     61 2116
     51 2117
     48 2118
     53 2119
     69 2120
     54 2121
     50 2122
     52 2123
     70 2124
     53 2125
     75 2126
     62 2127
     58 2128
     54 2129
     71 2130
     56 2131
     53 2132
     64 2133
     55 2134
     51 2135
     58 2136
     59 2137
     51 2138
     59 2139
     57 2140
     62 2141
     59 2142
     63 2143
     59 2144
     58 2145
     58 2146
     64 2147
     57 2148
     62 2149
     65 2150
     51 2151
     57 2152
     54 2153
     70 2154
     56 2155
     70 2156
     50 2157
     50 2158
     58 2159
     53 2160
     57 2161
     55 2162
     44 2163
     51 2164
     58 2165
     52 2166
     66 2167
     62 2168
     58 2169
     53 2170
     42 2171
     51 2172
     56 2173
     61 2174
     55 2175
     52 2176
     55 2177
     41 2178
     64 2179
     45 2180
     69 2181
     48 2182
     56 2183
     60 2184
     63 2185
     71 2186
     62 2187
     49 2188
     75 2189
     49 2190
     56 2191
     49 2192
     50 2193
     60 2194
     67 2195
     56 2196
     65 2197
     61 2198
     63 2199
     61 2200
     57 2201
     66 2202
     59 2203
     60 2204
     44 2205
     57 2206
     59 2207
     57 2208
     58 2209
     39 2210
     50 2211
     76 2212
     68 2213
     50 2214
     57 2215
     64 2216
     69 2217
     70 2218
     48 2219
     55 2220
     65 2221
     55 2222
     69 2223
     66 2224
     51 2225
     55 2226
     54 2227
     51 2228
     64 2229
     63 2230
     65 2231
     52 2232
     44 2233
     55 2234
     57 2235
     62 2236
     67 2237
     54 2238
     52 2239
     63 2240
     62 2241
     62 2242
     60 2243
     59 2244
     60 2245
     65 2246
     45 2247
     68 2248
     45 2249
     56 2250
     69 2251
     53 2252
     54 2253
     51 2254
     57 2255
     58 2256
     69 2257
     44 2258
     54 2259
     67 2260
     63 2261
     57 2262
     52 2263
     47 2264
     49 2265
     58 2266
     70 2267
     58 2268
     48 2269
     69 2270
     57 2271
     44 2272
     56 2273
     59 2274
     51 2275
     60 2276
     45 2277
     59 2278
     73 2279
     46 2280
     40 2281
     58 2282
     63 2283
     66 2284
     47 2285
     69 2286
     70 2287
     56 2288
     50 2289
     64 2290
     55 2291
     53 2292
     69 2293
     72 2294
     59 2295
     73 2296
     59 2297
     58 2298
     61 2299
     55 2300
     53 2301
     54 2302
     55 2303
     55 2304
     47 2305
     54 2306
     48 2307
     53 2308
     49 2309
     60 2310
     65 2311
     69 2312
     56 2313
     56 2314
     58 2315
     63 2316
     79 2317
     66 2318
     58 2319
     69 2320
     58 2321
     67 2322
     58 2323
     55 2324
     60 2325
     51 2326
     48 2327
     47 2328
     53 2329
     61 2330
     55 2331
     63 2332
     54 2333
     62 2334
     48 2335
     62 2336
     71 2337
     53 2338
     45 2339
     50 2340
     58 2341
     44 2342
     61 2343
     73 2344
     74 2345
     70 2346
     44 2347
     58 2348
     58 2349
     60 2350
     60 2351
     74 2352
     73 2353
     59 2354
     57 2355
     56 2356
     53 2357
     59 2358
     70 2359
     60 2360
     56 2361
     74 2362
     53 2363
     58 2364
     68 2365
     66 2366
     62 2367
     54 2368
     66 2369
     66 2370
     51 2371
     54 2372
     41 2373
     72 2374
     69 2375
     51 2376
     66 2377
     55 2378
     52 2379
     66 2380
     55 2381
     58 2382
     60 2383
     49 2384
     72 2385
     65 2386
     46 2387
     52 2388
     59 2389
     56 2390
     63 2391
     54 2392
     50 2393
     60 2394
     52 2395
     58 2396
     59 2397
     60 2398
     52 2399
     53 2400
     53 2401
     53 2402
     61 2403
     48 2404
     52 2405
     57 2406
     45 2407
     59 2408
     58 2409
     51 2410
     56 2411
     48 2412
     54 2413
     49 2414
     67 2415
     57 2416
     60 2417
     63 2418
     66 2419
     59 2420
     67 2421
     63 2422
     51 2423
     64 2424
     53 2425
     55 2426
     47 2427
     57 2428
     61 2429
     59 2430
     52 2431
     44 2432
     57 2433
     63 2434
     48 2435
     51 2436
     67 2437
     44 2438
     60 2439
     55 2440
     51 2441
     51 2442
     67 2443
     46 2444
     74 2445
     49 2446
     58 2447
     57 2448
     49 2449
     38 2450
     47 2451
     59 2452
     59 2453
     57 2454
     56 2455
     51 2456
     60 2457
     67 2458
     51 2459
     43 2460
     57 2461
     54 2462
     61 2463
     63 2464
     80 2465
     58 2466
     48 2467
     53 2468
     62 2469
     53 2470
     41 2471
     49 2472
     43 2473
     64 2474
     67 2475
     50 2476
     49 2477
     61 2478
     55 2479
     49 2480
     57 2481
     49 2482
     57 2483
     47 2484
     62 2485
     48 2486
     40 2487
     49 2488
     58 2489
     62 2490
     48 2491
     49 2492
     47 2493
     41 2494
     55 2495
     50 2496
     50 2497
     47 2498
     60 2499
     58 2500
     47 2501
     63 2502
     46 2503
     52 2504
     46 2505
     47 2506
     58 2507
     49 2508
     46 2509
     44 2510
     62 2511
     39 2512
     43 2513
     51 2514
     46 2515
     47 2516
     44 2517
     57 2518
     50 2519
     48 2520
     50 2521
     57 2522
     55 2523
     44 2524
     51 2525
     57 2526
     39 2527
     55 2528
     47 2529
     52 2530
     56 2531
     45 2532
     52 2533
     56 2534
     57 2535
     41 2536
     52 2537
     55 2538
     54 2539
     51 2540
     59 2541
     54 2542
     60 2543
     47 2544
     49 2545
     60 2546
     45 2547
     51 2548
     39 2549
     43 2550
     46 2551
     53 2552
     44 2553
     41 2554
     41 2555
     53 2556
     69 2557
     40 2558
     48 2559
     57 2560
     48 2561
     51 2562
     44 2563
     61 2564
     56 2565
     48 2566
     57 2567
     55 2568
     50 2569
     38 2570
     54 2571
     43 2572
     53 2573
     48 2574
     60 2575
     40 2576
     41 2577
     51 2578
     58 2579
     42 2580
     40 2581
     56 2582
     52 2583
     46 2584
     56 2585
     50 2586
     58 2587
     58 2588
     43 2589
     43 2590
     46 2591
     38 2592
     40 2593
     57 2594
     56 2595
     54 2596
     51 2597
     48 2598
     41 2599
     39 2600
     44 2601
     53 2602
     56 2603
     49 2604
     44 2605
     49 2606
     31 2607
     41 2608
     53 2609
     44 2610
     45 2611
     40 2612
     40 2613
     48 2614
     51 2615
     50 2616
     49 2617
     47 2618
     36 2619
     50 2620
     48 2621
     37 2622
     34 2623
     47 2624
     46 2625
     43 2626
     41 2627
     45 2628
     40 2629
     36 2630
     49 2631
     44 2632
     54 2633
     29 2634
     57 2635
     40 2636
     37 2637
     48 2638
     34 2639
     45 2640
     43 2641
     42 2642
     32 2643
     39 2644
     46 2645
     45 2646
     40 2647
     50 2648
     33 2649
     40 2650
     46 2651
     51 2652
     36 2653
     42 2654
     37 2655
     48 2656
     55 2657
     40 2658
     42 2659
     34 2660
     55 2661
     24 2662
     34 2663
     39 2664
     33 2665
     38 2666
     39 2667
     40 2668
     41 2669
     36 2670
     39 2671
     45 2672
     46 2673
     40 2674
     37 2675
     43 2676
     38 2677
     34 2678
     44 2679
     32 2680
     44 2681
     42 2682
     40 2683
     40 2684
     38 2685
     34 2686
     38 2687
     38 2688
     37 2689
     26 2690
     40 2691
     35 2692
     29 2693
     38 2694
     41 2695
     38 2696
     46 2697
     36 2698
     29 2699
     30 2700
     43 2701
     42 2702
     41 2703
     42 2704
     41 2705
     39 2706
     34 2707
     37 2708
     42 2709
     33 2710
     32 2711
     31 2712
     30 2713
     36 2714
     45 2715
     41 2716
     36 2717
     29 2718
     35 2719
     42 2720
     35 2721
     37 2722
     43 2723
     29 2724
     35 2725
     41 2726
     33 2727
     27 2728
     39 2729
     32 2730
     39 2731
     45 2732
     34 2733
     44 2734
     28 2735
     43 2736
     42 2737
     33 2738
     41 2739
     44 2740
     38 2741
     32 2742
     30 2743
     26 2744
     35 2745
     32 2746
     40 2747
     32 2748
     35 2749
     34 2750
     35 2751
     33 2752
     29 2753
     42 2754
     30 2755
     32 2756
     36 2757
     38 2758
     36 2759
     40 2760
     41 2761
     36 2762
     35 2763
     31 2764
     46 2765
     24 2766
     35 2767
     31 2768
     29 2769
     26 2770
     42 2771
     31 2772
     39 2773
     43 2774
     29 2775
     22 2776
     30 2777
     27 2778
     44 2779
     38 2780
     26 2781
     41 2782
     36 2783
     31 2784
     38 2785
     29 2786
     23 2787
     28 2788
     34 2789
     35 2790
     37 2791
     23 2792
     36 2793
     32 2794
     30 2795
     33 2796
     38 2797
     25 2798
     32 2799
     45 2800
     31 2801
     27 2802
     25 2803
     28 2804
     37 2805
     32 2806
     24 2807
     28 2808
     24 2809
     29 2810
     31 2811
     36 2812
     19 2813
     25 2814
     43 2815
     36 2816
     29 2817
     29 2818
     35 2819
     35 2820
     31 2821
     31 2822
     32 2823
     23 2824
     32 2825
     34 2826
     35 2827
     25 2828
     25 2829
     32 2830
     23 2831
     33 2832
     34 2833
     28 2834
     30 2835
     30 2836
     28 2837
     23 2838
     27 2839
     25 2840
     34 2841
     31 2842
     27 2843
     26 2844
     32 2845
     46 2846
     28 2847
     27 2848
     27 2849
     37 2850
     25 2851
     26 2852
     18 2853
     21 2854
     34 2855
     31 2856
     33 2857
     26 2858
     19 2859
     22 2860
     35 2861
     23 2862
     35 2863
     30 2864
     28 2865
     28 2866
     24 2867
     32 2868
     29 2869
     23 2870
     28 2871
     29 2872
     32 2873
     21 2874
     23 2875
     30 2876
     22 2877
     25 2878
     19 2879
     19 2880
     23 2881
     27 2882
     24 2883
     28 2884
     19 2885
     23 2886
     28 2887
     23 2888
     31 2889
     32 2890
     33 2891
     18 2892
     17 2893
     24 2894
     30 2895
     29 2896
     33 2897
     17 2898
     28 2899
     26 2900
     29 2901
     32 2902
     27 2903
     28 2904
     34 2905
     30 2906
     22 2907
     24 2908
     19 2909
     24 2910
     21 2911
     23 2912
     21 2913
     27 2914
     23 2915
     20 2916
     22 2917
     24 2918
     19 2919
     26 2920
     24 2921
     22 2922
     27 2923
     25 2924
     24 2925
     15 2926
     18 2927
     24 2928
     22 2929
     26 2930
     27 2931
     31 2932
     23 2933
     26 2934
     31 2935
     25 2936
     23 2937
     30 2938
     27 2939
     21 2940
     23 2941
     22 2942
     14 2943
     38 2944
     28 2945
     35 2946
     22 2947
     26 2948
     18 2949
     27 2950
     19 2951
     26 2952
     27 2953
     18 2954
     26 2955
     22 2956
     24 2957
     16 2958
     17 2959
     20 2960
     27 2961
     16 2962
     20 2963
     15 2964
     29 2965
     27 2966
     18 2967
     22 2968
     16 2969
     17 2970
     21 2971
     27 2972
     19 2973
     23 2974
     18 2975
     19 2976
     25 2977
     14 2978
     25 2979
     14 2980
     25 2981
     23 2982
     19 2983
     19 2984
     20 2985
     19 2986
     23 2987
     24 2988
     21 2989
     30 2990
     23 2991
     20 2992
     16 2993
     22 2994
     18 2995
     23 2996
     12 2997
     11 2998
     21 2999
     22 3000
     24 3001
     25 3002
     19 3003
     23 3004
     26 3005
     22 3006
     16 3007
     25 3008
     23 3009
     12 3010
     20 3011
     21 3012
     22 3013
     20 3014
     16 3015
     13 3016
     16 3017
     18 3018
     18 3019
     17 3020
     22 3021
     18 3022
     25 3023
     24 3024
     20 3025
     21 3026
     19 3027
     15 3028
     17 3029
     17 3030
     19 3031
     14 3032
     28 3033
     12 3034
     17 3035
     23 3036
     23 3037
     11 3038
     13 3039
     18 3040
     13 3041
     21 3042
     21 3043
     19 3044
     16 3045
     14 3046
     11 3047
     18 3048
     13 3049
     18 3050
     14 3051
     33 3052
     19 3053
     26 3054
      7 3055
     17 3056
     23 3057
     15 3058
     21 3059
     21 3060
     27 3061
     13 3062
     14 3063
     22 3064
     19 3065
     16 3066
     16 3067
     20 3068
     21 3069
     23 3070
     18 3071
     17 3072
     19 3073
     17 3074
     12 3075
     20 3076
     14 3077
     15 3078
     22 3079
     24 3080
     19 3081
     14 3082
     21 3083
      9 3084
     12 3085
     18 3086
     20 3087
     19 3088
     20 3089
     13 3090
     14 3091
      7 3092
     17 3093
     11 3094
     12 3095
     12 3096
     17 3097
     18 3098
     17 3099
     17 3100
     19 3101
     20 3102
     10 3103
     20 3104
     12 3105
     19 3106
     13 3107
     14 3108
     17 3109
     13 3110
      6 3111
     20 3112
     15 3113
     23 3114
     12 3115
     20 3116
     15 3117
      8 3118
     13 3119
     12 3120
     19 3121
     12 3122
     10 3123
     12 3124
     12 3125
      9 3126
      8 3127
      8 3128
     17 3129
     13 3130
     16 3131
     13 3132
     18 3133
     18 3134
     17 3135
     17 3136
     18 3137
     17 3138
     14 3139
     17 3140
     15 3141
     13 3142
     14 3143
     10 3144
     11 3145
     11 3146
     16 3147
     11 3148
     13 3149
     13 3150
     15 3151
     15 3152
     14 3153
     21 3154
     20 3155
     23 3156
     17 3157
     15 3158
     17 3159
     13 3160
      7 3161
     10 3162
     20 3163
     13 3164
     16 3165
     15 3166
     12 3167
     16 3168
     12 3169
     18 3170
     10 3171
     12 3172
     16 3173
      9 3174
     14 3175
     19 3176
      7 3177
     17 3178
     21 3179
     16 3180
     11 3181
     16 3182
      9 3183
     12 3184
      7 3185
     11 3186
     18 3187
     16 3188
     11 3189
      6 3190
      8 3191
     11 3192
     11 3193
     16 3194
     18 3195
     14 3196
     12 3197
     16 3198
     11 3199
     12 3200
     12 3201
     18 3202
     12 3203
     14 3204
     15 3205
     15 3206
     12 3207
      7 3208
      8 3209
     18 3210
     11 3211
     17 3212
     11 3213
     11 3214
     13 3215
     14 3216
     18 3217
      9 3218
     15 3219
     13 3220
     22 3221
     21 3222
      7 3223
     11 3224
     13 3225
     12 3226
      8 3227
     13 3228
     16 3229
     13 3230
      7 3231
     10 3232
      6 3233
     11 3234
     11 3235
      8 3236
     14 3237
     15 3238
     13 3239
     10 3240
     16 3241
      9 3242
     17 3243
      5 3244
     10 3245
     12 3246
     10 3247
     12 3248
     13 3249
     14 3250
     10 3251
      9 3252
     14 3253
     13 3254
     18 3255
     12 3256
     13 3257
     12 3258
     12 3259
      9 3260
     10 3261
     12 3262
      6 3263
      7 3264
      9 3265
     14 3266
     12 3267
     10 3268
     11 3269
     16 3270
      8 3271
     10 3272
     12 3273
     10 3274
     12 3275
      7 3276
     17 3277
      8 3278
     10 3279
      8 3280
     10 3281
     12 3282
     17 3283
     10 3284
     15 3285
      9 3286
     14 3287
      8 3288
     12 3289
     14 3290
     10 3291
      7 3292
      9 3293
      6 3294
      9 3295
     13 3296
     10 3297
      9 3298
     16 3299
      8 3300
      9 3301
     10 3302
     13 3303
     13 3304
      8 3305
     13 3306
     15 3307
      5 3308
     16 3309
     11 3310
      8 3311
     16 3312
      7 3313
     10 3314
      7 3315
     11 3316
     14 3317
     10 3318
     12 3319
      6 3320
      6 3321
      9 3322
      8 3323
     11 3324
     12 3325
      7 3326
      9 3327
     10 3328
     10 3329
      6 3330
     10 3331
     11 3332
      8 3333
     10 3334
     12 3335
      8 3336
     10 3337
     13 3338
      8 3339
     13 3340
     15 3341
      8 3342
      9 3343
     10 3344
     15 3345
     12 3346
      7 3347
      8 3348
      9 3349
     12 3350
      8 3351
      8 3352
     14 3353
      9 3354
      7 3355
     11 3356
      4 3357
      5 3358
     11 3359
      5 3360
      5 3361
     11 3362
      9 3363
      9 3364
      7 3365
      8 3366
     14 3367
     11 3368
     11 3369
     12 3370
      9 3371
      8 3372
      7 3373
     11 3374
     11 3375
     11 3376
     10 3377
      7 3378
      7 3379
      5 3380
     12 3381
      6 3382
      9 3383
      4 3384
     10 3385
      4 3386
     11 3387
     14 3388
      3 3389
      7 3390
     15 3391
      7 3392
      9 3393
      8 3394
      4 3395
     13 3396
      6 3397
     11 3398
     17 3399
     10 3400
     12 3401
      8 3402
      7 3403
     12 3404
     11 3405
      4 3406
     15 3407
      6 3408
      9 3409
      9 3410
      5 3411
      9 3412
     11 3413
      7 3414
      5 3415
      8 3416
      6 3417
     10 3418
      4 3419
      7 3420
      7 3421
      9 3422
      4 3423
     11 3424
      7 3425
      4 3426
      5 3427
      4 3428
      8 3429
      3 3430
      8 3431
      9 3432
     10 3433
      4 3434
      7 3435
     12 3436
      3 3437
      6 3438
      9 3439
      8 3440
      6 3441
     11 3442
      7 3443
      5 3444
      8 3445
      6 3446
      9 3447
      4 3448
      5 3449
      7 3450
      3 3451
      5 3452
     10 3453
      3 3454
      8 3455
     10 3456
      8 3457
      9 3458
     13 3459
      8 3460
      9 3461
      5 3462
      4 3463
      4 3464
      7 3465
      6 3466
      6 3467
      6 3468
      7 3469
     10 3470
      6 3471
     14 3472
      9 3473
      7 3474
      6 3475
      5 3476
      7 3477
      6 3478
      9 3479
      4 3480
     11 3481
      5 3482
      7 3483
      6 3484
     11 3485
      5 3486
      8 3487
      8 3488
      9 3489
      9 3490
     10 3491
     12 3492
      4 3493
      8 3494
      6 3495
     10 3496
      5 3497
     10 3498
      7 3499
      7 3500
      9 3501
      5 3502
      3 3503
      4 3504
      6 3505
      4 3506
     12 3507
      8 3508
      2 3509
      7 3510
      4 3511
      5 3512
      5 3513
      7 3514
      4 3515
      5 3516
      3 3517
      4 3518
      6 3519
      6 3520
      8 3521
     10 3522
      4 3523
      5 3524
      6 3525
      9 3526
      7 3527
      9 3528
      7 3529
      9 3530
     11 3531
      1 3532
     10 3533
      7 3534
      8 3535
      9 3536
      4 3537
      9 3538
      9 3539
      6 3540
      8 3541
      3 3542
      6 3543
      3 3544
      9 3545
      5 3546
      5 3547
     12 3548
      6 3549
      9 3550
      4 3551
      6 3552
     10 3553
      2 3554
      5 3555
      8 3556
      4 3557
      6 3558
      3 3559
      6 3560
      7 3561
      5 3562
      9 3563
      5 3564
      5 3565
      9 3566
      7 3567
      6 3568
      8 3569
      6 3570
      7 3571
      6 3572
     12 3573
      4 3574
     12 3575
      2 3576
      5 3577
      5 3578
      5 3579
      6 3580
      3 3581
      2 3582
     10 3583
      9 3584
      5 3585
      6 3586
      6 3587
      6 3588
      7 3589
     10 3590
      1 3591
     11 3592
      5 3593
      7 3594
      5 3595
      9 3596
      7 3597
      5 3598
      2 3599
      9 3600
      6 3601
      2 3602
      7 3603
      6 3604
     10 3605
      6 3607
      5 3608
      9 3609
      7 3610
      5 3611
      7 3612
      5 3613
      4 3614
      5 3615
      5 3616
     11 3617
      7 3618
      1 3619
      3 3620
      5 3621
      9 3622
      4 3623
      6 3624
      5 3625
      7 3626
      4 3627
      4 3628
      7 3629
      5 3630
      5 3631
      9 3632
      6 3633
      8 3634
      4 3635
      5 3636
      5 3637
      4 3638
      6 3639
      6 3640
      8 3641
      1 3642
      4 3643
      7 3644
      5 3645
      6 3646
      3 3647
      2 3648
      4 3649
      3 3650
      5 3651
      4 3652
     13 3653
      1 3654
      6 3655
      5 3656
      7 3657
      7 3658
      5 3659
      7 3660
      6 3661
      2 3662
      6 3663
      7 3664
      7 3665
      5 3666
      6 3667
      6 3668
      5 3669
      8 3670
      3 3671
      4 3672
      3 3673
      8 3674
      5 3675
      8 3676
      2 3677
      4 3678
      5 3679
      7 3680
      6 3681
      3 3682
      8 3683
      4 3684
      4 3685
      8 3686
      5 3687
      8 3688
      5 3689
      6 3690
      4 3691
      4 3692
      3 3693
      8 3694
      4 3695
      7 3696
      1 3697
      5 3698
      4 3699
      3 3700
      6 3701
      1 3702
      5 3703
      6 3704
      4 3705
      4 3706
      7 3707
      2 3708
      3 3709
      5 3710
      7 3712
      1 3713
      2 3714
      5 3715
      7 3716
      2 3717
      5 3718
      1 3719
      2 3720
      2 3721
      2 3722
      6 3723
      2 3724
      1 3725
      6 3726
      2 3727
      5 3728
      4 3729
      4 3730
      2 3731
      4 3732
      6 3733
      4 3734
      8 3735
      2 3736
      3 3737
      6 3738
      1 3739
      3 3740
      7 3741
      7 3742
      4 3743
      4 3744
      3 3745
      4 3746
      7 3747
      2 3748
      6 3749
      7 3750
      4 3751
      4 3752
      5 3753
      4 3754
      4 3755
      2 3756
      4 3757
      2 3758
      5 3759
      5 3760
      3 3761
      8 3762
      1 3763
      3 3764
      4 3765
      7 3766
      4 3767
      2 3768
      1 3769
      4 3770
      1 3771
      7 3772
      3 3773
      3 3774
      3 3775
      5 3776
      2 3777
      2 3778
      2 3779
      2 3780
      5 3781
      4 3782
      3 3783
      3 3784
      4 3785
      5 3786
      6 3787
      4 3788
      6 3789
      2 3790
      4 3791
      4 3792
      4 3793
      2 3794
      5 3795
      2 3796
      5 3797
      1 3798
      1 3799
      3 3800
      5 3801
      2 3802
      2 3803
      2 3804
      5 3805
      4 3806
      4 3807
      3 3808
      2 3809
      2 3810
      6 3811
      4 3812
      4 3813
      4 3814
      3 3815
      2 3816
      6 3817
      2 3818
      8 3819
      5 3820
      6 3821
      5 3822
      4 3823
      3 3824
      5 3825
      4 3826
      5 3827
      3 3828
      5 3829
      3 3830
      7 3831
      3 3832
      3 3833
      2 3834
      2 3835
      1 3836
      5 3837
      4 3838
      3 3839
      2 3840
      1 3841
      3 3842
      4 3843
      1 3844
      4 3845
      3 3846
      4 3847
      4 3848
      1 3850
      3 3851
      4 3852
      3 3853
      7 3854
      2 3855
      6 3856
      2 3857
      2 3858
      1 3859
      4 3860
      2 3861
      3 3862
      2 3863
      3 3864
      5 3865
      5 3866
      7 3867
      3 3868
      1 3869
      7 3870
      4 3871
      2 3872
      6 3873
      4 3874
      4 3875
      5 3876
      1 3877
      2 3878
      3 3879
      9 3880
      2 3881
      3 3882
      7 3883
      3 3884
      5 3885
      3 3886
      2 3887
      3 3888
      4 3889
      8 3890
      3 3891
      6 3892
      1 3893
      4 3894
      3 3895
      3 3896
      1 3897
      1 3898
      2 3899
      4 3900
      3 3901
      2 3902
      1 3903
      3 3904
      2 3905
      2 3906
      1 3907
      2 3908
      2 3909
      2 3910
      3 3911
      4 3912
      3 3913
      3 3914
      5 3915
      3 3916
      5 3917
      3 3918
      1 3920
      1 3921
      2 3922
      3 3923
      2 3924
      1 3925
      1 3926
      2 3927
      2 3928
      1 3929
      2 3930
      4 3931
      4 3932
      2 3933
      4 3934
      2 3935
      1 3936
      1 3937
      1 3938
      4 3939
      3 3940
      3 3941
      1 3942
      2 3943
      4 3944
      4 3945
      2 3946
      3 3947
      4 3948
      2 3949
      2 3951
      1 3952
      2 3953
      5 3954
      3 3955
      4 3956
      2 3957
      3 3958
      3 3959
      3 3960
      2 3962
      3 3963
      1 3964
      4 3965
      4 3966
      3 3967
      2 3968
      3 3969
      3 3970
      3 3971
      6 3972
      1 3973
      3 3974
      2 3975
      1 3976
      5 3977
      1 3979
      5 3980
      2 3981
      1 3982
      3 3983
      3 3984
      4 3985
      3 3986
      3 3987
      2 3988
      6 3989
      4 3990
      2 3991
      2 3992
      3 3993
      2 3994
      3 3995
      3 3996
      4 3997
      2 3998
      1 3999
      1 4001
      1 4002
      3 4003
      3 4004
      3 4005
      4 4006
      5 4007
      3 4008
      4 4009
      2 4010
      2 4012
      2 4013
      3 4014
      3 4016
      1 4017
      1 4018
      2 4019
      2 4020
      2 4021
      2 4022
      7 4023
      1 4024
      4 4025
      5 4026
      1 4027
      2 4029
      3 4030
      1 4031
      1 4032
      4 4033
      2 4034
      4 4035
      1 4036
      3 4037
      2 4038
      2 4039
      1 4040
      3 4041
      4 4042
     12 4043
      2 4044
      2 4045
      5 4046
      3 4047
      2 4048
      2 4049
      1 4050
      3 4051
      1 4052
      2 4053
      3 4054
      1 4055
      4 4056
      1 4057
      2 4058
      3 4059
      2 4060
      3 4061
      1 4062
      3 4063
      5 4064
      2 4065
      2 4066
      4 4067
      4 4068
      2 4069
      3 4070
      3 4071
      2 4072
      3 4073
      1 4074
      1 4075
      1 4077
      2 4078
      2 4080
      1 4081
      1 4082
      3 4083
      1 4084
      4 4086
      5 4087
      4 4088
      5 4089
      3 4091
      2 4092
      2 4093
      3 4094
      1 4095
      2 4098
      4 4099
      4 4100
      2 4101
      3 4102
      1 4104
      2 4105
      2 4106
      3 4107
      1 4108
      4 4109
      3 4110
      3 4111
      2 4112
      5 4113
      3 4115
      3 4116
      2 4117
      1 4118
      2 4119
      2 4120
      2 4121
      1 4122
      3 4123
      2 4124
      4 4126
      3 4128
      3 4129
      1 4130
      1 4131
      2 4132
      3 4133
      2 4134
      3 4135
      2 4136
      2 4137
      2 4138
      1 4139
      1 4140
      2 4141
      1 4142
      5 4143
      6 4144
      2 4145
      3 4146
      5 4147
      3 4148
      1 4149
      1 4150
      1 4151
      3 4152
      2 4153
      2 4154
      1 4155
      2 4156
      3 4157
      1 4158
      5 4160
      1 4161
      1 4162
      2 4163
      1 4164
      2 4165
      1 4166
      2 4167
      2 4168
      2 4169
      3 4171
      1 4172
      4 4173
      3 4174
      3 4175
      2 4177
      1 4178
      2 4179
      2 4181
      2 4182
      1 4183
      1 4184
      1 4185
      1 4187
      1 4188
      3 4189
      2 4191
      2 4192
      3 4194
      3 4196
      2 4198
      3 4199
      1 4200
      2 4201
      4 4202
      2 4204
      2 4205
      2 4206
      1 4207
      1 4208
      3 4209
      4 4210
      3 4211
      1 4213
      2 4215
      1 4216
      1 4217
      1 4218
      1 4220
      1 4221
      4 4222
      1 4223
      2 4224
      2 4226
      1 4228
      1 4229
      1 4230
      3 4233
      1 4234
      2 4235
      2 4236
      1 4237
      4 4238
      2 4240
      2 4242
      1 4244
      1 4245
      1 4247
      2 4249
      1 4250
      3 4251
      3 4252
      3 4254
      2 4255
      1 4257
      2 4258
      3 4259
      2 4260
      1 4261
      3 4263
      1 4264
      3 4266
      2 4267
      1 4269
      1 4270
      1 4271
      1 4272
      2 4273
      1 4274
      1 4275
      2 4276
      1 4277
      1 4278
      1 4280
      4 4281
      3 4282
      3 4283
      2 4284
      1 4286
      2 4287
      1 4288
      1 4289
      3 4291
      1 4292
      3 4293
      2 4294
      2 4295
      2 4296
      2 4297
      2 4298
      2 4299
      1 4300
      3 4301
      2 4302
      3 4305
      5 4306
      2 4307
      4 4309
      1 4310
      3 4311
      1 4313
      3 4316
      3 4317
      3 4318
      1 4319
      1 4321
      1 4322
      1 4323
      4 4324
      1 4325
      2 4326
      1 4328
      2 4329
      1 4331
      1 4332
      2 4333
      4 4334
      2 4335
      1 4337
      2 4338
      1 4340
      2 4341
      1 4342
      1 4343
      1 4344
      2 4345
      1 4346
      2 4347
      1 4348
      1 4349
      3 4350
      1 4351
      1 4353
      2 4354
      1 4355
      1 4356
      2 4357
      4 4358
      2 4359
      1 4360
      4 4362
      2 4364
      1 4365
      2 4366
      3 4367
      1 4368
      2 4369
      1 4370
      1 4372
      3 4374
      3 4377
      2 4378
      2 4379
      3 4380
      1 4381
      3 4382
      2 4383
      2 4384
      2 4385
      2 4386
      1 4387
      1 4390
      2 4393
      3 4394
      1 4395
      2 4396
      1 4399
      1 4400
      2 4401
      2 4402
      3 4403
      1 4404
      3 4405
      1 4407
      2 4408
      3 4409
      2 4410
      3 4411
      1 4412
      1 4413
      2 4415
      3 4416
      1 4418
      1 4419
      2 4420
      2 4421
      2 4423
      2 4424
      3 4427
      1 4428
      1 4429
      2 4431
      2 4432
      1 4433
      1 4434
      2 4436
      2 4437
      2 4438
      2 4441
      1 4442
      2 4444
      2 4445
      2 4446
      2 4448
      3 4450
      1 4452
      1 4453
      2 4456
      1 4457
      3 4459
      1 4462
      2 4464
      2 4466
      2 4468
      2 4469
      1 4470
      1 4471
      2 4472
      3 4474
      3 4476
      2 4477
      2 4478
      1 4480
      1 4481
      1 4483
      4 4489
      1 4490
      2 4492
      1 4494
      3 4496
      2 4497
      1 4499
      2 4500
      1 4502
      1 4508
      2 4512
      1 4513
      2 4516
      1 4517
      1 4518
      1 4521
      1 4524
      3 4525
      2 4527
      1 4528
      1 4529
      2 4530
      2 4532
      2 4533
      3 4534
      1 4538
      2 4542
      1 4543
      2 4544
      1 4545
      1 4546
      2 4548
      1 4549
      4 4550
      1 4551
      2 4554
      4 4555
      1 4556
      1 4557
      1 4558
      2 4559
      1 4561
      1 4563
      1 4564
      3 4566
      1 4567
      1 4568
      2 4573
      1 4574
      1 4575
      1 4576
      1 4577
      1 4579
      2 4580
      1 4581
      2 4584
      2 4585
      1 4587
      2 4588
      1 4590
      1 4591
      1 4592
      1 4593
      1 4594
      1 4596
      1 4597
      1 4598
      2 4599
      2 4604
      3 4605
      4 4606
      1 4608
      3 4609
      1 4610
      1 4613
      1 4614
      2 4620
      1 4621
      1 4624
      2 4625
      1 4626
      2 4628
      3 4629
      1 4630
      2 4637
      1 4638
      1 4639
      2 4640
      1 4641
      1 4643
      1 4644
      1 4648
      1 4650
      1 4653
      1 4654
      1 4657
      1 4658
      3 4659
      1 4661
      1 4663
      1 4665
      2 4667
      1 4668
      1 4670
      1 4671
      5 4672
      1 4673
      1 4675
      2 4680
      1 4681
      2 4682
      2 4683
      2 4685
      2 4686
      1 4688
      1 4689
      3 4690
      1 4691
      1 4693
      1 4694
      1 4695
      1 4696
      2 4697
      2 4699
      1 4701
      1 4702
      1 4704
      1 4706
      1 4708
      1 4710
      1 4711
      1 4712
      1 4713
      1 4714
      2 4715
      1 4716
      1 4717
      3 4720
      1 4724
      1 4725
      3 4726
      1 4728
      1 4729
      1 4730
      1 4731
      2 4738
      1 4741
      2 4742
      1 4745
      1 4746
      1 4748
      1 4749
      1 4750
      1 4752
      1 4753
      1 4755
      3 4756
      1 4757
      1 4761
      2 4763
      1 4764
      3 4766
      1 4768
      1 4772
      1 4773
      1 4775
      2 4776
      1 4777
      1 4778
      2 4781
      1 4782
      1 4787
      1 4788
      1 4789
      1 4790
      3 4792
      1 4794
      1 4795
      1 4797
      2 4799
      5 4801
      1 4802
      1 4803
      1 4807
      1 4809
      1 4810
      1 4813
      4 4814
      1 4815
      1 4818
      1 4819
      2 4820
      1 4821
      1 4822
      2 4823
      1 4824
      2 4825
      1 4828
      1 4829
      1 4834
      2 4835
      2 4837
      1 4838
      1 4839
      1 4846
      2 4848
      2 4849
      2 4850
      1 4851
      1 4852
      1 4853
      2 4854
      1 4856
      1 4858
      1 4859
      1 4864
      1 4865
      2 4868
      1 4869
      1 4871
      2 4873
      4 4874
      1 4877
      1 4878
      2 4879
      1 4883
      1 4884
      1 4891
      1 4892
      1 4895
      1 4896
      1 4897
      4 4898
      1 4901
      1 4903
      1 4904
      1 4907
      1 4911
      1 4913
      1 4914
      2 4915
      1 4917
      1 4918
      1 4921
      1 4922
      1 4925
      2 4931
      2 4932
      1 4934
      1 4938
      1 4941
      1 4943
      1 4945
      1 4946
      3 4947
      1 4948
      1 4953
      1 4957
      1 4960
      1 4963
      1 4966
      1 4968
      1 4970
      1 4972
      1 4978
      1 4982
      2 4983
      1 4985
      2 4987
      1 4989
      2 4991
      2 4993
      1 5000
      1 5001
      2 5002
      2 5005
      1 5007
      1 5011
      2 5014
      1 5018
      1 5022
      2 5024
      1 5026
      2 5028
      1 5031
      3 5034
      1 5040
      1 5043
      1 5050
      1 5051
      1 5052
      1 5054
      2 5055
      1 5056
      1 5058
      1 5059
      2 5060
      1 5061
      3 5062
      1 5064
      1 5069
      1 5071
      1 5072
      1 5077
      1 5078
      2 5081
      1 5083
      2 5093
      1 5096
      1 5097
      1 5098
      1 5099
      1 5100
      1 5101
      1 5105
      1 5110
      1 5115
      1 5118
      1 5124
      1 5126
      1 5127
      1 5128
      1 5130
      1 5131
      2 5132
      1 5134
      1 5140
      1 5141
      2 5143
      1 5145
      1 5149
      1 5150
      1 5157
      3 5158
      2 5160
      1 5162
      1 5165
      1 5169
      1 5170
      1 5172
      1 5173
      2 5174
      1 5176
      1 5177
      1 5178
      1 5179
      1 5180
      1 5181
      1 5185
      1 5186
      1 5187
      3 5192
      3 5193
      1 5195
      1 5199
      2 5202
      1 5206
      1 5208
      1 5211
      1 5213
      1 5215
      2 5216
      1 5217
      1 5218
      1 5219
      1 5222
      1 5226
      1 5230
      1 5231
      1 5234
      2 5235
      1 5237
      2 5238
      1 5240
      1 5242
      2 5246
      1 5248
      1 5250
      1 5253
      1 5254
      1 5255
      1 5256
      1 5262
      1 5264
      1 5266
      1 5269
      1 5270
      1 5276
      1 5281
      1 5292
      1 5296
      1 5301
      1 5304
      1 5308
      3 5313
      1 5315
      1 5317
      2 5319
      2 5321
      1 5328
      1 5330
      1 5337
      1 5341
      3 5342
      1 5346
      1 5347
      1 5356
      2 5358
      1 5361
      2 5364
      1 5367
      1 5368
      1 5370
      1 5375
      2 5381
      1 5383
      1 5387
      1 5390
      1 5391
      1 5392
      1 5393
      1 5394
      1 5398
      2 5403
      1 5412
      1 5415
      1 5419
      1 5420
      1 5436
      1 5438
      1 5441
      1 5444
      1 5445
      1 5452
      1 5454
      2 5457
      1 5458
      1 5461
      1 5464
      1 5465
      1 5469
      2 5475
      3 5477
      1 5479
      2 5482
      1 5485
      1 5487
      1 5488
      2 5491
      1 5492
      1 5495
      1 5499
      1 5501
      1 5502
      1 5503
      1 5504
      1 5507
      1 5509
      1 5511
      1 5522
      1 5525
      1 5527
      1 5529
      1 5533
      1 5534
      1 5539
      2 5540
      1 5545
      1 5546
      1 5551
      1 5552
      1 5557
      1 5562
      1 5564
      1 5566
      1 5568
      1 5571
      2 5588
      1 5589
      2 5590
      1 5594
      1 5595
      2 5596
      1 5601
      2 5604
      1 5605
      1 5611
      1 5614
      2 5616
      1 5620
      1 5621
      2 5625
      1 5628
      1 5629
      1 5633
      1 5637
      1 5639
      1 5640
      1 5642
      2 5650
      1 5653
      1 5658
      1 5659
      1 5660
      1 5665
      2 5668
      2 5670
      2 5673
      1 5679
      1 5680
      2 5683
      1 5690
      1 5698
      1 5703
      1 5704
      1 5706
      1 5711
      2 5712
      1 5713
      1 5714
      1 5716
      1 5718
      3 5722
      1 5724
      1 5727
      1 5732
      1 5733
      1 5735
      1 5736
      1 5738
      4 5739
      1 5740
      1 5741
      1 5745
      1 5751
      1 5752
      1 5761
      1 5762
      1 5768
      2 5769
      1 5770
      1 5771
      2 5772
      1 5773
      1 5774
      1 5775
      1 5776
      1 5777
      1 5779
      1 5787
      2 5794
      2 5800
      1 5801
      2 5804
      1 5813
      2 5814
      1 5826
      1 5829
      1 5830
      1 5837
      1 5838
      1 5840
      1 5842
      1 5846
      1 5847
      1 5848
      2 5855
      2 5862
      1 5863
      1 5870
      1 5872
      1 5873
      1 5874
      1 5875
      1 5877
      1 5881
      2 5892
      1 5898
      1 5907
      1 5910
      1 5914
      1 5916
      1 5917
      1 5918
      1 5923
      1 5925
      2 5927
      1 5928
      1 5934
      1 5938
      1 5943
      1 5944
      1 5945
      1 5946
      1 5961
      1 5962
      1 5969
      1 5971
      1 5976
      1 5980
      1 5987
      1 5989
      1 5999
      2 6004
      1 6006
      2 6029
      1 6037
      2 6039
      1 6040
      1 6041
      1 6042
      1 6043
      1 6044
      1 6046
      1 6061
      1 6071
      1 6077
      2 6084
      1 6085
      1 6088
      2 6092
      1 6096
      1 6102
      1 6103
      1 6104
      1 6108
      1 6109
      1 6111
      1 6116
      1 6118
      1 6122
      1 6123
      1 6127
      1 6131
      1 6133
      1 6136
      1 6140
      1 6141
      1 6147
      1 6148
      2 6162
      1 6175
      1 6193
      1 6195
      1 6200
      1 6202
      1 6204
      1 6205
      1 6211
      1 6214
      1 6223
      1 6228
      1 6238
      1 6239
      1 6241
      1 6242
      1 6244
      1 6245
      2 6247
      2 6248
      1 6258
      1 6261
      1 6262
      1 6266
      1 6276
      1 6287
      1 6296
      1 6299
      1 6309
      1 6310
      1 6314
      1 6315
      1 6321
      1 6324
      1 6333
      1 6342
      1 6343
      1 6349
      1 6354
      2 6355
      3 6362
      1 6373
      1 6375
      2 6379
      1 6386
      1 6388
      1 6392
      1 6393
      1 6403
      1 6404
      2 6421
      2 6422
      1 6433
      1 6435
      1 6441
      1 6442
      1 6443
      1 6450
      1 6455
      1 6465
      1 6468
      1 6482
      1 6487
      1 6505
      1 6507
      1 6526
      1 6529
      1 6534
      1 6535
      1 6537
      1 6545
      1 6546
      1 6550
      1 6554
      1 6557
      2 6561
      1 6565
      1 6567
      2 6575
      1 6585
      1 6586
      1 6594
      1 6598
      2 6599
      1 6606
      1 6610
      1 6616
      1 6618
      1 6626
      1 6628
      1 6630
      1 6638
      1 6642
      1 6651
      1 6652
      1 6656
      1 6663
      1 6666
      1 6672
      1 6681
      1 6682
      1 6688
      1 6692
      1 6696
      1 6698
      1 6704
      1 6707
      1 6708
      1 6722
      1 6725
      1 6734
      1 6741
      1 6749
      1 6752
      1 6753
      1 6755
      1 6758
      1 6762
      1 6767
      1 6773
      1 6775
      1 6780
      1 6788
      1 6797
      2 6799
      1 6802
      1 6809
      2 6814
      1 6818
      1 6831
      1 6833
      1 6838
      1 6844
      1 6849
      1 6857
      1 6865
      1 6869
      1 6878
      1 6883
      1 6886
      1 6888
      1 6890
      1 6893
      1 6909
      1 6911
      1 6924
      1 6925
      1 6931
      1 6932
      1 6935
      1 6940
      1 6942
      1 6945
      1 6950
      1 6962
      1 6965
      1 6973
      1 6996
      1 6998
      1 7009
      1 7013
      1 7028
      1 7054
      1 7069
      1 7071
      2 7074
      1 7085
      1 7096
      1 7097
      1 7099
      1 7103
      1 7105
      1 7108
      1 7131
      1 7136
      1 7137
      1 7148
      1 7158
      1 7164
      1 7170
      1 7177
      2 7179
      1 7190
      1 7195
      1 7198
      1 7206
      1 7220
      2 7230
      1 7253
      1 7268
      1 7296
      1 7305
      1 7306
      1 7310
      1 7357
      1 7366
      1 7378
      1 7385
      2 7416
      1 7426
      1 7427
      1 7428
      1 7430
      1 7431
      1 7439
      1 7444
      1 7455
      1 7465
      1 7466
      1 7469
      1 7486
      1 7489
      1 7494
      1 7501
      1 7520
      1 7533
      1 7539
      1 7544
      1 7553
      1 7564
      2 7577
      1 7580
      1 7601
      1 7620
      1 7633
      1 7634
      1 7642
      2 7643
      1 7647
      1 7662
      1 7681
      1 7706
      1 7713
      1 7729
      1 7734
      1 7750
      1 7754
      1 7757
      1 7763
      1 7765
      1 7769
      1 7779
      1 7792
      1 7815
      1 7822
      1 7837
      1 7850
      1 7853
      1 7862
      1 7871
      1 7893
      1 7903
      1 7912
      1 7949
      1 7960
      1 7976
      1 7982
      1 7987
      1 8005
      1 8008
      1 8017
      1 8059
      1 8077
      1 8080
      1 8085
      1 8096
      1 8102
      1 8109
      1 8115
      1 8116
      1 8168
      1 8201
      1 8207
      1 8262
      1 8263
      1 8266
      1 8289
      1 8346
      1 8351
      1 8359
      1 8384
      1 8396
      1 8403
      1 8410
      1 8419
      1 8431
      1 8524
      1 8525
      1 8543
      2 8546
      1 8563
      1 8570
      1 8590
      1 8618
      1 8626
      1 8679
      1 8763
      1 8765
      1 8776
      1 8782
      1 8812
      1 8828
      1 8840
      1 8853
      1 8911
      1 9014
      1 9060
      1 9090
      1 9170
      1 9229
      1 9494
      1 9570
      1 9727
      1 9769
      1 9959
      1 9969
      1 10118
      1 10339
      1 10487
      1 10504
      1 10582
      1 10999
      1 11033
      1 11735
      1 11746
      1 11923
      1 11925
      1 12936
      1 30871
      1 33422
      1 37456
      1 44132
      1 44572
---AAD-PGBENCH-LAG-US---
