pgbench (18.6 (Debian 18.6-1.pgdg13+2))
starting vacuum...end.
transaction type: <builtin: select only>
scaling factor: 1000
query mode: simple
number of clients: 16
number of threads: 16
maximum number of tries: 1
duration: 60 s
number of transactions actually processed: 3461405
number of failed transactions: 0 (0.000%)
latency average = 0.277 ms
initial connection time = 8.219 ms
tps = 57697.299342 (without initial connection time)
---AAD-PGBENCH-LATENCY-US---
rc=0
samples=69327
      1 206
      2 209
      4 210
      1 211
      3 212
      4 213
      9 214
      8 215
     11 216
     16 217
     28 218
     32 219
     39 220
     50 221
     68 222
     93 223
     98 224
    117 225
    166 226
    215 227
    236 228
    305 229
    377 230
    396 231
    464 232
    529 233
    635 234
    710 235
    762 236
    944 237
   1071 238
   1208 239
   1366 240
   1629 241
   1809 242
   1892 243
   2041 244
   2134 245
   2137 246
   2057 247
   1881 248
   1776 249
   1637 250
   1450 251
   1348 252
   1272 253
   1135 254
   1064 255
   1050 256
    970 257
    893 258
    838 259
    794 260
    733 261
    685 262
    650 263
    628 264
    685 265
    622 266
    632 267
    654 268
    653 269
    521 270
    526 271
    500 272
    531 273
    477 274
    541 275
    519 276
    490 277
    382 278
    380 279
    353 280
    349 281
    322 282
    282 283
    324 284
    249 285
    242 286
    251 287
    256 288
    232 289
    196 290
    200 291
    190 292
    156 293
    176 294
    195 295
    187 296
    165 297
    166 298
    153 299
    153 300
    145 301
    156 302
    158 303
    132 304
    174 305
    177 306
    173 307
    161 308
    164 309
    162 310
    147 311
    134 312
    150 313
    144 314
    148 315
    128 316
    145 317
    164 318
    178 319
    213 320
    170 321
    190 322
    200 323
    198 324
    216 325
    216 326
    271 327
    240 328
    313 329
    380 330
    310 331
    235 332
    201 333
    171 334
    180 335
    163 336
    155 337
    152 338
    119 339
    132 340
    125 341
    125 342
    100 343
     94 344
     86 345
     88 346
     78 347
     79 348
     81 349
     96 350
     67 351
     76 352
     90 353
     77 354
     59 355
     68 356
     68 357
     58 358
     71 359
     57 360
     75 361
     68 362
     80 363
     58 364
     52 365
     61 366
     60 367
     69 368
     48 369
     50 370
     57 371
     51 372
     52 373
     62 374
     54 375
     62 376
     59 377
     63 378
     50 379
     45 380
     47 381
     36 382
     47 383
     54 384
     51 385
     28 386
     34 387
     43 388
     33 389
     32 390
     45 391
     41 392
     27 393
     36 394
     31 395
     35 396
     20 397
     38 398
     31 399
     28 400
     29 401
     31 402
     22 403
     31 404
     33 405
     30 406
     34 407
     26 408
     41 409
     29 410
     31 411
     35 412
     33 413
     27 414
     34 415
     32 416
     22 417
     35 418
     41 419
     36 420
     29 421
     37 422
     33 423
     27 424
     25 425
     34 426
     29 427
     26 428
     23 429
     23 430
     20 431
     23 432
     22 433
     24 434
     16 435
     26 436
     24 437
     17 438
     23 439
     28 440
     15 441
     19 442
     16 443
     14 444
     17 445
     21 446
     15 447
     17 448
     25 449
     22 450
     10 451
     11 452
     18 453
     12 454
     17 455
      7 456
     16 457
     22 458
     18 459
     18 460
     14 461
     14 462
     16 463
     17 464
     17 465
     16 466
     11 467
     22 468
     16 469
     11 470
     14 471
     22 472
     14 473
     12 474
     17 475
     13 476
     23 477
     14 478
     19 479
     28 480
     26 481
     20 482
     15 483
     18 484
     15 485
     25 486
     18 487
     19 488
     13 489
     17 490
     13 491
     23 492
     11 493
     17 494
     16 495
     16 496
     10 497
     14 498
      9 499
     12 500
     16 501
     17 502
     15 503
     10 504
     10 505
     13 506
     17 507
      8 508
     10 509
     14 510
      5 511
     13 512
     12 513
     14 514
      2 515
     10 516
      7 517
      9 518
     15 519
     12 520
      8 521
     15 522
      6 523
      7 524
      5 525
      9 526
      7 527
      6 528
      7 529
      7 530
      7 531
      5 532
      8 533
      3 534
      7 535
      7 536
      6 537
      4 538
      5 539
      4 540
      6 541
      2 542
      5 543
     11 544
      6 545
      6 546
      2 547
      7 548
      8 549
      3 550
      3 551
      5 552
      4 553
      2 554
      4 555
      6 556
      5 557
      4 558
      7 559
      3 560
      2 561
      6 562
      3 563
      6 564
      6 565
      5 566
      4 567
      5 568
      4 569
      7 570
      7 571
      4 572
      4 573
      5 574
      3 575
      3 576
      3 577
      7 578
      2 579
      6 581
      6 582
      2 583
      2 584
      4 585
      3 586
      3 587
      6 588
      9 589
      3 590
      2 591
      7 592
      3 593
      3 594
      5 595
      4 596
      5 597
      8 598
      4 599
      5 600
      3 601
      3 602
      4 603
      2 604
      5 605
      1 606
      1 607
      2 608
      1 609
      1 610
      1 611
      1 612
      1 613
      3 614
      4 615
      2 616
      5 617
      3 618
      3 619
      6 620
      5 621
      2 622
      3 623
      1 624
      3 625
      1 626
      1 627
      2 628
      4 629
      2 630
      1 631
      1 632
      2 633
      2 634
      2 635
      4 637
      1 638
      2 639
      2 640
      1 641
      3 642
      2 644
      2 645
      1 646
      3 647
      1 649
      4 650
      2 651
      2 652
      3 653
      4 654
      3 655
      1 656
      2 658
      1 659
      1 660
      2 661
      2 662
      2 663
      1 664
      3 665
      2 666
      1 667
      1 668
      1 669
      2 670
      1 671
      2 672
      2 673
      1 674
      2 675
      3 676
      2 678
      4 681
      1 682
      3 683
      1 684
      2 685
      1 686
      1 687
      1 689
      2 691
      2 693
      3 694
      1 696
      2 698
      1 699
      2 700
      2 702
      1 703
      1 704
      1 708
      1 709
      3 710
      1 711
      1 712
      1 714
      1 715
      1 718
      1 719
      2 720
      1 722
      1 723
      1 724
      2 727
      2 728
      2 729
      1 730
      1 732
      1 735
      1 736
      1 737
      1 740
      1 746
      2 747
      1 748
      1 752
      1 753
      1 754
      1 755
      1 759
      2 762
      1 764
      1 765
      1 768
      1 772
      2 774
      2 778
      1 780
      1 782
      1 784
      1 789
      1 793
      1 794
      1 801
      1 802
      1 811
      1 814
      1 825
      1 833
      1 839
      1 863
      1 876
      1 902
      1 929
      1 945
      1 965
      1 974
      1 1164
      1 1169
      1 1189
---AAD-PGBENCH-LAG-US---
