pgbench (18.6 (Debian 18.6-1.pgdg13+2))
starting vacuum...end.
transaction type: <builtin: select only>
scaling factor: 1000
query mode: simple
number of clients: 64
number of threads: 16
maximum number of tries: 1
duration: 60 s
number of transactions actually processed: 9468026
number of failed transactions: 0 (0.000%)
latency average = 0.405 ms
initial connection time = 124.721 ms
tps = 158126.651250 (without initial connection time)
---AAD-PGBENCH-LATENCY-US---
rc=0
samples=189385
      1 226
      1 228
      2 229
      4 232
      2 233
      6 234
      4 235
      1 236
      3 237
      4 238
      5 239
     13 240
     10 241
     11 242
     13 243
     22 244
     18 245
     17 246
     28 247
     13 248
     29 249
     46 250
     28 251
     28 252
     51 253
     43 254
     59 255
     74 256
     77 257
     83 258
     97 259
    105 260
    117 261
    128 262
    161 263
    160 264
    178 265
    182 266
    247 267
    218 268
    263 269
    269 270
    275 271
    303 272
    311 273
    350 274
    388 275
    373 276
    389 277
    412 278
    397 279
    381 280
    378 281
    409 282
    406 283
    417 284
    395 285
    416 286
    351 287
    367 288
    344 289
    379 290
    393 291
    355 292
    384 293
    399 294
    377 295
    377 296
    353 297
    370 298
    368 299
    367 300
    394 301
    426 302
    393 303
    412 304
    424 305
    397 306
    397 307
    461 308
    426 309
    474 310
    455 311
    512 312
    432 313
    475 314
    489 315
    481 316
    521 317
    548 318
    540 319
    559 320
    603 321
    652 322
    687 323
    662 324
    744 325
    743 326
    775 327
    841 328
    876 329
    950 330
    944 331
   1058 332
   1053 333
   1056 334
   1219 335
   1191 336
   1396 337
   1334 338
   1461 339
   1470 340
   1614 341
   1566 342
   1625 343
   1749 344
   1803 345
   1825 346
   1696 347
   1582 348
   1626 349
   1497 350
   1454 351
   1336 352
   1333 353
   1264 354
   1258 355
   1180 356
   1097 357
    996 358
    974 359
    912 360
    857 361
    911 362
    854 363
    861 364
    840 365
    770 366
    782 367
    739 368
    768 369
    683 370
    705 371
    676 372
    680 373
    655 374
    649 375
    649 376
    631 377
    584 378
    626 379
    627 380
    633 381
    623 382
    587 383
    610 384
    615 385
    609 386
    624 387
    655 388
    599 389
    666 390
    614 391
    687 392
    632 393
    659 394
    774 395
    751 396
    747 397
    837 398
    760 399
    825 400
    831 401
    858 402
    868 403
    887 404
    976 405
    978 406
   1001 407
   1001 408
   1058 409
   1019 410
   1127 411
   1129 412
   1128 413
   1096 414
   1110 415
   1082 416
   1078 417
    975 418
   1011 419
    902 420
    950 421
    847 422
    878 423
    813 424
    787 425
    790 426
    744 427
    689 428
    661 429
    621 430
    650 431
    614 432
    608 433
    593 434
    648 435
    568 436
    553 437
    575 438
    546 439
    500 440
    538 441
    532 442
    501 443
    525 444
    512 445
    510 446
    506 447
    519 448
    509 449
    512 450
    466 451
    491 452
    505 453
    516 454
    466 455
    512 456
    493 457
    485 458
    552 459
    492 460
    551 461
    542 462
    511 463
    567 464
    549 465
    555 466
    560 467
    594 468
    595 469
    589 470
    670 471
    650 472
    639 473
    677 474
    672 475
    723 476
    700 477
    706 478
    744 479
    788 480
    785 481
    776 482
    726 483
    783 484
    749 485
    697 486
    691 487
    697 488
    583 489
    601 490
    556 491
    569 492
    511 493
    507 494
    480 495
    477 496
    477 497
    418 498
    415 499
    416 500
    392 501
    374 502
    316 503
    299 504
    352 505
    298 506
    318 507
    317 508
    283 509
    299 510
    298 511
    273 512
    289 513
    250 514
    248 515
    273 516
    242 517
    234 518
    237 519
    229 520
    223 521
    240 522
    201 523
    217 524
    250 525
    201 526
    209 527
    213 528
    208 529
    214 530
    229 531
    195 532
    196 533
    202 534
    212 535
    200 536
    194 537
    230 538
    211 539
    196 540
    212 541
    197 542
    212 543
    222 544
    208 545
    214 546
    203 547
    195 548
    198 549
    214 550
    200 551
    172 552
    213 553
    211 554
    182 555
    199 556
    185 557
    169 558
    193 559
    179 560
    157 561
    152 562
    138 563
    139 564
    151 565
    131 566
    121 567
    145 568
    111 569
    116 570
     94 571
    130 572
    113 573
     93 574
     99 575
     81 576
     88 577
     98 578
     99 579
     84 580
     80 581
     73 582
     65 583
     74 584
     81 585
     82 586
     95 587
     62 588
     78 589
     55 590
     84 591
     72 592
     75 593
     74 594
     67 595
     57 596
     73 597
     72 598
     65 599
     55 600
     48 601
     58 602
     47 603
     47 604
     68 605
     75 606
     54 607
     61 608
     49 609
     63 610
     47 611
     69 612
     49 613
     68 614
     66 615
     52 616
     59 617
     45 618
     43 619
     48 620
     45 621
     60 622
     39 623
     50 624
     38 625
     48 626
     49 627
     46 628
     30 629
     36 630
     47 631
     34 632
     46 633
     42 634
     40 635
     44 636
     38 637
     36 638
     38 639
     28 640
     31 641
     30 642
     37 643
     25 644
     24 645
     27 646
     35 647
     26 648
     23 649
     28 650
     22 651
     27 652
     32 653
     19 654
     24 655
     31 656
     22 657
     17 658
     31 659
     26 660
     27 661
     22 662
     24 663
     21 664
     19 665
     16 666
     16 667
     26 668
     16 669
     14 670
     19 671
     15 672
     20 673
     16 674
     15 675
     14 676
     14 677
     14 678
     17 679
     16 680
     11 681
     20 682
     15 683
     19 684
     18 685
     14 686
     20 687
     18 688
     20 689
     16 690
     15 691
     13 692
     14 693
     12 694
      8 695
      6 696
      9 697
     15 698
     15 699
     13 700
     13 701
     13 702
     13 703
     17 704
     11 705
      5 706
     10 707
      7 708
      8 709
     17 710
     14 711
      8 712
     11 713
      5 714
      8 715
     11 716
      9 717
      9 718
     11 719
      8 720
     10 721
      7 722
      5 723
      7 724
      2 725
      3 726
     10 727
      4 728
      3 729
      7 730
      6 731
      5 732
      7 733
      6 734
      5 735
      3 736
      5 737
      5 738
      4 739
      1 740
      5 741
      6 742
      1 743
      2 744
      6 745
      8 746
      3 747
      7 748
      6 749
      4 750
      2 751
      3 752
      4 753
      6 754
      1 755
      7 756
      3 757
      4 758
      3 759
      5 760
      5 761
      6 762
      1 763
      5 764
      7 765
      1 766
      1 767
      2 768
      7 769
      4 770
      3 772
      5 773
      1 774
      4 775
      5 776
      2 777
      5 778
      2 779
      2 780
      2 781
      1 783
      3 784
      3 785
      4 786
      2 787
      1 790
      1 791
      1 793
      1 794
      2 795
      2 796
      3 797
      3 798
      1 799
      2 800
      4 801
      3 802
      1 803
      4 805
      2 806
      2 807
      2 808
      1 810
      2 811
      1 812
      1 813
      3 814
      1 815
      1 816
      1 817
      2 818
      2 819
      1 820
      2 821
      2 822
      3 824
      1 825
      3 826
      3 828
      1 829
      1 832
      1 833
      2 835
      2 836
      1 839
      2 841
      1 844
      1 845
      2 847
      1 848
      1 849
      2 850
      4 853
      3 854
      1 855
      1 857
      1 859
      1 860
      1 861
      2 862
      3 864
      2 867
      1 868
      1 869
      2 870
      2 871
      1 872
      2 876
      3 877
      1 881
      1 883
      1 884
      1 885
      1 887
      1 890
      2 893
      1 903
      1 905
      1 906
      1 907
      1 914
      1 919
      1 928
      1 930
      1 934
      1 936
      2 937
      1 942
      1 954
      1 961
      1 965
      1 967
      2 968
      1 969
      1 974
      1 980
      1 986
      1 999
      1 1010
      1 1011
      1 1015
      1 1018
      1 1032
      1 1055
      1 1058
      1 1080
      1 1101
      1 1104
      1 1108
      1 1131
      1 1144
      1 1149
      1 1175
      1 1200
      1 1212
      1 1299
      1 1321
      1 1331
      1 1418
      1 1773
      1 1954
      1 2517
      1 2542
      1 3086
      1 3272
      1 3323
      1 3723
      1 4293
      1 4454
      1 4702
      1 7327
      1 9809
---AAD-PGBENCH-LAG-US---
