pgbench (18.6 (Debian 18.6-1.pgdg13+2))
starting vacuum...end.
transaction type: <builtin: select only>
scaling factor: 1000
query mode: simple
number of clients: 32
number of threads: 16
maximum number of tries: 1
duration: 60 s
number of transactions actually processed: 5963921
number of failed transactions: 0 (0.000%)
latency average = 0.322 ms
initial connection time = 10.325 ms
tps = 99414.771957 (without initial connection time)
---AAD-PGBENCH-LATENCY-US---
rc=0
samples=119362
      1 215
      2 220
      4 221
      3 222
      6 223
     16 224
      7 225
      8 226
     11 227
     18 228
     33 229
     37 230
     40 231
     51 232
     74 233
     66 234
    104 235
    119 236
    138 237
    146 238
    170 239
    187 240
    212 241
    268 242
    329 243
    337 244
    348 245
    363 246
    391 247
    434 248
    418 249
    499 250
    498 251
    535 252
    567 253
    570 254
    603 255
    656 256
    676 257
    683 258
    665 259
    759 260
    798 261
    767 262
    863 263
    840 264
    904 265
    930 266
   1023 267
   1052 268
   1132 269
   1127 270
   1122 271
   1222 272
   1288 273
   1351 274
   1471 275
   1724 276
   1598 277
   1422 278
   1361 279
   1336 280
   1240 281
   1124 282
   1170 283
   1100 284
   1086 285
   1034 286
   1008 287
   1030 288
    926 289
    895 290
    965 291
    888 292
    816 293
    816 294
    854 295
    811 296
    786 297
    790 298
    820 299
    727 300
    768 301
    736 302
    743 303
    779 304
    748 305
    694 306
    752 307
    715 308
    661 309
    705 310
    664 311
    709 312
    692 313
    687 314
    683 315
    670 316
    669 317
    705 318
    733 319
    702 320
    758 321
    734 322
    734 323
    741 324
    750 325
    752 326
    812 327
    810 328
    863 329
    879 330
    814 331
    867 332
    881 333
    889 334
    877 335
    897 336
    977 337
    965 338
    894 339
    926 340
    892 341
    928 342
    920 343
    917 344
    969 345
   1002 346
    846 347
    753 348
    743 349
    728 350
    657 351
    653 352
    657 353
    599 354
    566 355
    527 356
    546 357
    464 358
    476 359
    470 360
    451 361
    406 362
    428 363
    417 364
    370 365
    362 366
    336 367
    316 368
    356 369
    280 370
    287 371
    285 372
    274 373
    299 374
    283 375
    263 376
    251 377
    240 378
    231 379
    232 380
    214 381
    216 382
    223 383
    215 384
    221 385
    181 386
    200 387
    199 388
    189 389
    205 390
    179 391
    190 392
    210 393
    190 394
    204 395
    187 396
    199 397
    206 398
    185 399
    173 400
    190 401
    201 402
    172 403
    173 404
    168 405
    203 406
    178 407
    154 408
    156 409
    153 410
    150 411
    150 412
    136 413
    158 414
    124 415
    142 416
    124 417
    144 418
    134 419
    112 420
    131 421
    105 422
    113 423
     95 424
    106 425
     95 426
    111 427
     95 428
     99 429
     79 430
     71 431
    109 432
     93 433
     72 434
    108 435
     66 436
     61 437
     71 438
     79 439
     59 440
     72 441
     63 442
     48 443
     66 444
     57 445
     49 446
     63 447
     70 448
     54 449
     71 450
     56 451
     63 452
     60 453
     54 454
     46 455
     51 456
     65 457
     51 458
     42 459
     57 460
     45 461
     57 462
     56 463
     56 464
     47 465
     54 466
     42 467
     40 468
     65 469
     57 470
     50 471
     42 472
     48 473
     37 474
     31 475
     45 476
     51 477
     55 478
     51 479
     50 480
     41 481
     37 482
     39 483
     41 484
     43 485
     50 486
     45 487
     44 488
     40 489
     37 490
     40 491
     28 492
     32 493
     30 494
     21 495
     31 496
     28 497
     40 498
     40 499
     21 500
     34 501
     35 502
     33 503
     30 504
     23 505
     29 506
     24 507
     23 508
     36 509
     24 510
     30 511
     24 512
     34 513
     29 514
     25 515
     25 516
     34 517
     30 518
     32 519
     20 520
     18 521
     25 522
     12 523
     16 524
     27 525
     22 526
     16 527
     20 528
     18 529
     17 530
     25 531
     11 532
     22 533
     16 534
     24 535
     25 536
     18 537
     19 538
     21 539
     15 540
     15 541
     27 542
     21 543
     19 544
     20 545
     22 546
     17 547
     23 548
     13 549
     18 550
     22 551
     19 552
     21 553
     15 554
     17 555
     21 556
     16 557
     22 558
     11 559
     21 560
     18 561
      8 562
     15 563
     14 564
     21 565
     14 566
     14 567
     13 568
     12 569
     11 570
     16 571
     15 572
     17 573
     12 574
     11 575
     13 576
     18 577
      9 578
      9 579
     18 580
     18 581
     11 582
     12 583
     15 584
     16 585
     11 586
     15 587
     10 588
     13 589
     12 590
      8 591
     13 592
     15 593
     15 594
     16 595
     10 596
     13 597
     13 598
     11 599
     10 600
     14 601
      9 602
     10 603
      6 604
     17 605
      5 606
     10 607
     16 608
      9 609
     10 610
      9 611
      6 612
      7 613
      8 614
     12 615
     10 616
     11 617
      9 618
      7 619
      8 620
      9 621
     14 622
     12 623
     12 624
      9 625
      3 626
      6 627
      3 628
     11 629
      4 630
      4 631
      7 632
      7 633
      6 634
      4 635
      9 636
      3 637
      4 638
      1 639
      1 640
      3 641
      2 642
      7 643
      5 644
      4 645
      5 646
      4 647
      8 648
      3 649
      2 650
      7 651
      5 652
      1 653
      9 654
      3 655
      4 656
      3 657
      6 658
      6 659
      7 660
      7 661
      5 662
      2 663
      4 664
      1 665
      6 666
      7 667
      4 668
      4 669
      2 670
      4 671
      6 672
      3 673
      7 674
      4 675
      2 676
      2 677
      2 678
      2 679
      3 680
      3 681
      3 682
      3 683
      4 684
      3 686
      5 687
      2 688
      4 689
      5 690
      4 691
      1 692
      4 693
      4 694
      1 695
      1 696
      2 697
      2 698
      2 699
      4 700
      4 701
      2 703
      1 704
      1 706
      1 707
      2 708
      1 709
      2 710
      3 711
      1 712
      3 713
      3 714
      2 716
      2 717
      2 718
      3 719
      1 720
      1 721
      1 722
      3 723
      2 724
      1 728
      3 729
      2 730
      2 732
      1 733
      1 735
      2 736
      2 737
      1 739
      3 740
      2 741
      1 742
      1 743
      1 744
      3 745
      1 746
      1 747
      1 748
      1 749
      3 750
      1 751
      1 752
      3 753
      2 755
      1 756
      2 757
      1 758
      3 759
      1 760
      1 761
      1 763
      1 766
      1 767
      1 768
      1 770
      1 772
      1 774
      2 775
      1 778
      1 784
      1 785
      1 786
      1 787
      1 793
      2 794
      1 795
      1 796
      1 799
      1 803
      2 804
      1 805
      3 810
      1 811
      1 813
      1 814
      2 815
      1 822
      1 824
      1 831
      1 832
      3 834
      1 836
      1 840
      1 841
      3 847
      1 849
      1 850
      1 856
      1 858
      2 859
      1 864
      1 865
      1 872
      1 876
      2 878
      1 883
      1 893
      1 894
      1 897
      1 908
      1 926
      1 930
      1 941
      1 984
      1 1016
      1 1054
      1 1066
      1 1160
      1 1814
---AAD-PGBENCH-LAG-US---
