pgbench (18.6 (Debian 18.6-1.pgdg13+2))
starting vacuum...end.
transaction type: <builtin: select only>
scaling factor: 1000
query mode: simple
number of clients: 16
number of threads: 16
maximum number of tries: 1
duration: 60 s
number of transactions actually processed: 3509310
number of failed transactions: 0 (0.000%)
latency average = 0.274 ms
initial connection time = 7.178 ms
tps = 58494.735539 (without initial connection time)
---AAD-PGBENCH-LATENCY-US---
rc=0
samples=69969
      1 205
      1 207
      4 211
      2 212
      5 213
     10 214
     23 215
     29 216
     17 217
     32 218
     31 219
     57 220
     51 221
     71 222
     83 223
    102 224
    123 225
    166 226
    186 227
    249 228
    288 229
    348 230
    404 231
    441 232
    550 233
    598 234
    766 235
    807 236
    946 237
   1097 238
   1211 239
   1412 240
   1597 241
   1717 242
   1852 243
   1978 244
   2003 245
   1976 246
   1842 247
   1691 248
   1703 249
   1580 250
   1461 251
   1320 252
   1306 253
   1227 254
   1113 255
   1081 256
   1147 257
   1142 258
   1191 259
   1700 260
   2340 261
   1373 262
    930 263
   1041 264
    855 265
    692 266
    658 267
    638 268
    601 269
    591 270
    537 271
    561 272
    502 273
    487 274
    477 275
    448 276
    423 277
    371 278
    336 279
    334 280
    311 281
    313 282
    254 283
    238 284
    233 285
    190 286
    214 287
    192 288
    205 289
    206 290
    191 291
    155 292
    140 293
    166 294
    130 295
    171 296
    133 297
    150 298
    126 299
    142 300
    119 301
    113 302
    125 303
    132 304
    124 305
    121 306
    135 307
    124 308
    124 309
    119 310
    127 311
    124 312
    127 313
    103 314
    145 315
    134 316
    131 317
    127 318
    141 319
    143 320
    132 321
    175 322
    137 323
    172 324
    181 325
    208 326
    191 327
    222 328
    206 329
    196 330
    191 331
    178 332
    163 333
    133 334
    148 335
    131 336
    118 337
    131 338
    110 339
    108 340
    100 341
     80 342
     91 343
     77 344
     73 345
     80 346
     80 347
     63 348
     55 349
     55 350
     57 351
     54 352
     52 353
     40 354
     47 355
     48 356
     41 357
     38 358
     47 359
     42 360
     42 361
     47 362
     32 363
     45 364
     42 365
     43 366
     33 367
     42 368
     35 369
     48 370
     39 371
     40 372
     35 373
     36 374
     36 375
     38 376
     30 377
     40 378
     29 379
     37 380
     25 381
     42 382
     32 383
     28 384
     31 385
     44 386
     36 387
     32 388
     32 389
     30 390
     34 391
     35 392
     30 393
     27 394
     32 395
     34 396
     23 397
     31 398
     30 399
     31 400
     20 401
     29 402
     30 403
     21 404
     34 405
     30 406
     28 407
     36 408
     23 409
     19 410
     20 411
     30 412
     20 413
     35 414
     19 415
     17 416
     20 417
     26 418
     10 419
     20 420
     22 421
     25 422
     20 423
     19 424
     19 425
     27 426
     22 427
     15 428
     18 429
     22 430
     22 431
     15 432
     13 433
     15 434
     17 435
     11 436
     16 437
     15 438
     14 439
     21 440
      9 441
     13 442
     15 443
     17 444
     11 445
     13 446
     15 447
     16 448
     20 449
     21 450
     13 451
     11 452
     17 453
     11 454
     15 455
     22 456
      5 457
      8 458
     22 459
      9 460
     16 461
     14 462
     14 463
     10 464
      6 465
     11 466
     13 467
      6 468
     13 469
      8 470
     17 471
     15 472
      5 473
      9 474
      6 475
     10 476
     10 477
      7 478
      9 479
      9 480
      9 481
      7 482
     13 483
      9 484
      4 485
     14 486
      9 487
     13 488
      7 489
      6 490
      8 491
      5 492
      8 493
      5 494
      7 495
      4 496
      6 497
      9 498
      8 499
      8 500
      6 501
      4 502
      8 503
     14 504
      7 505
     12 506
     11 507
      9 508
     11 509
     11 510
     15 511
     20 512
     18 513
     21 514
     20 515
     17 516
     34 517
     43 518
     35 519
     39 520
     49 521
     83 522
     48 523
     38 524
     28 525
     24 526
     12 527
     17 528
     14 529
     12 530
     14 531
     13 532
      9 533
      9 534
     11 535
      5 536
      2 537
      6 538
     10 539
      8 540
      5 541
     10 542
      6 543
      5 544
      4 545
      4 546
     10 547
      4 548
      4 549
      7 550
      3 551
      6 552
      2 553
      7 554
      5 555
      2 556
      2 557
      3 558
      2 559
      7 560
      6 561
      4 563
      5 564
      2 565
      6 566
      4 567
      5 568
      6 569
      5 570
      4 571
      5 572
      4 573
      5 574
      6 575
      2 576
      4 577
      3 578
      7 579
      3 580
      2 581
      2 582
      2 583
      3 584
      4 585
      2 586
      5 587
      4 588
      2 589
      5 590
      1 591
      3 592
      6 593
      3 594
      2 596
      4 598
      3 599
      4 600
      3 601
      1 602
      2 603
      5 604
      6 605
      4 606
      1 607
      5 609
      2 610
      4 611
      3 612
      2 613
      4 614
      4 615
      5 616
      3 617
      2 618
      3 619
      4 620
      2 621
      3 622
      1 623
      3 624
      3 625
      2 626
      2 627
      3 628
      2 629
      1 630
      4 631
      5 632
      1 633
      4 634
      1 635
      4 636
      3 637
      2 638
      2 639
      1 640
      2 641
      2 642
      3 645
      3 646
      1 647
      3 648
      2 649
      1 650
      4 651
      2 653
      1 656
      2 657
      4 660
      1 662
      3 663
      1 664
      1 665
      1 666
      1 667
      1 668
      1 669
      5 670
      1 672
      1 673
      1 674
      1 675
      4 676
      1 677
      2 679
      2 680
      3 681
      2 682
      2 683
      1 686
      1 687
      1 688
      1 689
      1 690
      1 693
      2 694
      1 695
      1 696
      1 697
      2 698
      1 702
      1 704
      1 705
      1 706
      1 708
      2 709
      2 713
      2 715
      1 717
      2 721
      1 722
      1 724
      1 725
      1 727
      1 728
      1 730
      3 736
      1 738
      3 742
      1 743
      1 744
      1 745
      1 747
      1 748
      1 752
      1 757
      2 761
      1 763
      2 764
      1 767
      2 768
      1 773
      1 775
      1 777
      1 779
      1 780
      1 783
      1 785
      1 787
      1 788
      2 795
      1 801
      1 807
      1 815
      1 818
      1 821
      1 827
      1 846
      1 849
      1 851
      1 877
      2 879
      1 882
      1 906
      1 917
      1 921
      1 935
      1 953
      1 978
      1 1068
      1 1163
      1 1188
      1 218531
---AAD-PGBENCH-LAG-US---
