pgbench (18.6 (Debian 18.6-1.pgdg13+2))
starting vacuum...end.
transaction type: <builtin: select only>
scaling factor: 1000
query mode: simple
number of clients: 256
number of threads: 16
maximum number of tries: 1
duration: 60 s
number of transactions actually processed: 9777049
number of failed transactions: 0 (0.000%)
latency average = 1.563 ms
initial connection time = 347.005 ms
tps = 163747.042117 (without initial connection time)
---AAD-PGBENCH-LATENCY-US---
rc=0
samples=196158
      1 248
      1 258
      1 259
      1 260
      1 264
      2 266
      2 268
      1 269
      1 270
      1 271
      2 272
      2 273
      3 274
      3 275
      1 276
      2 277
      3 278
      5 279
      2 280
      1 281
      2 282
      4 283
      1 284
      5 285
      3 286
      5 287
      6 288
      3 289
      1 291
      1 292
      1 293
      2 294
      2 295
      2 296
      1 297
      3 298
      3 299
      3 300
      2 301
      6 302
      4 303
      2 304
      2 305
      3 306
      2 307
      2 308
      5 310
      7 311
      2 312
      3 313
      2 314
      2 315
      6 316
      4 317
      1 318
      4 319
      3 320
      5 321
      6 322
      3 323
      8 324
      9 325
      2 326
      8 327
      6 328
      9 329
      5 330
      5 331
     15 332
      4 333
      6 334
      3 335
     12 336
      7 337
      5 338
     10 339
      7 340
     19 341
     12 342
     10 343
     11 344
     10 345
      8 346
     12 347
     13 348
      8 349
     11 350
     14 351
      7 352
      9 353
     12 354
     14 355
      8 356
     15 357
     11 358
     10 359
      6 360
      5 361
     12 362
      7 363
     11 364
      5 365
      3 366
      7 367
     13 368
      5 369
      7 370
      3 371
      8 372
      7 373
      8 374
      3 375
      3 376
      8 377
      7 378
      4 379
     10 380
     13 381
      7 382
      4 383
      7 384
      9 385
      3 386
      5 387
      9 388
      4 389
      8 390
      9 391
      7 392
      7 393
      7 394
      6 395
      6 396
     10 397
      8 398
     10 399
     17 400
     12 401
     12 402
     12 403
     11 404
      9 405
     11 406
     13 407
     13 408
     14 409
     21 410
     16 411
     19 412
     16 413
     16 414
     18 415
     17 416
     14 417
     24 418
     19 419
     33 420
     24 421
     20 422
     19 423
     17 424
     20 425
     19 426
     20 427
     21 428
     18 429
     10 430
     15 431
     13 432
     20 433
     11 434
     14 435
     14 436
     12 437
      7 438
     13 439
     11 440
     13 441
     12 442
     12 443
     12 444
      8 445
     11 446
     11 447
     12 448
     13 449
     12 450
     21 451
     14 452
     10 453
     12 454
     20 455
     15 456
     15 457
     23 458
      9 459
     15 460
     18 461
     14 462
     15 463
     24 464
     17 465
     17 466
     25 467
     21 468
     20 469
     18 470
     17 471
     31 472
     24 473
     26 474
     20 475
     18 476
     23 477
     35 478
     12 479
     23 480
     36 481
     31 482
     43 483
     40 484
     28 485
     34 486
     35 487
     35 488
     29 489
     31 490
     20 491
     24 492
     22 493
     34 494
     23 495
     32 496
     19 497
     24 498
     28 499
     20 500
     17 501
     24 502
     27 503
     26 504
     24 505
     26 506
     16 507
     28 508
     17 509
     26 510
     15 511
     15 512
     16 513
     17 514
     20 515
     15 516
     25 517
     25 518
     12 519
     20 520
     13 521
      9 522
     10 523
     20 524
     19 525
     15 526
     13 527
     18 528
     19 529
     16 530
     25 531
     26 532
     22 533
     24 534
     22 535
     29 536
     18 537
     22 538
     17 539
     26 540
     16 541
     23 542
     21 543
     28 544
     32 545
     21 546
     25 547
     28 548
     27 549
     29 550
     36 551
     27 552
     45 553
     32 554
     32 555
     30 556
     30 557
     26 558
     26 559
     26 560
     22 561
     23 562
     22 563
     19 564
     26 565
     29 566
     30 567
     19 568
     19 569
     19 570
     16 571
     28 572
     21 573
     16 574
     20 575
     18 576
      8 577
     18 578
     18 579
     16 580
     19 581
     21 582
     17 583
     16 584
     17 585
     14 586
     22 587
     15 588
     15 589
     16 590
     12 591
     20 592
     13 593
     11 594
     14 595
     20 596
     17 597
     20 598
     19 599
     19 600
     17 601
     21 602
     16 603
     23 604
     21 605
     22 606
     19 607
     11 608
     24 609
     18 610
     19 611
     28 612
     16 613
     24 614
     22 615
     33 616
     22 617
     34 618
     22 619
     23 620
     27 621
     19 622
     20 623
     34 624
     30 625
     22 626
     24 627
     25 628
     23 629
     25 630
     27 631
     16 632
     26 633
     14 634
     33 635
     19 636
     24 637
     24 638
     22 639
     24 640
     24 641
     21 642
     20 643
     25 644
     18 645
     17 646
     12 647
     17 648
     19 649
     16 650
     15 651
     17 652
     12 653
     19 654
     23 655
     21 656
     24 657
     22 658
     14 659
     11 660
     13 661
     22 662
     20 663
     13 664
     18 665
     13 666
     24 667
     15 668
     24 669
     16 670
     16 671
     11 672
     27 673
     19 674
     14 675
     20 676
     19 677
     15 678
     28 679
     21 680
     23 681
     18 682
     26 683
     25 684
     29 685
     27 686
     23 687
     31 688
     19 689
     22 690
     33 691
     20 692
     35 693
     27 694
     27 695
     31 696
     29 697
     22 698
     28 699
     23 700
     26 701
     15 702
     23 703
     18 704
     21 705
     16 706
     17 707
     19 708
     18 709
     19 710
     13 711
     24 712
     20 713
     19 714
     10 715
     17 716
     21 717
     18 718
     15 719
     13 720
     16 721
     17 722
     14 723
     21 724
     11 725
     19 726
     16 727
     22 728
     18 729
     19 730
     19 731
     21 732
     17 733
     24 734
     14 735
     17 736
     11 737
     18 738
     22 739
     20 740
     31 741
     22 742
     24 743
     26 744
     16 745
     29 746
     26 747
     18 748
     27 749
     28 750
     20 751
     20 752
     27 753
     25 754
     29 755
     30 756
     28 757
     35 758
     32 759
     29 760
     31 761
     33 762
     42 763
     28 764
     31 765
     20 766
     24 767
     25 768
     27 769
     25 770
     29 771
     17 772
     20 773
     26 774
     21 775
     23 776
     15 777
     23 778
      9 779
     18 780
     20 781
     16 782
     24 783
     22 784
     24 785
     31 786
     16 787
     19 788
     28 789
     19 790
     28 791
     19 792
     25 793
     19 794
     19 795
     11 796
     16 797
     17 798
     15 799
     30 800
     19 801
     23 802
     16 803
     24 804
     17 805
     16 806
     23 807
     24 808
     21 809
     27 810
     36 811
     22 812
     34 813
     27 814
     36 815
     25 816
     31 817
     15 818
     24 819
     30 820
     26 821
     33 822
     30 823
     25 824
     31 825
     25 826
     36 827
     28 828
     30 829
     29 830
     24 831
     36 832
     26 833
     31 834
     40 835
     42 836
     31 837
     18 838
     28 839
     31 840
     37 841
     27 842
     31 843
     25 844
     40 845
     27 846
     27 847
     27 848
     29 849
     29 850
     19 851
     26 852
     23 853
     33 854
     24 855
     39 856
     29 857
     30 858
     32 859
     31 860
     32 861
     29 862
     34 863
     28 864
     23 865
     29 866
     26 867
     42 868
     27 869
     33 870
     33 871
     32 872
     33 873
     37 874
     40 875
     37 876
     32 877
     34 878
     42 879
     32 880
     39 881
     41 882
     38 883
     40 884
     38 885
     39 886
     26 887
     52 888
     50 889
     44 890
     56 891
     54 892
     39 893
     62 894
     62 895
     77 896
     53 897
     61 898
     56 899
     61 900
     57 901
     58 902
     52 903
     55 904
     61 905
     58 906
     43 907
     64 908
     54 909
     51 910
     64 911
     72 912
     71 913
     63 914
     53 915
     75 916
     62 917
     54 918
     62 919
     58 920
     71 921
     60 922
     71 923
     48 924
     66 925
     72 926
     84 927
     71 928
     58 929
     68 930
     52 931
     65 932
     80 933
     73 934
     78 935
     66 936
     71 937
     65 938
     65 939
     72 940
     89 941
     76 942
     84 943
     95 944
     88 945
     73 946
     84 947
     86 948
     97 949
    104 950
     97 951
     98 952
     84 953
     86 954
    124 955
    109 956
    115 957
     99 958
    122 959
    104 960
    132 961
    119 962
    109 963
    143 964
    127 965
    138 966
    137 967
    127 968
    138 969
    143 970
    137 971
    144 972
    146 973
    120 974
    128 975
    123 976
    125 977
    127 978
    149 979
    142 980
    129 981
    142 982
    152 983
    153 984
    161 985
    129 986
    136 987
    161 988
    139 989
    142 990
    130 991
    128 992
    136 993
    129 994
    135 995
    125 996
    139 997
    130 998
    140 999
    149 1000
    129 1001
    173 1002
    166 1003
    149 1004
    167 1005
    151 1006
    174 1007
    144 1008
    140 1009
    173 1010
    153 1011
    147 1012
    179 1013
    193 1014
    168 1015
    166 1016
    170 1017
    208 1018
    201 1019
    208 1020
    156 1021
    197 1022
    194 1023
    214 1024
    214 1025
    203 1026
    219 1027
    204 1028
    196 1029
    227 1030
    228 1031
    219 1032
    241 1033
    248 1034
    249 1035
    249 1036
    251 1037
    218 1038
    244 1039
    249 1040
    242 1041
    250 1042
    257 1043
    254 1044
    248 1045
    248 1046
    220 1047
    222 1048
    249 1049
    253 1050
    218 1051
    259 1052
    243 1053
    244 1054
    262 1055
    243 1056
    212 1057
    232 1058
    230 1059
    241 1060
    218 1061
    212 1062
    262 1063
    233 1064
    229 1065
    247 1066
    223 1067
    254 1068
    223 1069
    226 1070
    219 1071
    219 1072
    212 1073
    225 1074
    257 1075
    229 1076
    240 1077
    228 1078
    223 1079
    260 1080
    232 1081
    254 1082
    215 1083
    240 1084
    246 1085
    254 1086
    248 1087
    254 1088
    231 1089
    249 1090
    264 1091
    271 1092
    265 1093
    278 1094
    285 1095
    243 1096
    281 1097
    256 1098
    304 1099
    290 1100
    274 1101
    291 1102
    272 1103
    288 1104
    270 1105
    296 1106
    278 1107
    264 1108
    286 1109
    296 1110
    291 1111
    278 1112
    275 1113
    268 1114
    258 1115
    288 1116
    250 1117
    265 1118
    262 1119
    261 1120
    269 1121
    250 1122
    248 1123
    255 1124
    248 1125
    277 1126
    225 1127
    238 1128
    248 1129
    207 1130
    246 1131
    251 1132
    248 1133
    240 1134
    244 1135
    232 1136
    220 1137
    248 1138
    229 1139
    215 1140
    232 1141
    196 1142
    206 1143
    231 1144
    226 1145
    238 1146
    257 1147
    216 1148
    219 1149
    205 1150
    229 1151
    218 1152
    211 1153
    244 1154
    215 1155
    215 1156
    218 1157
    226 1158
    232 1159
    203 1160
    244 1161
    244 1162
    218 1163
    226 1164
    249 1165
    195 1166
    241 1167
    223 1168
    219 1169
    222 1170
    204 1171
    236 1172
    223 1173
    255 1174
    239 1175
    260 1176
    249 1177
    257 1178
    206 1179
    218 1180
    227 1181
    203 1182
    238 1183
    215 1184
    205 1185
    230 1186
    212 1187
    217 1188
    196 1189
    209 1190
    227 1191
    214 1192
    202 1193
    216 1194
    220 1195
    180 1196
    203 1197
    212 1198
    182 1199
    182 1200
    205 1201
    173 1202
    160 1203
    174 1204
    167 1205
    195 1206
    170 1207
    175 1208
    159 1209
    172 1210
    181 1211
    193 1212
    181 1213
    186 1214
    180 1215
    166 1216
    171 1217
    152 1218
    186 1219
    162 1220
    173 1221
    190 1222
    154 1223
    182 1224
    179 1225
    175 1226
    180 1227
    176 1228
    153 1229
    173 1230
    185 1231
    181 1232
    188 1233
    172 1234
    183 1235
    194 1236
    180 1237
    198 1238
    182 1239
    181 1240
    209 1241
    184 1242
    178 1243
    165 1244
    182 1245
    207 1246
    163 1247
    169 1248
    189 1249
    172 1250
    160 1251
    192 1252
    170 1253
    195 1254
    164 1255
    187 1256
    179 1257
    184 1258
    159 1259
    165 1260
    155 1261
    143 1262
    172 1263
    184 1264
    161 1265
    163 1266
    145 1267
    155 1268
    151 1269
    128 1270
    164 1271
    143 1272
    150 1273
    150 1274
    137 1275
    174 1276
    150 1277
    127 1278
    142 1279
    143 1280
    145 1281
    136 1282
    153 1283
    142 1284
    150 1285
    154 1286
    149 1287
    152 1288
    152 1289
    124 1290
    132 1291
    144 1292
    128 1293
    158 1294
    126 1295
    160 1296
    125 1297
    145 1298
    144 1299
    131 1300
    139 1301
    145 1302
    125 1303
    139 1304
    150 1305
    135 1306
    131 1307
    174 1308
    152 1309
    138 1310
    158 1311
    162 1312
    173 1313
    139 1314
    157 1315
    174 1316
    144 1317
    141 1318
    156 1319
    150 1320
    136 1321
    141 1322
    131 1323
    132 1324
    161 1325
    127 1326
    146 1327
    145 1328
    128 1329
    123 1330
    125 1331
    151 1332
    139 1333
    157 1334
    124 1335
    133 1336
    122 1337
    119 1338
    138 1339
    134 1340
    147 1341
    124 1342
    137 1343
    117 1344
    134 1345
    137 1346
    142 1347
    128 1348
    118 1349
    135 1350
    123 1351
    124 1352
    111 1353
    114 1354
    114 1355
    115 1356
    121 1357
    128 1358
    132 1359
    124 1360
    118 1361
    107 1362
    133 1363
    130 1364
    138 1365
    125 1366
    128 1367
    117 1368
    128 1369
    109 1370
    137 1371
    145 1372
    153 1373
    134 1374
    130 1375
    133 1376
    147 1377
    125 1378
    126 1379
    132 1380
    119 1381
    114 1382
    123 1383
    120 1384
    124 1385
    126 1386
    134 1387
    143 1388
    134 1389
    105 1390
    125 1391
    126 1392
    114 1393
    132 1394
    119 1395
    128 1396
    126 1397
    143 1398
    112 1399
    113 1400
    109 1401
    141 1402
    119 1403
    109 1404
    101 1405
     97 1406
    116 1407
    115 1408
    116 1409
    110 1410
    113 1411
    114 1412
     98 1413
     99 1414
    111 1415
    108 1416
     96 1417
    118 1418
    112 1419
    104 1420
    116 1421
    100 1422
     95 1423
    100 1424
     90 1425
    109 1426
    107 1427
    108 1428
    111 1429
     95 1430
    114 1431
     92 1432
     96 1433
    103 1434
    101 1435
    107 1436
    105 1437
    106 1438
    102 1439
     92 1440
     95 1441
    124 1442
    137 1443
    109 1444
    128 1445
    120 1446
    120 1447
    126 1448
    100 1449
    132 1450
    111 1451
     99 1452
    119 1453
    113 1454
    111 1455
    109 1456
    111 1457
    128 1458
    120 1459
    121 1460
    127 1461
    108 1462
     98 1463
     99 1464
    108 1465
    111 1466
     96 1467
     99 1468
    113 1469
     96 1470
    102 1471
     98 1472
    104 1473
     88 1474
    108 1475
     92 1476
     93 1477
     95 1478
     98 1479
     87 1480
     92 1481
     94 1482
     87 1483
     95 1484
     77 1485
    101 1486
    107 1487
     95 1488
    105 1489
     97 1490
     94 1491
     96 1492
     69 1493
     84 1494
     96 1495
     91 1496
     76 1497
    102 1498
     80 1499
     97 1500
    112 1501
     87 1502
     84 1503
    108 1504
    106 1505
     90 1506
     73 1507
     91 1508
     99 1509
     90 1510
    101 1511
    105 1512
     93 1513
     91 1514
     87 1515
     88 1516
     88 1517
    111 1518
    105 1519
     92 1520
     93 1521
     85 1522
     87 1523
     86 1524
     84 1525
    108 1526
     87 1527
     82 1528
     83 1529
     73 1530
     80 1531
     83 1532
     87 1533
    101 1534
     85 1535
     83 1536
     97 1537
     97 1538
     88 1539
     81 1540
     78 1541
     78 1542
     94 1543
     82 1544
     86 1545
     86 1546
     83 1547
     98 1548
     95 1549
     81 1550
     74 1551
     73 1552
     67 1553
     70 1554
     79 1555
     87 1556
     88 1557
     79 1558
     94 1559
     72 1560
     80 1561
     74 1562
     90 1563
     67 1564
     90 1565
     86 1566
     78 1567
     79 1568
     81 1569
     81 1570
     74 1571
     90 1572
     71 1573
     71 1574
     78 1575
     83 1576
     80 1577
     83 1578
     84 1579
     58 1580
     83 1581
     68 1582
     87 1583
     73 1584
     88 1585
     79 1586
     90 1587
     72 1588
     82 1589
     68 1590
     71 1591
     88 1592
     80 1593
     88 1594
     65 1595
     79 1596
     73 1597
     62 1598
     80 1599
     79 1600
     67 1601
     74 1602
     95 1603
     65 1604
     74 1605
     67 1606
     72 1607
     73 1608
     73 1609
     73 1610
     75 1611
     68 1612
     80 1613
     62 1614
     73 1615
     57 1616
     72 1617
     80 1618
     53 1619
     68 1620
     63 1621
     65 1622
     70 1623
     61 1624
     76 1625
     69 1626
     74 1627
     57 1628
     69 1629
     79 1630
     73 1631
     78 1632
     69 1633
     67 1634
     62 1635
     56 1636
     53 1637
     59 1638
     58 1639
     86 1640
     76 1641
     57 1642
     64 1643
     74 1644
     67 1645
     62 1646
     79 1647
     67 1648
     59 1649
     72 1650
     79 1651
     55 1652
     76 1653
     76 1654
     75 1655
     52 1656
     64 1657
     70 1658
     71 1659
     71 1660
     74 1661
     67 1662
     76 1663
     64 1664
     74 1665
     70 1666
     66 1667
     54 1668
     61 1669
     76 1670
     80 1671
     71 1672
     74 1673
     83 1674
     69 1675
     65 1676
     58 1677
     55 1678
     75 1679
     52 1680
     70 1681
     61 1682
     68 1683
     60 1684
     56 1685
     67 1686
     63 1687
     61 1688
     75 1689
     74 1690
     62 1691
     58 1692
     66 1693
     55 1694
     53 1695
     62 1696
     54 1697
     75 1698
     67 1699
     76 1700
     59 1701
     66 1702
     56 1703
     64 1704
     63 1705
     74 1706
     67 1707
     59 1708
     66 1709
     70 1710
     67 1711
     61 1712
     70 1713
     72 1714
     49 1715
     68 1716
     78 1717
     70 1718
     73 1719
     59 1720
     74 1721
     66 1722
     56 1723
     74 1724
     73 1725
     61 1726
     72 1727
     68 1728
     72 1729
     81 1730
     74 1731
     80 1732
     76 1733
     83 1734
     87 1735
     71 1736
     61 1737
     73 1738
     86 1739
     74 1740
     71 1741
     54 1742
     86 1743
     82 1744
     74 1745
     67 1746
     70 1747
     66 1748
     61 1749
     65 1750
     62 1751
     59 1752
     69 1753
     60 1754
     67 1755
     69 1756
     68 1757
     67 1758
     81 1759
     59 1760
     69 1761
     82 1762
     81 1763
     76 1764
     71 1765
     64 1766
     75 1767
     78 1768
     66 1769
     55 1770
     65 1771
     66 1772
     66 1773
     73 1774
     76 1775
     65 1776
     71 1777
     70 1778
     58 1779
     74 1780
     80 1781
     95 1782
     74 1783
     82 1784
     86 1785
     67 1786
     63 1787
     78 1788
     66 1789
     75 1790
     70 1791
     80 1792
     55 1793
     87 1794
     77 1795
     74 1796
     71 1797
     72 1798
     76 1799
     68 1800
     72 1801
     79 1802
     74 1803
     75 1804
     85 1805
     85 1806
     75 1807
     95 1808
     91 1809
     86 1810
     70 1811
     75 1812
     67 1813
     80 1814
     71 1815
     91 1816
     77 1817
    114 1818
     70 1819
     81 1820
     69 1821
     83 1822
     68 1823
     67 1824
     85 1825
     80 1826
     80 1827
     76 1828
     76 1829
     84 1830
     66 1831
     80 1832
     75 1833
     67 1834
     83 1835
     81 1836
     83 1837
     79 1838
     64 1839
     89 1840
     97 1841
     78 1842
     74 1843
     84 1844
     82 1845
     94 1846
     92 1847
     69 1848
     86 1849
     74 1850
     73 1851
     80 1852
     74 1853
     97 1854
    108 1855
     93 1856
     94 1857
     81 1858
     91 1859
     78 1860
     94 1861
     89 1862
     78 1863
     99 1864
     82 1865
     77 1866
    100 1867
     90 1868
    104 1869
     90 1870
     93 1871
     92 1872
    101 1873
     85 1874
    100 1875
     88 1876
     84 1877
     78 1878
     84 1879
     73 1880
     87 1881
     91 1882
     94 1883
    104 1884
     91 1885
     96 1886
     72 1887
     71 1888
     83 1889
     96 1890
     90 1891
     97 1892
    109 1893
    101 1894
     86 1895
     69 1896
     82 1897
     94 1898
     73 1899
     87 1900
     66 1901
     78 1902
     89 1903
     77 1904
     94 1905
     83 1906
     88 1907
     96 1908
     91 1909
     82 1910
     96 1911
     72 1912
     92 1913
     69 1914
     85 1915
     79 1916
    105 1917
     92 1918
    109 1919
     91 1920
     90 1921
     98 1922
    115 1923
    107 1924
     84 1925
     95 1926
     82 1927
     92 1928
    120 1929
     96 1930
     98 1931
     92 1932
     92 1933
     95 1934
    109 1935
     89 1936
    105 1937
     93 1938
    116 1939
     87 1940
    101 1941
    106 1942
     96 1943
     99 1944
    108 1945
     93 1946
    106 1947
    108 1948
     97 1949
     91 1950
    105 1951
     97 1952
    103 1953
    104 1954
     94 1955
     93 1956
     90 1957
     74 1958
    104 1959
    110 1960
    100 1961
     96 1962
    100 1963
    101 1964
    113 1965
    115 1966
     77 1967
     94 1968
     93 1969
     85 1970
     92 1971
    105 1972
     98 1973
     88 1974
     92 1975
     91 1976
     88 1977
     80 1978
     97 1979
     86 1980
    102 1981
     72 1982
    103 1983
    103 1984
     96 1985
     88 1986
     92 1987
    102 1988
     99 1989
    102 1990
    103 1991
    110 1992
     95 1993
     92 1994
     98 1995
    106 1996
    100 1997
     93 1998
    101 1999
     94 2000
    105 2001
    107 2002
    107 2003
    109 2004
     96 2005
     99 2006
     92 2007
     84 2008
    103 2009
     97 2010
    112 2011
    106 2012
    108 2013
     91 2014
    112 2015
     97 2016
    108 2017
    115 2018
     96 2019
    105 2020
     96 2021
     92 2022
     99 2023
     90 2024
     82 2025
    100 2026
     85 2027
     94 2028
     97 2029
    105 2030
    121 2031
     80 2032
    105 2033
     93 2034
     88 2035
     83 2036
     87 2037
    111 2038
    101 2039
    102 2040
    103 2041
     79 2042
     95 2043
    111 2044
    108 2045
     91 2046
    102 2047
     98 2048
    103 2049
    102 2050
     87 2051
     88 2052
     91 2053
    108 2054
    105 2055
    109 2056
     89 2057
     86 2058
     96 2059
     90 2060
    108 2061
     91 2062
     89 2063
    108 2064
    113 2065
    104 2066
    108 2067
     91 2068
    105 2069
     99 2070
     75 2071
    101 2072
    100 2073
    121 2074
    108 2075
     96 2076
    100 2077
    103 2078
     84 2079
     82 2080
    100 2081
     89 2082
    111 2083
     78 2084
     95 2085
     92 2086
     93 2087
    109 2088
    103 2089
    106 2090
     99 2091
    101 2092
     90 2093
     89 2094
     86 2095
     94 2096
    102 2097
    100 2098
     97 2099
     90 2100
     77 2101
     92 2102
    104 2103
     95 2104
     87 2105
     84 2106
     70 2107
     96 2108
     87 2109
    104 2110
     88 2111
    105 2112
     92 2113
     75 2114
     86 2115
     92 2116
     83 2117
     85 2118
     93 2119
    100 2120
     89 2121
    103 2122
     89 2123
     71 2124
     89 2125
     78 2126
     91 2127
     96 2128
     84 2129
     97 2130
    105 2131
     95 2132
    107 2133
     99 2134
     87 2135
    112 2136
     95 2137
     84 2138
     89 2139
     80 2140
     99 2141
     94 2142
     90 2143
     95 2144
     90 2145
     77 2146
     95 2147
    100 2148
     99 2149
     93 2150
    108 2151
    101 2152
     87 2153
    100 2154
     98 2155
     99 2156
     98 2157
     83 2158
     88 2159
     75 2160
     77 2161
     62 2162
    102 2163
     85 2164
     99 2165
     79 2166
     91 2167
    101 2168
     78 2169
     92 2170
     85 2171
     73 2172
     85 2173
     85 2174
     80 2175
     90 2176
     85 2177
     93 2178
     92 2179
     69 2180
     76 2181
     68 2182
     85 2183
     84 2184
     78 2185
     91 2186
    103 2187
    103 2188
     80 2189
     65 2190
     88 2191
     91 2192
     85 2193
    105 2194
     92 2195
     72 2196
     89 2197
     89 2198
     79 2199
     81 2200
     81 2201
    100 2202
     73 2203
     91 2204
     83 2205
    101 2206
     79 2207
     97 2208
    102 2209
     86 2210
     94 2211
     70 2212
     83 2213
     81 2214
     83 2215
     98 2216
     98 2217
     84 2218
     89 2219
     89 2220
     68 2221
     83 2222
     74 2223
     74 2224
     82 2225
     88 2226
     96 2227
     72 2228
     83 2229
     84 2230
     71 2231
     67 2232
     64 2233
     88 2234
     75 2235
     78 2236
     70 2237
     88 2238
     74 2239
     80 2240
     75 2241
     82 2242
     71 2243
     79 2244
     77 2245
     77 2246
     75 2247
     72 2248
     73 2249
     75 2250
     78 2251
     86 2252
     85 2253
     68 2254
     76 2255
     62 2256
     90 2257
     70 2258
     79 2259
     63 2260
     67 2261
     65 2262
     64 2263
     75 2264
     66 2265
     72 2266
     69 2267
     61 2268
     57 2269
     79 2270
     65 2271
     74 2272
     62 2273
     72 2274
     68 2275
     72 2276
     66 2277
     83 2278
     54 2279
     67 2280
     59 2281
     70 2282
     58 2283
     66 2284
     66 2285
     68 2286
     83 2287
     55 2288
     58 2289
     56 2290
     73 2291
     65 2292
     70 2293
     68 2294
     57 2295
     85 2296
     58 2297
     52 2298
     59 2299
     72 2300
     67 2301
     69 2302
     59 2303
     75 2304
     62 2305
     67 2306
     55 2307
     70 2308
     44 2309
     63 2310
     62 2311
     56 2312
     70 2313
     62 2314
     68 2315
     60 2316
     49 2317
     48 2318
     60 2319
     49 2320
     52 2321
     59 2322
     44 2323
     60 2324
     62 2325
     57 2326
     54 2327
     55 2328
     63 2329
     65 2330
     54 2331
     58 2332
     54 2333
     58 2334
     47 2335
     55 2336
     53 2337
     59 2338
     63 2339
     62 2340
     49 2341
     55 2342
     58 2343
     59 2344
     52 2345
     67 2346
     70 2347
     47 2348
     67 2349
     61 2350
     67 2351
     59 2352
     62 2353
     57 2354
     64 2355
     72 2356
     65 2357
     61 2358
     54 2359
     52 2360
     65 2361
     66 2362
     64 2363
     59 2364
     35 2365
     46 2366
     41 2367
     50 2368
     57 2369
     52 2370
     37 2371
     50 2372
     52 2373
     47 2374
     36 2375
     58 2376
     56 2377
     41 2378
     49 2379
     64 2380
     57 2381
     49 2382
     44 2383
     57 2384
     60 2385
     41 2386
     44 2387
     43 2388
     46 2389
     48 2390
     55 2391
     58 2392
     48 2393
     62 2394
     47 2395
     45 2396
     54 2397
     52 2398
     52 2399
     50 2400
     55 2401
     46 2402
     44 2403
     42 2404
     36 2405
     54 2406
     51 2407
     59 2408
     44 2409
     45 2410
     39 2411
     52 2412
     38 2413
     45 2414
     58 2415
     41 2416
     58 2417
     44 2418
     47 2419
     42 2420
     56 2421
     35 2422
     55 2423
     47 2424
     43 2425
     63 2426
     34 2427
     48 2428
     47 2429
     56 2430
     48 2431
     50 2432
     32 2433
     54 2434
     43 2435
     43 2436
     34 2437
     42 2438
     48 2439
     32 2440
     39 2441
     49 2442
     48 2443
     42 2444
     41 2445
     45 2446
     43 2447
     39 2448
     35 2449
     46 2450
     33 2451
     34 2452
     45 2453
     29 2454
     40 2455
     38 2456
     29 2457
     29 2458
     34 2459
     35 2460
     41 2461
     40 2462
     43 2463
     37 2464
     38 2465
     31 2466
     45 2467
     50 2468
     40 2469
     51 2470
     40 2471
     38 2472
     40 2473
     47 2474
     42 2475
     33 2476
     42 2477
     34 2478
     30 2479
     41 2480
     39 2481
     41 2482
     31 2483
     42 2484
     43 2485
     36 2486
     41 2487
     37 2488
     41 2489
     31 2490
     38 2491
     42 2492
     32 2493
     34 2494
     34 2495
     46 2496
     44 2497
     43 2498
     35 2499
     45 2500
     46 2501
     30 2502
     31 2503
     30 2504
     34 2505
     30 2506
     27 2507
     38 2508
     36 2509
     42 2510
     31 2511
     32 2512
     33 2513
     33 2514
     37 2515
     19 2516
     20 2517
     38 2518
     40 2519
     34 2520
     18 2521
     33 2522
     39 2523
     27 2524
     38 2525
     29 2526
     32 2527
     24 2528
     31 2529
     40 2530
     40 2531
     27 2532
     40 2533
     27 2534
     35 2535
     27 2536
     29 2537
     37 2538
     38 2539
     25 2540
     37 2541
     24 2542
     20 2543
     29 2544
     47 2545
     38 2546
     34 2547
     24 2548
     36 2549
     24 2550
     27 2551
     31 2552
     24 2553
     22 2554
     26 2555
     32 2556
     32 2557
     33 2558
     25 2559
     22 2560
     32 2561
     24 2562
     24 2563
     27 2564
     41 2565
     21 2566
     27 2567
     32 2568
     25 2569
     28 2570
     37 2571
     29 2572
     31 2573
     24 2574
     25 2575
     33 2576
     27 2577
     20 2578
     32 2579
     20 2580
     29 2581
     29 2582
     37 2583
     35 2584
     30 2585
     36 2586
     27 2587
     23 2588
     21 2589
     30 2590
     20 2591
     21 2592
     22 2593
     26 2594
     31 2595
     30 2596
     28 2597
     19 2598
     23 2599
     19 2600
     28 2601
     21 2602
     26 2603
     28 2604
     21 2605
     18 2606
     28 2607
     32 2608
     29 2609
     17 2610
     18 2611
     14 2612
     19 2613
     18 2614
     15 2615
     26 2616
     20 2617
     21 2618
     26 2619
     19 2620
     29 2621
     24 2622
     22 2623
      8 2624
     23 2625
     17 2626
     21 2627
     17 2628
     25 2629
     19 2630
     23 2631
     28 2632
     20 2633
     21 2634
     25 2635
     27 2636
     28 2637
     25 2638
     24 2639
     34 2640
     20 2641
     22 2642
     19 2643
     21 2644
     19 2645
     26 2646
     23 2647
     27 2648
     21 2649
     30 2650
     16 2651
     19 2652
     18 2653
     19 2654
     13 2655
     19 2656
     23 2657
     14 2658
     23 2659
     20 2660
     24 2661
     21 2662
     18 2663
     24 2664
     26 2665
     19 2666
     20 2667
     17 2668
     27 2669
     16 2670
     21 2671
     19 2672
     17 2673
     21 2674
     20 2675
     22 2676
     19 2677
     18 2678
     24 2679
     15 2680
     26 2681
     18 2682
     24 2683
     23 2684
     22 2685
     18 2686
     16 2687
     24 2688
     24 2689
     17 2690
     26 2691
     23 2692
     23 2693
     17 2694
     20 2695
     25 2696
     21 2697
     17 2698
     17 2699
     17 2700
     17 2701
     16 2702
     14 2703
     23 2704
     15 2705
     24 2706
     14 2707
     13 2708
     25 2709
     21 2710
     17 2711
     18 2712
     18 2713
     13 2714
     21 2715
     14 2716
     17 2717
     18 2718
     14 2719
     12 2720
     23 2721
     17 2722
     16 2723
     15 2724
     17 2725
     15 2726
     17 2727
     12 2728
     12 2729
     13 2730
     14 2731
     19 2732
     16 2733
     17 2734
     20 2735
     16 2736
     12 2737
     13 2738
     19 2739
      9 2740
     25 2741
     17 2742
     14 2743
     14 2744
     19 2745
     17 2746
     15 2747
     14 2748
     17 2749
     19 2750
     12 2751
     25 2752
     12 2753
     23 2754
     15 2755
     10 2756
     15 2757
     11 2758
     16 2759
     12 2760
     19 2761
     21 2762
     16 2763
     16 2764
     11 2765
     17 2766
     15 2767
     15 2768
     20 2769
     21 2770
     17 2771
     15 2772
     18 2773
     16 2774
     14 2775
      9 2776
     15 2777
     13 2778
     14 2779
     13 2780
     17 2781
     25 2782
     11 2783
     11 2784
     15 2785
     14 2786
     16 2787
     14 2788
      8 2789
     16 2790
     14 2791
     11 2792
     16 2793
     19 2794
     18 2795
     16 2796
     16 2797
     12 2798
     10 2799
      8 2800
     18 2801
     10 2802
     11 2803
      9 2804
     17 2805
     15 2806
     10 2807
     14 2808
     14 2809
     13 2810
     13 2811
     12 2812
     10 2813
      9 2814
     13 2815
     13 2816
     14 2817
     12 2818
     16 2819
     11 2820
     18 2821
      9 2822
     14 2823
     15 2824
     12 2825
     15 2826
     13 2827
     14 2828
     12 2829
      8 2830
     14 2831
      8 2832
     10 2833
     11 2834
     18 2835
     19 2836
     13 2837
     10 2838
     15 2839
      9 2840
      8 2841
      8 2842
     11 2843
     16 2844
      4 2845
     14 2846
      3 2847
     13 2848
     16 2849
      7 2850
      8 2851
      5 2852
     18 2853
     15 2854
      8 2855
      7 2856
      9 2857
      9 2858
     10 2859
     14 2860
     10 2861
     17 2862
     12 2863
     11 2864
     12 2865
     11 2866
     13 2867
      6 2868
     11 2869
      5 2870
     10 2871
     12 2872
      6 2873
      8 2874
      8 2875
      9 2876
      8 2877
      6 2878
     10 2879
      8 2880
      9 2881
      5 2882
     13 2883
     13 2884
     10 2885
      5 2886
     10 2887
     12 2888
     11 2889
      8 2890
     15 2891
      3 2892
      9 2893
     14 2894
     13 2895
     18 2896
      9 2897
      9 2898
     14 2899
      8 2900
     14 2901
     11 2902
      7 2903
      7 2904
      8 2905
      7 2906
     11 2907
      9 2908
      3 2909
      5 2910
      7 2911
     12 2912
     12 2913
      8 2914
     12 2915
      9 2916
      8 2917
      9 2918
      4 2919
     10 2920
      7 2921
      9 2922
      8 2923
      9 2924
     14 2925
      6 2926
      5 2927
      9 2928
     13 2929
      5 2930
      7 2931
     12 2932
     13 2933
      9 2934
      6 2935
      5 2936
      4 2937
     10 2938
      8 2939
      6 2940
      9 2941
      3 2942
      6 2943
     11 2944
      6 2945
      3 2946
      7 2947
      5 2948
      8 2949
      3 2950
      4 2951
     12 2952
      3 2953
      5 2954
     15 2955
     10 2956
      3 2957
     14 2958
      6 2959
      9 2960
      7 2961
      7 2962
      3 2963
      8 2964
      7 2965
      9 2966
      4 2967
     11 2969
      5 2970
      7 2971
     11 2972
      6 2973
      3 2974
     10 2975
      9 2976
      8 2977
      5 2978
      8 2979
      6 2980
      8 2981
      7 2982
      8 2983
      7 2984
     10 2985
      8 2986
      5 2987
      7 2988
      6 2989
     11 2990
      2 2991
      8 2992
      9 2993
      2 2994
      3 2995
      1 2996
     14 2997
      9 2998
     12 2999
      7 3000
     10 3001
      3 3002
      5 3003
      7 3004
      3 3005
      8 3006
      6 3007
      2 3008
      7 3009
      3 3010
      1 3011
      2 3012
      6 3013
      6 3014
      4 3015
      5 3016
      5 3017
      1 3018
     13 3019
      6 3020
      6 3021
      7 3022
      7 3023
      3 3024
      7 3025
      6 3026
      5 3027
      3 3028
      7 3029
      8 3030
      3 3031
      4 3032
      9 3033
      3 3034
      7 3035
      8 3036
      3 3037
      3 3038
      2 3039
      7 3040
      9 3041
      8 3042
      5 3043
      5 3044
      7 3045
      7 3046
      5 3047
      5 3048
      4 3049
      4 3050
      3 3051
     10 3052
      3 3053
      4 3054
      6 3055
      7 3056
      7 3057
      3 3058
      6 3059
      4 3060
      3 3061
      5 3062
      5 3063
      7 3064
      3 3065
      4 3066
      6 3067
      5 3068
      5 3069
      3 3070
      2 3071
      2 3072
      6 3073
      3 3074
      3 3075
      4 3076
      2 3077
      4 3078
      4 3079
      1 3080
      7 3081
      5 3082
      4 3083
      5 3084
      3 3085
      3 3086
      5 3087
      5 3088
      5 3089
      4 3090
      3 3091
      5 3092
     10 3093
      2 3094
      5 3095
      6 3096
      3 3097
      6 3098
      5 3099
      4 3100
      5 3101
      7 3102
      7 3103
      5 3104
      2 3105
      5 3106
      5 3107
      3 3108
      3 3109
      3 3110
      3 3111
      5 3112
      4 3113
      6 3114
      4 3115
      6 3116
      6 3117
      2 3118
      9 3119
      3 3120
      3 3121
     11 3122
      5 3123
      2 3124
      2 3125
      4 3126
      2 3127
      8 3128
      1 3129
      5 3130
      5 3131
      4 3132
      1 3133
      2 3134
      2 3135
      4 3136
      6 3137
      2 3138
      3 3139
      2 3140
      5 3141
      4 3142
      3 3143
      4 3144
      8 3145
      4 3147
      3 3148
      6 3149
      3 3150
      2 3151
      6 3152
      4 3153
      5 3154
      5 3155
      4 3156
      4 3157
      2 3158
      3 3159
      5 3160
      4 3162
      4 3163
      2 3164
      4 3165
      1 3166
      4 3167
      4 3168
      2 3169
      9 3170
      3 3171
      5 3172
      6 3173
      9 3174
      2 3175
      4 3176
      3 3177
      2 3178
      5 3179
      4 3180
      2 3181
      2 3182
      3 3183
      1 3184
      6 3185
      5 3186
      6 3187
      1 3188
      1 3189
      7 3191
      1 3192
      2 3193
      4 3194
      1 3195
      4 3196
      2 3197
      3 3198
      2 3199
      5 3200
      3 3201
      1 3202
      2 3203
      1 3204
      6 3205
      1 3206
      1 3207
      5 3208
      4 3209
      4 3210
      3 3211
      8 3212
      4 3213
      3 3214
      7 3215
      2 3216
      3 3217
      2 3218
      2 3220
      2 3221
      2 3222
      2 3223
      2 3224
      2 3226
      5 3227
      5 3228
      2 3229
      1 3230
      2 3231
      3 3232
      3 3233
      6 3234
      3 3235
      4 3236
      2 3237
      3 3238
      4 3239
      6 3240
      3 3241
      1 3242
      2 3243
      1 3244
      3 3245
      1 3246
      1 3247
      2 3248
      2 3249
      2 3250
      2 3251
      3 3252
      2 3253
      1 3254
      2 3255
      4 3256
      2 3257
      1 3258
      3 3259
      1 3260
      4 3261
      6 3262
      4 3263
      3 3264
      4 3265
      2 3266
      3 3267
      5 3268
      2 3269
      2 3270
      3 3271
      5 3272
      2 3273
      1 3274
      3 3275
      3 3276
      3 3277
      3 3278
      2 3279
      3 3280
      3 3281
      2 3282
      1 3284
      1 3285
      5 3286
      2 3287
      1 3288
      2 3289
      1 3290
      1 3291
      4 3292
      2 3293
      2 3294
      5 3295
      2 3296
      3 3297
      3 3298
      1 3299
      3 3301
      1 3302
      1 3304
      4 3305
      2 3306
      1 3307
      3 3308
      3 3309
      5 3311
      3 3313
      4 3314
      2 3316
      2 3317
      3 3318
      3 3319
      2 3320
      1 3321
      1 3322
      2 3323
      3 3324
      1 3325
      1 3326
      1 3327
      1 3328
      2 3329
      1 3330
      1 3331
      1 3334
      1 3335
      1 3337
      4 3338
      2 3339
      2 3340
      2 3341
      2 3343
      3 3344
      2 3345
      1 3346
      2 3347
      3 3348
      2 3349
      2 3350
      1 3351
      1 3353
      3 3354
      4 3355
      1 3356
      4 3358
      3 3359
      2 3360
      2 3361
      3 3362
      1 3363
      1 3364
      5 3365
      4 3366
      2 3367
      4 3368
      1 3369
      2 3371
      2 3372
      2 3373
      2 3375
      2 3376
      2 3377
      2 3378
      2 3379
      5 3380
      1 3381
      2 3382
      1 3386
      4 3387
      3 3388
      3 3389
      2 3390
      3 3391
      2 3392
      1 3393
      1 3394
      3 3395
      1 3396
      1 3397
      1 3399
      3 3400
      2 3401
      2 3403
      1 3405
      3 3406
      1 3407
      3 3408
      2 3409
      2 3410
      3 3411
      1 3412
      5 3413
      2 3414
      4 3415
      3 3416
      2 3418
      1 3419
      3 3420
      1 3421
      3 3422
      2 3423
      2 3424
      1 3425
      1 3427
      2 3429
      1 3430
      1 3431
      3 3432
      2 3434
      2 3435
      5 3437
      1 3440
      3 3441
      3 3442
      2 3443
      1 3444
      1 3446
      3 3450
      1 3451
      4 3452
      1 3454
      3 3455
      1 3456
      3 3457
      2 3458
      2 3459
      4 3460
      3 3461
      2 3462
      1 3463
      1 3464
      2 3465
      2 3467
      1 3468
      1 3470
      1 3471
      2 3472
      2 3473
      3 3474
      1 3476
      2 3478
      2 3480
      2 3481
      1 3482
      1 3483
      1 3484
      3 3487
      1 3488
      1 3489
      3 3490
      2 3491
      2 3494
      3 3496
      2 3497
      2 3498
      3 3499
      3 3500
      3 3501
      1 3502
      2 3503
      1 3504
      1 3506
      4 3508
      2 3509
      1 3510
      3 3511
      2 3512
      1 3513
      1 3514
      2 3515
      1 3517
      2 3518
      1 3521
      1 3522
      2 3523
      2 3524
      1 3525
      3 3529
      1 3530
      1 3531
      2 3532
      2 3533
      3 3534
      2 3536
      2 3537
      1 3539
      2 3540
      2 3541
      2 3542
      1 3543
      2 3544
      3 3546
      5 3548
      2 3550
      1 3551
      2 3553
      3 3554
      1 3555
      3 3556
      1 3557
      1 3558
      2 3559
      2 3560
      1 3561
      2 3564
      2 3565
      1 3566
      1 3567
      1 3569
      1 3570
      3 3571
      3 3572
      2 3575
      4 3576
      3 3577
      4 3578
      2 3580
      1 3582
      2 3583
      2 3584
      2 3585
      2 3586
      2 3587
      1 3589
      1 3590
      3 3591
      1 3593
      2 3594
      2 3595
      2 3596
      2 3597
      1 3598
      2 3600
      1 3601
      1 3602
      1 3603
      1 3604
      1 3605
      2 3606
      3 3607
      1 3608
      2 3609
      1 3611
      1 3612
      3 3613
      3 3614
      1 3615
      1 3616
      1 3619
      1 3621
      2 3622
      1 3623
      1 3624
      2 3625
      1 3626
      2 3627
      2 3630
      1 3631
      1 3632
      1 3634
      2 3635
      3 3636
      1 3637
      1 3639
      1 3641
      1 3643
      2 3645
      1 3647
      1 3649
      1 3650
      1 3652
      2 3654
      1 3657
      1 3658
      1 3659
      1 3661
      3 3662
      1 3663
      1 3664
      1 3665
      1 3669
      2 3670
      1 3671
      2 3673
      2 3674
      2 3676
      1 3677
      1 3678
      3 3680
      3 3682
      1 3686
      1 3688
      2 3689
      1 3690
      2 3694
      1 3696
      1 3697
      2 3698
      4 3700
      1 3702
      1 3703
      1 3704
      1 3705
      1 3706
      3 3707
      1 3708
      3 3709
      2 3710
      2 3711
      1 3714
      1 3716
      2 3717
      1 3719
      1 3720
      3 3727
      1 3728
      2 3729
      1 3730
      1 3731
      1 3733
      2 3734
      2 3735
      1 3738
      1 3739
      1 3740
      1 3742
      2 3743
      1 3744
      2 3745
      3 3746
      2 3748
      2 3749
      1 3750
      1 3753
      2 3754
      1 3756
      2 3757
      1 3758
      2 3760
      1 3762
      2 3764
      1 3767
      1 3768
      1 3772
      2 3773
      1 3777
      1 3782
      2 3783
      6 3784
      1 3785
      1 3786
      2 3789
      2 3790
      2 3792
      2 3794
      1 3796
      2 3799
      2 3800
      1 3801
      1 3802
      1 3803
      1 3804
      1 3806
      2 3807
      1 3808
      1 3810
      2 3813
      1 3814
      2 3815
      2 3816
      2 3817
      2 3818
      2 3820
      2 3821
      1 3823
      1 3824
      1 3827
      1 3828
      2 3829
      1 3831
      2 3832
      2 3835
      1 3836
      3 3837
      1 3838
      1 3839
      1 3841
      1 3843
      1 3844
      3 3849
      2 3850
      1 3851
      2 3853
      1 3854
      1 3855
      1 3859
      2 3861
      1 3862
      1 3863
      2 3864
      1 3866
      1 3867
      1 3868
      1 3869
      1 3870
      1 3872
      1 3873
      1 3875
      1 3876
      1 3878
      2 3879
      1 3880
      1 3883
      1 3884
      2 3885
      1 3887
      1 3889
      1 3890
      1 3891
      1 3894
      1 3898
      1 3906
      2 3907
      2 3908
      1 3909
      2 3910
      2 3911
      4 3912
      1 3916
      3 3917
      1 3918
      2 3922
      1 3923
      1 3924
      2 3926
      1 3927
      1 3930
      2 3933
      2 3936
      1 3937
      1 3938
      1 3939
      1 3942
      1 3943
      1 3944
      1 3945
      1 3947
      1 3948
      1 3950
      1 3951
      2 3952
      3 3953
      3 3954
      1 3955
      2 3956
      1 3958
      2 3959
      1 3960
      2 3961
      1 3962
      1 3963
      2 3964
      2 3966
      1 3971
      2 3972
      1 3973
      1 3975
      1 3980
      2 3982
      1 3983
      1 3984
      2 3985
      1 3987
      1 3988
      1 3989
      1 3990
      1 3991
      1 3992
      1 3994
      1 3996
      1 3998
      1 4002
      1 4006
      1 4007
      1 4009
      1 4010
      1 4011
      1 4017
      1 4020
      2 4021
      1 4023
      1 4025
      1 4027
      1 4029
      1 4030
      3 4037
      2 4038
      1 4041
      2 4042
      1 4043
      3 4044
      1 4045
      1 4046
      2 4048
      1 4050
      1 4051
      1 4052
      1 4054
      1 4059
      3 4060
      1 4061
      2 4064
      1 4065
      3 4068
      1 4070
      1 4072
      1 4075
      1 4078
      2 4083
      1 4084
      1 4085
      1 4086
      2 4087
      1 4089
      2 4090
      2 4091
      2 4092
      1 4094
      1 4095
      1 4096
      1 4099
      1 4103
      2 4105
      1 4107
      1 4108
      2 4110
      2 4111
      2 4114
      1 4115
      1 4117
      2 4118
      1 4120
      1 4121
      1 4123
      2 4127
      2 4129
      3 4130
      1 4132
      1 4135
      1 4136
      1 4137
      2 4138
      1 4146
      1 4148
      2 4149
      1 4150
      1 4152
      1 4153
      2 4154
      1 4155
      2 4162
      1 4164
      1 4167
      1 4170
      1 4171
      2 4172
      2 4173
      1 4175
      1 4179
      1 4182
      1 4193
      2 4198
      1 4199
      1 4200
      1 4201
      1 4203
      1 4204
      1 4206
      2 4207
      1 4208
      1 4212
      1 4213
      1 4217
      1 4218
      1 4219
      2 4220
      3 4221
      1 4222
      1 4223
      1 4225
      1 4226
      1 4229
      2 4234
      1 4236
      1 4238
      2 4239
      1 4241
      1 4243
      3 4245
      1 4251
      3 4252
      3 4256
      1 4257
      2 4258
      1 4259
      1 4260
      1 4262
      1 4263
      1 4264
      3 4266
      1 4268
      1 4269
      1 4272
      1 4274
      1 4275
      1 4276
      1 4277
      2 4278
      2 4279
      2 4283
      2 4284
      1 4286
      1 4288
      1 4293
      1 4295
      1 4297
      2 4301
      1 4302
      1 4304
      1 4306
      1 4308
      1 4309
      1 4310
      1 4315
      1 4319
      1 4321
      1 4322
      1 4325
      1 4327
      1 4329
      4 4332
      1 4333
      2 4334
      1 4338
      1 4341
      1 4342
      1 4343
      3 4351
      1 4352
      1 4353
      2 4355
      1 4362
      1 4363
      1 4364
      1 4365
      1 4369
      1 4372
      1 4375
      1 4376
      2 4377
      1 4379
      1 4380
      2 4392
      1 4393
      1 4395
      2 4397
      1 4400
      2 4401
      1 4403
      1 4404
      1 4405
      3 4408
      2 4409
      1 4410
      2 4412
      1 4414
      1 4416
      1 4418
      1 4420
      1 4424
      1 4425
      1 4427
      1 4428
      1 4432
      2 4433
      1 4435
      1 4436
      1 4437
      1 4439
      1 4441
      1 4442
      4 4443
      1 4449
      2 4451
      2 4456
      1 4463
      1 4464
      3 4465
      1 4467
      1 4468
      1 4472
      1 4473
      2 4475
      1 4478
      1 4483
      1 4488
      1 4489
      1 4490
      1 4494
      1 4496
      1 4500
      1 4508
      2 4510
      1 4516
      1 4519
      1 4520
      1 4522
      1 4525
      1 4527
      1 4530
      1 4531
      1 4536
      1 4539
      1 4540
      1 4541
      1 4544
      2 4546
      1 4547
      2 4550
      1 4555
      2 4557
      2 4559
      1 4563
      1 4564
      1 4566
      1 4570
      1 4576
      1 4577
      1 4579
      1 4581
      1 4582
      1 4589
      1 4590
      1 4591
      1 4594
      1 4595
      1 4596
      2 4598
      1 4602
      1 4603
      1 4607
      1 4617
      1 4620
      1 4621
      1 4623
      1 4624
      1 4625
      1 4626
      2 4631
      1 4633
      1 4636
      1 4639
      1 4643
      1 4646
      1 4648
      1 4653
      1 4655
      1 4656
      1 4659
      2 4664
      1 4665
      1 4666
      1 4669
      1 4670
      1 4671
      1 4673
      1 4676
      2 4682
      1 4683
      1 4684
      1 4686
      1 4687
      1 4688
      1 4701
      1 4704
      1 4706
      1 4712
      1 4713
      1 4717
      1 4718
      1 4720
      2 4721
      1 4722
      2 4723
      2 4725
      2 4727
      1 4729
      1 4731
      1 4734
      1 4737
      1 4741
      1 4746
      1 4747
      1 4749
      1 4750
      2 4753
      1 4754
      1 4756
      1 4760
      1 4765
      4 4769
      1 4771
      1 4773
      1 4774
      1 4775
      2 4780
      1 4781
      3 4787
      1 4788
      1 4790
      2 4791
      1 4792
      1 4805
      1 4806
      2 4811
      1 4813
      1 4816
      1 4819
      1 4820
      1 4831
      1 4841
      2 4842
      1 4847
      1 4848
      1 4852
      1 4857
      1 4872
      1 4878
      1 4891
      1 4892
      1 4893
      2 4899
      1 4900
      1 4905
      2 4909
      1 4913
      1 4914
      1 4915
      1 4919
      1 4920
      1 4923
      1 4929
      1 4931
      1 4951
      1 4954
      1 4956
      1 4959
      1 4963
      2 4968
      1 4972
      1 4980
      1 4981
      1 4982
      1 4985
      2 4987
      3 4995
      1 4997
      1 4999
      1 5000
      1 5001
      1 5002
      1 5004
      3 5009
      2 5012
      1 5015
      1 5019
      1 5021
      1 5022
      1 5025
      1 5026
      1 5028
      1 5029
      1 5030
      2 5042
      1 5043
      1 5052
      2 5054
      1 5058
      1 5061
      1 5065
      4 5066
      1 5067
      2 5070
      1 5075
      1 5076
      1 5081
      1 5090
      1 5093
      1 5096
      1 5110
      1 5111
      1 5115
      2 5117
      2 5119
      1 5121
      1 5127
      1 5129
      1 5138
      1 5139
      1 5140
      1 5142
      1 5146
      1 5150
      1 5156
      1 5160
      1 5167
      1 5170
      1 5179
      1 5185
      1 5187
      1 5194
      1 5195
      1 5198
      1 5199
      1 5203
      1 5208
      1 5213
      1 5219
      1 5220
      1 5221
      1 5224
      1 5225
      1 5229
      1 5230
      1 5232
      1 5234
      1 5243
      1 5249
      1 5252
      1 5272
      1 5274
      1 5275
      1 5279
      1 5280
      1 5281
      2 5283
      1 5289
      1 5290
      1 5294
      1 5297
      1 5298
      2 5299
      2 5302
      1 5303
      1 5318
      1 5319
      1 5322
      3 5324
      1 5325
      1 5327
      1 5330
      1 5338
      1 5343
      3 5365
      1 5368
      1 5369
      1 5374
      1 5377
      2 5378
      1 5379
      1 5380
      1 5388
      1 5392
      1 5404
      1 5410
      1 5421
      1 5425
      1 5431
      2 5448
      1 5455
      1 5457
      1 5461
      1 5466
      1 5468
      1 5470
      1 5478
      1 5480
      1 5481
      1 5484
      1 5494
      1 5497
      1 5501
      2 5502
      1 5504
      1 5506
      1 5507
      1 5512
      1 5514
      1 5517
      1 5518
      2 5529
      1 5531
      1 5533
      1 5542
      2 5552
      2 5557
      1 5569
      1 5574
      1 5579
      1 5583
      1 5584
      1 5585
      1 5591
      1 5595
      1 5596
      1 5599
      1 5603
      1 5605
      1 5615
      1 5619
      1 5625
      1 5630
      1 5634
      1 5638
      1 5644
      1 5654
      1 5656
      1 5661
      1 5668
      1 5674
      2 5679
      1 5684
      1 5687
      1 5696
      1 5701
      1 5717
      1 5725
      2 5729
      1 5735
      1 5748
      1 5754
      1 5756
      1 5758
      1 5769
      1 5787
      1 5789
      1 5797
      1 5799
      1 5805
      1 5821
      2 5839
      1 5842
      1 5869
      1 5889
      1 5897
      1 5928
      1 5938
      1 5951
      1 5952
      1 5961
      1 5981
      1 5989
      1 5994
      1 5995
      1 6001
      1 6008
      1 6009
      1 6019
      1 6065
      1 6074
      1 6080
      2 6088
      1 6091
      1 6095
      1 6113
      1 6135
      1 6148
      1 6150
      1 6163
      1 6165
      1 6176
      1 6200
      1 6209
      1 6211
      1 6213
      1 6225
      1 6226
      1 6257
      1 6281
      1 6284
      1 6289
      1 6292
      1 6296
      1 6303
      1 6311
      1 6319
      1 6321
      1 6327
      1 6345
      1 6365
      1 6366
      1 6379
      1 6405
      1 6456
      1 6459
      1 6460
      1 6461
      1 6470
      1 6486
      1 6488
      1 6521
      1 6585
      1 6599
      1 6611
      1 6613
      1 6621
      1 6672
      1 6705
      1 6721
      1 6740
      1 6747
      1 6759
      1 6776
      1 6780
      1 6791
      1 6797
      1 6884
      1 6885
      1 6912
      1 6931
      1 6947
      1 6958
      1 6998
      1 7011
      1 7023
      1 7040
      1 7064
      1 7078
      2 7182
      1 7459
      1 7488
      1 7529
      1 7537
      1 7862
      1 7984
      1 8169
      1 8296
      1 8501
      1 8621
      1 8690
      1 8796
      1 8797
      1 8866
      1 8952
      1 9030
      1 9455
      1 9607
      1 9633
      1 9794
      1 9928
      1 10182
      1 10239
      1 10294
      1 10446
      1 10453
      1 10472
      1 10580
      1 10654
      1 10771
      1 11240
      1 11562
      1 12719
      1 12919
      1 14280
      1 14689
      1 15078
      1 16786
      1 26764
---AAD-PGBENCH-LAG-US---
