pgbench (18.6 (Debian 18.6-1.pgdg13+2))
starting vacuum...end.
transaction type: <builtin: select only>
scaling factor: 1000
query mode: simple
number of clients: 64
number of threads: 16
maximum number of tries: 1
duration: 60 s
number of transactions actually processed: 10042283
number of failed transactions: 0 (0.000%)
latency average = 0.382 ms
initial connection time = 119.126 ms
tps = 167701.668975 (without initial connection time)
---AAD-PGBENCH-LATENCY-US---
rc=0
samples=201234
      1 225
      1 226
      1 227
      1 228
      2 229
      1 230
      4 231
      3 232
      4 233
      3 234
      9 235
      7 236
      3 237
      3 238
     10 239
     14 240
      9 241
     13 242
      9 243
     18 244
     18 245
     27 246
     25 247
     21 248
     27 249
     33 250
     34 251
     46 252
     43 253
     56 254
     71 255
     74 256
     85 257
     94 258
     96 259
    101 260
     91 261
    134 262
    149 263
    167 264
    181 265
    187 266
    240 267
    261 268
    278 269
    278 270
    323 271
    313 272
    358 273
    353 274
    404 275
    421 276
    426 277
    468 278
    415 279
    427 280
    405 281
    433 282
    442 283
    425 284
    468 285
    444 286
    430 287
    429 288
    425 289
    368 290
    445 291
    425 292
    403 293
    416 294
    447 295
    399 296
    391 297
    429 298
    448 299
    439 300
    399 301
    397 302
    437 303
    436 304
    467 305
    480 306
    486 307
    468 308
    472 309
    468 310
    481 311
    507 312
    534 313
    555 314
    607 315
    538 316
    609 317
    675 318
    633 319
    623 320
    689 321
    749 322
    754 323
    736 324
    824 325
    939 326
    934 327
   1026 328
   1054 329
   1142 330
   1201 331
   1301 332
   1390 333
   1515 334
   1618 335
   1757 336
   1818 337
   1911 338
   2094 339
   2100 340
   2280 341
   2417 342
   2441 343
   2643 344
   2745 345
   2683 346
   2612 347
   2464 348
   2387 349
   2287 350
   2154 351
   2144 352
   1944 353
   1874 354
   1853 355
   1734 356
   1631 357
   1554 358
   1342 359
   1410 360
   1308 361
   1274 362
   1190 363
   1175 364
   1121 365
   1126 366
    980 367
   1022 368
    971 369
   1015 370
    957 371
    928 372
    989 373
    848 374
    901 375
    830 376
    801 377
    854 378
    804 379
    754 380
    776 381
    775 382
    797 383
    738 384
    782 385
    785 386
    790 387
    792 388
    805 389
    801 390
    777 391
    819 392
    851 393
    823 394
    915 395
    918 396
    897 397
    945 398
    992 399
   1000 400
   1066 401
   1040 402
   1137 403
   1190 404
   1259 405
   1320 406
   1398 407
   1294 408
   1365 409
   1453 410
   1458 411
   1552 412
   1519 413
   1592 414
   1545 415
   1459 416
   1371 417
   1299 418
   1179 419
   1164 420
   1174 421
   1107 422
   1047 423
    990 424
    872 425
    914 426
    802 427
    748 428
    706 429
    720 430
    610 431
    649 432
    567 433
    576 434
    560 435
    556 436
    521 437
    487 438
    488 439
    491 440
    467 441
    471 442
    435 443
    414 444
    422 445
    416 446
    384 447
    366 448
    346 449
    324 450
    345 451
    381 452
    349 453
    343 454
    310 455
    361 456
    327 457
    354 458
    337 459
    358 460
    300 461
    315 462
    312 463
    364 464
    353 465
    344 466
    356 467
    362 468
    330 469
    383 470
    404 471
    370 472
    386 473
    406 474
    398 475
    434 476
    428 477
    444 478
    416 479
    440 480
    448 481
    370 482
    410 483
    441 484
    400 485
    386 486
    404 487
    337 488
    351 489
    315 490
    297 491
    248 492
    285 493
    257 494
    229 495
    261 496
    238 497
    198 498
    214 499
    179 500
    208 501
    161 502
    207 503
    173 504
    175 505
    157 506
    141 507
    158 508
    129 509
    140 510
    140 511
    114 512
    114 513
    122 514
    100 515
    120 516
    106 517
    100 518
    102 519
     96 520
    105 521
     87 522
     75 523
    101 524
     94 525
     79 526
     97 527
     70 528
     79 529
     87 530
     71 531
     63 532
     91 533
     87 534
     73 535
     96 536
     84 537
     79 538
     71 539
     90 540
     74 541
     77 542
     86 543
     76 544
     77 545
     75 546
     70 547
     68 548
     69 549
     81 550
     70 551
     74 552
     88 553
     78 554
     67 555
     64 556
     67 557
     54 558
     66 559
     54 560
     47 561
     57 562
     45 563
     49 564
     41 565
     40 566
     41 567
     50 568
     50 569
     42 570
     30 571
     46 572
     25 573
     37 574
     32 575
     21 576
     30 577
     26 578
     32 579
     26 580
     26 581
     24 582
     26 583
     18 584
     16 585
     24 586
     18 587
     27 588
     17 589
     25 590
     17 591
     17 592
     21 593
     11 594
     19 595
     17 596
     16 597
     20 598
     22 599
     27 600
     13 601
     14 602
     16 603
     19 604
     17 605
     13 606
     21 607
     11 608
     15 609
     24 610
     14 611
     19 612
      7 613
     17 614
     13 615
     12 616
     19 617
     21 618
     13 619
     12 620
     15 621
     23 622
     18 623
     12 624
     14 625
     17 626
     16 627
     11 628
      7 629
     15 630
     12 631
     21 632
     11 633
     10 634
     10 635
     12 636
     11 637
     10 638
     12 639
     12 640
     10 641
     11 642
     10 643
      4 644
      4 645
      3 646
      9 647
      7 648
      9 649
     13 650
      5 651
      4 652
      4 653
      4 654
     10 655
      4 656
      5 657
      5 658
      4 659
      2 660
      5 661
      3 662
      8 663
      3 664
     10 665
      8 666
      8 667
      6 668
      5 669
      2 670
      5 671
      5 672
      2 673
      5 674
      6 675
      4 676
      6 677
      4 678
      6 679
      6 680
      6 681
      4 682
      3 683
      4 684
      4 685
      4 686
      3 687
      8 688
      4 689
      2 690
      5 691
      7 692
      4 693
      3 694
      4 695
      2 696
      4 697
      6 698
      6 699
      3 700
      2 701
      6 702
      4 703
      3 704
      4 705
      3 707
      3 708
      2 709
      4 710
      2 711
      3 712
      3 713
      4 714
      1 716
      3 717
      2 718
      4 719
      1 721
      1 722
      1 723
      1 724
      2 725
      2 726
      1 727
      2 728
      2 729
      2 730
      1 731
      2 732
      1 733
      1 734
      2 735
      1 736
      1 738
      1 739
      2 740
      3 741
      2 743
      2 744
      1 747
      3 748
      1 749
      1 750
      4 751
      2 752
      2 753
      2 754
      1 755
      1 757
      1 758
      2 759
      2 760
      4 761
      2 763
      1 764
      1 765
      3 766
      3 767
      2 769
      1 770
      1 771
      2 772
      2 773
      1 774
      1 775
      2 776
      1 777
      3 778
      1 779
      3 780
      1 781
      1 782
      2 783
      1 784
      4 785
      2 786
      3 789
      1 790
      1 792
      2 794
      4 798
      2 802
      1 803
      2 804
      1 805
      1 807
      1 809
      2 810
      2 811
      1 813
      2 815
      2 816
      1 817
      2 819
      2 820
      2 821
      2 822
      1 824
      1 825
      3 826
      3 827
      1 828
      1 831
      2 832
      2 835
      1 841
      2 842
      1 847
      1 848
      1 849
      1 850
      1 853
      1 854
      2 855
      1 859
      1 861
      1 862
      2 865
      1 868
      2 872
      2 873
      2 875
      2 877
      2 878
      1 884
      1 888
      1 890
      1 893
      2 896
      1 900
      2 905
      1 910
      1 911
      2 918
      1 919
      1 921
      1 922
      1 924
      1 929
      1 935
      1 940
      1 947
      2 949
      2 952
      1 955
      1 957
      1 958
      1 964
      1 969
      1 972
      1 988
      1 991
      1 995
      1 1005
      1 1017
      1 1023
      1 1024
      1 1026
      1 1036
      1 1038
      1 1057
      1 1061
      1 1069
      1 1070
      1 1081
      1 1082
      1 1095
      1 1097
      1 1099
      1 1108
      1 1114
      1 1126
      1 1127
      1 1128
      1 1141
      1 1158
      1 1167
      1 1171
      1 1179
      1 1184
      1 1240
      1 1250
      1 1269
      1 1294
      1 1296
      1 1301
      1 1322
      1 1362
      1 1393
      1 1425
      1 1540
      1 1834
      1 1869
      1 2182
      1 2416
      1 2772
      1 3466
      1 3604
      1 4632
      1 7554
---AAD-PGBENCH-LAG-US---
