pgbench (18.6 (Debian 18.6-1.pgdg13+2))
starting vacuum...end.
transaction type: <builtin: select only>
scaling factor: 1000
query mode: simple
number of clients: 16
number of threads: 16
maximum number of tries: 1
duration: 60 s
number of transactions actually processed: 3430188
number of failed transactions: 0 (0.000%)
latency average = 0.280 ms
initial connection time = 8.548 ms
tps = 57177.166325 (without initial connection time)
---AAD-PGBENCH-LATENCY-US---
rc=0
samples=68866
      1 216
      1 217
      3 218
      7 219
      3 220
      4 221
     11 222
     22 223
     23 224
     27 225
     41 226
     65 227
     74 228
     96 229
    132 230
    146 231
    186 232
    212 233
    253 234
    275 235
    296 236
    373 237
    499 238
    506 239
    585 240
    773 241
    811 242
    968 243
   1018 244
   1112 245
   1165 246
   1245 247
   1186 248
   1282 249
   1185 250
   1214 251
   1208 252
   1194 253
   1188 254
   1158 255
   1192 256
   1190 257
   1201 258
   1116 259
   1207 260
   1250 261
   1194 262
   1026 263
   1118 264
   1121 265
   1030 266
   1030 267
   1105 268
   1082 269
   1046 270
   1024 271
   1016 272
   1112 273
   1023 274
   1095 275
   1212 276
   1145 277
    998 278
    848 279
    834 280
    787 281
    702 282
    633 283
    594 284
    585 285
    555 286
    491 287
    508 288
    449 289
    397 290
    393 291
    364 292
    363 293
    310 294
    359 295
    316 296
    251 297
    274 298
    273 299
    254 300
    262 301
    260 302
    248 303
    225 304
    230 305
    207 306
    263 307
    207 308
    203 309
    218 310
    193 311
    211 312
    191 313
    202 314
    211 315
    170 316
    189 317
    175 318
    190 319
    162 320
    171 321
    168 322
    184 323
    179 324
    182 325
    156 326
    168 327
    181 328
    200 329
    220 330
    173 331
    142 332
    130 333
    136 334
    116 335
    119 336
    113 337
    112 338
    120 339
    102 340
    118 341
     90 342
     56 343
     71 344
     79 345
     79 346
     70 347
     62 348
     66 349
     62 350
     65 351
     70 352
     53 353
     67 354
     61 355
     42 356
     45 357
     56 358
     46 359
     47 360
     47 361
     47 362
     45 363
     46 364
     48 365
     50 366
     54 367
     54 368
     38 369
     45 370
     43 371
     43 372
     46 373
     34 374
     49 375
     37 376
     34 377
     37 378
     36 379
     36 380
     33 381
     42 382
     31 383
     32 384
     28 385
     29 386
     35 387
     23 388
     39 389
     30 390
     37 391
     22 392
     28 393
     17 394
     26 395
     27 396
     26 397
     27 398
     32 399
     27 400
     29 401
     20 402
     29 403
     30 404
     15 405
     18 406
     24 407
     22 408
     28 409
     33 410
     23 411
     17 412
     31 413
     22 414
     18 415
     20 416
     19 417
     18 418
     17 419
     13 420
     16 421
     20 422
     19 423
     12 424
     13 425
     11 426
     21 427
     21 428
     26 429
     23 430
     15 431
     18 432
     14 433
     23 434
     15 435
     13 436
     23 437
     11 438
     13 439
     12 440
     14 441
     14 442
     21 443
     14 444
     16 445
     15 446
     23 447
     22 448
     11 449
     19 450
     15 451
     10 452
     17 453
     17 454
     14 455
      9 456
     16 457
     15 458
      7 459
     12 460
     13 461
     11 462
     14 463
      8 464
     10 465
     13 466
      7 467
     17 468
      7 469
     13 470
     17 471
     14 472
     14 473
     15 474
      7 475
     13 476
     12 477
      7 478
     10 479
     12 480
     14 481
     16 482
     16 483
     10 484
     16 485
     10 486
      9 487
     13 488
     11 489
     10 490
     12 491
     14 492
     16 493
     14 494
     14 495
     18 496
     12 497
     16 498
     14 499
     16 500
     21 501
     16 502
     22 503
     21 504
     16 505
     13 506
     24 507
     26 508
     22 509
     23 510
     19 511
     26 512
     19 513
     10 514
     21 515
     11 516
     17 517
     12 518
     22 519
     13 520
      7 521
     15 522
     14 523
     17 524
      6 525
     11 526
      1 527
      6 528
      9 529
      8 530
      8 531
      7 532
      6 533
      5 534
      2 535
      4 536
      2 537
      6 538
      4 539
      3 540
      5 541
      1 542
      5 543
      2 544
      1 545
      4 546
      3 547
      1 548
      3 549
      3 550
      2 551
      4 552
      2 553
      1 554
      2 555
      1 557
      1 558
      2 559
      2 560
      2 561
      1 562
      3 564
      1 565
      1 566
      1 567
      1 568
      1 571
      2 572
      1 575
      1 576
      1 577
      1 581
      1 583
      1 584
      1 585
      2 588
      1 591
      1 592
      1 593
      1 596
      2 598
      1 606
      1 607
      1 609
      1 632
      1 664
      1 670
      1 733
      1 738
      1 777
      1 826
      1 1497
      1 1658
---AAD-PGBENCH-LAG-US---
