pgbench (18.6 (Debian 18.6-1.pgdg13+2))
starting vacuum...end.
transaction type: <builtin: select only>
scaling factor: 1000
query mode: simple
number of clients: 8
number of threads: 8
maximum number of tries: 1
duration: 60 s
number of transactions actually processed: 1891907
number of failed transactions: 0 (0.000%)
latency average = 0.254 ms
initial connection time = 5.297 ms
tps = 31534.290835 (without initial connection time)
---AAD-PGBENCH-LATENCY-US---
rc=0
samples=37874
      1 214
      3 215
      2 216
      1 217
      8 218
      9 219
     18 220
     13 221
     27 222
     43 223
     67 224
     83 225
    127 226
    137 227
    158 228
    165 229
    199 230
    233 231
    259 232
    292 233
    298 234
    412 235
    513 236
    804 237
   1176 238
   1284 239
   1455 240
   1494 241
   1684 242
   1633 243
   1649 244
   1651 245
   1585 246
   1391 247
   1296 248
   1246 249
   1060 250
    914 251
    794 252
    799 253
    690 254
    625 255
    662 256
    698 257
    722 258
    810 259
   1133 260
   1296 261
    779 262
    513 263
    428 264
    335 265
    261 266
    261 267
    223 268
    205 269
    195 270
    129 271
    141 272
    111 273
    113 274
    100 275
    117 276
    102 277
     68 278
     53 279
     51 280
     50 281
     45 282
     54 283
     44 284
     37 285
     38 286
     33 287
     34 288
     34 289
     38 290
     27 291
     32 292
     32 293
     26 294
     28 295
     32 296
     30 297
     26 298
     27 299
     22 300
     20 301
     33 302
     25 303
     24 304
     25 305
     28 306
     21 307
     20 308
     22 309
     22 310
     14 311
     27 312
     24 313
     15 314
     20 315
     15 316
     20 317
     16 318
     15 319
      8 320
     17 321
     18 322
      9 323
     15 324
     11 325
     16 326
     19 327
     16 328
     29 329
     51 330
     23 331
     13 332
     26 333
     11 334
     13 335
     10 336
     13 337
     10 338
      7 339
     13 340
      7 341
     12 342
      6 343
     11 344
      9 345
     10 346
      3 347
      6 348
     13 349
      8 350
     14 351
      8 352
      6 353
      5 354
      8 355
      8 356
     11 357
      9 358
      6 359
      7 360
      3 361
      8 362
      8 363
     12 364
      5 365
      7 366
      8 367
      5 368
      5 369
      1 370
      5 371
      3 372
      5 373
      2 374
      4 375
      3 376
      5 377
      2 378
      4 379
      2 380
      3 381
      2 382
      3 383
      1 384
      3 385
      2 386
      4 387
      5 388
      2 389
      3 390
      4 391
      2 392
      1 393
      5 394
      5 395
      1 396
      3 397
      2 399
      3 400
      2 401
      8 402
      1 403
      1 404
      5 405
      1 406
      1 407
      3 408
      2 409
      1 410
      3 411
      3 412
      1 413
      3 414
      1 415
      1 416
      4 417
      4 418
      2 419
      1 420
      2 421
      1 422
      2 423
      1 424
      5 426
      1 427
      1 428
      1 429
      1 430
      3 431
      1 432
      1 433
      1 436
      1 438
      1 439
      1 440
      1 442
      2 443
      2 444
      1 445
      2 447
      1 457
      1 460
      1 461
      3 464
      1 466
      1 467
      1 468
      7 469
      3 470
      6 471
      4 472
      3 473
      9 474
      3 475
      5 476
      4 477
      9 478
      7 479
      7 480
     13 481
     11 482
      5 483
      6 484
      3 485
      7 486
      4 487
      6 488
      7 489
      6 490
      8 491
      6 492
      6 493
      2 494
      5 495
      6 496
      3 497
      4 498
      2 499
      5 500
      1 501
      1 502
      4 503
      1 504
      1 505
      1 506
      1 508
      6 509
      1 510
      2 511
      1 513
      1 517
      1 518
      2 519
      1 520
      1 521
      2 522
      3 523
      1 524
      1 528
      1 532
      1 533
      1 536
      1 644
      1 824
---AAD-PGBENCH-LAG-US---
