pgbench (18.6 (Debian 18.6-1.pgdg13+2))
starting vacuum...end.
transaction type: <builtin: select only>
scaling factor: 1000
query mode: simple
number of clients: 16
number of threads: 16
maximum number of tries: 1
duration: 60 s
number of transactions actually processed: 3482010
number of failed transactions: 0 (0.000%)
latency average = 0.276 ms
initial connection time = 6.853 ms
tps = 58039.388096 (without initial connection time)
---AAD-PGBENCH-LATENCY-US---
rc=0
samples=69498
      1 217
      3 218
      1 219
      8 220
     10 221
     12 222
     14 223
     28 224
     47 225
     49 226
     75 227
     89 228
    108 229
    123 230
    129 231
    165 232
    184 233
    212 234
    261 235
    295 236
    381 237
    458 238
    512 239
    703 240
    785 241
    875 242
    931 243
   1052 244
   1024 245
   1167 246
   1172 247
   1218 248
   1287 249
   1306 250
   1224 251
   1272 252
   1419 253
   1410 254
   1428 255
   1577 256
   1920 257
   1874 258
   1793 259
   2283 260
   2631 261
   1988 262
   1739 263
   1776 264
   1766 265
   1392 266
   1187 267
   1174 268
   1065 269
   1009 270
    999 271
    975 272
   1005 273
    923 274
    957 275
   1002 276
    922 277
    796 278
    676 279
    689 280
    565 281
    530 282
    474 283
    433 284
    390 285
    361 286
    353 287
    354 288
    314 289
    295 290
    264 291
    268 292
    256 293
    252 294
    245 295
    190 296
    177 297
    198 298
    210 299
    187 300
    164 301
    161 302
    184 303
    145 304
    169 305
    166 306
    145 307
    141 308
    128 309
    128 310
    130 311
    138 312
    131 313
    110 314
    125 315
    113 316
    114 317
     96 318
     79 319
     98 320
     68 321
     75 322
     70 323
     62 324
     63 325
     71 326
     55 327
     56 328
     55 329
     49 330
     47 331
     46 332
     46 333
     38 334
     54 335
     37 336
     43 337
     38 338
     40 339
     34 340
     45 341
     38 342
     37 343
     32 344
     33 345
     26 346
     24 347
     33 348
     23 349
     23 350
     28 351
     28 352
     19 353
     23 354
     25 355
     28 356
     25 357
     13 358
     20 359
     19 360
     26 361
     17 362
     18 363
     21 364
     15 365
     15 366
     19 367
     26 368
     18 369
     13 370
     11 371
     17 372
     18 373
     17 374
     13 375
     12 376
     19 377
     17 378
     17 379
     16 380
     24 381
     28 382
     25 383
     29 384
     17 385
     15 386
     18 387
     25 388
     41 389
     32 390
     42 391
     36 392
     44 393
     25 394
     28 395
     20 396
     10 397
     14 398
      8 399
     11 400
      6 401
     11 402
      5 403
      6 404
      4 405
      8 406
      8 407
      4 408
      4 409
      4 410
      8 411
      2 412
      5 413
      5 414
      4 415
      1 416
      2 417
      4 418
      3 419
      3 420
      1 421
      4 422
      5 423
      2 425
      2 426
      1 427
      2 428
      2 431
      2 432
      1 433
      3 434
      1 435
      2 436
      1 437
      3 438
      1 441
      1 442
      3 443
      2 444
      3 445
      1 446
      2 447
      1 448
      2 449
      1 451
      2 452
      1 453
      3 456
      2 457
      1 460
      3 461
      1 464
      1 465
      2 467
      2 468
      1 470
      1 471
      2 472
      1 473
      1 474
      2 475
      2 477
      1 479
      1 480
      1 481
      1 482
      3 483
      1 484
      2 485
      1 486
      1 487
      1 488
      2 491
      1 492
      2 493
      3 494
      1 495
      5 496
      4 497
      6 498
      3 499
      5 500
      8 501
      8 502
     15 503
     16 504
     16 505
     16 506
     31 507
     22 508
     26 509
     31 510
     34 511
     45 512
     53 513
     88 514
     79 515
     99 516
    102 517
    118 518
    140 519
    140 520
    213 521
    356 522
    203 523
    128 524
     70 525
     58 526
     36 527
     25 528
     24 529
     19 530
     17 531
     15 532
     10 533
     11 534
      8 535
      9 536
      1 537
      4 538
      1 539
      2 540
      1 541
      1 542
      2 543
      1 544
      2 545
      1 550
      1 551
      1 556
      1 563
      1 564
      1 583
      1 607
      1 624
      1 627
      1 663
      1 776
      1 786
---AAD-PGBENCH-LAG-US---
