pgbench (18.6 (Debian 18.6-1.pgdg13+2))
starting vacuum...end.
transaction type: <builtin: select only>
scaling factor: 1000
query mode: simple
number of clients: 128
number of threads: 16
maximum number of tries: 1
duration: 60 s
number of transactions actually processed: 10044513
number of failed transactions: 0 (0.000%)
latency average = 0.761 ms
initial connection time = 253.287 ms
tps = 168092.000869 (without initial connection time)
---AAD-PGBENCH-LATENCY-US---
rc=0
samples=199931
      1 236
      2 238
      1 241
      1 242
      1 243
      2 245
      3 247
      1 249
      1 250
      1 251
      4 252
      6 253
      3 254
      1 255
      6 256
      3 257
      6 258
     10 259
      6 260
      7 261
      8 262
      7 263
      8 264
      6 265
     14 266
     14 267
     11 268
     12 269
     12 270
     21 271
     29 272
     19 273
     18 274
     24 275
     19 276
     36 277
     28 278
     33 279
     20 280
     31 281
     21 282
     28 283
     31 284
     25 285
     30 286
     34 287
     29 288
     26 289
     30 290
     29 291
     26 292
     23 293
     29 294
     26 295
     40 296
     30 297
     29 298
     27 299
     28 300
     21 301
     34 302
     35 303
     31 304
     31 305
     35 306
     38 307
     37 308
     39 309
     36 310
     27 311
     37 312
     32 313
     42 314
     47 315
     44 316
     41 317
     50 318
     52 319
     42 320
     56 321
     54 322
     55 323
     52 324
     81 325
     68 326
     83 327
     90 328
     82 329
    101 330
    118 331
    112 332
    142 333
    130 334
    140 335
    125 336
    148 337
    176 338
    178 339
    173 340
    187 341
    167 342
    186 343
    202 344
    202 345
    219 346
    194 347
    197 348
    183 349
    201 350
    174 351
    156 352
    164 353
    159 354
    153 355
    150 356
    129 357
    161 358
    144 359
    119 360
    129 361
    122 362
    126 363
    120 364
    114 365
    108 366
    106 367
    104 368
    114 369
     94 370
    110 371
     93 372
    108 373
    119 374
     92 375
    100 376
    105 377
     98 378
    127 379
    114 380
    103 381
    114 382
    104 383
    114 384
    104 385
    133 386
    143 387
    128 388
    128 389
    131 390
    133 391
    142 392
    157 393
    137 394
    173 395
    163 396
    171 397
    200 398
    212 399
    225 400
    214 401
    254 402
    235 403
    254 404
    324 405
    295 406
    316 407
    328 408
    346 409
    351 410
    344 411
    330 412
    364 413
    383 414
    333 415
    386 416
    363 417
    359 418
    348 419
    340 420
    345 421
    333 422
    302 423
    285 424
    309 425
    284 426
    295 427
    262 428
    263 429
    264 430
    232 431
    270 432
    233 433
    218 434
    238 435
    203 436
    211 437
    216 438
    210 439
    197 440
    202 441
    209 442
    206 443
    208 444
    225 445
    214 446
    216 447
    215 448
    221 449
    194 450
    222 451
    219 452
    208 453
    244 454
    221 455
    206 456
    214 457
    249 458
    234 459
    260 460
    248 461
    280 462
    287 463
    306 464
    307 465
    310 466
    311 467
    359 468
    368 469
    318 470
    384 471
    392 472
    431 473
    448 474
    448 475
    443 476
    467 477
    510 478
    517 479
    522 480
    537 481
    552 482
    563 483
    561 484
    535 485
    552 486
    541 487
    547 488
    479 489
    506 490
    525 491
    472 492
    456 493
    447 494
    469 495
    447 496
    386 497
    411 498
    416 499
    374 500
    347 501
    335 502
    337 503
    338 504
    334 505
    330 506
    322 507
    325 508
    313 509
    319 510
    296 511
    314 512
    279 513
    303 514
    269 515
    275 516
    268 517
    282 518
    281 519
    286 520
    306 521
    288 522
    293 523
    289 524
    301 525
    287 526
    329 527
    287 528
    277 529
    337 530
    328 531
    297 532
    330 533
    330 534
    319 535
    336 536
    386 537
    356 538
    325 539
    382 540
    378 541
    404 542
    438 543
    440 544
    435 545
    426 546
    461 547
    432 548
    427 549
    447 550
    459 551
    464 552
    528 553
    503 554
    500 555
    485 556
    416 557
    433 558
    419 559
    433 560
    428 561
    419 562
    410 563
    392 564
    371 565
    387 566
    360 567
    292 568
    333 569
    349 570
    305 571
    285 572
    297 573
    269 574
    273 575
    296 576
    310 577
    267 578
    245 579
    288 580
    273 581
    262 582
    219 583
    227 584
    256 585
    235 586
    221 587
    233 588
    228 589
    222 590
    206 591
    232 592
    254 593
    240 594
    254 595
    209 596
    248 597
    233 598
    253 599
    266 600
    232 601
    261 602
    264 603
    272 604
    268 605
    261 606
    284 607
    290 608
    276 609
    315 610
    313 611
    350 612
    370 613
    350 614
    336 615
    346 616
    313 617
    394 618
    364 619
    381 620
    383 621
    362 622
    363 623
    385 624
    364 625
    336 626
    353 627
    325 628
    340 629
    306 630
    306 631
    299 632
    328 633
    312 634
    257 635
    302 636
    289 637
    268 638
    272 639
    249 640
    246 641
    239 642
    254 643
    240 644
    222 645
    243 646
    239 647
    208 648
    238 649
    221 650
    214 651
    216 652
    201 653
    242 654
    199 655
    201 656
    201 657
    207 658
    206 659
    201 660
    201 661
    209 662
    212 663
    222 664
    214 665
    236 666
    209 667
    222 668
    201 669
    242 670
    269 671
    229 672
    231 673
    237 674
    244 675
    235 676
    245 677
    265 678
    267 679
    290 680
    272 681
    303 682
    312 683
    297 684
    298 685
    286 686
    280 687
    342 688
    293 689
    329 690
    307 691
    309 692
    302 693
    318 694
    319 695
    278 696
    291 697
    309 698
    254 699
    282 700
    268 701
    232 702
    263 703
    233 704
    253 705
    248 706
    214 707
    214 708
    202 709
    210 710
    226 711
    205 712
    227 713
    187 714
    226 715
    220 716
    195 717
    205 718
    203 719
    181 720
    193 721
    210 722
    175 723
    184 724
    191 725
    209 726
    175 727
    192 728
    176 729
    177 730
    181 731
    178 732
    166 733
    181 734
    206 735
    164 736
    191 737
    177 738
    179 739
    188 740
    187 741
    203 742
    210 743
    231 744
    220 745
    201 746
    218 747
    227 748
    205 749
    188 750
    240 751
    220 752
    225 753
    214 754
    227 755
    282 756
    254 757
    249 758
    276 759
    275 760
    267 761
    254 762
    237 763
    255 764
    252 765
    218 766
    223 767
    244 768
    234 769
    222 770
    219 771
    222 772
    200 773
    188 774
    197 775
    195 776
    185 777
    176 778
    190 779
    161 780
    186 781
    171 782
    170 783
    172 784
    182 785
    182 786
    170 787
    176 788
    170 789
    153 790
    172 791
    164 792
    172 793
    177 794
    132 795
    158 796
    161 797
    155 798
    177 799
    137 800
    153 801
    154 802
    160 803
    165 804
    144 805
    152 806
    159 807
    180 808
    166 809
    156 810
    176 811
    154 812
    157 813
    174 814
    194 815
    176 816
    161 817
    184 818
    196 819
    183 820
    208 821
    203 822
    207 823
    211 824
    199 825
    207 826
    192 827
    222 828
    202 829
    217 830
    230 831
    200 832
    188 833
    205 834
    204 835
    210 836
    189 837
    193 838
    181 839
    181 840
    194 841
    173 842
    194 843
    162 844
    162 845
    129 846
    172 847
    165 848
    133 849
    157 850
    147 851
    171 852
    145 853
    139 854
    180 855
    152 856
    169 857
    154 858
    141 859
    150 860
    134 861
    130 862
    118 863
    152 864
    150 865
    131 866
    126 867
    145 868
    118 869
    126 870
    142 871
    145 872
    145 873
    137 874
    144 875
    137 876
    148 877
    129 878
    149 879
    145 880
    155 881
    171 882
    182 883
    144 884
    152 885
    160 886
    173 887
    180 888
    168 889
    169 890
    161 891
    160 892
    166 893
    190 894
    177 895
    170 896
    196 897
    189 898
    205 899
    188 900
    202 901
    185 902
    176 903
    192 904
    158 905
    184 906
    171 907
    166 908
    161 909
    165 910
    174 911
    180 912
    155 913
    160 914
    149 915
    164 916
    142 917
    135 918
    153 919
    151 920
    139 921
    126 922
    124 923
    149 924
    137 925
    156 926
    135 927
    124 928
    115 929
    124 930
    133 931
    121 932
    120 933
    152 934
    149 935
    147 936
    123 937
    110 938
    127 939
    129 940
    134 941
    137 942
    124 943
    113 944
    132 945
    134 946
    148 947
    132 948
    145 949
    125 950
    132 951
    144 952
    159 953
    142 954
    131 955
    137 956
    152 957
    144 958
    137 959
    159 960
    160 961
    170 962
    147 963
    161 964
    170 965
    152 966
    162 967
    166 968
    175 969
    164 970
    199 971
    175 972
    154 973
    160 974
    147 975
    140 976
    166 977
    158 978
    171 979
    141 980
    121 981
    145 982
    157 983
    140 984
    135 985
    123 986
    145 987
    108 988
    159 989
    121 990
    126 991
    115 992
    121 993
    114 994
    138 995
    126 996
    125 997
    131 998
    126 999
    131 1000
    130 1001
    134 1002
    116 1003
    146 1004
    100 1005
    135 1006
    103 1007
    119 1008
    103 1009
    115 1010
    130 1011
    103 1012
    129 1013
    119 1014
    110 1015
    121 1016
    127 1017
    112 1018
    129 1019
    123 1020
    140 1021
    140 1022
    124 1023
    106 1024
    127 1025
    129 1026
    150 1027
    163 1028
    169 1029
    154 1030
    131 1031
    145 1032
    144 1033
    143 1034
    164 1035
    155 1036
    163 1037
    161 1038
    134 1039
    140 1040
    165 1041
    152 1042
    162 1043
    134 1044
    117 1045
    131 1046
    135 1047
    130 1048
    144 1049
    133 1050
    111 1051
    135 1052
    155 1053
    128 1054
    118 1055
    118 1056
    112 1057
    125 1058
    120 1059
    101 1060
    145 1061
    107 1062
    107 1063
    106 1064
    121 1065
    103 1066
     88 1067
    111 1068
    111 1069
    102 1070
    108 1071
    102 1072
     92 1073
    105 1074
     92 1075
     86 1076
    108 1077
     96 1078
    102 1079
    108 1080
     91 1081
     84 1082
    126 1083
    109 1084
    100 1085
    102 1086
     87 1087
    104 1088
     77 1089
    118 1090
    111 1091
    111 1092
    105 1093
    113 1094
    102 1095
    121 1096
    141 1097
    122 1098
    110 1099
    115 1100
    121 1101
    135 1102
    113 1103
    123 1104
    133 1105
    132 1106
    131 1107
    111 1108
    129 1109
    126 1110
    135 1111
    129 1112
    109 1113
    119 1114
    123 1115
    106 1116
    109 1117
    114 1118
    114 1119
    104 1120
    100 1121
    111 1122
     89 1123
    117 1124
     91 1125
    112 1126
    100 1127
     96 1128
    104 1129
    102 1130
     98 1131
     84 1132
     82 1133
     97 1134
     99 1135
     88 1136
     77 1137
     94 1138
     76 1139
     81 1140
     65 1141
    107 1142
     91 1143
    101 1144
     76 1145
     92 1146
     91 1147
     87 1148
     87 1149
     79 1150
     86 1151
     78 1152
     80 1153
    104 1154
     91 1155
    103 1156
     89 1157
    104 1158
     99 1159
     92 1160
    100 1161
     80 1162
     99 1163
     82 1164
     89 1165
     80 1166
     98 1167
    101 1168
    104 1169
     92 1170
     97 1171
     84 1172
     86 1173
     96 1174
     96 1175
     88 1176
     99 1177
     90 1178
     85 1179
    101 1180
     98 1181
     90 1182
     93 1183
     88 1184
     91 1185
     73 1186
     79 1187
     86 1188
     96 1189
     81 1190
     76 1191
     83 1192
     94 1193
     67 1194
     83 1195
     86 1196
     59 1197
     74 1198
     77 1199
     81 1200
     74 1201
     68 1202
     84 1203
     75 1204
     70 1205
     75 1206
     73 1207
     77 1208
     69 1209
     68 1210
     74 1211
     65 1212
     74 1213
     72 1214
     54 1215
     74 1216
     77 1217
     73 1218
     67 1219
     72 1220
     79 1221
     66 1222
     62 1223
     68 1224
     76 1225
     79 1226
     71 1227
     62 1228
     51 1229
     84 1230
     73 1231
     68 1232
     79 1233
     76 1234
     73 1235
     79 1236
     61 1237
     68 1238
     73 1239
     83 1240
     71 1241
     72 1242
     68 1243
     83 1244
     93 1245
     73 1246
     72 1247
     98 1248
     74 1249
     89 1250
     81 1251
     76 1252
     83 1253
     73 1254
     72 1255
     76 1256
     65 1257
     67 1258
     65 1259
     72 1260
     60 1261
     60 1262
     63 1263
     63 1264
     55 1265
     60 1266
     58 1267
     73 1268
     62 1269
     67 1270
     73 1271
     62 1272
     46 1273
     40 1274
     60 1275
     61 1276
     59 1277
     64 1278
     46 1279
     54 1280
     80 1281
     47 1282
     55 1283
     60 1284
     50 1285
     71 1286
     50 1287
     56 1288
     37 1289
     55 1290
     69 1291
     51 1292
     53 1293
     58 1294
     42 1295
     57 1296
     58 1297
     56 1298
     48 1299
     58 1300
     61 1301
     44 1302
     67 1303
     49 1304
     61 1305
     68 1306
     76 1307
     68 1308
     60 1309
     68 1310
     66 1311
     69 1312
     66 1313
     59 1314
     65 1315
     54 1316
     57 1317
     57 1318
     63 1319
     54 1320
     47 1321
     63 1322
     64 1323
     59 1324
     63 1325
     47 1326
     59 1327
     51 1328
     64 1329
     57 1330
     46 1331
     53 1332
     39 1333
     54 1334
     41 1335
     32 1336
     54 1337
     45 1338
     47 1339
     48 1340
     44 1341
     32 1342
     39 1343
     40 1344
     46 1345
     44 1346
     39 1347
     55 1348
     42 1349
     48 1350
     54 1351
     42 1352
     47 1353
     28 1354
     44 1355
     55 1356
     33 1357
     57 1358
     41 1359
     44 1360
     51 1361
     38 1362
     42 1363
     44 1364
     35 1365
     43 1366
     32 1367
     41 1368
     47 1369
     34 1370
     48 1371
     50 1372
     44 1373
     55 1374
     46 1375
     54 1376
     40 1377
     33 1378
     50 1379
     59 1380
     32 1381
     51 1382
     46 1383
     47 1384
     61 1385
     39 1386
     55 1387
     57 1388
     56 1389
     32 1390
     38 1391
     46 1392
     38 1393
     43 1394
     32 1395
     35 1396
     37 1397
     57 1398
     38 1399
     46 1400
     38 1401
     31 1402
     45 1403
     31 1404
     28 1405
     35 1406
     39 1407
     37 1408
     43 1409
     40 1410
     27 1411
     33 1412
     29 1413
     30 1414
     35 1415
     31 1416
     37 1417
     33 1418
     43 1419
     33 1420
     29 1421
     34 1422
     29 1423
     25 1424
     35 1425
     23 1426
     36 1427
     22 1428
     33 1429
     31 1430
     31 1431
     29 1432
     38 1433
     42 1434
     32 1435
     30 1436
     35 1437
     29 1438
     36 1439
     26 1440
     34 1441
     46 1442
     24 1443
     36 1444
     36 1445
     27 1446
     32 1447
     38 1448
     29 1449
     36 1450
     40 1451
     41 1452
     29 1453
     29 1454
     33 1455
     34 1456
     22 1457
     32 1458
     27 1459
     27 1460
     36 1461
     30 1462
     38 1463
     33 1464
     23 1465
     28 1466
     37 1467
     26 1468
     41 1469
     23 1470
     33 1471
     24 1472
     35 1473
     33 1474
     30 1475
     27 1476
     26 1477
     23 1478
     22 1479
     28 1480
     21 1481
     26 1482
     22 1483
     31 1484
     24 1485
     29 1486
     28 1487
     12 1488
     19 1489
     22 1490
     20 1491
     27 1492
     21 1493
     18 1494
     21 1495
     26 1496
     17 1497
     20 1498
     23 1499
     22 1500
     21 1501
     21 1502
     23 1503
     24 1504
     21 1505
     17 1506
     25 1507
     19 1508
     20 1509
     30 1510
     20 1511
     22 1512
     23 1513
     28 1514
     17 1515
     24 1516
     24 1517
     23 1518
     21 1519
     36 1520
     19 1521
     24 1522
     12 1523
     19 1524
     18 1525
     24 1526
     23 1527
     21 1528
     18 1529
     30 1530
     25 1531
     24 1532
     22 1533
     21 1534
     12 1535
     16 1536
     15 1537
     22 1538
     15 1539
     14 1540
     30 1541
     15 1542
     19 1543
     12 1544
     25 1545
     13 1546
     17 1547
     18 1548
     11 1549
      9 1550
     21 1551
     20 1552
     22 1553
     19 1554
     14 1555
     13 1556
     20 1557
      9 1558
     18 1559
     14 1560
     18 1561
     20 1562
     17 1563
     17 1564
     18 1565
     15 1566
      9 1567
     16 1568
     13 1569
     18 1570
     14 1571
     24 1572
     19 1573
     15 1574
     20 1575
     11 1576
     17 1577
     18 1578
     18 1579
     21 1580
     23 1581
     11 1582
     14 1583
     26 1584
     14 1585
     18 1586
     23 1587
     16 1588
     10 1589
     20 1590
     18 1591
     18 1592
     15 1593
      7 1594
     11 1595
     17 1596
      7 1597
     16 1598
     17 1599
     13 1600
     15 1601
      8 1602
     16 1603
     15 1604
     12 1605
     14 1606
     14 1607
     14 1608
     14 1609
     14 1610
     12 1611
     14 1612
     12 1613
     10 1614
     19 1615
     16 1616
     17 1617
     10 1618
      3 1619
      8 1620
     22 1621
     15 1622
     19 1623
     15 1624
     14 1625
      9 1626
     13 1627
     14 1628
      6 1629
     10 1630
      9 1631
      7 1632
     15 1633
     11 1634
     15 1635
     13 1636
     18 1637
     13 1638
     13 1639
     12 1640
      9 1641
     13 1642
     10 1643
      8 1644
     10 1645
     10 1646
      8 1647
      7 1648
     14 1649
     12 1650
     14 1651
     12 1652
     12 1653
     14 1654
     18 1655
     14 1656
     15 1657
      9 1658
     12 1659
     21 1660
      8 1661
     17 1662
     13 1663
     13 1664
     16 1665
     13 1666
      8 1667
      8 1668
     11 1669
     11 1670
     12 1671
     14 1672
     13 1673
     12 1674
     14 1675
     12 1676
     13 1677
     11 1678
      7 1679
      9 1680
     16 1681
     12 1682
     17 1683
     14 1684
      8 1685
      4 1686
      5 1687
     13 1688
     17 1689
     12 1690
     13 1691
     11 1692
     11 1693
      9 1694
     13 1695
     11 1696
     10 1697
     10 1698
     12 1699
     11 1700
     12 1701
      8 1702
      7 1703
     16 1704
      5 1705
      7 1706
      7 1707
     13 1708
      8 1709
     10 1710
      6 1711
     10 1712
      4 1713
     10 1714
      5 1715
      8 1716
      5 1717
      9 1718
      5 1719
      4 1720
      7 1721
      5 1722
      7 1723
      7 1724
     10 1725
      9 1726
      6 1727
     14 1728
      9 1729
     10 1730
      9 1731
      8 1732
      7 1733
     14 1734
     10 1735
     11 1736
      6 1737
     13 1738
      9 1739
      8 1740
      3 1741
      5 1742
      6 1743
      7 1744
      6 1745
      6 1746
      4 1747
      6 1748
      6 1749
      4 1750
      6 1751
     11 1752
      3 1753
      9 1754
      3 1755
      7 1756
      4 1757
      2 1758
      7 1759
      9 1760
      4 1761
      5 1762
      9 1763
      4 1764
      8 1765
      5 1766
      4 1767
      6 1768
      8 1769
      5 1770
      7 1771
      6 1772
      7 1773
      6 1774
      1 1775
      8 1776
      6 1777
      7 1778
      7 1779
      3 1780
      3 1781
      3 1782
      5 1783
      6 1784
      6 1785
      7 1786
      4 1787
      4 1788
      7 1789
      4 1790
     10 1791
      6 1792
      5 1793
      5 1794
     10 1795
     11 1796
      7 1797
      9 1798
      3 1799
      6 1800
      6 1801
      4 1802
      5 1803
      5 1804
      9 1805
      6 1806
      6 1807
      9 1808
     10 1809
      6 1810
      3 1811
      7 1812
      2 1813
      8 1814
      4 1815
      4 1816
      6 1817
      7 1818
      3 1819
      1 1820
      3 1821
      5 1822
      2 1823
      7 1824
      6 1825
      7 1826
      7 1827
      6 1828
      2 1829
      4 1830
      5 1831
      6 1832
      1 1833
      3 1834
      6 1835
      2 1836
      5 1837
      7 1838
      5 1839
      4 1840
      2 1841
      2 1842
      5 1843
      5 1844
      3 1845
      3 1846
      4 1847
      5 1848
      7 1849
      4 1850
      3 1851
      4 1852
      7 1854
      2 1855
      4 1856
      2 1857
      5 1858
      5 1859
      4 1860
      4 1861
      6 1862
      5 1863
      4 1864
      7 1865
      8 1866
      4 1867
      6 1868
      5 1869
      2 1870
      7 1871
      3 1872
      4 1873
      4 1874
      4 1875
      8 1876
      2 1877
      5 1878
      2 1879
      2 1880
      3 1881
      8 1883
      5 1884
      5 1885
      3 1886
      8 1887
      3 1888
      6 1889
      6 1890
      2 1891
      4 1892
      5 1893
      2 1894
      5 1895
      4 1896
      4 1897
      2 1898
      3 1899
      3 1900
      5 1901
      5 1902
      6 1903
      3 1904
      4 1905
      2 1906
      4 1907
      3 1908
      4 1909
      4 1910
      5 1911
      8 1912
      1 1913
      2 1914
      2 1915
      5 1916
      4 1917
      3 1918
      7 1919
      1 1920
      2 1921
      3 1922
      6 1923
      3 1924
      1 1925
      3 1926
      1 1927
      2 1928
     10 1929
      4 1930
      3 1931
      2 1932
      2 1933
      7 1934
      7 1935
      3 1936
      2 1937
      1 1938
      2 1939
      5 1940
      3 1941
      2 1942
      3 1943
      5 1944
      2 1945
      1 1946
      4 1948
      1 1949
      7 1950
      2 1951
      2 1952
      4 1953
      2 1955
      5 1956
      5 1957
      5 1958
      2 1959
      3 1960
      2 1961
      2 1962
      4 1963
      2 1964
      2 1965
      3 1966
      3 1967
      3 1969
      1 1970
      1 1971
      3 1972
      1 1973
      3 1974
      2 1976
      5 1977
      3 1978
      1 1979
      4 1980
      2 1981
      1 1982
      5 1983
      2 1985
      3 1986
      4 1987
      5 1988
      4 1989
      1 1990
      3 1991
      2 1992
      2 1993
      2 1994
      1 1995
      3 1996
      6 1997
      4 1998
      4 1999
      1 2000
      1 2001
      4 2002
      3 2003
      2 2004
      5 2005
      5 2007
      4 2008
      3 2009
      4 2010
      3 2011
      4 2012
      3 2013
      4 2014
      2 2016
      2 2017
      2 2018
      2 2020
      1 2021
      3 2022
      2 2023
      1 2024
      5 2025
      4 2026
      2 2027
      1 2028
      2 2029
      1 2030
      1 2031
      1 2032
      2 2033
      5 2034
      3 2035
      6 2036
      2 2037
      2 2038
      4 2039
      3 2041
      3 2042
      2 2044
      3 2045
      4 2046
      2 2047
      6 2048
      6 2049
      2 2050
      2 2051
      5 2053
      2 2054
      1 2055
      2 2056
      2 2057
      2 2058
      2 2059
      2 2060
      1 2061
      2 2062
      1 2063
      2 2064
      2 2066
      2 2067
      1 2068
      1 2071
      1 2073
      2 2074
      2 2075
      2 2076
      2 2077
      2 2078
      1 2079
      6 2080
      1 2081
      2 2083
      1 2084
      2 2085
      1 2087
      1 2089
      4 2090
      4 2091
      3 2092
      2 2093
      3 2095
      3 2096
      4 2097
      1 2098
      2 2099
      1 2100
      2 2101
      3 2102
      2 2103
      2 2104
      3 2105
      1 2106
      2 2107
      1 2108
      3 2109
      2 2110
      5 2111
      1 2112
      1 2113
      1 2114
      2 2115
      1 2116
      1 2117
      3 2118
      1 2119
      6 2120
      3 2122
      2 2123
      1 2124
      2 2126
      1 2127
      2 2128
      1 2130
      1 2131
      2 2132
      1 2133
      1 2135
      3 2136
      1 2138
      1 2139
      2 2140
      4 2141
      1 2142
      1 2144
      2 2145
      2 2146
      3 2147
      2 2148
      2 2149
      1 2150
      2 2151
      1 2153
      1 2154
      1 2156
      5 2158
      1 2159
      1 2160
      3 2161
      3 2162
      3 2164
      1 2165
      3 2167
      2 2168
      3 2169
      3 2170
      2 2171
      4 2172
      3 2173
      2 2174
      4 2175
      3 2176
      2 2178
      4 2179
      2 2180
      1 2182
      1 2184
      1 2185
      1 2187
      3 2188
      1 2189
      2 2190
      3 2191
      1 2192
      1 2193
      1 2194
      3 2195
      2 2197
      1 2198
      2 2199
      4 2200
      2 2201
      1 2202
      3 2203
      1 2204
      2 2213
      3 2214
      1 2215
      1 2216
      2 2218
      1 2220
      2 2221
      1 2222
      1 2223
      1 2224
      2 2225
      1 2226
      1 2227
      1 2228
      2 2229
      1 2230
      3 2232
      2 2233
      1 2234
      1 2236
      1 2238
      1 2239
      1 2240
      1 2241
      1 2242
      1 2244
      2 2245
      3 2247
      2 2249
      1 2250
      2 2255
      4 2257
      1 2259
      1 2261
      1 2264
      1 2265
      2 2266
      1 2267
      1 2268
      1 2269
      1 2270
      2 2273
      3 2274
      1 2276
      1 2277
      2 2278
      1 2280
      1 2281
      1 2282
      1 2283
      1 2284
      2 2285
      1 2286
      1 2287
      2 2288
      2 2290
      3 2291
      2 2292
      1 2293
      1 2295
      1 2296
      2 2297
      2 2299
      1 2301
      1 2303
      2 2304
      2 2306
      2 2308
      1 2310
      1 2312
      2 2315
      1 2316
      1 2317
      2 2319
      2 2323
      3 2324
      1 2325
      1 2327
      2 2330
      1 2332
      2 2334
      1 2340
      1 2342
      1 2344
      2 2345
      1 2346
      1 2348
      1 2350
      2 2351
      1 2353
      1 2354
      1 2356
      2 2357
      2 2360
      1 2363
      2 2365
      2 2366
      2 2372
      3 2373
      1 2374
      1 2379
      1 2382
      1 2384
      1 2385
      1 2386
      1 2387
      1 2388
      2 2389
      1 2391
      1 2393
      1 2396
      1 2400
      1 2401
      1 2407
      1 2413
      1 2414
      1 2416
      1 2420
      1 2421
      2 2423
      1 2424
      1 2425
      1 2428
      1 2430
      1 2432
      1 2435
      2 2438
      1 2439
      2 2440
      1 2442
      1 2443
      1 2446
      1 2447
      1 2453
      1 2456
      1 2458
      2 2463
      2 2464
      1 2468
      2 2469
      2 2472
      1 2476
      1 2477
      1 2480
      1 2482
      1 2483
      2 2485
      1 2488
      1 2489
      1 2493
      1 2495
      1 2497
      1 2499
      1 2500
      2 2507
      1 2509
      1 2513
      1 2514
      1 2515
      2 2516
      1 2520
      1 2521
      2 2522
      1 2528
      4 2533
      2 2539
      1 2543
      2 2544
      1 2550
      1 2552
      1 2554
      1 2555
      2 2559
      1 2561
      2 2562
      1 2565
      1 2567
      1 2570
      1 2574
      2 2577
      2 2581
      1 2583
      1 2584
      1 2585
      1 2594
      1 2596
      1 2597
      1 2598
      1 2599
      1 2602
      1 2603
      1 2614
      1 2615
      1 2616
      1 2617
      1 2618
      1 2619
      1 2625
      1 2626
      1 2628
      1 2629
      2 2630
      1 2632
      1 2633
      1 2638
      1 2653
      1 2660
      1 2667
      1 2668
      1 2671
      1 2674
      1 2677
      1 2686
      1 2687
      1 2693
      1 2694
      1 2695
      1 2696
      1 2700
      1 2708
      1 2715
      1 2720
      1 2724
      1 2727
      1 2734
      1 2737
      1 2748
      1 2749
      1 2753
      1 2754
      1 2756
      1 2759
      1 2760
      1 2761
      1 2764
      1 2765
      1 2766
      1 2770
      1 2771
      1 2779
      1 2783
      1 2784
      2 2785
      1 2788
      1 2802
      1 2803
      1 2814
      1 2816
      1 2821
      1 2822
      2 2823
      1 2824
      1 2832
      1 2838
      1 2840
      2 2845
      1 2846
      1 2853
      1 2870
      1 2871
      2 2872
      2 2885
      1 2891
      1 2893
      1 2901
      1 2909
      1 2914
      1 2928
      1 2937
      1 2939
      1 2945
      1 2954
      1 2960
      1 2964
      1 2971
      2 2972
      1 2986
      1 2988
      1 2989
      1 2999
      1 3002
      1 3005
      1 3006
      1 3009
      1 3010
      1 3014
      1 3017
      1 3026
      1 3030
      1 3032
      1 3047
      1 3051
      1 3056
      1 3058
      1 3062
      1 3065
      1 3067
      1 3074
      1 3079
      1 3102
      1 3103
      1 3109
      1 3123
      1 3128
      1 3130
      1 3145
      1 3147
      1 3149
      1 3151
      1 3166
      1 3171
      1 3193
      1 3194
      1 3196
      2 3203
      1 3216
      1 3251
      1 3262
      1 3267
      1 3272
      1 3274
      1 3300
      1 3325
      1 3340
      1 3347
      1 3403
      1 3416
      1 3424
      1 3432
      1 3452
      1 3456
      1 3476
      1 3483
      1 3489
      1 3493
      1 3506
      1 3516
      1 3544
      1 3581
      1 3591
      1 3592
      1 3655
      1 3670
      1 3694
      1 3700
      1 3715
      1 3789
      2 3851
      1 4143
      1 4164
      1 4208
      1 4236
      1 4359
      1 4477
      1 4483
      1 4591
      1 4685
      1 4707
      1 4817
      1 5448
      1 5622
      1 6057
      1 6058
      1 6340
      1 6431
      1 6434
      1 6502
      1 6517
      1 6563
      1 6571
      1 6886
      1 7210
      1 7264
      1 7535
      1 7748
      1 7818
      1 7946
      1 8110
      1 8410
      1 8495
      1 8744
      1 8849
      1 9349
      1 9828
      1 10091
      1 11574
      1 11725
      1 14792
      1 17282
---AAD-PGBENCH-LAG-US---
