pgbench (18.6 (Debian 18.6-1.pgdg13+2))
starting vacuum...end.
transaction type: <builtin: select only>
scaling factor: 1000
query mode: simple
number of clients: 8
number of threads: 8
maximum number of tries: 1
duration: 60 s
number of transactions actually processed: 1861790
number of failed transactions: 0 (0.000%)
latency average = 0.258 ms
initial connection time = 4.818 ms
tps = 31032.019539 (without initial connection time)
---AAD-PGBENCH-LATENCY-US---
rc=0
samples=37237
      1 216
      4 217
      1 219
      6 220
      8 221
      9 222
     14 223
     23 224
     59 225
    108 226
    165 227
    173 228
    230 229
    217 230
    250 231
    224 232
    238 233
    258 234
    300 235
    386 236
    524 237
    728 238
    898 239
   1085 240
   1205 241
   1371 242
   1398 243
   1320 244
   1282 245
   1194 246
   1104 247
   1002 248
   1030 249
    953 250
    846 251
    774 252
    723 253
    653 254
    673 255
    733 256
    803 257
    978 258
   1189 259
   1847 260
   2515 261
   1382 262
    735 263
    539 264
    480 265
    365 266
    315 267
    286 268
    284 269
    241 270
    180 271
    164 272
    131 273
    123 274
    105 275
    105 276
     81 277
     81 278
     50 279
     49 280
     45 281
     47 282
     34 283
     36 284
     31 285
     33 286
     30 287
     24 288
     22 289
     22 290
     13 291
     18 292
     19 293
     20 294
     20 295
     15 296
     18 297
     21 298
     17 299
     10 300
     18 301
     25 302
     13 303
     14 304
     11 305
     17 306
     21 307
     12 308
     22 309
     20 310
     17 311
      4 312
     17 313
     11 314
     16 315
     12 316
     10 317
     22 318
     13 319
     22 320
     11 321
     17 322
     13 323
     11 324
     15 325
     26 326
     21 327
     34 328
     62 329
     57 330
     26 331
     22 332
     20 333
     16 334
     11 335
      3 336
     14 337
      8 338
      6 339
      7 340
      4 341
      8 342
      3 343
      5 344
     10 345
      3 346
      4 347
      7 348
      3 349
      2 350
      3 351
      3 352
      6 353
      4 354
      5 355
      1 356
      5 357
      6 358
      5 359
      9 360
      5 361
      5 362
      9 363
      4 364
      3 365
      3 366
      4 367
      5 368
      6 369
      3 370
      7 371
      4 372
      6 373
      1 374
      1 375
      3 376
      4 377
      3 378
      7 379
      2 380
      3 381
      1 382
      2 383
      4 384
      4 385
      2 386
      2 387
      7 388
      5 389
      2 390
      6 391
      4 392
      2 393
      3 394
      1 395
      3 396
      2 397
      6 398
      7 399
      2 400
      4 401
      4 403
      2 404
      3 405
      3 407
      2 408
      3 409
      2 410
      1 411
      2 412
      1 413
      2 414
      1 415
      1 416
      2 417
      1 418
      1 419
      1 422
      1 425
      1 426
      3 427
      1 428
      3 429
      2 430
      1 431
      3 432
      1 439
      3 440
      3 441
      1 442
      2 446
      3 447
      1 448
      2 449
      1 451
      1 452
      2 454
      3 455
      1 456
      4 457
      1 458
      1 459
      2 461
      4 464
      4 465
      2 466
      9 467
      2 468
      5 469
     12 470
     12 471
     11 472
      8 473
     10 474
      8 475
      9 476
      9 477
     11 478
     20 479
      7 480
     14 481
     16 482
      8 483
     14 484
     13 485
      6 486
     12 487
     11 488
      9 489
      9 490
     12 491
     10 492
     11 493
     14 494
      9 495
     13 496
      7 497
      7 498
      2 499
      6 500
      4 501
      1 502
      7 503
      3 504
      4 505
      2 506
      1 507
      4 508
      4 509
      3 510
      3 511
      8 512
      5 513
      5 514
      4 516
      5 517
      3 518
      6 519
      5 520
     12 521
      9 522
      3 523
      1 524
      2 525
      1 526
      3 527
      4 528
      2 529
      2 530
      3 531
      4 532
      1 533
      1 534
      1 536
      1 544
      1 545
      1 546
      1 549
      1 553
      1 557
      1 568
      1 572
      1 573
      1 583
      1 592
      1 593
      1 594
      1 603
      1 614
      1 635
      1 636
      1 679
      1 680
      1 692
      1 718
      1 721
      1 806
---AAD-PGBENCH-LAG-US---
