pgbench (18.6 (Debian 18.6-1.pgdg13+2))
starting vacuum...end.
transaction type: <builtin: select only>
scaling factor: 1000
query mode: simple
number of clients: 64
number of threads: 16
maximum number of tries: 1
duration: 60 s
number of transactions actually processed: 9973099
number of failed transactions: 0 (0.000%)
latency average = 0.384 ms
initial connection time = 115.330 ms
tps = 166535.978494 (without initial connection time)
---AAD-PGBENCH-LATENCY-US---
rc=0
samples=198659
      1 224
      1 227
      2 228
      1 230
      2 231
      2 232
      7 234
      2 235
     10 236
      3 237
      6 238
      7 239
     13 240
     20 241
     13 242
     12 243
     19 244
     16 245
     22 246
     16 247
     28 248
     24 249
     35 250
     46 251
     43 252
     47 253
     38 254
     71 255
     64 256
     66 257
     72 258
     89 259
    118 260
    127 261
    124 262
    128 263
    148 264
    196 265
    184 266
    226 267
    257 268
    233 269
    259 270
    255 271
    346 272
    338 273
    325 274
    399 275
    409 276
    434 277
    428 278
    409 279
    446 280
    401 281
    437 282
    387 283
    418 284
    404 285
    384 286
    420 287
    380 288
    449 289
    394 290
    422 291
    419 292
    398 293
    390 294
    409 295
    424 296
    371 297
    389 298
    404 299
    401 300
    442 301
    415 302
    458 303
    452 304
    488 305
    437 306
    460 307
    451 308
    460 309
    441 310
    480 311
    448 312
    521 313
    553 314
    543 315
    562 316
    581 317
    574 318
    637 319
    665 320
    660 321
    705 322
    745 323
    734 324
    796 325
    921 326
    945 327
   1005 328
   1032 329
   1147 330
   1175 331
   1210 332
   1309 333
   1407 334
   1483 335
   1618 336
   1747 337
   1922 338
   1964 339
   2081 340
   2263 341
   2325 342
   2416 343
   2472 344
   2660 345
   2553 346
   2448 347
   2354 348
   2272 349
   2171 350
   2098 351
   1878 352
   1871 353
   1829 354
   1727 355
   1629 356
   1618 357
   1481 358
   1467 359
   1431 360
   1334 361
   1284 362
   1219 363
   1211 364
   1078 365
   1085 366
   1058 367
   1024 368
    953 369
    971 370
    946 371
    911 372
    907 373
    842 374
    832 375
    886 376
    831 377
    805 378
    824 379
    786 380
    772 381
    811 382
    740 383
    820 384
    785 385
    733 386
    728 387
    744 388
    830 389
    829 390
    822 391
    831 392
    834 393
    827 394
    820 395
    873 396
    913 397
    935 398
    979 399
   1014 400
   1057 401
   1036 402
   1141 403
   1209 404
   1179 405
   1245 406
   1286 407
   1292 408
   1280 409
   1388 410
   1411 411
   1363 412
   1409 413
   1533 414
   1436 415
   1378 416
   1351 417
   1300 418
   1183 419
   1155 420
   1099 421
   1019 422
    940 423
    897 424
    918 425
    864 426
    804 427
    792 428
    726 429
    716 430
    654 431
    602 432
    599 433
    578 434
    560 435
    496 436
    549 437
    531 438
    471 439
    511 440
    471 441
    441 442
    482 443
    454 444
    409 445
    415 446
    379 447
    402 448
    398 449
    400 450
    371 451
    403 452
    347 453
    364 454
    343 455
    404 456
    339 457
    343 458
    378 459
    327 460
    321 461
    344 462
    339 463
    344 464
    346 465
    365 466
    383 467
    373 468
    397 469
    401 470
    425 471
    387 472
    442 473
    472 474
    402 475
    420 476
    457 477
    414 478
    415 479
    462 480
    418 481
    448 482
    422 483
    425 484
    425 485
    397 486
    394 487
    383 488
    365 489
    388 490
    324 491
    322 492
    287 493
    317 494
    267 495
    255 496
    244 497
    267 498
    229 499
    212 500
    218 501
    200 502
    189 503
    215 504
    192 505
    174 506
    165 507
    135 508
    151 509
    160 510
    123 511
    118 512
    126 513
    136 514
    115 515
    117 516
    127 517
    120 518
    107 519
     90 520
     93 521
    104 522
    104 523
     92 524
    105 525
     89 526
     93 527
     90 528
     73 529
    102 530
     92 531
     86 532
     84 533
     86 534
     60 535
     89 536
    103 537
     76 538
    113 539
     98 540
     88 541
     86 542
    104 543
     96 544
    112 545
    102 546
    107 547
     92 548
     95 549
     90 550
     89 551
     83 552
     84 553
     76 554
     80 555
     72 556
     84 557
     77 558
     66 559
     70 560
     72 561
     53 562
     57 563
     49 564
     63 565
     58 566
     55 567
     47 568
     48 569
     37 570
     40 571
     39 572
     30 573
     43 574
     28 575
     39 576
     28 577
     30 578
     30 579
     31 580
     32 581
     32 582
     26 583
     28 584
     25 585
     20 586
     16 587
     31 588
     30 589
     28 590
     21 591
     19 592
     21 593
     19 594
     15 595
     27 596
     26 597
     26 598
     31 599
     20 600
     28 601
     13 602
     22 603
     22 604
     22 605
     16 606
     11 607
     20 608
     18 609
     14 610
     20 611
      9 612
     14 613
     18 614
     18 615
     14 616
     18 617
     22 618
     11 619
     13 620
     24 621
     19 622
     18 623
     12 624
     11 625
     23 626
     21 627
      7 628
     16 629
     14 630
     17 631
     11 632
     14 633
     17 634
     11 635
     11 636
     13 637
      8 638
      8 639
     12 640
      5 641
      8 642
     12 643
     12 644
     13 645
      6 646
      8 647
      9 648
     10 649
      9 650
      8 651
      5 652
      7 653
      9 654
      8 655
      2 656
      2 657
      9 658
      6 659
      4 660
     12 661
      7 662
      4 663
      8 664
     10 665
      4 666
      6 667
      4 668
      4 669
      6 670
      1 671
      2 672
      6 673
      2 674
      7 675
      7 676
      4 677
      6 678
      5 679
      6 680
      7 681
      6 682
      5 683
      3 684
      7 685
      7 686
      2 687
      3 688
      9 689
      7 690
      5 691
      8 692
      7 693
      9 694
      4 695
      3 696
      6 697
      6 698
     10 699
      4 700
      2 701
      4 702
      3 703
      6 704
     10 705
      3 706
      2 707
      5 708
      1 709
      5 710
      4 711
      4 712
      1 713
      2 714
      1 715
      2 716
      1 717
      3 718
      3 719
      3 720
      4 721
      3 722
      2 723
      2 724
      1 725
      3 726
      3 727
      1 728
      1 729
      1 730
      1 731
      1 732
      3 734
      2 735
      2 736
      4 737
      1 739
      1 740
      3 741
      4 742
      2 744
      2 745
      1 746
      2 747
      4 748
      6 749
      2 750
      3 751
      2 752
      3 753
      3 754
      2 755
      4 756
      4 757
      2 758
      3 759
      3 760
      4 761
      2 762
      5 763
      1 764
      5 765
      2 766
      3 767
      1 768
      2 769
      5 770
      1 771
      3 772
      1 773
      3 774
      1 775
      2 777
      4 779
      3 780
      1 781
      1 782
      2 784
      3 785
      4 786
      2 787
      1 788
      2 790
      2 792
      1 793
      2 794
      1 795
      2 796
      2 797
      1 800
      1 801
      2 802
      3 803
      2 804
      2 805
      1 806
      3 808
      1 810
      3 811
      1 813
      3 814
      2 815
      2 817
      2 818
      1 820
      1 822
      2 823
      2 825
      1 826
      1 827
      2 828
      2 829
      1 830
      1 831
      4 832
      2 833
      1 834
      3 839
      1 841
      2 842
      2 844
      1 846
      3 847
      2 849
      1 853
      1 854
      2 856
      1 858
      2 859
      1 860
      1 862
      1 865
      1 866
      1 868
      2 870
      1 871
      2 873
      1 876
      1 877
      2 878
      1 879
      1 888
      1 889
      1 890
      2 891
      2 892
      1 893
      1 894
      2 896
      1 899
      2 900
      1 902
      1 903
      1 904
      1 905
      1 906
      2 908
      2 914
      1 918
      1 919
      1 923
      1 925
      1 926
      2 928
      1 930
      2 934
      1 935
      1 940
      1 942
      2 943
      1 947
      1 952
      1 960
      2 963
      2 965
      1 966
      1 975
      1 977
      1 980
      1 982
      1 985
      1 986
      2 988
      1 990
      1 991
      1 994
      1 1009
      1 1010
      1 1012
      1 1018
      1 1021
      1 1026
      1 1027
      1 1031
      1 1033
      2 1034
      1 1037
      2 1040
      1 1046
      1 1055
      1 1058
      1 1065
      1 1066
      1 1070
      1 1073
      1 1081
      1 1084
      1 1087
      1 1092
      2 1100
      1 1107
      1 1113
      1 1114
      1 1131
      2 1135
      1 1140
      1 1148
      1 1162
      1 1167
      1 1176
      1 1208
      1 1222
      1 1225
      1 1232
      1 1236
      1 1248
      2 1250
      1 1252
      1 1256
      1 1259
      1 1260
      1 1262
      1 1320
      1 1358
      1 1388
      1 1439
      1 1446
      1 1455
      1 1502
      1 2006
      1 2304
      1 2443
      1 3900
      1 7831
      1 8009
---AAD-PGBENCH-LAG-US---
