pgbench (18.6 (Debian 18.6-1.pgdg13+2))
starting vacuum...end.
transaction type: <builtin: select only>
scaling factor: 1000
query mode: simple
number of clients: 128
number of threads: 16
maximum number of tries: 1
duration: 480 s
number of transactions actually processed: 66190564
number of failed transactions: 0 (0.000%)
latency average = 0.424 ms
latency stddev = 0.196 ms
rate limit schedule lag: avg 0.047 (max 28.644) ms
initial connection time = 243.307 ms
tps = 137963.580360 (without initial connection time)
---AAD-PGBENCH-LATENCY-US---
rc=0
samples=1323373
      3 225
      1 226
      1 227
      1 228
      2 229
      2 230
      4 231
      6 232
     25 233
     19 234
     24 235
     31 236
     45 237
     55 238
     73 239
     76 240
     95 241
    137 242
    138 243
    166 244
    196 245
    215 246
    251 247
    315 248
    294 249
    399 250
    430 251
    535 252
    522 253
    586 254
    638 255
    685 256
    707 257
    904 258
    999 259
    998 260
   1091 261
   1184 262
   1392 263
   1450 264
   1537 265
   1631 266
   1712 267
   1841 268
   1971 269
   2183 270
   2325 271
   2378 272
   2519 273
   2654 274
   2817 275
   2879 276
   3140 277
   3164 278
   3232 279
   3239 280
   3558 281
   3679 282
   3734 283
   3928 284
   4007 285
   4101 286
   4182 287
   4240 288
   4390 289
   4524 290
   4711 291
   4861 292
   4869 293
   5053 294
   5254 295
   5363 296
   5478 297
   5808 298
   5784 299
   5929 300
   6144 301
   6199 302
   6399 303
   6613 304
   6729 305
   6946 306
   7194 307
   7315 308
   7443 309
   7589 310
   7801 311
   8026 312
   8067 313
   8338 314
   8272 315
   8364 316
   8452 317
   8688 318
   8713 319
   8837 320
   8885 321
   8847 322
   8995 323
   8925 324
   9075 325
   9195 326
   9123 327
   9309 328
   9418 329
   9337 330
   9354 331
   9343 332
   9300 333
   9333 334
   9421 335
   9525 336
   9464 337
   9451 338
   9482 339
   9681 340
   9733 341
   9702 342
   9703 343
   9700 344
   9616 345
   9584 346
   9641 347
   9422 348
   9637 349
   9453 350
   9184 351
   9129 352
   9163 353
   9079 354
   9089 355
   8800 356
   8668 357
   8746 358
   8537 359
   8443 360
   8507 361
   8431 362
   8197 363
   8150 364
   7939 365
   7919 366
   7880 367
   7793 368
   7594 369
   7830 370
   7643 371
   7560 372
   7523 373
   7347 374
   7331 375
   7352 376
   7073 377
   7109 378
   7086 379
   7041 380
   6657 381
   6773 382
   6603 383
   6687 384
   6427 385
   6316 386
   6314 387
   6158 388
   6091 389
   5927 390
   5911 391
   5821 392
   5575 393
   5733 394
   5669 395
   5513 396
   5515 397
   5312 398
   5375 399
   5223 400
   5164 401
   5146 402
   5001 403
   5090 404
   4937 405
   4932 406
   4653 407
   4890 408
   4754 409
   4750 410
   4664 411
   4562 412
   4511 413
   4429 414
   4476 415
   4391 416
   4277 417
   4381 418
   4091 419
   4144 420
   4040 421
   4027 422
   3961 423
   4002 424
   3790 425
   3716 426
   3618 427
   3587 428
   3577 429
   3461 430
   3396 431
   3337 432
   3362 433
   3254 434
   3270 435
   3106 436
   3116 437
   3185 438
   2941 439
   3102 440
   3012 441
   2944 442
   2897 443
   2848 444
   2903 445
   2843 446
   2806 447
   2743 448
   2688 449
   2683 450
   2636 451
   2613 452
   2526 453
   2466 454
   2474 455
   2367 456
   2441 457
   2396 458
   2376 459
   2327 460
   2286 461
   2270 462
   2157 463
   2162 464
   2106 465
   2157 466
   2117 467
   2030 468
   2028 469
   2031 470
   1974 471
   1906 472
   1935 473
   1875 474
   1932 475
   1809 476
   1875 477
   1869 478
   1758 479
   1796 480
   1841 481
   1819 482
   1766 483
   1755 484
   1700 485
   1758 486
   1693 487
   1682 488
   1652 489
   1579 490
   1579 491
   1642 492
   1456 493
   1431 494
   1452 495
   1458 496
   1347 497
   1360 498
   1368 499
   1329 500
   1323 501
   1318 502
   1246 503
   1272 504
   1251 505
   1210 506
   1168 507
   1102 508
   1160 509
   1197 510
   1133 511
   1114 512
   1063 513
   1127 514
   1069 515
   1046 516
   1096 517
   1012 518
   1038 519
   1047 520
   1021 521
    989 522
    975 523
    971 524
    941 525
    926 526
    928 527
    894 528
    888 529
    851 530
    806 531
    830 532
    842 533
    841 534
    828 535
    782 536
    793 537
    795 538
    779 539
    749 540
    808 541
    746 542
    703 543
    767 544
    705 545
    731 546
    704 547
    683 548
    723 549
    635 550
    679 551
    643 552
    643 553
    633 554
    660 555
    629 556
    585 557
    593 558
    589 559
    599 560
    568 561
    596 562
    532 563
    537 564
    511 565
    545 566
    557 567
    497 568
    479 569
    488 570
    442 571
    478 572
    466 573
    489 574
    445 575
    422 576
    441 577
    413 578
    437 579
    400 580
    404 581
    393 582
    375 583
    412 584
    370 585
    375 586
    374 587
    366 588
    344 589
    367 590
    348 591
    350 592
    322 593
    335 594
    349 595
    332 596
    318 597
    333 598
    326 599
    311 600
    308 601
    293 602
    296 603
    310 604
    310 605
    285 606
    298 607
    292 608
    295 609
    268 610
    232 611
    237 612
    243 613
    246 614
    284 615
    266 616
    225 617
    218 618
    247 619
    244 620
    234 621
    250 622
    238 623
    213 624
    190 625
    207 626
    197 627
    230 628
    199 629
    201 630
    204 631
    192 632
    195 633
    168 634
    187 635
    182 636
    196 637
    182 638
    176 639
    180 640
    181 641
    159 642
    170 643
    168 644
    156 645
    146 646
    131 647
    147 648
    137 649
    147 650
    147 651
    138 652
    139 653
    134 654
    145 655
    126 656
    132 657
    147 658
    129 659
    128 660
    117 661
    138 662
    134 663
    135 664
    118 665
    121 666
    109 667
    123 668
     94 669
    106 670
    121 671
    111 672
    110 673
    122 674
     90 675
     96 676
    100 677
     95 678
    107 679
    108 680
     93 681
     90 682
     82 683
     98 684
     69 685
     86 686
     79 687
     95 688
     82 689
     74 690
     89 691
     81 692
     80 693
     86 694
     82 695
     83 696
     87 697
     86 698
     85 699
     55 700
     89 701
     60 702
     58 703
     72 704
     75 705
     70 706
     65 707
     73 708
     68 709
     56 710
     70 711
     64 712
     59 713
     56 714
     61 715
     51 716
     49 717
     51 718
     48 719
     48 720
     51 721
     42 722
     46 723
     46 724
     58 725
     33 726
     46 727
     64 728
     36 729
     47 730
     42 731
     45 732
     43 733
     41 734
     39 735
     38 736
     49 737
     36 738
     43 739
     33 740
     39 741
     37 742
     39 743
     46 744
     34 745
     35 746
     25 747
     38 748
     40 749
     26 750
     30 751
     33 752
     35 753
     41 754
     33 755
     17 756
     24 757
     28 758
     31 759
     27 760
     21 761
     31 762
     26 763
     33 764
     23 765
     43 766
     27 767
     27 768
     23 769
     26 770
     27 771
     15 772
     35 773
     27 774
     26 775
     28 776
     27 777
     19 778
     20 779
     34 780
     25 781
     22 782
     26 783
     28 784
     26 785
     29 786
     26 787
     17 788
     27 789
     18 790
     15 791
     11 792
     14 793
     20 794
     13 795
     22 796
     25 797
     17 798
     17 799
     17 800
     16 801
     16 802
     17 803
     28 804
     11 805
     18 806
     13 807
     11 808
      9 809
     13 810
     17 811
     11 812
     10 813
     15 814
     23 815
     10 816
     16 817
     12 818
     12 819
     11 820
     16 821
     21 822
      8 823
     12 824
     11 825
     16 826
     13 827
     13 828
      9 829
     13 830
     13 831
     10 832
     14 833
     10 834
     17 835
     11 836
      7 837
     13 838
      9 839
      6 840
      8 841
      9 842
      6 843
      7 844
      7 845
     19 846
      9 847
     10 848
     11 849
      9 850
     12 851
      5 852
     15 853
      7 854
     10 855
      6 856
     10 857
     13 858
      9 859
     10 860
     14 861
     12 862
      9 863
      6 864
      9 865
     11 866
      7 867
     10 868
      8 869
     11 870
      8 871
      8 872
      4 873
     11 874
      5 875
     10 876
      6 877
      5 878
      8 879
      5 880
      9 881
      5 882
      8 883
      3 884
      7 885
      7 886
      8 887
      5 888
     11 889
      9 890
      4 891
      6 892
      4 893
      8 894
      9 895
      4 896
      7 897
      6 898
      8 899
      2 900
      5 901
      4 902
      7 903
      9 904
      8 905
      7 906
      4 907
      4 908
     11 909
      5 910
      3 911
      8 912
      5 913
      5 914
      7 915
      5 916
      6 917
      5 918
      3 919
      2 920
     11 921
      2 922
      8 923
      4 924
      3 925
      5 926
      4 927
      4 928
      4 929
      7 930
      2 931
      6 932
      4 933
      5 934
      4 935
      3 936
      1 937
      5 938
      3 939
      2 940
      3 941
      8 942
      3 943
      3 944
      5 945
      3 946
      2 947
      5 948
      5 950
      4 951
      4 952
      4 953
      4 954
      3 955
      3 956
      3 957
      5 958
      5 959
      3 960
      3 961
      2 962
      3 963
      1 964
      1 965
      3 966
      6 967
      5 968
      2 969
      4 970
     12 971
      1 972
      4 973
      5 974
      3 975
      4 976
      2 977
      4 978
      3 979
      1 980
      1 981
      3 982
      3 984
      1 985
      3 986
      4 987
      2 988
      6 989
      2 990
      5 991
      1 992
      4 993
      1 994
      1 995
      2 996
      3 997
      5 998
      2 999
      3 1000
      2 1001
      2 1002
      1 1003
      4 1004
      3 1005
      3 1006
      2 1007
      4 1008
      3 1009
      3 1010
      2 1011
      3 1012
      1 1013
      3 1014
      2 1015
      2 1016
      1 1017
      4 1018
      3 1020
      2 1021
      1 1022
      1 1023
      5 1024
      1 1025
      4 1027
      2 1028
      1 1029
      6 1030
      2 1031
      3 1032
      1 1033
      1 1034
      2 1035
      2 1036
      1 1038
      2 1039
      2 1041
      1 1042
      2 1043
      2 1044
      1 1045
      1 1046
      2 1047
      1 1048
      4 1049
      2 1050
      2 1051
      4 1052
      2 1054
      2 1055
      1 1056
      3 1058
      3 1061
      5 1062
      5 1063
      2 1064
      4 1067
      4 1068
      1 1069
      1 1071
      2 1072
      5 1073
      3 1074
      2 1075
      3 1076
      1 1077
      1 1078
      1 1079
      1 1081
      1 1082
      2 1083
      3 1084
      1 1085
      3 1086
      1 1087
      2 1088
      2 1090
      2 1091
      1 1092
      3 1093
      3 1094
      1 1095
      3 1096
      2 1098
      1 1099
      2 1100
      3 1101
      2 1102
      2 1103
      2 1104
      1 1107
      1 1110
      2 1111
      2 1112
      1 1113
      2 1114
      2 1117
      2 1118
      1 1121
      1 1123
      1 1124
      1 1125
      1 1126
      1 1128
      3 1129
      2 1130
      1 1131
      1 1132
      4 1133
      2 1135
      1 1136
      1 1137
      2 1138
      3 1139
      1 1142
      1 1143
      1 1144
      2 1145
      1 1147
      1 1149
      1 1151
      1 1152
      1 1155
      3 1157
      1 1159
      1 1161
      2 1163
      2 1166
      1 1168
      1 1169
      1 1172
      2 1173
      1 1175
      3 1176
      2 1177
      2 1178
      2 1179
      1 1180
      2 1181
      1 1182
      2 1183
      1 1184
      1 1186
      1 1187
      2 1188
      1 1189
      1 1190
      1 1192
      2 1196
      3 1200
      1 1202
      1 1206
      1 1207
      1 1208
      1 1210
      3 1211
      1 1212
      1 1213
      1 1215
      1 1216
      1 1217
      1 1219
      1 1222
      1 1225
      1 1226
      1 1228
      1 1230
      3 1234
      1 1238
      3 1241
      1 1244
      1 1247
      1 1248
      1 1250
      2 1256
      3 1257
      1 1261
      1 1262
      1 1263
      1 1265
      2 1267
      1 1268
      1 1269
      1 1270
      1 1271
      2 1272
      1 1274
      1 1276
      1 1278
      1 1282
      1 1284
      2 1286
      1 1292
      1 1294
      1 1298
      2 1305
      2 1307
      1 1310
      1 1313
      1 1314
      1 1322
      1 1327
      1 1329
      1 1336
      1 1337
      1 1338
      1 1345
      1 1349
      1 1350
      2 1355
      2 1356
      1 1357
      1 1358
      1 1365
      1 1376
      1 1382
      1 1384
      2 1386
      1 1388
      1 1400
      1 1401
      1 1407
      1 1408
      2 1417
      1 1419
      1 1421
      1 1424
      1 1426
      1 1430
      1 1432
      1 1433
      1 1435
      2 1441
      2 1445
      1 1446
      1 1452
      1 1454
      1 1458
      1 1465
      1 1468
      1 1473
      1 1488
      2 1497
      1 1501
      2 1504
      1 1505
      2 1508
      1 1520
      1 1532
      1 1533
      1 1541
      1 1549
      1 1552
      2 1553
      1 1558
      1 1559
      1 1566
      1 1570
      1 1600
      1 1607
      1 1608
      1 1611
      1 1612
      1 1615
      1 1617
      1 1620
      1 1621
      1 1624
      1 1627
      1 1638
      1 1639
      1 1641
      1 1642
      1 1646
      1 1654
      1 1656
      1 1658
      1 1660
      1 1665
      1 1677
      1 1678
      1 1679
      1 1681
      1 1691
      1 1692
      1 1693
      1 1694
      1 1697
      1 1704
      2 1706
      1 1709
      1 1714
      1 1715
      1 1720
      2 1722
      1 1725
      1 1726
      1 1739
      1 1748
      1 1758
      1 1770
      1 1784
      1 1793
      1 1801
      1 1803
      1 1805
      1 1807
      1 1815
      2 1816
      1 1819
      1 1820
      1 1842
      1 1859
      1 1866
      1 1869
      1 1873
      1 1910
      1 1911
      1 1965
      1 1984
      1 1993
      1 1999
      1 2020
      1 2032
      1 2038
      1 2040
      1 2059
      1 2093
      1 2109
      2 2112
      1 2221
      1 2222
      1 2277
      1 2281
      1 2282
      1 2379
      1 2540
      1 2791
      1 2895
      1 2981
      1 3010
      1 3037
      1 3040
      1 3105
      1 3538
      1 3590
      1 3702
      1 3721
      1 3951
      1 4046
      1 4138
      1 4331
      1 4354
      1 4391
      1 4428
      1 4730
      1 4788
      1 4808
      1 4892
      1 5274
      1 6050
      1 6159
      1 6790
      1 6813
      1 7467
      1 12123
      1 18803
      1 24588
---AAD-PGBENCH-LAG-US---
  23329 0
  20230 1
  18449 2
  16893 3
  16372 4
  15850 5
  15014 6
  14572 7
  13718 8
  13842 9
  13423 10
  12921 11
  13054 12
  12749 13
  12720 14
  12636 15
  12499 16
  12508 17
  12308 18
  12689 19
  12235 20
  12171 21
  12251 22
  12060 23
  12202 24
  11948 25
  12172 26
  12103 27
  12034 28
  12013 29
  11923 30
  11846 31
  11862 32
  11677 33
  11703 34
  11523 35
  11239 36
  11226 37
  11320 38
  10926 39
  10974 40
  10852 41
  10630 42
  10797 43
  10576 44
  10550 45
  10521 46
  10199 47
  10197 48
   9866 49
   9555 50
   9320 51
   8747 52
   7960 53
   8068 54
  20983 55
  35952 56
  18841 57
  14708 58
  13771 59
  13315 60
  17173 61
  33676 62
  51064 63
  80107 64
  63019 65
  29704 66
  22218 67
  21690 68
  22527 69
  25799 70
  23963 71
  23026 72
  18901 73
  12192 74
   9445 75
   8218 76
   7221 77
   7022 78
   6609 79
   5063 80
   3968 81
   3303 82
   2772 83
   2155 84
   1857 85
   1596 86
   1344 87
   1155 88
    920 89
    813 90
    705 91
    575 92
    560 93
    410 94
    386 95
    365 96
    336 97
    300 98
    279 99
    273 100
    227 101
    237 102
    235 103
    207 104
    209 105
    202 106
    196 107
    187 108
    171 109
    174 110
    170 111
    181 112
    150 113
    153 114
    133 115
    135 116
    125 117
    143 118
    167 119
    145 120
    143 121
    137 122
    132 123
    132 124
    135 125
    100 126
    127 127
    131 128
     99 129
    121 130
    129 131
    102 132
    116 133
    116 134
    123 135
    110 136
    100 137
    100 138
    116 139
    117 140
     99 141
    104 142
     98 143
     84 144
    104 145
     87 146
     87 147
     90 148
    119 149
    110 150
    108 151
     83 152
    109 153
     70 154
     79 155
     70 156
     70 157
     90 158
     84 159
     69 160
     75 161
     84 162
     79 163
     66 164
     66 165
     74 166
     74 167
     61 168
     60 169
     61 170
     66 171
     58 172
     56 173
     68 174
     55 175
     59 176
     60 177
     64 178
     58 179
     58 180
     61 181
     54 182
     56 183
     55 184
     45 185
     34 186
     63 187
     46 188
     41 189
     43 190
     54 191
     53 192
     45 193
     48 194
     43 195
     47 196
     37 197
     44 198
     38 199
     35 200
     36 201
     41 202
     44 203
     35 204
     47 205
     25 206
     28 207
     30 208
     32 209
     32 210
     26 211
     29 212
     34 213
     30 214
     35 215
     26 216
     36 217
     27 218
     31 219
     19 220
     26 221
     28 222
     17 223
     28 224
     20 225
     18 226
     25 227
     22 228
     24 229
     26 230
     25 231
     15 232
     22 233
     19 234
     15 235
     21 236
     14 237
     14 238
     19 239
     17 240
     14 241
     20 242
     16 243
     16 244
     15 245
     15 246
     20 247
     18 248
     13 249
     15 250
     10 251
     12 252
     12 253
     16 254
     11 255
     11 256
     16 257
     12 258
      7 259
      9 260
      7 261
      4 262
     10 263
      9 264
     14 265
     10 266
      6 267
      5 268
      6 269
     11 270
      9 271
      5 272
     12 273
      9 274
      9 275
      9 276
     11 277
      9 278
      4 279
      8 280
      8 281
     10 282
      8 283
     10 284
      7 285
      4 286
     10 287
      7 288
      4 289
      4 290
      5 291
      3 292
      5 293
      3 294
      1 295
      5 296
      3 297
      3 298
      4 299
      3 300
      6 301
      2 302
      3 303
      5 304
      1 305
      3 306
      6 307
      3 308
      2 309
      3 310
      2 311
      2 312
      3 313
      4 314
      1 315
      5 316
      2 317
      1 318
      4 319
      1 320
      2 321
      2 322
      2 323
      3 324
      1 325
      1 326
      1 327
      2 329
      1 330
      5 331
      2 333
      3 335
      2 336
      2 337
      1 340
      2 341
      4 342
      1 344
      2 345
      3 347
      1 348
      1 350
      1 352
      1 354
      1 355
      2 356
      1 357
      3 358
      2 359
      3 361
      2 362
      1 363
      1 364
      1 365
      1 367
      1 368
      1 371
      1 372
      1 374
      3 376
      1 377
      1 378
      2 382
      3 387
      2 388
      1 390
      1 391
      2 392
      2 394
      1 397
      5 398
      2 399
      2 400
      1 401
      1 403
      1 405
      1 412
      1 414
      2 415
      1 420
      1 421
      1 422
      1 425
      1 426
      1 427
      1 429
      1 432
      1 435
      1 439
      1 442
      1 443
      2 446
      1 450
      1 453
      1 454
      1 464
      1 469
      2 470
      1 472
      1 476
      2 477
      1 480
      1 485
      1 488
      1 494
      2 498
      2 499
      1 501
      1 503
      2 506
      1 510
      1 514
      1 515
      1 525
      1 526
      1 529
      1 534
      2 536
      1 537
      1 547
      1 562
      1 564
      1 571
      1 574
      1 581
      1 592
      1 599
      1 609
      1 610
      1 613
      1 621
      1 642
      1 665
      1 703
      1 766
      1 792
      1 813
      1 815
      1 822
      1 846
      1 870
      1 882
      1 893
      1 939
      1 964
      1 1007
      1 1082
      1 1085
      1 1092
      1 1111
      1 1205
      1 1217
      1 1242
      1 1255
      1 1273
      1 1293
      1 1351
      1 1389
      1 1424
      1 1442
      1 1498
      1 1527
      1 1562
      1 1572
      1 1585
      1 1689
      1 1725
      1 1777
      1 1812
      2 1903
      1 1915
      1 1933
      1 1996
      1 2029
      1 2267
      1 2301
      1 2464
      1 2580
      1 2646
      1 2682
      1 2744
      1 2768
      1 2859
      1 2872
      1 2944
      1 2979
      1 3048
      1 3057
      1 3074
      1 3113
      1 3269
      1 3300
      1 3316
      1 3425
      1 3442
      1 3534
      1 3541
      1 3543
      1 3573
      1 3584
      1 3623
      1 3641
      1 3670
      1 3698
      1 3781
      1 3990
      1 4040
      1 4092
      1 4130
      1 4231
      1 4274
      1 4292
      1 4329
      1 4377
      1 4460
      1 4507
      1 4599
      1 4626
      1 4653
      1 4713
      1 4886
      1 4913
      1 4930
      1 4958
      1 5054
      1 5211
      1 5228
      1 5372
      1 5462
      1 5529
      1 5538
      1 5675
      1 5828
      1 5978
      1 6175
      1 6245
      1 6288
      1 6311
      1 6365
      1 6374
      1 6375
      1 6458
      1 6646
      1 6693
      1 6802
      1 6822
      1 6841
      1 7040
      1 7121
      1 7196
      1 7216
      1 7222
      1 7401
      1 7445
      1 7488
      1 7667
      1 7798
      1 7868
      1 7985
      1 8115
      1 8176
      1 8210
      1 8256
      1 8260
      1 8412
      1 8419
      1 8458
      1 8723
      1 8842
      1 8846
      1 9110
      1 9117
      1 9218
      1 9235
      1 9457
      1 9803
      1 9934
      1 10053
      1 10086
      1 10319
      1 10458
      1 10636
      1 10740
      1 10825
      1 10956
      1 11025
      1 11030
      1 11109
      1 11367
      1 11440
      1 11620
      1 11885
      1 12170
      1 12220
      1 12276
      1 12323
      1 12362
      1 12480
      1 12612
      1 12743
      1 12860
      1 12933
      1 13112
      1 13407
      1 13626
      1 13769
      1 13834
      1 14055
      1 14077
      1 14107
      1 14219
      1 14257
      1 14510
      1 14543
      1 14551
      1 14855
      1 15136
      1 15139
      1 15168
      1 15184
      1 15294
      1 15501
      1 15643
      1 15734
      1 15753
      1 15923
      1 16151
      1 16332
      1 16372
      1 16403
      1 16624
      1 16629
      1 17071
      1 17087
      1 17164
      1 17266
      1 17322
      1 17333
      1 17570
      1 17666
      1 17669
      1 17877
      1 17938
      1 18046
      1 18163
      1 18168
      1 18169
      1 18382
      1 18389
      1 18595
      1 18868
      1 18875
      1 18956
      1 19020
      1 19034
      1 19061
      1 19157
      1 19183
      1 19221
      1 19242
      1 19382
      1 19389
      1 19431
      1 19498
      1 20089
      1 20193
      1 20210
      1 20334
      1 20638
      1 20973
      1 20979
      1 21121
      1 21193
      1 21233
      1 21360
      1 21434
      1 21554
      1 22374
      1 23599
      1 27300
