pgbench (18.6 (Debian 18.6-1.pgdg13+2))
starting vacuum...end.
transaction type: <builtin: select only>
scaling factor: 1000
query mode: simple
number of clients: 128
number of threads: 16
maximum number of tries: 1
duration: 480 s
number of transactions actually processed: 66180255
number of failed transactions: 0 (0.000%)
latency average = 0.422 ms
latency stddev = 0.100 ms
rate limit schedule lag: avg 0.045 (max 18.249) ms
initial connection time = 235.589 ms
tps = 137939.778139 (without initial connection time)
---AAD-PGBENCH-LATENCY-US---
rc=0
samples=1323409
      2 221
      4 226
      4 227
      3 228
      2 229
      9 230
      7 231
     12 232
     11 233
     38 234
     21 235
     36 236
     38 237
     64 238
     66 239
     74 240
     86 241
    137 242
    144 243
    170 244
    177 245
    211 246
    256 247
    269 248
    332 249
    348 250
    446 251
    481 252
    542 253
    572 254
    605 255
    710 256
    814 257
    812 258
    944 259
   1003 260
   1117 261
   1200 262
   1327 263
   1390 264
   1518 265
   1619 266
   1714 267
   1801 268
   1951 269
   2143 270
   2167 271
   2286 272
   2502 273
   2651 274
   2687 275
   2869 276
   2997 277
   3180 278
   3201 279
   3309 280
   3554 281
   3689 282
   3834 283
   3849 284
   3976 285
   3989 286
   4237 287
   4228 288
   4526 289
   4548 290
   4759 291
   4889 292
   4898 293
   5156 294
   5236 295
   5307 296
   5497 297
   5738 298
   5724 299
   6086 300
   6194 301
   6365 302
   6357 303
   6617 304
   6784 305
   6956 306
   7003 307
   7321 308
   7349 309
   7606 310
   7755 311
   7910 312
   8114 313
   8254 314
   8253 315
   8543 316
   8647 317
   8642 318
   8758 319
   8889 320
   8955 321
   8804 322
   9079 323
   9070 324
   9081 325
   9176 326
   9318 327
   9305 328
   9154 329
   9376 330
   9585 331
   9533 332
   9539 333
   9762 334
   9535 335
   9617 336
   9916 337
   9715 338
   9776 339
   9696 340
   9622 341
   9876 342
   9883 343
   9643 344
   9645 345
   9709 346
   9713 347
   9624 348
   9527 349
   9470 350
   9220 351
   9150 352
   9239 353
   8991 354
   8992 355
   9037 356
   8929 357
   8579 358
   8713 359
   8641 360
   8581 361
   8405 362
   8301 363
   8420 364
   7940 365
   8076 366
   8055 367
   7797 368
   8119 369
   7685 370
   7666 371
   7641 372
   7401 373
   7346 374
   7461 375
   7455 376
   7158 377
   7185 378
   6944 379
   6869 380
   6791 381
   6846 382
   6798 383
   6583 384
   6587 385
   6398 386
   6307 387
   6071 388
   6085 389
   6027 390
   5911 391
   5802 392
   5669 393
   5647 394
   5581 395
   5523 396
   5263 397
   5362 398
   5385 399
   5236 400
   5288 401
   5159 402
   5050 403
   4942 404
   4816 405
   4975 406
   4784 407
   4736 408
   4781 409
   4629 410
   4644 411
   4693 412
   4567 413
   4539 414
   4370 415
   4271 416
   4291 417
   4151 418
   4118 419
   4106 420
   3980 421
   3960 422
   3855 423
   3878 424
   3737 425
   3717 426
   3675 427
   3485 428
   3480 429
   3373 430
   3479 431
   3327 432
   3310 433
   3165 434
   3284 435
   3155 436
   3223 437
   3128 438
   3030 439
   3055 440
   2916 441
   3006 442
   2816 443
   2833 444
   2889 445
   2816 446
   2713 447
   2714 448
   2665 449
   2519 450
   2584 451
   2498 452
   2483 453
   2458 454
   2396 455
   2315 456
   2333 457
   2258 458
   2280 459
   2320 460
   2235 461
   2126 462
   2074 463
   2097 464
   2117 465
   2122 466
   2061 467
   2084 468
   2055 469
   1925 470
   1976 471
   1996 472
   1919 473
   1872 474
   1817 475
   1815 476
   1808 477
   1785 478
   1806 479
   1776 480
   1737 481
   1765 482
   1685 483
   1717 484
   1692 485
   1626 486
   1589 487
   1517 488
   1591 489
   1599 490
   1477 491
   1472 492
   1474 493
   1453 494
   1399 495
   1404 496
   1396 497
   1375 498
   1324 499
   1244 500
   1289 501
   1261 502
   1183 503
   1212 504
   1211 505
   1168 506
   1205 507
   1165 508
   1199 509
   1094 510
   1109 511
   1155 512
   1091 513
   1054 514
   1093 515
   1100 516
   1042 517
   1033 518
   1000 519
    977 520
    922 521
    981 522
    954 523
    984 524
    942 525
    878 526
    961 527
    896 528
    900 529
    862 530
    873 531
    828 532
    816 533
    817 534
    819 535
    812 536
    819 537
    752 538
    745 539
    777 540
    721 541
    707 542
    766 543
    716 544
    705 545
    708 546
    727 547
    699 548
    656 549
    661 550
    649 551
    617 552
    649 553
    606 554
    580 555
    609 556
    609 557
    567 558
    592 559
    580 560
    542 561
    579 562
    576 563
    538 564
    517 565
    512 566
    491 567
    516 568
    461 569
    494 570
    494 571
    443 572
    438 573
    447 574
    463 575
    445 576
    421 577
    412 578
    410 579
    430 580
    441 581
    419 582
    394 583
    383 584
    353 585
    383 586
    351 587
    380 588
    362 589
    350 590
    344 591
    347 592
    306 593
    311 594
    362 595
    295 596
    287 597
    353 598
    299 599
    309 600
    317 601
    303 602
    290 603
    268 604
    274 605
    305 606
    257 607
    272 608
    257 609
    251 610
    255 611
    262 612
    257 613
    245 614
    208 615
    213 616
    223 617
    233 618
    251 619
    268 620
    242 621
    268 622
    219 623
    201 624
    229 625
    219 626
    208 627
    205 628
    209 629
    190 630
    191 631
    193 632
    180 633
    181 634
    183 635
    186 636
    186 637
    165 638
    172 639
    170 640
    159 641
    171 642
    150 643
    176 644
    141 645
    149 646
    148 647
    156 648
    152 649
    167 650
    151 651
    141 652
    150 653
    145 654
    115 655
    134 656
    141 657
    121 658
    103 659
    132 660
    117 661
    116 662
    110 663
    106 664
    108 665
    124 666
    115 667
    108 668
     98 669
    121 670
    120 671
    116 672
    104 673
     91 674
    119 675
    102 676
    104 677
     98 678
     87 679
     93 680
    101 681
     90 682
     93 683
     88 684
     79 685
     75 686
     86 687
     87 688
     63 689
     80 690
     90 691
     75 692
     77 693
     75 694
     90 695
     75 696
     66 697
     75 698
     88 699
     60 700
     77 701
     68 702
     52 703
     77 704
     60 705
     65 706
     60 707
     65 708
     68 709
     63 710
     53 711
     54 712
     69 713
     60 714
     63 715
     57 716
     47 717
     59 718
     53 719
     57 720
     48 721
     51 722
     49 723
     54 724
     53 725
     40 726
     49 727
     38 728
     45 729
     47 730
     47 731
     33 732
     41 733
     48 734
     44 735
     45 736
     39 737
     50 738
     33 739
     38 740
     30 741
     41 742
     45 743
     39 744
     40 745
     35 746
     33 747
     44 748
     28 749
     35 750
     30 751
     37 752
     35 753
     36 754
     26 755
     35 756
     30 757
     33 758
     40 759
     35 760
     29 761
     24 762
     28 763
     23 764
     25 765
     40 766
     37 767
     26 768
     37 769
     24 770
     34 771
     24 772
     19 773
     32 774
     31 775
     28 776
     26 777
     22 778
     24 779
     23 780
     17 781
     25 782
     15 783
     27 784
     28 785
     21 786
     20 787
     19 788
     18 789
     20 790
     23 791
     21 792
     15 793
     20 794
     19 795
     23 796
     24 797
     20 798
     22 799
     22 800
     21 801
     14 802
     20 803
     13 804
     15 805
     12 806
     13 807
     20 808
     18 809
     18 810
     19 811
     17 812
     13 813
     17 814
     16 815
     17 816
     11 817
     15 818
     12 819
     16 820
     16 821
     18 822
     14 823
     14 824
      7 825
     10 826
     16 827
     12 828
     11 829
     10 830
     11 831
     14 832
     13 833
     15 834
     11 835
     17 836
      8 837
     14 838
     15 839
     19 840
     14 841
     20 842
      7 843
     12 844
      8 845
      5 846
     14 847
     14 848
     11 849
     13 850
      7 851
     10 852
     10 853
      8 854
     10 855
      6 856
     13 857
     15 858
      8 859
      8 860
      9 861
      6 862
     14 863
     10 864
      6 865
     12 866
      7 867
     10 868
     13 869
      4 870
      9 871
      8 872
      8 873
      9 874
      6 875
      8 876
      6 877
      8 878
      6 879
      9 880
      9 881
      6 882
      5 883
      6 884
      8 885
      5 886
      4 887
      2 888
      4 889
      8 890
      8 891
     17 892
     10 893
      5 894
      6 895
      7 896
      8 897
     11 898
      6 899
      5 900
      8 901
      3 902
      6 903
      6 904
     14 905
      3 906
      8 907
      3 908
      3 909
      6 910
      9 911
      5 912
      2 913
      6 914
      6 915
      4 916
      6 917
      4 918
      6 919
      5 920
      3 921
      4 922
      1 923
      8 924
      5 925
      8 926
      4 927
      4 928
      3 929
      5 930
      5 931
      6 932
      2 933
      3 934
      6 935
      6 936
      5 937
      5 938
      1 939
      6 940
      6 941
      3 942
      1 943
      5 944
      7 945
      6 946
      4 947
      7 948
      1 949
      3 950
      5 951
      3 952
      6 953
      5 954
      7 955
      5 956
      5 957
      2 958
      5 959
      2 960
      3 961
      3 962
      2 963
      6 964
      5 965
      4 966
      5 967
      4 968
      2 969
      5 970
      6 971
      5 973
      2 974
      4 975
      1 976
      5 977
      7 978
      5 979
      1 980
      4 981
      4 982
      1 983
      3 984
      4 985
      3 986
      1 987
      2 989
      1 990
      1 991
      5 992
      4 993
      2 994
      4 997
      4 998
      1 999
      1 1000
      2 1002
      4 1004
      3 1005
      7 1006
      3 1007
      1 1008
      2 1009
      2 1011
      2 1012
      1 1013
      3 1014
      2 1015
      5 1016
      5 1017
      2 1018
      1 1019
      3 1020
      4 1021
      2 1022
      3 1023
      4 1024
      2 1025
      6 1026
      2 1027
      2 1028
      1 1029
      1 1030
      2 1031
      3 1032
      4 1033
      1 1034
      2 1035
      3 1036
      2 1037
      1 1038
      2 1039
      2 1040
      3 1041
      2 1042
      3 1043
      1 1044
      3 1045
      3 1046
      1 1048
      3 1049
      2 1050
      2 1051
      1 1052
      3 1053
      3 1054
      1 1056
      3 1057
      2 1059
      1 1060
      2 1061
      1 1062
      1 1063
      1 1064
      1 1065
      1 1066
      2 1067
      1 1068
      3 1069
      2 1070
      3 1071
      2 1072
      3 1073
      2 1074
      3 1075
      1 1076
      4 1078
      1 1079
      3 1081
      3 1082
      1 1083
      3 1084
      2 1085
      2 1086
      1 1088
      1 1089
      2 1090
      1 1091
      2 1092
      1 1093
      2 1094
      2 1095
      2 1096
      1 1097
      2 1098
      2 1099
      1 1100
      1 1101
      3 1103
      1 1104
      1 1105
      1 1106
      1 1107
      3 1108
      3 1109
      2 1110
      2 1111
      3 1112
      3 1114
      2 1115
      2 1116
      1 1117
      1 1118
      2 1119
      3 1120
      2 1121
      1 1122
      1 1123
      1 1124
      2 1126
      2 1127
      1 1128
      3 1129
      1 1130
      2 1131
      1 1132
      1 1133
      1 1134
      1 1135
      1 1136
      3 1137
      3 1138
      1 1140
      1 1142
      2 1144
      1 1145
      1 1146
      4 1147
      1 1150
      1 1151
      1 1152
      2 1153
      2 1154
      2 1155
      1 1156
      1 1157
      1 1158
      2 1160
      1 1163
      1 1165
      2 1167
      1 1170
      3 1171
      1 1173
      1 1174
      2 1176
      2 1177
      1 1178
      2 1179
      2 1180
      2 1181
      1 1182
      1 1184
      2 1185
      1 1188
      2 1189
      3 1190
      1 1193
      2 1196
      2 1199
      3 1201
      2 1202
      1 1203
      1 1204
      3 1208
      1 1209
      2 1210
      2 1211
      2 1212
      2 1217
      1 1218
      1 1219
      1 1220
      2 1221
      1 1222
      2 1224
      2 1225
      3 1226
      2 1229
      2 1230
      1 1232
      2 1233
      1 1234
      1 1235
      1 1236
      1 1237
      1 1238
      1 1239
      2 1240
      2 1242
      1 1244
      2 1245
      2 1247
      3 1248
      1 1249
      3 1252
      1 1254
      1 1256
      4 1260
      2 1261
      2 1263
      1 1266
      1 1267
      1 1268
      1 1269
      1 1271
      1 1272
      3 1273
      1 1274
      1 1275
      1 1281
      1 1282
      1 1284
      1 1287
      1 1288
      2 1289
      2 1290
      1 1292
      1 1293
      1 1295
      2 1298
      1 1301
      2 1304
      1 1307
      3 1308
      1 1311
      2 1315
      2 1317
      1 1318
      1 1322
      1 1323
      1 1324
      1 1327
      2 1328
      1 1330
      2 1332
      1 1336
      1 1340
      1 1341
      2 1342
      2 1344
      1 1345
      1 1349
      1 1351
      1 1352
      1 1359
      1 1362
      3 1363
      1 1366
      1 1367
      1 1370
      1 1374
      1 1377
      1 1378
      2 1381
      2 1382
      1 1386
      1 1387
      2 1388
      1 1394
      1 1395
      1 1398
      1 1399
      1 1400
      2 1407
      2 1408
      3 1410
      1 1414
      2 1416
      1 1417
      1 1423
      1 1426
      1 1428
      1 1429
      1 1430
      1 1434
      1 1435
      2 1437
      1 1439
      1 1443
      1 1444
      1 1445
      1 1446
      1 1447
      2 1449
      1 1450
      1 1451
      1 1454
      2 1462
      1 1463
      1 1465
      1 1467
      1 1470
      1 1472
      1 1473
      1 1475
      1 1476
      1 1479
      1 1483
      1 1484
      1 1485
      1 1489
      1 1490
      2 1491
      1 1496
      1 1498
      1 1501
      1 1502
      1 1503
      2 1506
      1 1510
      1 1514
      1 1515
      1 1519
      1 1521
      1 1522
      1 1525
      1 1527
      2 1529
      1 1531
      1 1532
      1 1533
      1 1534
      1 1536
      1 1540
      2 1541
      1 1543
      1 1544
      2 1546
      1 1547
      1 1548
      1 1550
      1 1556
      2 1558
      2 1568
      1 1572
      2 1578
      1 1580
      1 1581
      1 1583
      1 1584
      1 1604
      2 1609
      1 1613
      2 1628
      1 1630
      1 1632
      1 1633
      1 1643
      2 1646
      1 1648
      1 1651
      1 1653
      1 1656
      1 1658
      1 1666
      1 1667
      1 1670
      1 1672
      1 1674
      1 1676
      1 1678
      1 1679
      1 1684
      1 1686
      1 1689
      1 1690
      3 1693
      1 1694
      1 1695
      1 1697
      1 1702
      1 1704
      1 1706
      2 1708
      1 1713
      1 1721
      1 1724
      1 1737
      1 1738
      1 1739
      1 1742
      2 1743
      1 1745
      2 1746
      1 1749
      3 1754
      1 1757
      1 1762
      1 1766
      1 1768
      1 1770
      1 1774
      1 1775
      1 1780
      1 1785
      2 1792
      1 1795
      3 1796
      1 1797
      1 1801
      1 1802
      1 1803
      1 1805
      1 1810
      1 1812
      1 1813
      1 1816
      2 1823
      1 1826
      1 1827
      1 1828
      1 1830
      1 1836
      1 1839
      1 1843
      1 1844
      1 1852
      1 1854
      1 1855
      1 1858
      2 1863
      1 1871
      1 1872
      1 1873
      1 1874
      1 1881
      1 1882
      1 1890
      1 1896
      1 1906
      1 1916
      1 1923
      1 1924
      1 1926
      1 1927
      1 1936
      1 1948
      1 1949
      1 1957
      2 1969
      1 1972
      1 1973
      1 1975
      1 1984
      1 1990
      1 1992
      1 1993
      1 1996
      1 2000
      1 2003
      1 2004
      1 2015
      1 2017
      1 2029
      1 2030
      1 2031
      1 2035
      1 2056
      1 2069
      1 2081
      1 2082
      1 2083
      1 2099
      1 2100
      1 2109
      1 2114
      1 2120
      1 2151
      1 2163
      1 2178
      1 2197
      1 2252
      1 2279
      1 2280
      1 2320
      1 2353
      1 2382
      1 2388
      1 2394
      1 2441
      1 2532
      1 2691
      1 2706
      1 3159
      1 3415
      1 3658
      1 4342
      1 4878
      1 5077
      1 5223
      1 5495
      1 6231
      1 6310
      1 6906
      1 6961
      1 7412
      1 7704
      1 7856
      1 20553
      1 24314
      1 28782
---AAD-PGBENCH-LAG-US---
  23636 0
  20282 1
  18169 2
  16942 3
  16122 4
  16021 5
  15134 6
  14537 7
  14045 8
  13694 9
  13349 10
  13296 11
  12614 12
  12956 13
  12464 14
  12667 15
  12321 16
  12264 17
  12318 18
  12098 19
  12379 20
  12422 21
  12327 22
  12251 23
  12254 24
  12270 25
  12069 26
  11984 27
  12106 28
  12096 29
  12076 30
  11996 31
  11991 32
  11853 33
  11913 34
  11470 35
  11320 36
  11246 37
  11369 38
  11166 39
  10858 40
  10997 41
  10842 42
  10661 43
  10646 44
  10265 45
  10389 46
  10243 47
  10091 48
  10023 49
   9595 50
   9408 51
   8663 52
   7947 53
   7972 54
  19792 55
  35813 56
  19471 57
  14796 58
  13784 59
  13258 60
  16563 61
  33834 62
  52932 63
  81536 64
  64500 65
  30177 66
  21468 67
  21669 68
  22938 69
  26190 70
  23690 71
  22216 72
  18661 73
  11791 74
   9229 75
   7905 76
   7015 77
   6648 78
   6309 79
   4888 80
   3802 81
   3031 82
   2633 83
   2052 84
   1783 85
   1479 86
   1194 87
   1032 88
    891 89
    757 90
    669 91
    568 92
    476 93
    456 94
    408 95
    344 96
    314 97
    291 98
    258 99
    259 100
    212 101
    212 102
    205 103
    218 104
    180 105
    206 106
    196 107
    207 108
    187 109
    180 110
    145 111
    161 112
    144 113
    137 114
    141 115
    142 116
    144 117
    136 118
    135 119
    131 120
    139 121
    127 122
    145 123
    135 124
    129 125
    130 126
    122 127
    138 128
    111 129
    100 130
    124 131
    133 132
    101 133
    105 134
    131 135
    124 136
    133 137
     98 138
     94 139
    100 140
     86 141
    102 142
     82 143
    109 144
     90 145
     75 146
     80 147
     84 148
     82 149
     76 150
     95 151
     79 152
     83 153
     69 154
     62 155
     61 156
     80 157
     77 158
     89 159
     91 160
     82 161
     79 162
     64 163
     68 164
     70 165
     65 166
     81 167
     65 168
     71 169
     71 170
     69 171
     61 172
     59 173
     64 174
     58 175
     60 176
     34 177
     47 178
     45 179
     60 180
     49 181
     46 182
     51 183
     39 184
     51 185
     59 186
     48 187
     46 188
     38 189
     47 190
     36 191
     53 192
     40 193
     45 194
     50 195
     35 196
     44 197
     39 198
     50 199
     35 200
     41 201
     28 202
     30 203
     30 204
     38 205
     27 206
     23 207
     35 208
     30 209
     32 210
     34 211
     23 212
     27 213
     27 214
     26 215
     30 216
     21 217
     27 218
     29 219
     21 220
     24 221
     24 222
     22 223
     19 224
     28 225
     24 226
     32 227
     17 228
     24 229
     24 230
     19 231
     15 232
     22 233
     13 234
     21 235
     19 236
     18 237
     13 238
      7 239
     19 240
     10 241
     10 242
     17 243
     17 244
     11 245
     21 246
     12 247
     12 248
      8 249
     22 250
     13 251
     12 252
     14 253
     15 254
     11 255
      7 256
     12 257
     11 258
     15 259
     12 260
     11 261
      9 262
      9 263
     10 264
     12 265
     11 266
      6 267
      5 268
      7 269
      8 270
      3 271
      7 272
      3 273
      4 274
      8 275
      4 276
      9 277
      3 278
      4 279
     15 280
      5 281
      4 282
      5 283
      7 284
      6 285
      9 286
      6 287
      7 288
      4 289
      7 290
      6 291
      6 292
      7 293
      4 294
      3 295
      1 296
      4 297
      5 298
      1 299
      5 300
      2 301
      3 302
      5 303
      7 304
      5 305
      1 306
      5 307
      3 308
      3 309
      2 310
      5 311
      3 312
      9 313
      1 314
      2 316
      6 317
      1 318
      2 319
      4 320
      3 321
      4 323
      5 324
      3 325
      4 326
      5 327
      2 328
      3 330
      2 331
      3 332
      2 333
      3 334
      3 335
      1 336
      1 337
      4 338
      2 339
      2 340
      4 341
      1 344
      1 346
      1 348
      2 349
      1 352
      2 355
      2 356
      2 357
      1 358
      1 359
      1 360
      1 361
      2 362
      3 363
      1 364
      1 365
      1 366
      1 368
      1 369
      1 370
      1 373
      3 374
      1 375
      1 377
      3 378
      1 380
      1 381
      2 383
      1 385
      3 386
      1 388
      1 391
      1 393
      1 394
      1 395
      1 397
      1 398
      2 399
      2 402
      1 403
      2 405
      1 409
      2 412
      1 415
      1 418
      1 420
      1 423
      1 424
      1 425
      1 432
      1 433
      1 435
      1 438
      2 447
      1 451
      1 457
      1 458
      1 460
      1 469
      1 471
      1 473
      1 481
      2 482
      3 487
      3 491
      1 494
      1 495
      1 499
      1 501
      1 505
      1 517
      1 523
      1 525
      1 540
      1 545
      1 552
      1 560
      1 566
      1 571
      1 572
      2 573
      1 584
      1 600
      1 602
      1 603
      1 612
      1 625
      1 631
      1 641
      1 645
      1 646
      1 654
      1 657
      1 662
      1 664
      1 670
      1 673
      1 690
      2 701
      2 709
      1 712
      1 725
      1 745
      1 751
      1 788
      1 794
      1 797
      1 798
      1 804
      1 807
      1 816
      1 819
      1 830
      1 839
      2 846
      1 862
      1 881
      1 977
      2 1032
      1 1047
      1 1082
      1 1087
      1 1093
      1 1140
      1 1162
      1 1168
      1 1176
      1 1233
      1 1278
      1 1292
      1 1304
      1 1355
      1 1399
      1 1416
      1 1448
      1 1456
      1 1469
      1 1529
      1 1540
      1 1544
      1 1559
      1 1575
      1 1592
      1 1616
      1 1623
      1 1689
      1 1713
      1 1714
      1 1771
      1 1782
      1 1804
      1 1809
      1 1847
      1 1890
      1 1933
      1 1935
      1 1953
      1 1995
      1 2039
      1 2051
      1 2063
      1 2078
      1 2079
      1 2084
      1 2116
      1 2119
      1 2126
      1 2132
      1 2154
      1 2196
      1 2212
      1 2303
      1 2314
      1 2338
      1 2351
      1 2369
      1 2429
      1 2445
      1 2475
      1 2512
      1 2539
      1 2645
      1 2647
      1 2709
      1 2767
      1 2855
      1 2883
      1 2972
      1 2999
      1 3018
      1 3060
      1 3140
      1 3252
      1 3269
      1 3298
      1 3312
      1 3321
      1 3390
      1 3543
      1 3557
      1 3645
      1 3750
      1 3801
      1 3902
      1 3986
      1 3997
      1 4048
      1 4084
      1 4261
      1 4415
      1 4419
      1 4483
      1 4703
      1 4791
      1 4793
      1 5086
      1 5211
      1 5482
      1 5537
      1 5878
      1 5979
      1 6454
      1 6468
      1 6936
      1 7423
      1 7665
      1 7725
      1 7926
      1 8348
      1 8349
      1 8821
      1 9127
      1 9230
      1 9278
      1 9332
      1 9354
      1 9374
      1 9514
      1 15045
