pgbench (18.6 (Debian 18.6-1.pgdg13+2))
starting vacuum...end.
transaction type: <builtin: select only>
scaling factor: 1000
query mode: simple
number of clients: 256
number of threads: 16
maximum number of tries: 1
duration: 60 s
number of transactions actually processed: 7848603
number of failed transactions: 0 (0.000%)
latency average = 1.945 ms
initial connection time = 426.936 ms
tps = 131634.134530 (without initial connection time)
---AAD-PGBENCH-LATENCY-US---
rc=0
samples=156996
      1 277
      1 290
      2 297
      1 304
      1 307
      1 309
      1 310
      1 311
      2 317
      1 318
      2 319
      1 321
      3 322
      1 323
      1 324
      2 325
      1 326
      1 327
      1 328
      1 329
      3 330
      5 331
      3 332
      4 334
      4 335
      5 336
      2 337
      1 338
      1 339
      2 340
      2 341
      1 342
      2 344
      2 345
      5 346
      3 347
      3 348
      1 349
      3 350
      3 351
      6 352
      2 353
      4 354
      5 355
      3 356
      6 357
      4 358
      6 359
      2 360
      7 361
      2 362
      7 363
      4 364
      3 365
      7 366
      3 367
      3 368
      2 369
      1 370
      3 371
      2 372
      1 373
      7 374
      1 375
      3 376
      1 377
      4 378
      1 379
      4 380
      3 381
      4 382
      3 383
      7 384
      7 385
      6 386
      6 387
      4 388
      8 389
      2 390
      8 391
      7 392
      3 393
      2 394
      5 395
      4 396
      4 397
      5 398
      5 399
      6 400
      5 401
      8 402
     10 403
      5 404
      3 405
      4 406
      7 407
      7 408
      4 409
     14 410
      9 411
      6 412
      8 413
      5 414
      8 415
     11 416
      8 417
      9 418
      8 419
      7 420
      9 421
      9 422
      7 423
      6 424
      9 425
     10 426
      8 427
      6 428
     11 429
      6 430
      7 431
      4 432
      7 433
      7 434
      8 435
      9 436
      6 437
      3 438
      7 439
     11 440
      3 441
      6 442
      5 443
      5 444
      7 445
      7 446
      6 447
      8 448
     11 449
     10 450
      6 451
      5 452
      4 453
      9 454
     10 455
      8 456
     11 457
      7 458
      5 459
     10 460
      8 461
      6 462
     15 463
      8 464
      7 465
      7 466
     12 467
      9 468
      4 469
     10 470
     13 471
      9 472
     12 473
     11 474
      8 475
     16 476
      9 477
     14 478
      9 479
     10 480
      8 481
     12 482
     17 483
      8 484
     14 485
     11 486
     15 487
     14 488
     12 489
     14 490
     13 491
     13 492
     11 493
      8 494
     18 495
     14 496
     12 497
     12 498
     11 499
     10 500
      9 501
     11 502
     11 503
      9 504
      5 505
     11 506
     13 507
     11 508
     16 509
      9 510
     12 511
     11 512
     13 513
     16 514
     13 515
     11 516
      6 517
      8 518
     12 519
     11 520
     11 521
     12 522
     15 523
     12 524
     10 525
     11 526
      9 527
     12 528
     11 529
      8 530
     12 531
     12 532
     18 533
     14 534
     15 535
     13 536
     13 537
     15 538
      9 539
     15 540
     16 541
      5 542
     10 543
     16 544
     10 545
     15 546
     22 547
     17 548
     14 549
     10 550
     19 551
     15 552
     23 553
     13 554
     21 555
     16 556
     27 557
     17 558
     19 559
     15 560
     16 561
     17 562
     18 563
     16 564
     23 565
     16 566
     13 567
     21 568
     10 569
     22 570
     17 571
     10 572
     17 573
     11 574
     10 575
     12 576
     14 577
      5 578
      8 579
     16 580
     13 581
     19 582
     18 583
     13 584
     17 585
     12 586
      9 587
     19 588
     14 589
     22 590
     14 591
     19 592
     18 593
     16 594
     18 595
     12 596
     19 597
     13 598
     15 599
     10 600
     17 601
     16 602
     14 603
     19 604
     19 605
     17 606
     12 607
     20 608
     15 609
     28 610
     27 611
     20 612
     17 613
     27 614
     28 615
     21 616
     23 617
     18 618
     23 619
     12 620
     23 621
     22 622
     29 623
     18 624
     15 625
     22 626
     26 627
     14 628
     16 629
     18 630
     19 631
     15 632
     20 633
     18 634
     13 635
      9 636
     27 637
     24 638
     16 639
     17 640
     18 641
     12 642
     10 643
     19 644
      8 645
     14 646
     15 647
     18 648
     13 649
     17 650
      5 651
     17 652
      8 653
     11 654
     12 655
     25 656
     19 657
     14 658
     18 659
     18 660
     12 661
     14 662
     15 663
     13 664
     18 665
     13 666
     14 667
     20 668
     18 669
     13 670
     19 671
     14 672
     25 673
     13 674
     15 675
     23 676
     15 677
     16 678
     16 679
     19 680
     17 681
     17 682
     12 683
     15 684
     24 685
     18 686
     14 687
     18 688
     23 689
     29 690
     16 691
     17 692
     24 693
     22 694
      9 695
     15 696
     22 697
     17 698
     14 699
     11 700
     17 701
     19 702
     13 703
     11 704
     15 705
     21 706
     10 707
     16 708
     12 709
     11 710
     21 711
     16 712
     14 713
     22 714
     13 715
     15 716
     10 717
     13 718
     15 719
     12 720
     12 721
     13 722
     15 723
     12 724
     17 725
     19 726
     18 727
     15 728
     19 729
     13 730
      9 731
     17 732
     16 733
     16 734
     13 735
     10 736
     20 737
     12 738
     11 739
     12 740
     24 741
     12 742
     15 743
     12 744
     12 745
     18 746
     14 747
      7 748
     18 749
     10 750
     15 751
     15 752
     16 753
     14 754
     17 755
     14 756
     16 757
     18 758
     13 759
     12 760
     15 761
     18 762
     16 763
     10 764
     21 765
     12 766
     18 767
     18 768
     10 769
     13 770
     18 771
     16 772
     17 773
     16 774
     11 775
     12 776
     19 777
     18 778
     14 779
     12 780
     23 781
     17 782
     14 783
     19 784
     15 785
     11 786
     12 787
     16 788
     22 789
     15 790
     10 791
     15 792
      9 793
     18 794
     18 795
     11 796
     12 797
     16 798
     15 799
     11 800
     12 801
     15 802
      9 803
     13 804
     19 805
     15 806
     13 807
     20 808
     16 809
     12 810
     13 811
     20 812
     13 813
      7 814
     12 815
     12 816
     10 817
     12 818
     14 819
     16 820
     14 821
     10 822
     15 823
     18 824
     16 825
     14 826
     16 827
     13 828
     14 829
     10 830
     20 831
     24 832
     16 833
     11 834
     19 835
     17 836
     21 837
      8 838
     19 839
     20 840
     14 841
     11 842
     18 843
     18 844
     14 845
     11 846
     12 847
     20 848
     16 849
     11 850
     21 851
     13 852
     15 853
     18 854
     14 855
     10 856
     14 857
      7 858
     14 859
     12 860
     15 861
     16 862
     17 863
     21 864
     14 865
     18 866
     17 867
     22 868
     13 869
     17 870
     12 871
     21 872
     15 873
     17 874
     17 875
     16 876
     14 877
     13 878
     12 879
     17 880
     12 881
     17 882
     14 883
     13 884
     16 885
     18 886
     11 887
     21 888
     18 889
     11 890
     13 891
     14 892
     15 893
     20 894
     16 895
     14 896
     25 897
     17 898
     26 899
     23 900
     14 901
     20 902
     14 903
     17 904
     13 905
     17 906
     13 907
     19 908
     19 909
     19 910
     13 911
     13 912
     22 913
     23 914
     21 915
     16 916
     22 917
     16 918
     12 919
     10 920
     16 921
     12 922
      8 923
     17 924
     17 925
     17 926
     12 927
     17 928
     24 929
     19 930
     23 931
     13 932
     23 933
     19 934
     17 935
     15 936
     13 937
     12 938
     15 939
     17 940
     21 941
     23 942
     24 943
     15 944
     21 945
     20 946
     17 947
     21 948
     17 949
     20 950
     16 951
     18 952
     14 953
     15 954
     21 955
     14 956
     26 957
     17 958
     18 959
     19 960
     22 961
     18 962
     19 963
     16 964
     22 965
     15 966
     19 967
     24 968
     17 969
     19 970
     21 971
     25 972
     23 973
     16 974
     16 975
     19 976
     21 977
     23 978
     25 979
     25 980
     20 981
     15 982
     14 983
     10 984
     18 985
     29 986
     28 987
     24 988
     15 989
     31 990
     16 991
     15 992
     29 993
     12 994
     17 995
     21 996
     17 997
     24 998
     15 999
     13 1000
     22 1001
     17 1002
      7 1003
     16 1004
     22 1005
     22 1006
     30 1007
     15 1008
     16 1009
     18 1010
     24 1011
     19 1012
     18 1013
     28 1014
     24 1015
     29 1016
     26 1017
     19 1018
     26 1019
     27 1020
     18 1021
     26 1022
     21 1023
     26 1024
     30 1025
     29 1026
     29 1027
     24 1028
     21 1029
     25 1030
     18 1031
     21 1032
     19 1033
     18 1034
     26 1035
     25 1036
     23 1037
     20 1038
     31 1039
     33 1040
     23 1041
     23 1042
     27 1043
     27 1044
     35 1045
     21 1046
     22 1047
     22 1048
     27 1049
     20 1050
     22 1051
     24 1052
     29 1053
     25 1054
     23 1055
     30 1056
     17 1057
     21 1058
     36 1059
     36 1060
     25 1061
     22 1062
     24 1063
     19 1064
     38 1065
     30 1066
     29 1067
     23 1068
     36 1069
     21 1070
     29 1071
     30 1072
     39 1073
     31 1074
     35 1075
     36 1076
     19 1077
     23 1078
     34 1079
     27 1080
     32 1081
     30 1082
     34 1083
     29 1084
     38 1085
     26 1086
     28 1087
     24 1088
     32 1089
     27 1090
     31 1091
     26 1092
     31 1093
     33 1094
     27 1095
     26 1096
     28 1097
     30 1098
     34 1099
     36 1100
     23 1101
     40 1102
     37 1103
     42 1104
     31 1105
     29 1106
     30 1107
     32 1108
     29 1109
     38 1110
     36 1111
     26 1112
     38 1113
     41 1114
     42 1115
     35 1116
     42 1117
     29 1118
     26 1119
     22 1120
     49 1121
     34 1122
     44 1123
     29 1124
     39 1125
     45 1126
     24 1127
     38 1128
     33 1129
     31 1130
     40 1131
     32 1132
     43 1133
     40 1134
     35 1135
     51 1136
     35 1137
     34 1138
     40 1139
     34 1140
     28 1141
     39 1142
     37 1143
     47 1144
     43 1145
     39 1146
     40 1147
     41 1148
     47 1149
     47 1150
     43 1151
     27 1152
     50 1153
     43 1154
     46 1155
     34 1156
     39 1157
     45 1158
     39 1159
     47 1160
     49 1161
     37 1162
     41 1163
     42 1164
     46 1165
     41 1166
     33 1167
     51 1168
     57 1169
     49 1170
     47 1171
     47 1172
     57 1173
     43 1174
     57 1175
     52 1176
     45 1177
     50 1178
     44 1179
     53 1180
     57 1181
     45 1182
     48 1183
     42 1184
     54 1185
     49 1186
     54 1187
     41 1188
     42 1189
     51 1190
     44 1191
     47 1192
     53 1193
     60 1194
     47 1195
     57 1196
     54 1197
     48 1198
     52 1199
     49 1200
     61 1201
     62 1202
     57 1203
     44 1204
     68 1205
     54 1206
     54 1207
     62 1208
     47 1209
     53 1210
     67 1211
     49 1212
     59 1213
     56 1214
     51 1215
     61 1216
     69 1217
     73 1218
     58 1219
     61 1220
     72 1221
     43 1222
     59 1223
     58 1224
     55 1225
     64 1226
     59 1227
     49 1228
     67 1229
     56 1230
     64 1231
     61 1232
     76 1233
     78 1234
     65 1235
     70 1236
     67 1237
     84 1238
     72 1239
     58 1240
     53 1241
     66 1242
     56 1243
     82 1244
     67 1245
     61 1246
     69 1247
     62 1248
     61 1249
     80 1250
     96 1251
     80 1252
     70 1253
     66 1254
     61 1255
     66 1256
     75 1257
     70 1258
     70 1259
     87 1260
     84 1261
     76 1262
     74 1263
     78 1264
     75 1265
     80 1266
     72 1267
     76 1268
     86 1269
     96 1270
     77 1271
     77 1272
     73 1273
     77 1274
     77 1275
     94 1276
     81 1277
     75 1278
     95 1279
     95 1280
     71 1281
     90 1282
     88 1283
     87 1284
     82 1285
     94 1286
    107 1287
     96 1288
     96 1289
    105 1290
     92 1291
     94 1292
     81 1293
     86 1294
     99 1295
     83 1296
     87 1297
     87 1298
    102 1299
    101 1300
    110 1301
     74 1302
     95 1303
     99 1304
    106 1305
    113 1306
    105 1307
    117 1308
    127 1309
     92 1310
     94 1311
    104 1312
     99 1313
    111 1314
     93 1315
    122 1316
     87 1317
    105 1318
     88 1319
     94 1320
    122 1321
    119 1322
    104 1323
    107 1324
    119 1325
    118 1326
    110 1327
     96 1328
    118 1329
    119 1330
    127 1331
     93 1332
    119 1333
    130 1334
    111 1335
    119 1336
    108 1337
    108 1338
     97 1339
    134 1340
    119 1341
    144 1342
    113 1343
    126 1344
    134 1345
    127 1346
    148 1347
    140 1348
    133 1349
    138 1350
    138 1351
    126 1352
    132 1353
    122 1354
    127 1355
    126 1356
    126 1357
    118 1358
    137 1359
    138 1360
    144 1361
    144 1362
    135 1363
    120 1364
    163 1365
    158 1366
    146 1367
    137 1368
    123 1369
    142 1370
    143 1371
    147 1372
    144 1373
    132 1374
    123 1375
    134 1376
    136 1377
    167 1378
    138 1379
    156 1380
    153 1381
    146 1382
    141 1383
    149 1384
    137 1385
    150 1386
    152 1387
    154 1388
    174 1389
    145 1390
    147 1391
    157 1392
    146 1393
    146 1394
    151 1395
    160 1396
    161 1397
    145 1398
    130 1399
    153 1400
    182 1401
    151 1402
    185 1403
    153 1404
    161 1405
    173 1406
    161 1407
    152 1408
    157 1409
    161 1410
    163 1411
    135 1412
    166 1413
    154 1414
    181 1415
    174 1416
    147 1417
    139 1418
    146 1419
    155 1420
    160 1421
    157 1422
    149 1423
    158 1424
    168 1425
    144 1426
    168 1427
    170 1428
    173 1429
    174 1430
    151 1431
    160 1432
    175 1433
    156 1434
    170 1435
    175 1436
    168 1437
    190 1438
    160 1439
    171 1440
    168 1441
    175 1442
    173 1443
    156 1444
    148 1445
    176 1446
    151 1447
    203 1448
    176 1449
    163 1450
    165 1451
    185 1452
    157 1453
    156 1454
    156 1455
    155 1456
    177 1457
    188 1458
    154 1459
    166 1460
    168 1461
    168 1462
    155 1463
    162 1464
    210 1465
    166 1466
    174 1467
    158 1468
    166 1469
    173 1470
    147 1471
    196 1472
    174 1473
    176 1474
    166 1475
    198 1476
    192 1477
    179 1478
    194 1479
    176 1480
    162 1481
    182 1482
    195 1483
    182 1484
    167 1485
    184 1486
    185 1487
    158 1488
    174 1489
    161 1490
    156 1491
    187 1492
    162 1493
    162 1494
    157 1495
    196 1496
    178 1497
    169 1498
    153 1499
    181 1500
    182 1501
    174 1502
    158 1503
    200 1504
    195 1505
    160 1506
    181 1507
    137 1508
    165 1509
    161 1510
    177 1511
    166 1512
    134 1513
    151 1514
    167 1515
    164 1516
    155 1517
    151 1518
    159 1519
    179 1520
    170 1521
    160 1522
    167 1523
    156 1524
    157 1525
    150 1526
    157 1527
    158 1528
    164 1529
    179 1530
    150 1531
    150 1532
    131 1533
    165 1534
    155 1535
    151 1536
    149 1537
    150 1538
    148 1539
    146 1540
    153 1541
    146 1542
    161 1543
    147 1544
    150 1545
    142 1546
    152 1547
    149 1548
    129 1549
    147 1550
    160 1551
    135 1552
    156 1553
    139 1554
    133 1555
    139 1556
    144 1557
    155 1558
    137 1559
    151 1560
    125 1561
    120 1562
    150 1563
    136 1564
    130 1565
    124 1566
    125 1567
    141 1568
    128 1569
    140 1570
    118 1571
    125 1572
    146 1573
    141 1574
    138 1575
    129 1576
    130 1577
    140 1578
    129 1579
    129 1580
    133 1581
    135 1582
    122 1583
    126 1584
    120 1585
    125 1586
    130 1587
    111 1588
    125 1589
    148 1590
    128 1591
    130 1592
    116 1593
    107 1594
    114 1595
    117 1596
    116 1597
    110 1598
    124 1599
    132 1600
    126 1601
    134 1602
    122 1603
    111 1604
    107 1605
    116 1606
    112 1607
    113 1608
    105 1609
    126 1610
    131 1611
    110 1612
     99 1613
     89 1614
    103 1615
    120 1616
    124 1617
    115 1618
    126 1619
    131 1620
    106 1621
     97 1622
    108 1623
    109 1624
    102 1625
    111 1626
    104 1627
    116 1628
     91 1629
    101 1630
    109 1631
     99 1632
     94 1633
    104 1634
    101 1635
    131 1636
    119 1637
     95 1638
    105 1639
    111 1640
     93 1641
    106 1642
    107 1643
    100 1644
     99 1645
     89 1646
     96 1647
     79 1648
     91 1649
     80 1650
     86 1651
     98 1652
    106 1653
    110 1654
     91 1655
     90 1656
    106 1657
     94 1658
     87 1659
     94 1660
     90 1661
     83 1662
     85 1663
     79 1664
     98 1665
     92 1666
     98 1667
     93 1668
     94 1669
     78 1670
     76 1671
     88 1672
     88 1673
     94 1674
     95 1675
     83 1676
     82 1677
     76 1678
     79 1679
     72 1680
     87 1681
     75 1682
     94 1683
    102 1684
     93 1685
     80 1686
     79 1687
     74 1688
     74 1689
     88 1690
     76 1691
     82 1692
     90 1693
     75 1694
     81 1695
     85 1696
     88 1697
     88 1698
     64 1699
     86 1700
     96 1701
     92 1702
     75 1703
     89 1704
     81 1705
     83 1706
     78 1707
     61 1708
     76 1709
     78 1710
     71 1711
     88 1712
     69 1713
     89 1714
     83 1715
     82 1716
     90 1717
     63 1718
     90 1719
     77 1720
     67 1721
     75 1722
     86 1723
     77 1724
     66 1725
     64 1726
     86 1727
     77 1728
     77 1729
     67 1730
     73 1731
     72 1732
     87 1733
     93 1734
     83 1735
     92 1736
     72 1737
     72 1738
     69 1739
     77 1740
     83 1741
     70 1742
     78 1743
     70 1744
     70 1745
     75 1746
     91 1747
     71 1748
     67 1749
     69 1750
     70 1751
     81 1752
     80 1753
     65 1754
     84 1755
     77 1756
     69 1757
     67 1758
     73 1759
     88 1760
     85 1761
     69 1762
     74 1763
     67 1764
     75 1765
     78 1766
     67 1767
     70 1768
     75 1769
     76 1770
     49 1771
     78 1772
     65 1773
     88 1774
     61 1775
     65 1776
     87 1777
     74 1778
     81 1779
     57 1780
     63 1781
     75 1782
     72 1783
     82 1784
     87 1785
     76 1786
     68 1787
     66 1788
     51 1789
     69 1790
     79 1791
     72 1792
     80 1793
     66 1794
     60 1795
     73 1796
     68 1797
     76 1798
     59 1799
     55 1800
     66 1801
     70 1802
     61 1803
     74 1804
     70 1805
     73 1806
     64 1807
     62 1808
     60 1809
     63 1810
     95 1811
     76 1812
     79 1813
     59 1814
     77 1815
     79 1816
     69 1817
     70 1818
     74 1819
     68 1820
     63 1821
     66 1822
     84 1823
     59 1824
     63 1825
     59 1826
     55 1827
     71 1828
     76 1829
     85 1830
     66 1831
     57 1832
     80 1833
     80 1834
     70 1835
     55 1836
     77 1837
     58 1838
     67 1839
     88 1840
     71 1841
     83 1842
     86 1843
     66 1844
     61 1845
     65 1846
     63 1847
     70 1848
     70 1849
     61 1850
     64 1851
     86 1852
     70 1853
     56 1854
     69 1855
     64 1856
     77 1857
     75 1858
     68 1859
     63 1860
     64 1861
     73 1862
     79 1863
     67 1864
     61 1865
     69 1866
     69 1867
     71 1868
     67 1869
     72 1870
     66 1871
     78 1872
     49 1873
     72 1874
     83 1875
     61 1876
     60 1877
     64 1878
     66 1879
     84 1880
     66 1881
     86 1882
     69 1883
     62 1884
     54 1885
     74 1886
     56 1887
     82 1888
     59 1889
     60 1890
     62 1891
     70 1892
     69 1893
     76 1894
     71 1895
     54 1896
     72 1897
     71 1898
     67 1899
     65 1900
     68 1901
     61 1902
     63 1903
     73 1904
     57 1905
     54 1906
     61 1907
     67 1908
     71 1909
     66 1910
     69 1911
     77 1912
     86 1913
     54 1914
     58 1915
     78 1916
     78 1917
     65 1918
     68 1919
     68 1920
     67 1921
     76 1922
     53 1923
     45 1924
     60 1925
     65 1926
     63 1927
     60 1928
     73 1929
     60 1930
     56 1931
     60 1932
     73 1933
     80 1934
     68 1935
     64 1936
     64 1937
     61 1938
     60 1939
     62 1940
     73 1941
     71 1942
     78 1943
     68 1944
     59 1945
     67 1946
     72 1947
     64 1948
     66 1949
     75 1950
     81 1951
     63 1952
     75 1953
     60 1954
     67 1955
     64 1956
     62 1957
     64 1958
     82 1959
     74 1960
     69 1961
     58 1962
     68 1963
     71 1964
     51 1965
     79 1966
     80 1967
     60 1968
     72 1969
     56 1970
     62 1971
     66 1972
     67 1973
     81 1974
     71 1975
     59 1976
     75 1977
     54 1978
     67 1979
     66 1980
     56 1981
     69 1982
     68 1983
     52 1984
     66 1985
     69 1986
     72 1987
     57 1988
     64 1989
     66 1990
     61 1991
     66 1992
     52 1993
     61 1994
     66 1995
     69 1996
     68 1997
     65 1998
     71 1999
     67 2000
     58 2001
     64 2002
     75 2003
     68 2004
     82 2005
     66 2006
     52 2007
     62 2008
     69 2009
     67 2010
     60 2011
     71 2012
     55 2013
     64 2014
     61 2015
     59 2016
     57 2017
     98 2018
     66 2019
     63 2020
     61 2021
     54 2022
     64 2023
     67 2024
     73 2025
     81 2026
     64 2027
     62 2028
     65 2029
     75 2030
     52 2031
     66 2032
     59 2033
     73 2034
     81 2035
     77 2036
     72 2037
     65 2038
     65 2039
     67 2040
     75 2041
     56 2042
     79 2043
     49 2044
     55 2045
     70 2046
     68 2047
     62 2048
     65 2049
     79 2050
     70 2051
     47 2052
     73 2053
     77 2054
     63 2055
     90 2056
     63 2057
     60 2058
     73 2059
     58 2060
     69 2061
     77 2062
     76 2063
     77 2064
     83 2065
     61 2066
     61 2067
     79 2068
     80 2069
     68 2070
     78 2071
     77 2072
     83 2073
     82 2074
     74 2075
     67 2076
     66 2077
     68 2078
     89 2079
     60 2080
     64 2081
     60 2082
     63 2083
     67 2084
     74 2085
     63 2086
     68 2087
     72 2088
     78 2089
     75 2090
     73 2091
     84 2092
     64 2093
     66 2094
     57 2095
     59 2096
     65 2097
     57 2098
     70 2099
     69 2100
     62 2101
     76 2102
     70 2103
     81 2104
     70 2105
     67 2106
     77 2107
     60 2108
     53 2109
     68 2110
     71 2111
     64 2112
     90 2113
     60 2114
     65 2115
     82 2116
     53 2117
     63 2118
     69 2119
     75 2120
     62 2121
     75 2122
     61 2123
     73 2124
     67 2125
     78 2126
     73 2127
     94 2128
     75 2129
     61 2130
     75 2131
     71 2132
     78 2133
     73 2134
     77 2135
     62 2136
     78 2137
     77 2138
     63 2139
     81 2140
     85 2141
     65 2142
     84 2143
     76 2144
     81 2145
    102 2146
     73 2147
     74 2148
     72 2149
     73 2150
     78 2151
     74 2152
     79 2153
     61 2154
     66 2155
     71 2156
     64 2157
     62 2158
     63 2159
     71 2160
     85 2161
     79 2162
     76 2163
     70 2164
     68 2165
     70 2166
     66 2167
     64 2168
     69 2169
     73 2170
     90 2171
     65 2172
     59 2173
     80 2174
     59 2175
     55 2176
     74 2177
     69 2178
     79 2179
     70 2180
     76 2181
     74 2182
     78 2183
     77 2184
     68 2185
     70 2186
     79 2187
     70 2188
     77 2189
     87 2190
     61 2191
     76 2192
     86 2193
     90 2194
     74 2195
     73 2196
     66 2197
     65 2198
     75 2199
     90 2200
     73 2201
     77 2202
     77 2203
     75 2204
     78 2205
     71 2206
     71 2207
     80 2208
     81 2209
     63 2210
     87 2211
     58 2212
     73 2213
     74 2214
     78 2215
     91 2216
     78 2217
     85 2218
     92 2219
     82 2220
     62 2221
     77 2222
     71 2223
     85 2224
     61 2225
     83 2226
     78 2227
     85 2228
     70 2229
     82 2230
     68 2231
     84 2232
     81 2233
     84 2234
     64 2235
     61 2236
     82 2237
     74 2238
     80 2239
     86 2240
     80 2241
     64 2242
     76 2243
     63 2244
     86 2245
     65 2246
     72 2247
     65 2248
     66 2249
     80 2250
     81 2251
     78 2252
     68 2253
     69 2254
     78 2255
     65 2256
     83 2257
     79 2258
     85 2259
     70 2260
     85 2261
     85 2262
     87 2263
     77 2264
     78 2265
     66 2266
     75 2267
     67 2268
     75 2269
     69 2270
     62 2271
     82 2272
     66 2273
     79 2274
     90 2275
     95 2276
     69 2277
     69 2278
     62 2279
     80 2280
     80 2281
     74 2282
     78 2283
     65 2284
     76 2285
     67 2286
     72 2287
     76 2288
     74 2289
     67 2290
     66 2291
     76 2292
     63 2293
     69 2294
     66 2295
     77 2296
     75 2297
     61 2298
     74 2299
     85 2300
     76 2301
     85 2302
     92 2303
     80 2304
     76 2305
     55 2306
     79 2307
     64 2308
     77 2309
     86 2310
     68 2311
     63 2312
     63 2313
     83 2314
     59 2315
     67 2316
     55 2317
     64 2318
     80 2319
     72 2320
     77 2321
     62 2322
     74 2323
     81 2324
     61 2325
     64 2326
     75 2327
     64 2328
     69 2329
     80 2330
     72 2331
     81 2332
     86 2333
     74 2334
     82 2335
     77 2336
     65 2337
     80 2338
     91 2339
     66 2340
     56 2341
     67 2342
     75 2343
     67 2344
     68 2345
     65 2346
     77 2347
     71 2348
     68 2349
     72 2350
     72 2351
     76 2352
     65 2353
     68 2354
     81 2355
     71 2356
     68 2357
     64 2358
     86 2359
     75 2360
     75 2361
     70 2362
     63 2363
     71 2364
     62 2365
     65 2366
     71 2367
     75 2368
     62 2369
     62 2370
     75 2371
     73 2372
     65 2373
     56 2374
     66 2375
     67 2376
     98 2377
     71 2378
     64 2379
     65 2380
     79 2381
     75 2382
     69 2383
     69 2384
     91 2385
     65 2386
     58 2387
     63 2388
     60 2389
     53 2390
     57 2391
     63 2392
     62 2393
     67 2394
     65 2395
     67 2396
     62 2397
     60 2398
     69 2399
     61 2400
     93 2401
     52 2402
     67 2403
     65 2404
     84 2405
     68 2406
     58 2407
     69 2408
     58 2409
     57 2410
     72 2411
     54 2412
     58 2413
     51 2414
     59 2415
     84 2416
     62 2417
     59 2418
     65 2419
     66 2420
     64 2421
     65 2422
     73 2423
     67 2424
     73 2425
     73 2426
     62 2427
     63 2428
     51 2429
     53 2430
     68 2431
     61 2432
     62 2433
     63 2434
     70 2435
     57 2436
     71 2437
     70 2438
     73 2439
     72 2440
     49 2441
     53 2442
     51 2443
     49 2444
     60 2445
     56 2446
     52 2447
     56 2448
     53 2449
     49 2450
     69 2451
     50 2452
     68 2453
     65 2454
     58 2455
     52 2456
     48 2457
     62 2458
     53 2459
     53 2460
     64 2461
     54 2462
     56 2463
     61 2464
     63 2465
     56 2466
     50 2467
     74 2468
     47 2469
     65 2470
     58 2471
     68 2472
     46 2473
     61 2474
     52 2475
     69 2476
     79 2477
     51 2478
     50 2479
     60 2480
     55 2481
     57 2482
     48 2483
     58 2484
     62 2485
     57 2486
     69 2487
     57 2488
     67 2489
     45 2490
     65 2491
     51 2492
     67 2493
     50 2494
     39 2495
     49 2496
     57 2497
     67 2498
     58 2499
     61 2500
     56 2501
     53 2502
     55 2503
     56 2504
     51 2505
     48 2506
     51 2507
     52 2508
     60 2509
     51 2510
     65 2511
     52 2512
     55 2513
     57 2514
     50 2515
     57 2516
     46 2517
     62 2518
     53 2519
     66 2520
     47 2521
     54 2522
     48 2523
     44 2524
     51 2525
     51 2526
     61 2527
     47 2528
     49 2529
     52 2530
     55 2531
     53 2532
     57 2533
     52 2534
     58 2535
     60 2536
     56 2537
     56 2538
     60 2539
     48 2540
     47 2541
     34 2542
     55 2543
     46 2544
     55 2545
     52 2546
     58 2547
     47 2548
     56 2549
     48 2550
     53 2551
     53 2552
     39 2553
     55 2554
     40 2555
     50 2556
     51 2557
     50 2558
     40 2559
     44 2560
     44 2561
     50 2562
     39 2563
     41 2564
     39 2565
     61 2566
     36 2567
     42 2568
     56 2569
     48 2570
     58 2571
     57 2572
     53 2573
     49 2574
     51 2575
     29 2576
     45 2577
     35 2578
     43 2579
     54 2580
     47 2581
     35 2582
     46 2583
     30 2584
     43 2585
     45 2586
     41 2587
     48 2588
     45 2589
     42 2590
     38 2591
     43 2592
     41 2593
     35 2594
     40 2595
     37 2596
     45 2597
     52 2598
     41 2599
     31 2600
     36 2601
     40 2602
     42 2603
     46 2604
     35 2605
     31 2606
     35 2607
     31 2608
     40 2609
     35 2610
     42 2611
     40 2612
     29 2613
     41 2614
     48 2615
     33 2616
     35 2617
     41 2618
     33 2619
     36 2620
     47 2621
     36 2622
     37 2623
     36 2624
     45 2625
     33 2626
     37 2627
     39 2628
     42 2629
     33 2630
     35 2631
     30 2632
     44 2633
     36 2634
     38 2635
     38 2636
     43 2637
     39 2638
     38 2639
     32 2640
     37 2641
     42 2642
     45 2643
     41 2644
     31 2645
     37 2646
     35 2647
     36 2648
     41 2649
     40 2650
     22 2651
     48 2652
     39 2653
     42 2654
     39 2655
     33 2656
     30 2657
     40 2658
     36 2659
     26 2660
     42 2661
     19 2662
     33 2663
     38 2664
     30 2665
     40 2666
     41 2667
     38 2668
     44 2669
     40 2670
     22 2671
     39 2672
     33 2673
     40 2674
     31 2675
     34 2676
     37 2677
     31 2678
     29 2679
     29 2680
     28 2681
     40 2682
     30 2683
     28 2684
     45 2685
     41 2686
     33 2687
     37 2688
     33 2689
     29 2690
     34 2691
     26 2692
     37 2693
     32 2694
     35 2695
     30 2696
     33 2697
     28 2698
     24 2699
     36 2700
     26 2701
     37 2702
     32 2703
     35 2704
     37 2705
     45 2706
     24 2707
     33 2708
     39 2709
     29 2710
     26 2711
     25 2712
     32 2713
     33 2714
     36 2715
     31 2716
     36 2717
     31 2718
     36 2719
     36 2720
     30 2721
     28 2722
     30 2723
     26 2724
     29 2725
     44 2726
     31 2727
     25 2728
     31 2729
     26 2730
     24 2731
     39 2732
     24 2733
     20 2734
     26 2735
     25 2736
     33 2737
     18 2738
     37 2739
     28 2740
     29 2741
     19 2742
     24 2743
     20 2744
     31 2745
     32 2746
     34 2747
     27 2748
     27 2749
     28 2750
     29 2751
     29 2752
     33 2753
     30 2754
     29 2755
     20 2756
     36 2757
     16 2758
     20 2759
     33 2760
     23 2761
     31 2762
     23 2763
     25 2764
     35 2765
     25 2766
     23 2767
     26 2768
     28 2769
     10 2770
     25 2771
     25 2772
     38 2773
     23 2774
     24 2775
     25 2776
     24 2777
     28 2778
     19 2779
     18 2780
     26 2781
     26 2782
     23 2783
     21 2784
     33 2785
     28 2786
     32 2787
     24 2788
     27 2789
     26 2790
     22 2791
     35 2792
     25 2793
     15 2794
     30 2795
     25 2796
     27 2797
     27 2798
     17 2799
     24 2800
     24 2801
     23 2802
     22 2803
     24 2804
     26 2805
     26 2806
     28 2807
     33 2808
     28 2809
     19 2810
     21 2811
     18 2812
     24 2813
     23 2814
     19 2815
     22 2816
     30 2817
     30 2818
     26 2819
     26 2820
     24 2821
     28 2822
     22 2823
     29 2824
     20 2825
     21 2826
     21 2827
     22 2828
     22 2829
     24 2830
     28 2831
     30 2832
     20 2833
     27 2834
     19 2835
     16 2836
     25 2837
     26 2838
     17 2839
     19 2840
     20 2841
     23 2842
     20 2843
     22 2844
     32 2845
     19 2846
     15 2847
     12 2848
     21 2849
     20 2850
     14 2851
     12 2852
     18 2853
     26 2854
     24 2855
     24 2856
     19 2857
     18 2858
     17 2859
     15 2860
     24 2861
     20 2862
     20 2863
     24 2864
     24 2865
     25 2866
     19 2867
     30 2868
     27 2869
     20 2870
     22 2871
     25 2872
     23 2873
     29 2874
     28 2875
     19 2876
     17 2877
     22 2878
     19 2879
     15 2880
     20 2881
     26 2882
     20 2883
     23 2884
     14 2885
     21 2886
     26 2887
     21 2888
     26 2889
     22 2890
     15 2891
     19 2892
     22 2893
     20 2894
     10 2895
     20 2896
     18 2897
     18 2898
     23 2899
     24 2900
     18 2901
     14 2902
     18 2903
     18 2904
     17 2905
     21 2906
     19 2907
     21 2908
     18 2909
     19 2910
     10 2911
     15 2912
     18 2913
     17 2914
     21 2915
     20 2916
     16 2917
     15 2918
      8 2919
     12 2920
     20 2921
     18 2922
     19 2923
     14 2924
     16 2925
     26 2926
      9 2927
     28 2928
     18 2929
     23 2930
     15 2931
     19 2932
     21 2933
     17 2934
     17 2935
     14 2936
     22 2937
     19 2938
     19 2939
     24 2940
     21 2941
     19 2942
     20 2943
     18 2944
     23 2945
     18 2946
     21 2947
     17 2948
     18 2949
     21 2950
     20 2951
     15 2952
     19 2953
     15 2954
     10 2955
     18 2956
     10 2957
     15 2958
     18 2959
     12 2960
     15 2961
     15 2962
     21 2963
     12 2964
     16 2965
     24 2966
     18 2967
     16 2968
     18 2969
     22 2970
     11 2971
     19 2972
     14 2973
     18 2974
      8 2975
     17 2976
     21 2977
     14 2978
     10 2979
     16 2980
     18 2981
     13 2982
     15 2983
     13 2984
     24 2985
     16 2986
     14 2987
      8 2988
     15 2989
     20 2990
     20 2991
     14 2992
     18 2993
     20 2994
     12 2995
     10 2996
     15 2997
     20 2998
      9 2999
     20 3000
     17 3001
     13 3002
     22 3003
     19 3004
     14 3005
     17 3006
     15 3007
     15 3008
     16 3009
     21 3010
     16 3011
      9 3012
     14 3013
     12 3014
     14 3015
     19 3016
     15 3017
     12 3018
     10 3019
     13 3020
     15 3021
     16 3022
     13 3023
     16 3024
     15 3025
     18 3026
     13 3027
     16 3028
     11 3029
      9 3030
     14 3031
     14 3032
     18 3033
     12 3034
     19 3035
     11 3036
     12 3037
     18 3038
     11 3039
     21 3040
     12 3041
     12 3042
     15 3043
     10 3044
     18 3045
     15 3046
     19 3047
     13 3048
     17 3049
     16 3050
     15 3051
     12 3052
      8 3053
     16 3054
     19 3055
     14 3056
     15 3057
     17 3058
     14 3059
     23 3060
     11 3061
      6 3062
     18 3063
     10 3064
     15 3065
     13 3066
     13 3067
     15 3068
     18 3069
      9 3070
     12 3071
     10 3072
     13 3073
     12 3074
     15 3075
      6 3076
     13 3077
     15 3078
     13 3079
     15 3080
      6 3081
     13 3082
     12 3083
     13 3084
      6 3085
     12 3086
      9 3087
     10 3088
      8 3089
     10 3090
     13 3091
     13 3092
      9 3093
     15 3094
      8 3095
     14 3096
     14 3097
     10 3098
     11 3099
     14 3100
      9 3101
     10 3102
     14 3103
     14 3104
     10 3105
     12 3106
     12 3107
     12 3108
     16 3109
     10 3110
     12 3111
      9 3112
     13 3113
      9 3114
     11 3115
     13 3116
     14 3117
     11 3118
     17 3119
     18 3120
     12 3121
     15 3122
     15 3123
      7 3124
     10 3125
      9 3126
      9 3127
     10 3128
      9 3129
      8 3130
     10 3131
      9 3132
     14 3133
      9 3134
      8 3135
     15 3136
      8 3137
      7 3138
     11 3139
      9 3140
     14 3141
     10 3142
      8 3143
     10 3144
     11 3145
     13 3146
      8 3147
     16 3148
     14 3149
     10 3150
     14 3151
     14 3152
      7 3153
     14 3154
     11 3155
     10 3156
     13 3157
     13 3158
     15 3159
     15 3160
      9 3161
     15 3162
      6 3163
     13 3164
      9 3165
     11 3166
     14 3167
     12 3168
     13 3169
      7 3170
     16 3171
      4 3172
     12 3173
     13 3174
     11 3175
     11 3176
     18 3177
     16 3178
     13 3179
     10 3180
      6 3181
     14 3182
     11 3183
      9 3184
     12 3185
     11 3186
     12 3187
      7 3188
      5 3189
     11 3190
     10 3191
     11 3192
     17 3193
     12 3194
      5 3195
      9 3196
      8 3197
      3 3198
     12 3199
     14 3200
      5 3201
     11 3202
      8 3203
     12 3204
     12 3205
      9 3206
     15 3207
     10 3208
      7 3209
     11 3210
      7 3211
      9 3212
     14 3213
     15 3214
     12 3215
     11 3216
      4 3217
     10 3218
     12 3219
     10 3220
      9 3221
      9 3222
      4 3223
      8 3224
      9 3225
      6 3226
      7 3227
     11 3228
     13 3229
      7 3230
     12 3231
      9 3232
     11 3233
      4 3234
      3 3235
     13 3236
     10 3237
      9 3238
      7 3239
      8 3240
     11 3241
     18 3242
      8 3243
     17 3244
      6 3245
     13 3246
      6 3247
     12 3248
     12 3249
     10 3250
      3 3251
     11 3252
     10 3253
     12 3254
     10 3255
      4 3256
      7 3257
      9 3258
     11 3259
      7 3260
     12 3261
      8 3262
     10 3263
      7 3264
      6 3265
     10 3266
      7 3267
      7 3268
      9 3269
      9 3270
      8 3271
      9 3272
     11 3273
      7 3274
      8 3275
      9 3276
      5 3277
      9 3278
      6 3279
      8 3280
     10 3281
      8 3282
     13 3283
     11 3284
      7 3285
      5 3286
     22 3287
      5 3288
      9 3289
      6 3290
      8 3291
      8 3292
      9 3293
     11 3294
      8 3295
     12 3296
     12 3297
      8 3298
     10 3299
      5 3300
      7 3301
      8 3302
     15 3303
      9 3304
      8 3305
      9 3306
      5 3307
      7 3308
     13 3309
      8 3310
      6 3311
     12 3312
      9 3313
      8 3314
     12 3315
      9 3316
      9 3317
      5 3318
      7 3319
      8 3320
      9 3321
      7 3322
      9 3323
      6 3324
      7 3325
      2 3326
      6 3327
      9 3328
      7 3329
      8 3330
      5 3331
      5 3332
      6 3333
      5 3334
      7 3335
     10 3336
      5 3337
     10 3338
      6 3339
      7 3340
     12 3341
     14 3342
      7 3343
      3 3344
      6 3345
      3 3346
      4 3347
     11 3348
      7 3349
      9 3350
      9 3351
      6 3352
      7 3353
      5 3354
     11 3355
      5 3356
     10 3357
      7 3358
      9 3359
      7 3360
      7 3361
      7 3362
      4 3363
      6 3364
      3 3365
      8 3366
      7 3367
      7 3368
      6 3369
      5 3370
      4 3371
      8 3372
      7 3373
      6 3374
      5 3375
     10 3376
     11 3377
     10 3378
      7 3379
     10 3380
      9 3381
      6 3382
      6 3383
      7 3384
      7 3385
      7 3386
      5 3387
      5 3388
      6 3389
      3 3390
      5 3391
      6 3392
      8 3393
      7 3394
      7 3395
      9 3396
      9 3397
      7 3398
      3 3399
      9 3400
      1 3401
      5 3402
      2 3403
      6 3404
      8 3405
     10 3406
      8 3407
     11 3408
      2 3409
      8 3410
     10 3411
      5 3412
      4 3413
      8 3414
     12 3415
      4 3416
      6 3417
      5 3418
      6 3419
     11 3420
      6 3421
      7 3422
      9 3423
      3 3424
      7 3425
      3 3426
      5 3427
     10 3428
      6 3429
      9 3430
      8 3431
     11 3432
      6 3433
      5 3434
     11 3435
      9 3436
      6 3437
      5 3438
      9 3439
      5 3440
      3 3441
      6 3442
      7 3443
      6 3444
      8 3445
      8 3446
      3 3447
      4 3448
      6 3449
     10 3450
      7 3451
      5 3452
      6 3453
      8 3454
      6 3455
      5 3456
      5 3457
      4 3458
      7 3459
     13 3460
      5 3461
     11 3462
      3 3463
      5 3464
      4 3465
      6 3466
      5 3467
      5 3468
      9 3469
      7 3470
      6 3471
      7 3472
      9 3473
      3 3474
      6 3475
      5 3476
      9 3477
      1 3478
     10 3479
      5 3480
      7 3481
      7 3482
      2 3483
      5 3484
      4 3485
      6 3486
      3 3487
      8 3488
      6 3489
      4 3490
      8 3491
      8 3492
      8 3493
      7 3494
      6 3495
     10 3496
      5 3497
      6 3498
      4 3499
     10 3500
     10 3501
      5 3502
      5 3503
      3 3504
      6 3505
      3 3506
      7 3507
      6 3508
      3 3509
      4 3510
      9 3511
      5 3512
      6 3513
      6 3514
      7 3515
     11 3516
      6 3517
      9 3518
      1 3519
      4 3520
      4 3521
      5 3522
      8 3523
      5 3524
      6 3525
      4 3526
      6 3527
      5 3528
      5 3529
      4 3530
      6 3531
      4 3532
      2 3533
      9 3534
      8 3535
      2 3536
      4 3537
      8 3538
      3 3539
      8 3540
      3 3541
      3 3542
      4 3543
      4 3544
      2 3545
      5 3546
      9 3547
      8 3548
      3 3549
      7 3550
      5 3551
      6 3552
      3 3553
      6 3554
      2 3555
      5 3556
      5 3558
      3 3559
      6 3560
      2 3561
      5 3563
      6 3564
      8 3565
      5 3566
      7 3567
      2 3568
      3 3569
      2 3570
      3 3571
      4 3572
      8 3573
      4 3574
      4 3575
      6 3576
      8 3578
      7 3579
      4 3580
      4 3581
      5 3582
      4 3583
      5 3584
      3 3585
      7 3586
      5 3587
      3 3588
      5 3589
      3 3590
      6 3591
      4 3592
      5 3593
      3 3594
      2 3595
      8 3596
      7 3597
      6 3598
      1 3599
      2 3600
      2 3601
      3 3602
      8 3603
      2 3604
      4 3605
      4 3606
      4 3607
      2 3608
      2 3609
      1 3610
      6 3611
      7 3612
      2 3613
      6 3614
      3 3615
      4 3616
      7 3617
     10 3618
      3 3619
      6 3620
      5 3621
      6 3622
      7 3623
      2 3624
      7 3625
      4 3626
      6 3627
      5 3628
      1 3629
      6 3630
      3 3631
      3 3632
      3 3633
      2 3634
      9 3635
      7 3636
      5 3637
      6 3638
      3 3639
      2 3640
      1 3641
      3 3642
      4 3643
      5 3644
      6 3645
      4 3646
      2 3647
      1 3648
      3 3649
      2 3650
      2 3651
      5 3652
      3 3653
      5 3654
      4 3655
      6 3656
     11 3657
      7 3658
      1 3659
      2 3660
      2 3661
      1 3662
      2 3663
      2 3664
      7 3665
      6 3667
      3 3668
      1 3669
      6 3670
      2 3671
      1 3672
      2 3673
      2 3674
      3 3675
      1 3676
      4 3677
      4 3678
      6 3679
      4 3680
      2 3681
      2 3682
      3 3684
      5 3685
      3 3686
      2 3687
      5 3689
     10 3690
      3 3691
      5 3692
      6 3693
      2 3694
      3 3695
      3 3696
      4 3697
      2 3698
      3 3699
      2 3700
      2 3701
      1 3702
      5 3703
      5 3704
      3 3705
      3 3706
      4 3707
      6 3708
      5 3709
      3 3710
      5 3711
      2 3712
      5 3713
      1 3714
      6 3715
      5 3716
      4 3717
      3 3718
      3 3719
      3 3720
      4 3721
      2 3722
      7 3723
      3 3724
      2 3725
      3 3726
      4 3727
      3 3728
      3 3729
      4 3730
      4 3731
      2 3732
      2 3733
      3 3735
      6 3736
      5 3737
      1 3739
      2 3740
      5 3741
      3 3742
      6 3743
      3 3744
      7 3745
      4 3746
      5 3747
      3 3748
      8 3749
      2 3750
      6 3751
      3 3752
      3 3753
      7 3754
      4 3755
      2 3756
      4 3757
      3 3758
      2 3759
      1 3760
      1 3761
      4 3762
      2 3763
      5 3764
      6 3765
      1 3766
      3 3767
      4 3768
      4 3769
      5 3770
      2 3771
      5 3772
      1 3773
      7 3774
      2 3775
      2 3776
      2 3777
      4 3778
      4 3779
      2 3780
      4 3781
      4 3782
      5 3783
      1 3784
      4 3785
      5 3786
      1 3787
      4 3788
      1 3789
      2 3790
      4 3791
      3 3792
      1 3793
      3 3794
      1 3795
      4 3796
      1 3797
      4 3798
      2 3799
      6 3800
      1 3801
      2 3802
      1 3804
      4 3805
      3 3806
      4 3807
      4 3808
      2 3809
      2 3810
      1 3811
      3 3812
      2 3813
      6 3814
      4 3815
      6 3816
      3 3817
      1 3818
      1 3819
      3 3820
      4 3821
      4 3822
      1 3823
      2 3824
      4 3825
      2 3826
      2 3827
      1 3828
      3 3829
      3 3830
      2 3831
      2 3832
      1 3833
      2 3834
      1 3835
      2 3836
      4 3837
      2 3838
      2 3839
      1 3840
      3 3841
      6 3842
      2 3843
      1 3844
      4 3845
      6 3846
      2 3847
      4 3848
      1 3850
      1 3851
      5 3853
      4 3854
      4 3855
      4 3856
      1 3857
      2 3858
      2 3859
      4 3860
      2 3861
      1 3862
      2 3863
      1 3864
      2 3865
      1 3866
      2 3867
      2 3868
      4 3869
      2 3871
      5 3872
      2 3873
      2 3875
      2 3876
      3 3877
      6 3879
      1 3880
      3 3881
      1 3882
      6 3883
      4 3884
      4 3885
      2 3886
      2 3887
      2 3889
      1 3890
      2 3891
      2 3892
      4 3893
      3 3894
      3 3895
      7 3897
      2 3898
      3 3900
      4 3901
      1 3902
      1 3903
      2 3904
      3 3905
      2 3906
      3 3907
      2 3908
      5 3909
      1 3910
      1 3911
      2 3912
      2 3913
      1 3914
      2 3915
      3 3916
      2 3917
      3 3918
      4 3919
      1 3920
      2 3921
      2 3922
      1 3923
      4 3924
      4 3926
      5 3927
      3 3928
      1 3929
      3 3930
      1 3932
      2 3933
      4 3934
      4 3935
      4 3936
      4 3937
      1 3938
      2 3939
      7 3940
      5 3941
      3 3942
      1 3943
      1 3944
      6 3946
      2 3947
      3 3948
      1 3949
      2 3950
      1 3951
      1 3952
      2 3953
      3 3954
      4 3955
      2 3956
      1 3957
      3 3958
      4 3959
      3 3960
      3 3961
      5 3962
      6 3963
      3 3964
      1 3965
      2 3967
      4 3968
      2 3969
      1 3971
      3 3972
      3 3973
      2 3974
      2 3975
      4 3976
      4 3977
      4 3978
      2 3979
      3 3980
      3 3981
      4 3982
      1 3984
      3 3986
      1 3987
      1 3988
      1 3989
      2 3990
      2 3993
      3 3995
      1 3997
      2 3998
      4 3999
      1 4000
      1 4001
      3 4002
      1 4003
      5 4004
      4 4005
      3 4006
      3 4008
      1 4009
      2 4010
      4 4011
      2 4012
      3 4013
      1 4014
      1 4015
      1 4016
      1 4018
      2 4019
      1 4020
      1 4022
      2 4023
      2 4024
      1 4025
      1 4026
      2 4027
      4 4028
      3 4029
      4 4030
      2 4031
      2 4032
      1 4034
      3 4035
      3 4036
      3 4038
      1 4039
      6 4040
      2 4041
      2 4043
      2 4045
      2 4046
      1 4047
      3 4048
      4 4049
      2 4050
      2 4051
      3 4053
      1 4054
      4 4055
      2 4057
      2 4058
      3 4059
      1 4060
      2 4062
      3 4063
      5 4064
      1 4066
      2 4067
      1 4069
      3 4070
      2 4071
      3 4072
      4 4074
      4 4075
      1 4077
      2 4078
      3 4079
      1 4080
      1 4081
      1 4082
      3 4084
      2 4085
      2 4087
      1 4088
      2 4089
      3 4090
      3 4091
      1 4092
      4 4094
      2 4095
      4 4096
      2 4097
      1 4099
      1 4100
      2 4102
      1 4103
      2 4104
      1 4105
      1 4107
      3 4108
      3 4109
      1 4110
      1 4111
      2 4112
      2 4113
      2 4114
      1 4115
      1 4116
      1 4117
      2 4118
      3 4119
      3 4120
      1 4122
      2 4123
      2 4124
      1 4125
      2 4126
      1 4128
      2 4129
      1 4130
      1 4131
      2 4132
      2 4133
      1 4134
      5 4135
      2 4136
      1 4139
      1 4140
      1 4142
      2 4143
      3 4144
      1 4146
      1 4148
      2 4149
      1 4150
      3 4151
      2 4153
      2 4154
      2 4155
      1 4156
      1 4157
      2 4158
      2 4159
      1 4160
      2 4165
      3 4166
      1 4167
      1 4169
      1 4170
      1 4171
      2 4173
      1 4175
      1 4176
      1 4178
      2 4179
      1 4180
      3 4181
      1 4182
      3 4185
      3 4186
      2 4189
      3 4190
      2 4191
      2 4192
      1 4193
      1 4194
      1 4196
      2 4197
      2 4198
      1 4200
      1 4201
      2 4202
      2 4203
      1 4204
      2 4209
      1 4210
      2 4213
      1 4214
      2 4215
      4 4216
      4 4217
      1 4218
      3 4219
      1 4220
      1 4221
      2 4226
      4 4227
      1 4228
      2 4229
      1 4230
      1 4232
      3 4234
      3 4235
      3 4237
      1 4238
      1 4241
      2 4242
      1 4243
      1 4246
      3 4248
      1 4249
      1 4251
      1 4252
      1 4253
      1 4254
      2 4255
      1 4259
      1 4261
      2 4262
      4 4263
      2 4264
      1 4265
      1 4267
      1 4268
      1 4270
      2 4272
      3 4274
      2 4277
      1 4278
      2 4279
      2 4280
      2 4281
      2 4282
      1 4283
      2 4284
      2 4285
      1 4286
      1 4287
      3 4290
      2 4293
      1 4294
      1 4296
      1 4297
      1 4298
      4 4300
      1 4301
      2 4303
      3 4304
      2 4305
      1 4307
      1 4308
      1 4312
      2 4313
      3 4314
      1 4315
      1 4317
      2 4318
      1 4319
      1 4324
      2 4325
      1 4327
      2 4328
      1 4329
      3 4330
      1 4331
      2 4333
      2 4334
      1 4335
      1 4336
      1 4338
      2 4340
      1 4341
      2 4343
      1 4344
      1 4345
      3 4346
      1 4347
      3 4349
      1 4350
      2 4351
      2 4356
      2 4359
      2 4360
      1 4361
      1 4362
      2 4363
      2 4364
      1 4365
      1 4366
      2 4369
      1 4370
      3 4371
      1 4373
      2 4374
      2 4375
      2 4377
      1 4378
      1 4379
      2 4381
      1 4382
      3 4385
      1 4386
      2 4387
      2 4389
      3 4390
      1 4395
      1 4396
      1 4397
      2 4400
      2 4401
      1 4402
      2 4403
      1 4404
      1 4405
      1 4408
      2 4409
      1 4410
      1 4411
      1 4412
      2 4415
      5 4416
      2 4417
      1 4420
      1 4422
      2 4423
      2 4424
      3 4427
      1 4428
      1 4430
      1 4431
      2 4432
      1 4437
      1 4439
      2 4440
      1 4441
      3 4442
      1 4445
      1 4446
      1 4448
      1 4449
      1 4450
      1 4451
      1 4452
      2 4454
      1 4455
      1 4456
      1 4457
      1 4458
      1 4459
      2 4460
      1 4461
      1 4462
      3 4464
      1 4465
      1 4466
      1 4469
      3 4471
      1 4472
      1 4473
      1 4475
      1 4476
      3 4477
      1 4479
      1 4480
      1 4481
      2 4483
      2 4485
      1 4486
      3 4487
      1 4490
      3 4491
      1 4492
      2 4493
      2 4494
      1 4495
      2 4496
      1 4497
      1 4498
      1 4499
      2 4500
      1 4501
      1 4502
      1 4503
      1 4505
      2 4506
      1 4507
      2 4508
      3 4509
      2 4510
      1 4513
      1 4514
      1 4516
      1 4517
      1 4518
      2 4523
      1 4524
      2 4526
      1 4527
      2 4528
      1 4529
      2 4530
      1 4531
      2 4532
      2 4533
      1 4534
      2 4535
      1 4537
      1 4539
      1 4540
      1 4541
      1 4542
      1 4544
      1 4545
      3 4546
      1 4547
      2 4552
      3 4555
      4 4558
      1 4559
      1 4561
      1 4563
      1 4564
      1 4566
      1 4571
      1 4572
      1 4574
      1 4576
      3 4578
      2 4579
      1 4580
      5 4581
      2 4582
      1 4585
      2 4587
      2 4588
      2 4591
      1 4592
      1 4593
      1 4594
      1 4595
      1 4596
      2 4598
      1 4600
      1 4601
      3 4604
      1 4606
      2 4608
      3 4609
      3 4610
      2 4611
      2 4612
      1 4614
      1 4617
      2 4618
      2 4619
      1 4627
      1 4630
      2 4631
      3 4633
      1 4634
      1 4636
      1 4638
      3 4639
      1 4640
      3 4641
      2 4643
      1 4645
      2 4648
      1 4649
      2 4650
      1 4651
      1 4653
      1 4654
      2 4655
      1 4656
      2 4657
      2 4658
      1 4661
      1 4664
      1 4666
      2 4668
      1 4669
      1 4670
      1 4671
      2 4672
      1 4673
      1 4678
      2 4679
      1 4681
      1 4682
      1 4683
      1 4689
      1 4690
      1 4692
      1 4694
      1 4695
      1 4696
      1 4697
      2 4698
      1 4700
      1 4701
      1 4702
      2 4703
      3 4708
      1 4709
      1 4710
      1 4713
      1 4715
      1 4717
      1 4718
      1 4720
      1 4725
      2 4726
      1 4728
      1 4729
      1 4732
      1 4733
      2 4734
      1 4736
      1 4737
      1 4738
      1 4740
      4 4741
      1 4742
      2 4743
      2 4744
      1 4745
      1 4746
      1 4747
      1 4749
      2 4753
      2 4756
      3 4757
      2 4759
      1 4760
      1 4761
      2 4762
      1 4764
      2 4768
      2 4769
      3 4770
      1 4773
      1 4774
      2 4776
      2 4778
      2 4791
      1 4794
      1 4796
      1 4797
      1 4798
      2 4800
      2 4802
      1 4804
      2 4807
      1 4808
      3 4809
      5 4810
      2 4811
      2 4812
      1 4813
      1 4816
      1 4818
      1 4819
      3 4826
      3 4827
      1 4828
      1 4829
      2 4830
      2 4831
      1 4835
      1 4836
      5 4837
      1 4840
      2 4843
      2 4846
      1 4848
      1 4849
      2 4853
      1 4855
      1 4857
      3 4858
      1 4860
      1 4866
      1 4870
      1 4875
      2 4877
      1 4880
      1 4883
      2 4885
      1 4886
      3 4887
      1 4888
      1 4890
      3 4894
      1 4895
      1 4902
      1 4903
      1 4907
      2 4908
      1 4915
      2 4916
      1 4917
      1 4922
      1 4923
      1 4924
      1 4927
      1 4928
      1 4934
      3 4935
      1 4936
      1 4937
      3 4941
      1 4944
      2 4945
      2 4946
      3 4947
      1 4949
      2 4950
      1 4951
      1 4953
      1 4956
      1 4959
      1 4962
      1 4963
      2 4972
      1 4976
      1 4977
      2 4978
      1 4979
      1 4980
      1 4982
      1 4983
      1 4984
      1 4986
      1 4987
      1 4988
      1 4991
      4 4993
      1 4994
      1 4995
      1 4996
      2 4997
      1 4999
      1 5000
      2 5001
      1 5003
      1 5004
      1 5007
      1 5010
      2 5011
      2 5013
      1 5014
      1 5015
      1 5017
      1 5020
      1 5021
      2 5022
      2 5023
      1 5024
      3 5025
      1 5029
      3 5031
      1 5032
      1 5033
      2 5034
      1 5039
      2 5040
      2 5043
      2 5044
      2 5045
      1 5046
      2 5047
      1 5048
      1 5053
      1 5054
      2 5056
      1 5057
      1 5059
      2 5060
      1 5061
      2 5062
      1 5063
      1 5064
      2 5065
      1 5066
      2 5073
      2 5076
      1 5077
      1 5079
      2 5080
      1 5083
      1 5084
      1 5087
      1 5090
      1 5092
      1 5095
      1 5098
      1 5099
      1 5102
      1 5105
      1 5106
      1 5108
      1 5109
      1 5110
      2 5111
      1 5113
      1 5114
      1 5117
      1 5119
      1 5120
      1 5121
      1 5122
      1 5123
      2 5125
      1 5126
      1 5128
      1 5131
      1 5134
      1 5135
      1 5136
      1 5137
      1 5140
      1 5141
      2 5142
      1 5145
      1 5148
      1 5149
      1 5151
      1 5159
      1 5162
      1 5163
      1 5164
      1 5167
      2 5169
      2 5171
      1 5172
      1 5173
      1 5174
      1 5175
      2 5177
      1 5178
      1 5179
      1 5180
      1 5186
      1 5187
      1 5188
      1 5189
      1 5191
      3 5192
      1 5193
      1 5195
      2 5197
      1 5201
      1 5203
      1 5204
      1 5206
      1 5208
      2 5211
      1 5213
      1 5215
      1 5217
      1 5218
      2 5223
      1 5224
      1 5226
      1 5227
      1 5229
      1 5230
      2 5231
      1 5239
      1 5240
      1 5241
      2 5245
      1 5246
      1 5248
      1 5249
      1 5251
      1 5252
      2 5254
      3 5255
      1 5256
      1 5257
      2 5258
      2 5259
      1 5260
      2 5269
      1 5272
      1 5273
      5 5274
      4 5275
      2 5276
      1 5280
      1 5281
      1 5286
      1 5289
      2 5292
      1 5294
      1 5297
      2 5298
      2 5299
      1 5300
      1 5303
      1 5304
      1 5306
      1 5309
      1 5313
      1 5314
      1 5315
      1 5317
      2 5318
      1 5319
      1 5324
      1 5331
      1 5333
      2 5335
      1 5336
      2 5338
      1 5341
      1 5342
      3 5343
      2 5344
      1 5345
      1 5346
      1 5347
      2 5352
      1 5354
      1 5357
      1 5359
      1 5360
      2 5361
      1 5362
      1 5364
      3 5365
      1 5366
      1 5374
      1 5375
      1 5376
      1 5377
      1 5378
      1 5380
      1 5382
      1 5383
      2 5387
      1 5389
      2 5390
      1 5391
      1 5392
      1 5394
      2 5395
      1 5397
      2 5399
      2 5400
      1 5401
      1 5404
      1 5406
      2 5409
      1 5411
      2 5412
      2 5415
      2 5418
      2 5419
      1 5425
      2 5426
      1 5427
      1 5428
      1 5431
      1 5438
      1 5440
      1 5442
      1 5448
      2 5450
      1 5451
      2 5453
      3 5455
      2 5456
      3 5457
      1 5464
      2 5465
      1 5466
      1 5470
      2 5471
      1 5473
      1 5474
      2 5476
      1 5479
      3 5480
      1 5483
      1 5486
      1 5488
      1 5493
      2 5498
      1 5499
      1 5501
      1 5503
      1 5506
      2 5510
      1 5511
      2 5513
      2 5514
      1 5515
      1 5519
      1 5521
      2 5522
      1 5523
      4 5524
      2 5525
      2 5527
      2 5529
      1 5531
      1 5533
      2 5539
      1 5540
      1 5542
      1 5544
      2 5545
      1 5548
      1 5552
      1 5555
      1 5556
      2 5557
      1 5558
      1 5564
      1 5574
      1 5576
      1 5577
      1 5579
      1 5580
      3 5581
      1 5584
      1 5585
      2 5588
      2 5590
      1 5591
      1 5592
      1 5593
      1 5595
      2 5596
      1 5600
      1 5601
      1 5603
      2 5604
      1 5605
      2 5612
      1 5613
      1 5614
      1 5615
      1 5617
      1 5618
      1 5623
      1 5626
      1 5629
      2 5630
      2 5633
      1 5637
      1 5639
      1 5640
      1 5643
      1 5644
      1 5646
      1 5647
      1 5648
      1 5649
      1 5650
      2 5651
      1 5652
      1 5658
      1 5660
      1 5662
      1 5664
      1 5668
      1 5669
      1 5675
      1 5676
      1 5680
      1 5681
      2 5682
      1 5684
      1 5685
      1 5691
      1 5693
      2 5696
      2 5697
      1 5700
      1 5701
      1 5702
      1 5710
      1 5712
      1 5714
      2 5716
      1 5724
      1 5726
      1 5727
      1 5730
      1 5731
      2 5735
      1 5736
      1 5737
      1 5741
      1 5746
      1 5756
      1 5757
      1 5772
      2 5773
      2 5774
      1 5779
      3 5780
      1 5783
      1 5785
      1 5786
      1 5794
      1 5800
      1 5803
      1 5807
      2 5808
      2 5810
      1 5811
      1 5814
      1 5815
      1 5817
      1 5826
      1 5829
      1 5831
      1 5847
      1 5848
      1 5849
      1 5854
      2 5856
      1 5857
      2 5859
      1 5862
      1 5869
      1 5872
      2 5880
      1 5881
      1 5882
      1 5883
      1 5884
      1 5885
      1 5896
      1 5898
      1 5899
      1 5901
      1 5905
      1 5906
      1 5908
      1 5909
      2 5911
      1 5913
      1 5915
      1 5917
      1 5919
      1 5923
      2 5925
      2 5928
      1 5932
      1 5933
      1 5934
      2 5936
      1 5937
      1 5940
      1 5942
      1 5943
      1 5945
      1 5946
      2 5948
      1 5954
      2 5958
      2 5961
      1 5962
      1 5964
      1 5965
      1 5967
      1 5968
      1 5969
      2 5971
      1 5977
      1 5978
      1 5981
      2 5983
      1 5985
      1 5986
      1 5990
      1 5993
      1 5994
      1 5999
      1 6001
      1 6004
      2 6008
      1 6009
      1 6010
      1 6017
      1 6018
      1 6020
      1 6025
      1 6028
      1 6029
      1 6030
      2 6031
      1 6034
      1 6041
      1 6043
      1 6049
      1 6050
      1 6051
      1 6053
      1 6055
      1 6057
      1 6058
      2 6059
      1 6063
      1 6073
      3 6076
      2 6080
      1 6085
      1 6086
      1 6090
      1 6093
      1 6095
      2 6099
      1 6102
      2 6106
      1 6107
      1 6114
      1 6117
      1 6119
      1 6121
      2 6124
      1 6126
      2 6127
      2 6128
      1 6130
      1 6131
      1 6133
      1 6136
      1 6137
      1 6138
      1 6139
      1 6140
      1 6142
      1 6146
      1 6147
      1 6151
      1 6154
      2 6157
      2 6161
      2 6166
      3 6167
      1 6169
      1 6171
      1 6174
      1 6178
      2 6179
      1 6186
      1 6193
      1 6196
      1 6197
      1 6198
      1 6199
      1 6200
      1 6202
      1 6205
      1 6212
      1 6216
      1 6220
      1 6225
      1 6227
      2 6229
      2 6232
      1 6233
      2 6237
      1 6241
      1 6244
      1 6245
      2 6252
      1 6254
      1 6255
      3 6263
      1 6264
      1 6266
      1 6270
      1 6271
      1 6273
      1 6274
      1 6281
      1 6283
      1 6284
      1 6287
      1 6290
      1 6292
      1 6293
      1 6298
      1 6300
      1 6301
      1 6303
      1 6305
      1 6308
      1 6311
      1 6312
      1 6314
      1 6317
      1 6320
      1 6330
      1 6331
      1 6333
      1 6335
      1 6337
      1 6340
      1 6344
      1 6346
      1 6347
      1 6348
      2 6350
      1 6351
      1 6353
      1 6354
      1 6357
      1 6362
      1 6368
      1 6369
      1 6370
      1 6381
      1 6382
      1 6385
      1 6390
      2 6393
      1 6396
      1 6397
      1 6401
      1 6404
      1 6413
      3 6414
      1 6415
      1 6419
      1 6422
      1 6424
      1 6426
      1 6429
      1 6430
      1 6431
      1 6433
      1 6439
      1 6440
      1 6441
      1 6447
      1 6449
      1 6450
      1 6455
      1 6456
      1 6457
      2 6458
      1 6460
      1 6479
      1 6481
      1 6483
      2 6484
      1 6492
      1 6496
      1 6497
      1 6498
      1 6502
      1 6503
      1 6506
      1 6510
      1 6519
      1 6521
      1 6522
      2 6524
      1 6526
      1 6530
      1 6531
      1 6535
      2 6537
      1 6539
      1 6541
      1 6542
      1 6545
      2 6547
      1 6548
      2 6550
      1 6554
      2 6557
      1 6559
      3 6565
      1 6566
      1 6567
      1 6570
      1 6575
      1 6576
      1 6582
      1 6583
      1 6585
      1 6594
      1 6597
      1 6598
      1 6600
      1 6601
      1 6602
      2 6604
      1 6613
      1 6615
      1 6617
      1 6620
      1 6622
      1 6623
      1 6628
      1 6631
      1 6636
      1 6638
      1 6640
      1 6641
      1 6646
      1 6651
      1 6655
      1 6657
      1 6666
      1 6669
      1 6672
      1 6675
      1 6679
      2 6680
      1 6681
      1 6684
      1 6702
      2 6705
      1 6706
      2 6709
      1 6716
      1 6722
      1 6726
      1 6731
      1 6733
      1 6735
      1 6737
      1 6739
      1 6740
      1 6743
      1 6744
      1 6747
      1 6751
      1 6762
      1 6764
      1 6767
      1 6771
      1 6773
      1 6777
      1 6784
      2 6785
      1 6788
      1 6801
      1 6810
      1 6811
      2 6817
      1 6818
      1 6822
      1 6824
      1 6830
      2 6832
      1 6834
      1 6836
      1 6840
      1 6848
      1 6850
      1 6855
      2 6856
      1 6860
      2 6862
      1 6864
      1 6869
      1 6873
      1 6881
      1 6882
      1 6898
      1 6899
      1 6905
      3 6907
      2 6908
      1 6917
      1 6919
      2 6922
      1 6924
      1 6930
      1 6932
      1 6935
      1 6937
      1 6940
      1 6944
      1 6946
      1 6947
      1 6949
      1 6954
      1 6959
      1 6967
      1 6973
      1 6975
      1 6985
      2 6991
      2 6992
      1 6993
      1 6995
      1 6997
      1 7002
      1 7006
      1 7008
      1 7016
      1 7026
      1 7033
      1 7037
      1 7046
      1 7047
      1 7054
      1 7055
      1 7057
      1 7064
      1 7067
      2 7068
      1 7075
      2 7082
      1 7092
      1 7093
      1 7094
      1 7095
      1 7101
      1 7102
      1 7106
      1 7109
      1 7113
      1 7120
      1 7133
      2 7134
      1 7135
      2 7140
      2 7142
      1 7147
      1 7153
      1 7163
      1 7168
      1 7169
      1 7172
      1 7173
      1 7175
      1 7194
      1 7195
      1 7198
      2 7201
      1 7206
      1 7208
      1 7220
      1 7221
      1 7223
      1 7227
      1 7228
      1 7238
      1 7240
      2 7247
      1 7255
      2 7257
      1 7259
      1 7262
      1 7265
      1 7278
      1 7281
      1 7302
      1 7313
      1 7318
      1 7321
      1 7326
      1 7335
      1 7340
      1 7343
      1 7344
      1 7345
      1 7346
      2 7357
      2 7359
      1 7362
      1 7372
      2 7375
      1 7376
      1 7379
      2 7380
      1 7381
      1 7386
      1 7402
      1 7404
      1 7412
      1 7421
      1 7423
      1 7428
      1 7442
      2 7450
      2 7454
      1 7474
      1 7483
      1 7484
      1 7489
      1 7490
      1 7495
      1 7510
      1 7520
      1 7521
      1 7526
      1 7537
      1 7545
      1 7546
      1 7554
      2 7555
      1 7559
      1 7563
      1 7564
      1 7577
      1 7579
      1 7580
      1 7583
      1 7589
      1 7592
      1 7597
      1 7606
      1 7610
      1 7624
      1 7644
      1 7645
      1 7648
      1 7651
      2 7658
      1 7660
      1 7663
      1 7672
      1 7676
      1 7678
      1 7681
      2 7684
      1 7689
      1 7703
      1 7717
      1 7741
      1 7750
      1 7754
      1 7757
      1 7758
      1 7760
      1 7762
      1 7776
      1 7777
      1 7780
      1 7783
      1 7786
      1 7790
      1 7795
      1 7809
      1 7810
      1 7811
      1 7815
      1 7817
      1 7823
      1 7824
      1 7827
      1 7835
      1 7836
      1 7840
      1 7842
      1 7846
      1 7848
      1 7852
      1 7855
      1 7859
      1 7869
      1 7876
      1 7884
      1 7890
      1 7918
      1 7921
      1 7925
      1 7941
      2 7943
      1 7944
      1 7956
      1 7961
      1 7988
      2 7999
      1 8003
      1 8005
      1 8010
      1 8019
      1 8022
      1 8030
      1 8033
      1 8041
      1 8047
      1 8048
      1 8050
      1 8051
      1 8054
      1 8055
      1 8063
      1 8069
      1 8074
      1 8075
      1 8076
      1 8086
      1 8103
      1 8105
      1 8123
      1 8125
      1 8142
      1 8148
      1 8157
      1 8161
      1 8192
      1 8193
      1 8214
      1 8223
      1 8227
      1 8237
      1 8240
      1 8250
      2 8257
      1 8262
      1 8263
      1 8264
      1 8267
      1 8277
      1 8278
      1 8294
      1 8311
      1 8316
      2 8328
      1 8331
      1 8334
      1 8343
      1 8351
      2 8353
      1 8365
      1 8372
      1 8386
      1 8387
      1 8388
      1 8393
      1 8405
      1 8419
      1 8424
      1 8435
      1 8441
      1 8443
      2 8444
      2 8450
      1 8461
      1 8482
      1 8489
      1 8493
      1 8497
      1 8503
      1 8514
      1 8521
      1 8527
      1 8528
      1 8541
      1 8550
      1 8555
      1 8570
      1 8573
      1 8576
      1 8588
      1 8592
      1 8604
      1 8627
      1 8644
      2 8650
      1 8659
      1 8660
      1 8682
      1 8684
      1 8701
      1 8706
      1 8711
      1 8715
      1 8719
      1 8731
      1 8735
      1 8737
      2 8741
      1 8776
      1 8797
      1 8811
      1 8816
      1 8818
      1 8820
      1 8823
      1 8825
      1 8827
      1 8840
      1 8847
      1 8869
      1 8885
      1 8902
      1 8909
      2 8912
      1 8915
      1 8924
      1 8926
      1 8929
      1 8931
      1 8939
      1 8941
      1 8965
      2 8969
      1 8973
      1 8988
      1 8998
      1 9003
      1 9004
      1 9010
      1 9017
      1 9033
      1 9050
      1 9061
      2 9062
      1 9084
      1 9092
      1 9095
      1 9111
      1 9116
      1 9137
      1 9143
      1 9144
      1 9150
      1 9202
      1 9204
      1 9248
      2 9268
      1 9275
      1 9280
      1 9297
      1 9328
      1 9355
      1 9363
      1 9393
      1 9394
      1 9404
      1 9405
      1 9425
      1 9428
      1 9442
      1 9446
      1 9447
      1 9466
      1 9486
      1 9496
      1 9501
      1 9547
      1 9560
      1 9567
      1 9578
      1 9614
      1 9631
      1 9632
      2 9637
      1 9640
      1 9690
      1 9695
      1 9697
      1 9718
      1 9740
      1 9753
      1 9812
      1 9814
      1 9830
      1 9851
      1 9852
      2 9857
      1 9881
      1 9887
      1 9910
      1 9911
      1 9912
      1 9923
      1 9945
      1 9967
      1 10037
      1 10042
      1 10047
      1 10048
      1 10050
      1 10057
      1 10084
      1 10091
      2 10105
      1 10140
      1 10184
      1 10190
      1 10207
      1 10221
      1 10222
      1 10255
      1 10266
      1 10285
      1 10296
      1 10297
      1 10306
      1 10309
      1 10316
      1 10318
      1 10330
      1 10339
      1 10340
      1 10349
      1 10360
      1 10366
      1 10373
      1 10388
      1 10397
      1 10472
      1 10480
      1 10513
      1 10594
      1 10606
      1 10625
      1 10630
      1 10661
      1 10671
      1 10686
      1 10729
      1 10732
      1 10739
      2 10770
      1 10782
      1 10799
      1 10805
      1 10819
      1 10839
      1 10858
      1 10900
      1 10949
      1 10955
      1 10996
      1 11014
      1 11032
      1 11059
      1 11062
      1 11063
      1 11076
      1 11096
      1 11173
      1 11179
      1 11208
      1 11294
      1 11305
      1 11393
      1 11453
      1 11493
      1 11518
      1 11548
      1 11580
      1 11630
      2 11640
      1 11678
      1 11689
      1 11709
      1 11757
      1 11786
      1 11793
      1 11804
      1 11841
      1 11869
      1 11890
      1 11901
      1 11913
      1 11914
      1 11933
      1 11944
      1 12004
      1 12120
      1 12135
      1 12139
      1 12147
      1 12163
      1 12181
      1 12182
      1 12250
      1 12258
      1 12279
      1 12356
      1 12379
      1 12395
      1 12418
      1 12431
      1 12438
      1 12448
      1 12468
      1 12484
      1 12546
      1 12549
      1 12569
      1 12578
      1 12597
      1 12604
      1 12630
      1 12639
      1 12647
      1 12715
      1 12735
      1 12775
      1 12812
      1 12825
      1 12897
      1 12999
      1 13003
      1 13018
      1 13024
      1 13099
      1 13185
      1 13251
      1 13317
      1 13320
      1 13327
      1 13459
      1 13476
      1 13484
      1 13490
      1 13528
      1 13791
      1 13851
      1 13905
      1 13925
      1 13935
      1 13953
      2 13963
      1 13974
      1 13995
      1 14010
      1 14042
      1 14060
      1 14063
      1 14094
      1 14106
      1 14145
      1 14158
      1 14160
      1 14163
      1 14174
      1 14187
      1 14200
      1 14222
      1 14302
      1 14499
      1 14509
      1 14648
      1 14670
      1 14720
      1 14746
      1 14809
      1 14826
      1 14899
      1 14940
      1 14949
      1 15026
      1 15122
      1 15134
      1 15155
      1 15180
      1 15245
      1 15269
      1 15317
      1 15335
      1 15353
      1 15374
      1 15409
      1 15428
      1 15460
      1 15537
      1 15569
      1 15577
      1 15609
      1 15622
      1 15625
      1 15653
      1 15672
      1 15800
      1 15842
      1 15850
      1 15852
      1 15864
      1 15904
      1 15944
      1 16010
      1 16048
      1 16125
      1 16152
      1 16236
      1 16270
      1 16279
      1 16296
      1 16301
      1 16326
      1 16329
      1 16342
      1 16421
      1 16425
      1 16434
      1 16502
      1 16547
      1 16593
      1 16662
      1 16694
      1 16712
      1 16738
      1 16752
      1 16760
      1 16856
      1 16897
      1 16987
      1 17053
      1 17221
      1 17265
      1 17269
      1 17298
      1 17330
      1 17376
      1 17443
      1 17518
      1 17673
      1 17845
      1 17919
      1 17958
      1 18087
      1 18131
      1 18138
      1 18144
      1 18193
      1 18255
      1 18324
      1 18384
      1 18589
      1 18659
      1 18792
      1 18876
      1 18884
      1 19003
      1 19221
      1 19233
      1 19283
      1 19319
      1 19323
      1 19330
      1 19403
      1 19483
      1 19526
      1 19559
      1 19603
      1 19642
      1 19649
      1 19710
      1 19918
      1 20085
      1 20118
      1 20243
      1 20474
      1 20495
      1 20519
      1 20556
      1 20649
      1 20656
      1 20674
      1 20691
      1 20694
      1 20709
      1 20752
      1 20869
      1 21044
      1 21103
      1 21152
      1 21165
      1 21292
      1 21373
      1 21412
      1 21462
      1 21497
      1 21541
      1 21581
      1 21684
      1 21687
      1 21832
      1 21920
      1 21928
      1 22004
      1 22142
      1 22313
      1 22392
      1 22496
      1 22633
      1 22637
      1 22664
      1 22834
      1 22838
      1 22884
      1 22918
      1 23027
      1 23039
      1 23057
      1 23077
      1 23108
      1 23158
      1 23365
      1 23408
      1 23480
      1 23484
      1 23509
      1 23589
      1 23605
      1 23704
      1 23791
      2 23816
      1 23836
      1 23964
      1 23976
      1 24126
      1 24286
      1 24300
      1 24433
      1 24639
      1 24745
      1 24751
      1 24765
      1 25065
      1 25126
      1 25136
      1 25221
      1 25294
      1 25631
      1 25663
      1 25782
      1 25802
      1 25849
      1 26171
      1 26205
      1 26370
      1 26402
      1 26449
      1 26477
      1 26566
      1 26992
      1 27367
      1 27454
      1 27510
      1 28449
      1 28642
      1 28794
      1 28825
      1 28904
      1 28917
      1 28972
      1 29067
      1 29404
      1 29851
      1 30125
      1 30270
      1 30287
      1 30343
      1 30361
      1 30373
      1 30416
      1 30485
      1 30719
      1 30827
      1 30893
      1 30990
      1 31031
      1 31220
      1 31289
      1 31503
      1 31929
      1 32241
      1 32728
      1 32740
      1 32813
      1 33073
      1 33077
      1 33079
      1 33626
      1 33638
      1 34002
      1 34366
      1 34628
      1 35133
      1 35216
      1 35732
      1 36095
      1 36203
      1 36408
      1 36873
      1 36914
      1 36940
      1 37167
      1 37280
      1 37281
      1 37453
      1 37693
      1 38177
      1 38194
      1 38785
      1 39085
      1 39273
      1 39380
      1 40272
      1 40790
      1 40942
      1 41370
      1 41541
      1 41789
      1 43365
      1 43596
      1 43910
      1 44275
      1 45037
      1 45202
      1 45478
      1 45479
      1 47392
      1 47507
      1 48774
      1 48856
      1 49451
      1 49802
      1 51225
      1 52249
      1 53274
      1 57413
      1 60124
      1 68172
      1 68920
---AAD-PGBENCH-LAG-US---
