pgbench (18.6 (Debian 18.6-1.pgdg13+2))
starting vacuum...end.
transaction type: <builtin: select only>
scaling factor: 1000
query mode: simple
number of clients: 8
number of threads: 8
maximum number of tries: 1
duration: 60 s
number of transactions actually processed: 1703351
number of failed transactions: 0 (0.000%)
latency average = 0.282 ms
initial connection time = 4.564 ms
tps = 28391.148001 (without initial connection time)
---AAD-PGBENCH-LATENCY-US---
rc=0
samples=34220
      6 236
      4 237
      6 238
      5 239
      7 240
     15 241
      1 242
      7 243
     13 244
     23 245
     50 246
     96 247
     81 248
     86 249
     87 250
     96 251
    122 252
    126 253
    136 254
    173 255
    199 256
    285 257
    354 258
    481 259
    540 260
    583 261
    608 262
    667 263
    699 264
    779 265
    794 266
    840 267
    958 268
   1233 269
   1374 270
   1345 271
   1318 272
   1192 273
   1163 274
   1131 275
   1189 276
   1147 277
   1136 278
   1117 279
   1099 280
    943 281
    839 282
    789 283
    746 284
    650 285
    528 286
    494 287
    423 288
    376 289
    279 290
    277 291
    248 292
    221 293
    179 294
    174 295
    130 296
    121 297
    126 298
    107 299
     92 300
     82 301
     92 302
     72 303
     65 304
     75 305
     60 306
     42 307
     60 308
     38 309
     41 310
     52 311
     41 312
     48 313
     49 314
     41 315
     45 316
     46 317
     41 318
     44 319
     40 320
     54 321
     48 322
     24 323
     35 324
     36 325
     50 326
     49 327
     31 328
     45 329
     53 330
     36 331
     37 332
     42 333
     42 334
     45 335
     40 336
     27 337
     26 338
     19 339
     27 340
     24 341
     19 342
     23 343
     21 344
     23 345
     14 346
     16 347
     22 348
     16 349
      7 350
     10 351
     14 352
     19 353
      8 354
     10 355
     18 356
      7 357
     15 358
      9 359
      9 360
     11 361
      7 362
     11 363
      9 364
     13 365
     12 366
      7 367
     14 368
      4 369
      4 370
     13 371
     11 372
      7 373
      7 374
     15 375
      6 376
      8 377
      9 378
      4 379
     10 380
      7 381
     11 382
     13 383
      9 384
      8 385
      8 386
      9 387
     11 388
     10 389
     10 390
      6 391
     10 392
     12 393
     13 394
     12 395
     11 396
     12 397
     15 398
     13 399
      4 400
      5 401
      8 402
      6 403
      5 404
     13 405
      3 406
     12 407
     14 408
     10 409
      9 410
      7 411
      7 412
      8 413
      2 414
      7 415
      3 416
      3 417
      5 418
      5 419
      4 420
      3 421
      4 422
      3 423
      2 424
      4 425
      6 426
      7 427
      5 428
     11 429
      4 430
      6 431
      3 432
      3 433
      2 434
      2 435
      4 436
      1 437
      3 438
      4 439
      5 441
      4 442
      2 443
      4 444
      5 445
      4 446
      5 447
     10 448
      1 449
      6 450
      2 451
      3 452
      7 454
      4 455
      3 456
      5 457
      6 458
      2 459
      4 460
      3 461
      5 462
      6 463
      3 464
      6 465
      2 466
      6 467
      2 468
      2 469
      4 470
      3 471
      4 472
      6 473
      1 475
      1 476
      2 477
      1 478
      1 479
      2 480
      2 481
      6 482
      3 483
      4 484
      2 485
      5 486
      5 487
      2 488
      2 489
      3 490
      1 491
      4 492
      2 493
      1 496
      2 498
      2 499
      3 501
      2 502
      2 503
      3 504
      1 505
      1 506
      2 507
      1 510
      3 512
      3 514
      2 515
      5 516
      4 517
      4 518
      5 519
      3 520
      6 521
      6 522
      7 523
      5 524
      1 525
      6 526
      1 527
      1 528
      5 529
      1 530
      4 531
      1 532
      1 533
      5 534
      2 537
      1 538
      2 539
      1 540
      1 542
      2 543
      1 544
      1 546
      1 548
      2 549
      1 550
      2 552
      2 554
      3 556
      2 558
      2 559
      3 560
      1 561
      2 562
      1 565
      2 566
      1 570
      3 571
      1 573
      1 580
      2 582
      1 583
      1 584
      1 585
      1 588
      1 591
      1 596
      2 597
      1 602
      1 604
      1 605
      1 606
      1 607
      1 609
      1 611
      1 622
      2 623
      1 629
      1 638
      1 640
      1 641
      1 650
      1 657
      1 662
      1 665
      1 673
      1 675
      1 677
      1 681
      1 685
      1 690
      1 705
      1 708
      1 734
      1 763
      1 816
      1 817
      1 840
---AAD-PGBENCH-LAG-US---
