pgbench (18.6 (Debian 18.6-1.pgdg13+2))
starting vacuum...end.
transaction type: <builtin: select only>
scaling factor: 1000
query mode: simple
number of clients: 16
number of threads: 16
maximum number of tries: 1
duration: 60 s
number of transactions actually processed: 2934645
number of failed transactions: 0 (0.000%)
latency average = 0.327 ms
initial connection time = 6.467 ms
tps = 48915.431207 (without initial connection time)
---AAD-PGBENCH-LATENCY-US---
rc=0
samples=59007
      1 242
      3 243
      2 244
      4 245
      2 246
      3 247
      8 248
      7 249
     12 250
      5 251
     14 252
     17 253
     33 254
     40 255
     53 256
     61 257
     73 258
    107 259
    122 260
    134 261
    145 262
    156 263
    166 264
    214 265
    266 266
    306 267
    332 268
    398 269
    459 270
    509 271
    560 272
    604 273
    583 274
    695 275
    779 276
    828 277
    772 278
    818 279
    818 280
    846 281
    805 282
    864 283
    830 284
    785 285
    754 286
    769 287
    760 288
    800 289
    751 290
    803 291
    732 292
    713 293
    673 294
    734 295
    701 296
    650 297
    635 298
    673 299
    555 300
    537 301
    588 302
    546 303
    535 304
    515 305
    515 306
    494 307
    457 308
    454 309
    478 310
    477 311
    427 312
    432 313
    436 314
    393 315
    438 316
    383 317
    365 318
    364 319
    378 320
    389 321
    397 322
    364 323
    374 324
    410 325
    402 326
    443 327
    443 328
    514 329
    559 330
    438 331
    454 332
    417 333
    420 334
    391 335
    409 336
    444 337
    392 338
    385 339
    373 340
    384 341
    327 342
    343 343
    344 344
    387 345
    355 346
    283 347
    307 348
    257 349
    270 350
    274 351
    290 352
    258 353
    255 354
    240 355
    212 356
    259 357
    214 358
    250 359
    206 360
    201 361
    194 362
    171 363
    177 364
    174 365
    158 366
    165 367
    180 368
    153 369
    130 370
    156 371
    143 372
    143 373
    114 374
    138 375
    135 376
    106 377
    128 378
    122 379
    111 380
    113 381
     97 382
    111 383
    105 384
     88 385
     92 386
     88 387
     94 388
     99 389
    102 390
     92 391
     95 392
    102 393
    113 394
    111 395
    106 396
    103 397
    101 398
    121 399
    111 400
    114 401
    100 402
     93 403
     82 404
     90 405
     69 406
     79 407
     75 408
     84 409
     85 410
     71 411
     52 412
     68 413
     56 414
     68 415
     64 416
     59 417
     60 418
     59 419
     44 420
     59 421
     55 422
     62 423
     36 424
     43 425
     41 426
     60 427
     46 428
     35 429
     39 430
     51 431
     40 432
     56 433
     42 434
     39 435
     47 436
     45 437
     40 438
     36 439
     40 440
     36 441
     40 442
     32 443
     33 444
     31 445
     34 446
     23 447
     22 448
     25 449
     32 450
     37 451
     30 452
     25 453
     21 454
     36 455
     37 456
     24 457
     30 458
     19 459
     31 460
     31 461
     30 462
     25 463
     36 464
     19 465
     20 466
     22 467
     23 468
     26 469
     33 470
     21 471
     15 472
     29 473
     29 474
     32 475
     22 476
     26 477
     16 478
     25 479
     13 480
     21 481
     18 482
     16 483
     23 484
     26 485
     20 486
     26 487
     17 488
     22 489
     22 490
     25 491
     17 492
     27 493
     23 494
     23 495
     22 496
     26 497
     22 498
     19 499
     11 500
     21 501
     20 502
     22 503
     18 504
     21 505
     29 506
     19 507
     22 508
     30 509
     25 510
     20 511
     20 512
     25 513
     14 514
     25 515
     30 516
     29 517
     17 518
     21 519
     20 520
     23 521
     25 522
     20 523
     29 524
     22 525
     19 526
     17 527
     26 528
     28 529
     16 530
     18 531
     13 532
     19 533
     28 534
     19 535
     22 536
     21 537
     17 538
     19 539
     10 540
      9 541
     20 542
     18 543
     14 544
     19 545
     12 546
     17 547
     12 548
     14 549
     14 550
     11 551
     15 552
     18 553
      9 554
      8 555
     14 556
     11 557
      7 558
     21 559
     15 560
      9 561
     11 562
      7 563
      9 564
      5 565
      8 566
      5 567
      8 568
      7 569
     11 570
      5 571
      8 572
      4 573
      6 574
     13 575
      8 576
      9 577
      8 578
      8 579
      9 580
     10 581
      7 582
      8 583
      8 584
      9 585
     12 586
     10 587
      9 588
     10 589
      8 590
     11 591
      5 592
     10 593
     15 594
     10 595
      1 596
     12 597
      3 598
      4 599
      5 600
      6 601
      9 602
      4 603
      4 604
      6 605
      2 606
      2 607
      4 608
      6 609
      6 610
      2 611
      3 612
      7 613
      5 614
      2 615
      6 616
      4 617
      1 618
      4 619
      5 620
      3 621
      2 622
      2 623
      4 624
      1 625
      4 626
      1 627
      3 628
      2 629
      1 630
      2 631
      4 632
      4 633
      4 634
      2 635
      1 636
      3 637
      1 639
      1 640
      3 641
      2 642
      1 643
      5 644
      2 645
      2 646
      3 647
      1 648
      1 649
      2 651
      1 652
      4 653
      3 654
      7 655
      6 656
      4 657
      6 658
      2 659
      2 660
      3 661
      1 662
      3 663
      1 664
      2 665
      4 666
      2 667
      3 668
      1 669
      2 670
      2 671
      2 672
      3 673
      2 674
      1 675
      4 676
      1 677
      2 678
      1 679
      2 685
      1 687
      3 689
      2 690
      1 691
      3 693
      1 694
      1 697
      3 699
      2 701
      1 702
      1 709
      2 711
      1 716
      1 720
      1 723
      1 724
      2 725
      1 730
      1 731
      3 732
      1 738
      2 740
      1 741
      2 742
      1 744
      1 745
      1 747
      1 749
      1 750
      1 754
      1 755
      1 759
      1 760
      1 764
      1 775
      1 777
      1 781
      1 791
      1 793
      1 797
      1 799
      1 805
      1 806
      2 818
      1 819
      1 820
      1 824
      2 829
      1 836
      1 841
      1 842
      1 847
      1 858
      1 867
      1 873
      1 920
      1 930
      1 934
      1 936
      1 941
      1 950
      1 965
      1 1009
      2 1017
      1 1226
---AAD-PGBENCH-LAG-US---
