pgbench (18.6 (Debian 18.6-1.pgdg13+2))
starting vacuum...end.
transaction type: <builtin: select only>
scaling factor: 1000
query mode: simple
number of clients: 32
number of threads: 16
maximum number of tries: 1
duration: 60 s
number of transactions actually processed: 5512683
number of failed transactions: 0 (0.000%)
latency average = 0.348 ms
initial connection time = 12.028 ms
tps = 91888.205178 (without initial connection time)
---AAD-PGBENCH-LATENCY-US---
rc=0
samples=110594
      1 241
      1 245
      1 246
      2 248
      2 250
      2 251
      1 252
      5 253
      1 254
      5 255
      4 256
     11 257
     12 258
     24 259
     20 260
     28 261
     34 262
     48 263
     53 264
     51 265
     84 266
     94 267
    101 268
    135 269
    147 270
    186 271
    207 272
    233 273
    245 274
    319 275
    374 276
    382 277
    474 278
    444 279
    525 280
    542 281
    549 282
    615 283
    660 284
    666 285
    765 286
    729 287
    803 288
    793 289
    814 290
    866 291
    835 292
    795 293
    823 294
    828 295
    858 296
    841 297
    865 298
    869 299
    822 300
    845 301
    856 302
    896 303
    839 304
    751 305
    775 306
    795 307
    767 308
    745 309
    803 310
    793 311
    737 312
    723 313
    754 314
    754 315
    723 316
    689 317
    656 318
    739 319
    740 320
    759 321
    798 322
    795 323
    852 324
    816 325
    849 326
    864 327
    894 328
   1011 329
   1102 330
   1089 331
   1167 332
   1139 333
   1222 334
   1181 335
   1251 336
   1324 337
   1375 338
   1298 339
   1379 340
   1401 341
   1501 342
   1437 343
   1495 344
   1465 345
   1426 346
   1364 347
   1355 348
   1287 349
   1219 350
   1218 351
   1102 352
   1019 353
    940 354
    957 355
    855 356
    852 357
    793 358
    806 359
    724 360
    726 361
    688 362
    646 363
    672 364
    570 365
    555 366
    547 367
    516 368
    531 369
    472 370
    467 371
    491 372
    433 373
    444 374
    416 375
    431 376
    417 377
    374 378
    385 379
    424 380
    374 381
    371 382
    382 383
    353 384
    361 385
    365 386
    361 387
    398 388
    359 389
    384 390
    353 391
    374 392
    389 393
    377 394
    366 395
    359 396
    354 397
    397 398
    407 399
    401 400
    336 401
    333 402
    312 403
    303 404
    277 405
    271 406
    251 407
    254 408
    243 409
    260 410
    228 411
    237 412
    171 413
    208 414
    181 415
    168 416
    178 417
    177 418
    180 419
    156 420
    172 421
    139 422
    156 423
    160 424
    142 425
    139 426
    118 427
    133 428
    115 429
    122 430
    134 431
    127 432
    105 433
    112 434
    107 435
     95 436
     87 437
     81 438
    100 439
     97 440
     96 441
     76 442
     87 443
     82 444
     96 445
     96 446
     92 447
     91 448
     88 449
     83 450
     89 451
     76 452
     79 453
     89 454
     76 455
     68 456
     88 457
     82 458
     73 459
     85 460
     67 461
     64 462
     66 463
     66 464
     58 465
     57 466
     76 467
     80 468
     54 469
     67 470
     77 471
     69 472
     58 473
     71 474
     53 475
     53 476
     44 477
     47 478
     44 479
     45 480
     43 481
     43 482
     51 483
     39 484
     39 485
     50 486
     48 487
     57 488
     36 489
     33 490
     38 491
     42 492
     29 493
     37 494
     39 495
     30 496
     30 497
     23 498
     36 499
     30 500
     41 501
     32 502
     23 503
     28 504
     29 505
     32 506
     39 507
     27 508
     37 509
     25 510
     31 511
     24 512
     34 513
     18 514
     24 515
     25 516
     37 517
     32 518
     36 519
     29 520
     36 521
     43 522
     25 523
     26 524
     26 525
     20 526
     27 527
     24 528
     22 529
     29 530
     18 531
     21 532
     27 533
     18 534
     20 535
     22 536
     23 537
     27 538
     26 539
     19 540
     14 541
     20 542
     16 543
     26 544
     25 545
     19 546
     21 547
     19 548
     17 549
     25 550
     16 551
     22 552
     28 553
     20 554
     26 555
     23 556
     20 557
     21 558
     18 559
     15 560
     18 561
     11 562
     20 563
     18 564
     17 565
     24 566
     16 567
     10 568
     16 569
     22 570
     15 571
     14 572
     12 573
     11 574
     14 575
     19 576
     20 577
     15 578
     19 579
     15 580
     13 581
     21 582
     15 583
     19 584
     16 585
     18 586
     16 587
     11 588
     15 589
     15 590
     25 591
     18 592
     13 593
     11 594
      9 595
     15 596
     16 597
     15 598
     11 599
      7 600
      9 601
     12 602
     14 603
     10 604
     10 605
     10 606
     10 607
      5 608
      4 609
      8 610
     11 611
      4 612
      4 613
      7 614
      8 615
      3 616
     10 617
      6 618
      5 619
     12 620
      1 621
      5 622
      3 623
      3 624
      3 625
      6 626
      6 627
      4 628
      3 629
      5 630
      5 631
      3 632
      6 633
      8 634
      5 635
      1 636
      4 637
      2 638
      5 639
      3 640
      3 641
      2 642
      9 643
      1 644
      3 645
      1 646
      4 647
      3 648
      4 649
      5 650
      8 651
      2 652
      2 653
      5 654
      6 655
      4 656
      8 657
      3 658
      5 659
      2 660
      6 661
      4 662
      7 663
      2 664
      7 665
      3 666
      7 667
      3 668
      1 669
      5 670
      7 672
      3 673
      4 674
      2 675
      1 676
      3 677
      3 678
      3 679
      3 680
      1 681
      4 682
      2 683
      2 684
      1 685
      2 686
      1 687
      1 688
      4 689
      1 690
      1 691
      1 693
      2 694
      2 696
      1 697
      2 698
      4 699
      2 701
      2 702
      3 703
      3 706
      2 708
      2 709
      1 710
      1 711
      4 712
      1 714
      2 715
      3 717
      1 719
      2 720
      1 721
      3 722
      1 724
      1 726
      2 727
      3 728
      7 731
      1 732
      2 733
      1 734
      3 738
      1 739
      1 742
      2 743
      1 745
      2 748
      1 752
      2 754
      1 761
      1 764
      1 765
      1 770
      1 774
      2 778
      2 779
      1 780
      1 781
      1 783
      1 786
      1 791
      1 794
      1 797
      1 807
      1 808
      1 812
      1 817
      1 818
      1 824
      1 826
      1 832
      1 834
      1 836
      1 851
      1 859
      2 870
      1 871
      1 873
      2 889
      1 891
      1 892
      1 907
      1 946
      1 950
      1 959
      1 969
      1 1000
      1 1013
      1 1027
      1 1049
      1 1068
      1 1081
      1 1105
      1 1118
      1 1136
      1 1138
      1 1155
      1 1158
      1 1163
      1 1182
      1 1196
      1 1228
      1 1301
      1 1352
      1 1359
      1 1374
      1 1396
      1 1397
      1 1400
      1 1415
      1 1426
      1 1444
      1 1447
      1 1461
      1 1465
      1 1605
      1 3721
---AAD-PGBENCH-LAG-US---
