pgbench (18.6 (Debian 18.6-1.pgdg13+2))
starting vacuum...end.
transaction type: <builtin: select only>
scaling factor: 1000
query mode: simple
number of clients: 64
number of threads: 16
maximum number of tries: 1
duration: 60 s
number of transactions actually processed: 8245453
number of failed transactions: 0 (0.000%)
latency average = 0.465 ms
initial connection time = 92.639 ms
tps = 137634.485458 (without initial connection time)
---AAD-PGBENCH-LATENCY-US---
rc=0
samples=164869
      1 261
      1 262
      1 263
      3 265
      2 267
      6 268
      3 269
      5 270
      7 271
      8 272
      6 273
      7 274
     14 275
     16 276
     14 277
     20 278
     17 279
     14 280
     23 281
     32 282
     26 283
     35 284
     22 285
     27 286
     33 287
     31 288
     33 289
     33 290
     38 291
     39 292
     40 293
     45 294
     47 295
     43 296
     38 297
     47 298
     53 299
     62 300
     77 301
     68 302
     86 303
     72 304
     73 305
     83 306
     75 307
    100 308
     94 309
     90 310
     98 311
    108 312
    104 313
    107 314
    122 315
    135 316
    129 317
    144 318
    131 319
    153 320
    136 321
    148 322
    176 323
    210 324
    221 325
    239 326
    270 327
    266 328
    253 329
    306 330
    329 331
    351 332
    365 333
    398 334
    409 335
    450 336
    477 337
    556 338
    567 339
    558 340
    618 341
    621 342
    683 343
    699 344
    774 345
    767 346
    752 347
    667 348
    699 349
    678 350
    677 351
    649 352
    666 353
    659 354
    603 355
    626 356
    597 357
    586 358
    592 359
    569 360
    541 361
    548 362
    518 363
    535 364
    514 365
    504 366
    541 367
    498 368
    525 369
    493 370
    508 371
    498 372
    480 373
    498 374
    519 375
    559 376
    498 377
    492 378
    498 379
    481 380
    489 381
    488 382
    543 383
    555 384
    576 385
    532 386
    574 387
    591 388
    565 389
    569 390
    616 391
    611 392
    650 393
    657 394
    686 395
    691 396
    741 397
    753 398
    751 399
    760 400
    786 401
    850 402
    846 403
    924 404
    877 405
    959 406
    960 407
   1055 408
   1023 409
   1030 410
   1092 411
   1074 412
   1108 413
   1176 414
   1163 415
   1071 416
   1068 417
    977 418
    903 419
    841 420
    888 421
    843 422
    811 423
    787 424
    755 425
    778 426
    714 427
    669 428
    665 429
    631 430
    619 431
    596 432
    590 433
    561 434
    578 435
    551 436
    525 437
    560 438
    515 439
    535 440
    514 441
    478 442
    496 443
    521 444
    485 445
    471 446
    495 447
    466 448
    477 449
    512 450
    492 451
    496 452
    440 453
    473 454
    470 455
    502 456
    505 457
    526 458
    511 459
    492 460
    534 461
    507 462
    514 463
    520 464
    546 465
    588 466
    539 467
    585 468
    632 469
    642 470
    664 471
    653 472
    649 473
    676 474
    690 475
    737 476
    732 477
    713 478
    738 479
    779 480
    783 481
    738 482
    871 483
    798 484
    779 485
    741 486
    760 487
    721 488
    704 489
    663 490
    650 491
    702 492
    700 493
    618 494
    663 495
    561 496
    557 497
    575 498
    561 499
    517 500
    557 501
    528 502
    511 503
    523 504
    484 505
    480 506
    535 507
    458 508
    476 509
    496 510
    499 511
    482 512
    461 513
    476 514
    404 515
    463 516
    448 517
    450 518
    475 519
    453 520
    445 521
    448 522
    436 523
    429 524
    435 525
    404 526
    429 527
    451 528
    459 529
    418 530
    419 531
    426 532
    426 533
    466 534
    503 535
    468 536
    479 537
    462 538
    466 539
    436 540
    511 541
    480 542
    492 543
    477 544
    480 545
    484 546
    507 547
    499 548
    524 549
    484 550
    518 551
    481 552
    462 553
    490 554
    506 555
    444 556
    473 557
    389 558
    419 559
    417 560
    392 561
    384 562
    369 563
    354 564
    352 565
    344 566
    341 567
    322 568
    312 569
    308 570
    318 571
    284 572
    270 573
    271 574
    285 575
    242 576
    233 577
    235 578
    234 579
    235 580
    234 581
    213 582
    210 583
    237 584
    185 585
    184 586
    239 587
    214 588
    214 589
    202 590
    207 591
    200 592
    173 593
    175 594
    179 595
    190 596
    184 597
    183 598
    181 599
    164 600
    195 601
    175 602
    205 603
    189 604
    168 605
    178 606
    157 607
    169 608
    177 609
    168 610
    168 611
    172 612
    140 613
    151 614
    151 615
    156 616
    176 617
    149 618
    160 619
    154 620
    154 621
    156 622
    164 623
    164 624
    145 625
    137 626
    141 627
    112 628
    119 629
    110 630
    128 631
    105 632
    102 633
    120 634
    104 635
    103 636
    113 637
    103 638
     79 639
     86 640
     90 641
     81 642
     92 643
     80 644
     64 645
     84 646
     71 647
     86 648
     81 649
     72 650
     79 651
     72 652
     66 653
     68 654
     53 655
     82 656
     52 657
     73 658
     98 659
     63 660
     49 661
     62 662
     72 663
     71 664
     56 665
     59 666
     50 667
     56 668
     70 669
     50 670
     68 671
     62 672
     45 673
     49 674
     60 675
     51 676
     56 677
     52 678
     47 679
     54 680
     46 681
     42 682
     50 683
     49 684
     57 685
     48 686
     48 687
     43 688
     47 689
     53 690
     42 691
     41 692
     38 693
     43 694
     44 695
     40 696
     42 697
     45 698
     31 699
     37 700
     39 701
     36 702
     41 703
     32 704
     23 705
     29 706
     30 707
     30 708
     35 709
     21 710
     26 711
     27 712
     29 713
     26 714
     24 715
     31 716
     39 717
     32 718
     31 719
     26 720
     20 721
     30 722
     17 723
     27 724
     27 725
     22 726
     39 727
     22 728
     19 729
     19 730
     21 731
     19 732
     20 733
     21 734
     25 735
     18 736
     25 737
     20 738
     22 739
     27 740
     17 741
     19 742
     14 743
     19 744
     13 745
      9 746
     13 747
     18 748
     19 749
     20 750
      7 751
     19 752
     12 753
     15 754
     12 755
     11 756
     11 757
     14 758
     10 759
     13 760
     15 761
     13 762
     11 763
     15 764
     15 765
     14 766
     23 767
     12 768
     10 769
     10 770
      5 771
      7 772
     12 773
     10 774
     12 775
      6 776
     12 777
      9 778
     10 779
     16 780
      8 781
      4 782
      7 783
      3 784
     12 785
      9 786
     11 787
      7 788
      8 789
      9 790
      6 791
      6 792
      7 793
      7 794
      9 795
      5 796
      5 797
      8 798
      6 799
      6 800
      5 801
      6 802
      1 803
      9 804
      6 805
      3 806
      8 807
      2 808
      3 809
      7 810
      6 811
      7 812
      3 813
      7 814
      4 815
      3 816
      3 817
      7 818
      5 819
      4 820
      3 821
      2 822
      8 823
      2 824
      4 825
      6 826
      1 827
      2 828
      5 829
      5 830
      2 831
      7 832
      8 833
      7 834
     11 835
      6 836
      2 837
      2 838
      6 839
      5 840
      6 842
      2 843
      1 844
      2 845
      4 846
      5 847
      2 848
      2 849
      4 850
      1 851
      1 852
      4 853
      6 854
      1 855
      8 856
      1 857
      4 858
      5 859
      2 860
      3 861
      7 862
      5 863
      1 864
      5 865
      1 866
      1 867
      2 868
      2 869
      1 870
      1 871
      1 872
      4 873
      2 874
      3 875
      4 876
      2 877
      1 878
      3 879
      3 880
      2 881
      2 882
      1 883
      1 884
      2 885
      3 886
      2 887
      1 889
      3 891
      5 892
      5 893
      2 894
      3 895
      2 896
      1 897
      4 898
      2 901
      3 902
      5 903
      2 904
      1 905
      2 906
      2 907
      3 908
      1 910
      4 911
      1 912
      2 913
      1 914
      4 915
      4 916
      1 917
      1 918
      1 919
      2 921
      1 922
      3 923
      4 924
      1 925
      2 927
      1 928
      2 929
      2 930
      1 932
      2 933
      1 934
      1 935
      2 936
      1 938
      2 939
      1 940
      1 942
      1 944
      2 946
      3 948
      1 949
      4 950
      1 951
      1 952
      1 954
      2 955
      2 956
      2 957
      3 958
      1 959
      4 961
      3 963
      3 964
      1 965
      6 966
      2 967
      2 968
      1 969
      6 970
      2 971
      3 972
      2 973
      2 975
      2 976
      3 977
      1 980
      2 983
      1 984
      2 986
      1 987
      1 990
      1 991
      2 993
      2 994
      3 995
      1 996
      1 998
      3 999
      3 1001
      2 1004
      1 1007
      3 1008
      4 1009
      1 1010
      1 1012
      3 1013
      2 1015
      1 1016
      2 1019
      3 1020
      2 1021
      1 1022
      1 1024
      1 1027
      1 1028
      1 1030
      2 1032
      1 1033
      2 1034
      1 1035
      1 1036
      3 1037
      1 1038
      2 1040
      2 1041
      1 1043
      1 1045
      1 1047
      2 1049
      1 1050
      1 1051
      2 1052
      1 1053
      1 1056
      1 1057
      2 1058
      1 1060
      1 1062
      1 1065
      2 1066
      1 1067
      1 1069
      1 1071
      1 1073
      1 1075
      1 1078
      1 1080
      2 1081
      1 1086
      1 1087
      2 1088
      1 1089
      1 1094
      1 1095
      2 1100
      2 1101
      2 1104
      1 1107
      1 1108
      1 1109
      1 1111
      2 1112
      2 1115
      1 1117
      1 1119
      1 1122
      3 1123
      1 1125
      1 1133
      1 1134
      2 1135
      1 1139
      1 1144
      1 1145
      1 1154
      3 1155
      2 1156
      1 1158
      1 1163
      1 1164
      1 1166
      1 1168
      1 1171
      2 1173
      1 1177
      1 1181
      1 1184
      1 1186
      1 1187
      1 1188
      1 1189
      1 1192
      1 1197
      3 1200
      3 1201
      1 1204
      1 1206
      2 1208
      1 1209
      2 1210
      1 1211
      1 1217
      4 1219
      1 1225
      2 1228
      1 1230
      2 1231
      2 1232
      2 1236
      1 1240
      3 1241
      2 1246
      1 1251
      1 1253
      1 1254
      1 1256
      2 1257
      1 1260
      1 1261
      1 1262
      1 1263
      2 1264
      1 1265
      3 1266
      1 1267
      2 1268
      2 1269
      1 1271
      2 1273
      1 1274
      2 1275
      1 1278
      2 1279
      2 1281
      1 1282
      1 1283
      2 1285
      1 1286
      1 1288
      4 1289
      1 1290
      1 1292
      1 1294
      1 1296
      2 1297
      1 1301
      1 1302
      3 1304
      2 1305
      1 1308
      1 1313
      1 1315
      2 1316
      1 1320
      2 1321
      1 1322
      2 1323
      2 1324
      1 1325
      3 1329
      1 1332
      1 1333
      1 1335
      1 1336
      1 1337
      2 1338
      2 1341
      2 1343
      1 1345
      2 1346
      1 1349
      2 1353
      1 1354
      1 1356
      2 1357
      1 1358
      1 1363
      1 1364
      1 1369
      2 1370
      1 1371
      1 1372
      4 1373
      1 1374
      1 1375
      1 1378
      3 1380
      2 1382
      3 1384
      2 1385
      2 1387
      1 1389
      3 1390
      2 1392
      1 1393
      1 1394
      1 1396
      2 1397
      2 1400
      1 1401
      1 1402
      2 1405
      2 1408
      2 1409
      1 1410
      1 1411
      1 1413
      1 1415
      2 1417
      2 1419
      2 1420
      1 1421
      1 1423
      2 1426
      1 1427
      1 1428
      1 1429
      1 1430
      1 1431
      3 1433
      1 1434
      1 1437
      2 1438
      2 1439
      2 1440
      3 1441
      1 1442
      1 1445
      2 1446
      3 1447
      2 1450
      1 1451
      1 1452
      1 1453
      2 1454
      2 1455
      2 1456
      3 1457
      2 1459
      2 1461
      1 1463
      1 1464
      1 1465
      1 1467
      1 1469
      1 1471
      1 1473
      1 1474
      1 1475
      2 1477
      1 1478
      2 1479
      2 1480
      5 1481
      1 1482
      2 1483
      1 1486
      3 1489
      1 1490
      1 1493
      2 1494
      1 1495
      1 1496
      1 1497
      1 1498
      2 1500
      2 1502
      3 1503
      1 1506
      1 1513
      3 1514
      2 1518
      2 1520
      1 1521
      2 1522
      2 1523
      2 1524
      2 1526
      3 1528
      2 1529
      2 1531
      1 1536
      2 1537
      2 1538
      1 1539
      2 1541
      1 1543
      2 1544
      1 1546
      2 1547
      2 1548
      1 1549
      2 1550
      1 1552
      2 1553
      1 1555
      2 1556
      2 1557
      1 1558
      1 1559
      1 1560
      1 1563
      1 1564
      2 1565
      1 1566
      1 1569
      4 1571
      1 1573
      1 1574
      1 1576
      2 1577
      2 1579
      1 1580
      1 1581
      1 1582
      1 1585
      2 1586
      3 1587
      1 1588
      2 1590
      1 1592
      1 1593
      1 1597
      1 1598
      1 1600
      2 1601
      1 1603
      1 1605
      1 1606
      1 1607
      2 1608
      3 1611
      3 1614
      2 1616
      3 1620
      1 1623
      1 1624
      1 1626
      2 1627
      2 1629
      1 1631
      2 1632
      1 1634
      1 1636
      1 1643
      1 1649
      2 1653
      1 1659
      2 1660
      1 1661
      1 1665
      1 1670
      1 1671
      2 1673
      1 1674
      1 1675
      1 1685
      2 1686
      1 1687
      1 1688
      1 1689
      1 1690
      1 1693
      1 1695
      1 1696
      1 1698
      1 1699
      2 1702
      1 1705
      1 1723
      1 1725
      1 1726
      1 1730
      1 1738
      1 1739
      1 1742
      1 1749
      1 1750
      1 1752
      1 1765
      2 1771
      1 1773
      2 1775
      1 1789
      1 1790
      1 1792
      2 1813
      1 1814
      1 1822
      1 1836
      1 1840
      1 1848
      1 1851
      1 1854
      1 1857
      1 1859
      1 1864
      1 1871
      1 1873
      1 1888
      1 1916
      1 1918
      1 1924
      1 1927
      1 1933
      1 1995
      1 2008
      1 2014
      1 2051
      1 2346
      1 2568
      1 2659
      1 3250
      1 3359
      1 3564
      1 8259
      1 8968
      1 10098
      1 13038
      1 18298
      1 24051
---AAD-PGBENCH-LAG-US---
