pgbench (18.6 (Debian 18.6-1.pgdg13+2))
starting vacuum...end.
transaction type: <builtin: select only>
scaling factor: 1000
query mode: simple
number of clients: 16
number of threads: 16
maximum number of tries: 1
duration: 60 s
number of transactions actually processed: 2985927
number of failed transactions: 0 (0.000%)
latency average = 0.321 ms
initial connection time = 6.862 ms
tps = 49770.625316 (without initial connection time)
---AAD-PGBENCH-LATENCY-US---
rc=0
samples=59673
      1 239
      2 240
      2 242
      2 243
      3 244
      2 245
      6 246
     15 247
     19 248
     20 249
     24 250
     40 251
     42 252
     42 253
     38 254
     63 255
     71 256
    102 257
    119 258
    155 259
    177 260
    216 261
    227 262
    265 263
    312 264
    350 265
    422 266
    430 267
    486 268
    571 269
    595 270
    652 271
    700 272
    766 273
    793 274
    820 275
    879 276
    912 277
    910 278
    900 279
    958 280
    910 281
    854 282
    874 283
    924 284
    949 285
    960 286
    989 287
   1019 288
    976 289
    966 290
    950 291
    923 292
    886 293
    859 294
    848 295
    781 296
    689 297
    708 298
    692 299
    600 300
    602 301
    565 302
    591 303
    492 304
    500 305
    484 306
    459 307
    404 308
    334 309
    392 310
    403 311
    354 312
    326 313
    350 314
    352 315
    357 316
    294 317
    305 318
    308 319
    309 320
    329 321
    347 322
    324 323
    329 324
    321 325
    360 326
    347 327
    360 328
    409 329
    425 330
    392 331
    340 332
    391 333
    352 334
    343 335
    331 336
    327 337
    352 338
    334 339
    306 340
    301 341
    300 342
    309 343
    290 344
    321 345
    283 346
    257 347
    260 348
    227 349
    267 350
    205 351
    226 352
    244 353
    191 354
    184 355
    181 356
    180 357
    180 358
    178 359
    164 360
    156 361
    159 362
    149 363
    151 364
    131 365
    142 366
    119 367
    123 368
    108 369
    105 370
    110 371
    113 372
     82 373
    116 374
     93 375
    106 376
     93 377
     75 378
     80 379
     95 380
     77 381
     74 382
     84 383
     83 384
     77 385
     90 386
     85 387
     69 388
     71 389
     85 390
     91 391
     82 392
     83 393
     78 394
     79 395
     84 396
     98 397
     94 398
    110 399
     87 400
     91 401
     91 402
     84 403
     58 404
     73 405
     76 406
     64 407
     54 408
     62 409
     66 410
     64 411
     51 412
     39 413
     67 414
     46 415
     51 416
     57 417
     49 418
     39 419
     60 420
     39 421
     35 422
     46 423
     37 424
     28 425
     38 426
     36 427
     35 428
     35 429
     52 430
     33 431
     33 432
     35 433
     30 434
     21 435
     25 436
     31 437
     24 438
     23 439
     25 440
     31 441
     24 442
     27 443
     22 444
     24 445
     23 446
     14 447
     31 448
     24 449
     21 450
     30 451
     24 452
     20 453
     16 454
     17 455
     12 456
     22 457
     24 458
     21 459
     22 460
     26 461
     27 462
     23 463
     22 464
     25 465
     16 466
     22 467
     24 468
     26 469
     28 470
     21 471
     23 472
     22 473
     18 474
     17 475
     18 476
     22 477
     13 478
     19 479
     18 480
     24 481
     21 482
     18 483
     19 484
     25 485
     22 486
     26 487
     19 488
     24 489
     24 490
     29 491
     28 492
     19 493
     26 494
     23 495
     28 496
     22 497
     27 498
     18 499
     25 500
     25 501
     23 502
     25 503
     32 504
     35 505
     24 506
     31 507
     24 508
     14 509
     30 510
     27 511
     31 512
     24 513
     35 514
     32 515
     23 516
     33 517
     30 518
     31 519
     16 520
     28 521
     30 522
     22 523
     28 524
     28 525
     29 526
     29 527
     27 528
     17 529
     37 530
     29 531
     25 532
     23 533
     18 534
     20 535
     19 536
     17 537
     18 538
     20 539
     16 540
     17 541
     20 542
     23 543
     23 544
     14 545
     16 546
     12 547
     13 548
      5 549
      8 550
      8 551
     12 552
     12 553
     13 554
     13 555
     14 556
      7 557
     14 558
      9 559
      9 560
      8 561
     14 562
     10 563
     11 564
     11 565
      9 566
      5 567
      7 568
      7 569
      9 570
      7 571
      8 572
     16 573
      7 574
      2 575
      8 576
      7 577
      7 578
      6 579
     11 580
     12 581
     15 582
     13 583
      8 584
     10 585
     11 586
     12 587
     14 588
     17 589
     13 590
     19 591
      6 592
      7 593
     17 594
     13 595
     11 596
     10 597
      8 598
      5 599
      7 600
      4 601
      5 602
     10 603
      6 604
      8 605
      3 606
      3 607
      5 608
      5 609
      6 610
      2 611
      4 612
      4 613
      4 614
      2 615
      4 616
      3 617
      2 618
      2 619
      6 620
      3 621
      1 622
      3 623
      4 624
      3 625
      2 626
      2 627
      2 628
      4 629
      2 630
      4 631
      3 632
      2 633
      1 634
      3 635
      3 636
      4 637
      1 640
      5 641
      2 642
      2 643
      3 644
      5 645
      2 646
      4 648
      1 649
      2 650
      2 651
      2 652
      1 653
      4 654
      4 655
      2 656
      2 657
      6 658
      4 659
      2 660
      5 661
      1 662
      4 663
      2 664
      6 665
      2 666
      4 667
      1 668
      3 669
      1 670
      1 671
      3 672
      4 673
      1 674
      1 675
      1 676
      1 677
      3 678
      2 682
      1 686
      1 687
      1 690
      2 691
      1 692
      1 693
      2 695
      1 696
      2 697
      1 698
      1 699
      1 700
      1 701
      1 703
      1 704
      4 705
      1 706
      3 707
      2 711
      2 712
      1 715
      1 716
      1 719
      1 723
      1 724
      1 727
      1 728
      2 729
      2 731
      1 732
      3 734
      1 735
      2 737
      2 738
      2 740
      1 741
      2 743
      1 745
      1 749
      1 752
      1 756
      1 758
      1 760
      1 761
      1 764
      1 766
      1 769
      1 772
      1 773
      1 776
      1 777
      1 780
      2 788
      1 790
      1 791
      1 795
      1 798
      1 801
      1 802
      1 806
      1 816
      1 822
      1 835
      1 836
      1 843
      1 848
      1 861
      1 863
      1 866
      2 873
      1 886
      1 897
      1 929
      1 933
      1 952
      1 973
      1 998
      1 1007
      1 1034
      1 1130
      1 1156
      1 1300
---AAD-PGBENCH-LAG-US---
