pgbench (18.6 (Debian 18.6-1.pgdg13+2))
starting vacuum...end.
transaction type: <builtin: select only>
scaling factor: 1000
query mode: simple
number of clients: 128
number of threads: 16
maximum number of tries: 1
duration: 480 s
number of transactions actually processed: 63693703
number of failed transactions: 0 (0.000%)
latency average = 0.492 ms
latency stddev = 0.880 ms
rate limit schedule lag: avg 0.086 (max 42.916) ms
initial connection time = 235.301 ms
tps = 132757.696717 (without initial connection time)
---AAD-PGBENCH-LATENCY-US---
rc=0
samples=1273151
      1 224
      1 227
      4 230
      6 231
      7 232
      9 233
      9 234
      6 235
     26 236
     14 237
     31 238
     44 239
     53 240
     63 241
     80 242
     82 243
    108 244
    127 245
    163 246
    176 247
    212 248
    247 249
    257 250
    302 251
    340 252
    361 253
    398 254
    458 255
    462 256
    547 257
    604 258
    661 259
    706 260
    754 261
    831 262
    905 263
    948 264
   1104 265
   1138 266
   1254 267
   1250 268
   1402 269
   1428 270
   1601 271
   1667 272
   1744 273
   1886 274
   1916 275
   2057 276
   2203 277
   2221 278
   2311 279
   2357 280
   2462 281
   2479 282
   2608 283
   2601 284
   2801 285
   2845 286
   2982 287
   3074 288
   3118 289
   3229 290
   3369 291
   3391 292
   3427 293
   3586 294
   3716 295
   3754 296
   3903 297
   3984 298
   4006 299
   4282 300
   4381 301
   4471 302
   4538 303
   4706 304
   4720 305
   5000 306
   5038 307
   5140 308
   5247 309
   5437 310
   5576 311
   5591 312
   5750 313
   5828 314
   5977 315
   6141 316
   6038 317
   6306 318
   6199 319
   6365 320
   6547 321
   6682 322
   6684 323
   6688 324
   6703 325
   6838 326
   6895 327
   6888 328
   6854 329
   6993 330
   6960 331
   7109 332
   7203 333
   7242 334
   7171 335
   7265 336
   7285 337
   7382 338
   7396 339
   7491 340
   7477 341
   7475 342
   7634 343
   7516 344
   7502 345
   7402 346
   7410 347
   7505 348
   7334 349
   7341 350
   7184 351
   7342 352
   7275 353
   7249 354
   7112 355
   7101 356
   7135 357
   7027 358
   7043 359
   7061 360
   6865 361
   6770 362
   6796 363
   6908 364
   6770 365
   6812 366
   6760 367
   6698 368
   6562 369
   6570 370
   6630 371
   6494 372
   6601 373
   6512 374
   6258 375
   6383 376
   6376 377
   6450 378
   6239 379
   6060 380
   6271 381
   6234 382
   6212 383
   6025 384
   5918 385
   5854 386
   5952 387
   5854 388
   5848 389
   5505 390
   5744 391
   5557 392
   5550 393
   5510 394
   5498 395
   5405 396
   5474 397
   5367 398
   5355 399
   5284 400
   5249 401
   5143 402
   5291 403
   5165 404
   5070 405
   5137 406
   5107 407
   5060 408
   5056 409
   4997 410
   4986 411
   5003 412
   5016 413
   4887 414
   4832 415
   4752 416
   4803 417
   4631 418
   4570 419
   4712 420
   4709 421
   4566 422
   4435 423
   4442 424
   4234 425
   4298 426
   4304 427
   4273 428
   4088 429
   4105 430
   4100 431
   3973 432
   3923 433
   3767 434
   3901 435
   3917 436
   3780 437
   3831 438
   3723 439
   3666 440
   3666 441
   3791 442
   3645 443
   3600 444
   3629 445
   3603 446
   3397 447
   3425 448
   3398 449
   3424 450
   3313 451
   3474 452
   3257 453
   3358 454
   3228 455
   3103 456
   3104 457
   3241 458
   3209 459
   3000 460
   2947 461
   2996 462
   2925 463
   2922 464
   2845 465
   2886 466
   2900 467
   2917 468
   2743 469
   2796 470
   2707 471
   2751 472
   2818 473
   2732 474
   2633 475
   2641 476
   2604 477
   2648 478
   2631 479
   2615 480
   2595 481
   2473 482
   2464 483
   2553 484
   2457 485
   2515 486
   2475 487
   2309 488
   2289 489
   2325 490
   2224 491
   2258 492
   2217 493
   2122 494
   2069 495
   2113 496
   2112 497
   2134 498
   2003 499
   2063 500
   2012 501
   1949 502
   1872 503
   1964 504
   1900 505
   1924 506
   1853 507
   1897 508
   1813 509
   1860 510
   1798 511
   1737 512
   1686 513
   1752 514
   1691 515
   1704 516
   1639 517
   1711 518
   1645 519
   1576 520
   1674 521
   1580 522
   1534 523
   1510 524
   1565 525
   1488 526
   1528 527
   1472 528
   1417 529
   1466 530
   1403 531
   1420 532
   1473 533
   1379 534
   1374 535
   1252 536
   1336 537
   1379 538
   1293 539
   1317 540
   1319 541
   1292 542
   1312 543
   1296 544
   1260 545
   1170 546
   1196 547
   1239 548
   1178 549
   1158 550
   1209 551
   1162 552
   1185 553
   1188 554
   1134 555
   1082 556
   1084 557
   1077 558
   1050 559
   1051 560
   1013 561
   1021 562
    962 563
    964 564
    960 565
    960 566
    891 567
    912 568
    906 569
    889 570
    861 571
    912 572
    852 573
    906 574
    831 575
    819 576
    878 577
    788 578
    821 579
    801 580
    795 581
    812 582
    796 583
    770 584
    802 585
    712 586
    802 587
    772 588
    707 589
    718 590
    734 591
    693 592
    646 593
    662 594
    730 595
    658 596
    646 597
    638 598
    616 599
    600 600
    588 601
    575 602
    613 603
    598 604
    616 605
    605 606
    586 607
    565 608
    561 609
    573 610
    564 611
    569 612
    521 613
    586 614
    501 615
    496 616
    549 617
    518 618
    477 619
    480 620
    513 621
    497 622
    493 623
    493 624
    461 625
    471 626
    466 627
    469 628
    430 629
    443 630
    418 631
    420 632
    429 633
    386 634
    393 635
    399 636
    414 637
    418 638
    428 639
    384 640
    393 641
    346 642
    355 643
    344 644
    402 645
    360 646
    362 647
    332 648
    363 649
    360 650
    381 651
    309 652
    343 653
    321 654
    344 655
    321 656
    306 657
    307 658
    290 659
    306 660
    313 661
    314 662
    289 663
    294 664
    287 665
    286 666
    282 667
    274 668
    296 669
    260 670
    260 671
    258 672
    258 673
    245 674
    266 675
    248 676
    236 677
    246 678
    246 679
    242 680
    222 681
    213 682
    236 683
    224 684
    229 685
    213 686
    227 687
    240 688
    204 689
    231 690
    196 691
    188 692
    213 693
    197 694
    203 695
    185 696
    214 697
    190 698
    202 699
    207 700
    191 701
    211 702
    191 703
    186 704
    195 705
    172 706
    171 707
    164 708
    148 709
    151 710
    166 711
    144 712
    190 713
    173 714
    181 715
    134 716
    174 717
    150 718
    159 719
    164 720
    143 721
    124 722
    136 723
    140 724
    130 725
    146 726
    141 727
    143 728
    139 729
    146 730
    130 731
    143 732
    123 733
    126 734
    125 735
    141 736
    128 737
    134 738
    140 739
    122 740
    118 741
    109 742
    143 743
    117 744
    117 745
    119 746
    105 747
    116 748
    111 749
    110 750
    109 751
    102 752
    105 753
     99 754
    108 755
    114 756
     93 757
     89 758
    119 759
    106 760
    116 761
     93 762
     84 763
    103 764
     96 765
     89 766
     94 767
     94 768
    102 769
     87 770
     75 771
     97 772
     76 773
     77 774
     83 775
     82 776
     91 777
     81 778
     92 779
     94 780
     79 781
     88 782
     69 783
     74 784
     83 785
     61 786
     75 787
     64 788
     70 789
     69 790
     68 791
     64 792
     88 793
     60 794
     66 795
     57 796
     66 797
     78 798
     67 799
     66 800
     77 801
     51 802
     57 803
     67 804
     67 805
     62 806
     53 807
     56 808
     63 809
     55 810
     51 811
     49 812
     57 813
     60 814
     61 815
     63 816
     51 817
     59 818
     56 819
     62 820
     49 821
     47 822
     62 823
     56 824
     58 825
     43 826
     56 827
     62 828
     50 829
     62 830
     54 831
     50 832
     47 833
     43 834
     50 835
     45 836
     43 837
     46 838
     49 839
     49 840
     50 841
     48 842
     45 843
     32 844
     51 845
     46 846
     35 847
     51 848
     34 849
     31 850
     36 851
     51 852
     32 853
     43 854
     37 855
     32 856
     32 857
     34 858
     40 859
     32 860
     36 861
     28 862
     36 863
     33 864
     34 865
     41 866
     43 867
     26 868
     36 869
     35 870
     31 871
     24 872
     29 873
     38 874
     41 875
     31 876
     38 877
     37 878
     34 879
     34 880
     37 881
     35 882
     27 883
     21 884
     38 885
     27 886
     38 887
     46 888
     41 889
     33 890
     26 891
     31 892
     27 893
     34 894
     22 895
     30 896
     25 897
     15 898
     33 899
     38 900
     23 901
     16 902
     30 903
     24 904
     27 905
     17 906
     26 907
     34 908
     19 909
     31 910
     31 911
     24 912
     14 913
     26 914
     31 915
     21 916
     21 917
     26 918
     23 919
     25 920
     20 921
     23 922
     25 923
     24 924
     21 925
     26 926
     14 927
     19 928
     23 929
     21 930
     17 931
     26 932
     20 933
     22 934
     15 935
     19 936
     24 937
     21 938
     14 939
     15 940
     16 941
     20 942
     18 943
     24 944
     20 945
     20 946
     21 947
     18 948
     14 949
     17 950
     20 951
     13 952
     13 953
     24 954
     21 955
     10 956
     11 957
     20 958
     20 959
     20 960
     21 961
     20 962
     14 963
     15 964
     21 965
     23 966
     11 967
     18 968
     12 969
     21 970
     21 971
     13 972
     22 973
     13 974
     16 975
     19 976
      8 977
     11 978
     17 979
     13 980
     15 981
     22 982
      9 983
     15 984
     22 985
     16 986
     13 987
     10 988
     14 989
     22 990
     15 991
     16 992
     16 993
     21 994
     13 995
     12 996
     18 997
     16 998
     14 999
     14 1000
     15 1001
      8 1002
     11 1003
     10 1004
     11 1005
     14 1006
     10 1007
     17 1008
      7 1009
     11 1010
     15 1011
      7 1012
     12 1013
      4 1014
     12 1015
      8 1016
     14 1017
     19 1018
     10 1019
     13 1020
     13 1021
     19 1022
      7 1023
     11 1024
     14 1025
     15 1026
      9 1027
     12 1028
     17 1029
     14 1030
     11 1031
     22 1032
      7 1033
     19 1034
      9 1035
      9 1036
     15 1037
      5 1038
     11 1039
     12 1040
     14 1041
     14 1042
      7 1043
      9 1044
      8 1045
     14 1046
      8 1047
     16 1048
     11 1049
     10 1050
      9 1051
     11 1052
      8 1053
     13 1054
      8 1055
      7 1056
      8 1057
     11 1058
      8 1059
     16 1060
     13 1061
      8 1062
      7 1063
     13 1064
     11 1065
      8 1066
     10 1067
      3 1068
      8 1069
      7 1070
     10 1071
      7 1072
     13 1073
      8 1074
     12 1075
      7 1076
      9 1077
      7 1078
     13 1079
      8 1080
     10 1081
      4 1082
     11 1083
      4 1084
     14 1085
      8 1086
      9 1087
      9 1088
      6 1089
      4 1090
     10 1091
      9 1092
     11 1093
      4 1094
      8 1095
      6 1096
      8 1097
      9 1098
      5 1099
      8 1100
      7 1101
      6 1102
      7 1103
      5 1104
     10 1105
      9 1106
      4 1107
      6 1108
      7 1109
      7 1110
     10 1111
      5 1112
      5 1113
     10 1114
     10 1115
     13 1116
      8 1117
     10 1118
      5 1119
      5 1120
      4 1121
      4 1122
      5 1123
     11 1124
      4 1125
      3 1126
      7 1127
      4 1128
     10 1129
      5 1130
      6 1131
      8 1132
      4 1133
      5 1134
      9 1135
      5 1136
     11 1137
      6 1138
      8 1139
      3 1140
     11 1141
      8 1142
      2 1143
     10 1144
      8 1145
      6 1146
      5 1147
     11 1148
      7 1149
      4 1150
      5 1151
      8 1152
      4 1153
      7 1154
      8 1155
      7 1156
      5 1157
      3 1158
      1 1159
      4 1160
      6 1161
     11 1162
      5 1163
      4 1164
      1 1165
      6 1166
      4 1167
      3 1168
      5 1169
      2 1170
      5 1171
      7 1172
      9 1173
      5 1174
     14 1175
      5 1176
      6 1177
      5 1178
      5 1179
     11 1180
      7 1181
      4 1182
      8 1183
      5 1184
      6 1185
      9 1186
      5 1187
      4 1188
      5 1189
      5 1190
      4 1191
      9 1192
      5 1193
      2 1194
      4 1195
      5 1196
      6 1197
      8 1198
      9 1199
      1 1200
      2 1201
      5 1202
      6 1203
      6 1204
      5 1205
      3 1206
      4 1207
      3 1208
      5 1209
     12 1210
      4 1211
     10 1212
      4 1213
      2 1214
      4 1215
      5 1216
      3 1217
      2 1218
      4 1219
      4 1220
      2 1221
      4 1222
      5 1223
      4 1224
      6 1225
      6 1226
      8 1227
      2 1228
      1 1229
      5 1230
      2 1231
      4 1232
      5 1233
      5 1234
      1 1235
      5 1236
      4 1237
      7 1238
      6 1239
      1 1240
      9 1241
      6 1242
      5 1243
      6 1244
      4 1245
      5 1246
      3 1247
      5 1248
     13 1249
      5 1250
      8 1251
      5 1252
      2 1253
      4 1254
      6 1255
      6 1256
      2 1257
      3 1258
      7 1259
      7 1260
      6 1261
      7 1262
      2 1263
      2 1264
      7 1265
      2 1266
     11 1267
      5 1268
      7 1269
      4 1270
      4 1271
      4 1272
      4 1273
      3 1274
      3 1275
      5 1277
      4 1278
      3 1279
      3 1280
      5 1281
      3 1282
      1 1283
      4 1284
      2 1285
      2 1286
      1 1287
      6 1288
      6 1289
      4 1290
      2 1291
      2 1292
      3 1293
      7 1294
      4 1295
      2 1296
      2 1297
      2 1298
      3 1299
      7 1300
      2 1301
      2 1302
      3 1303
      2 1304
      5 1305
      3 1306
      4 1307
      3 1308
      5 1309
      2 1310
      4 1311
      5 1312
      5 1313
      7 1314
      3 1315
      6 1316
      7 1317
      5 1318
      3 1319
      5 1320
      5 1322
      5 1323
      2 1324
      7 1325
      3 1326
      1 1327
      5 1328
      3 1329
      4 1330
      4 1331
      3 1332
      3 1333
      1 1334
      5 1335
      2 1336
      3 1337
      1 1338
      5 1339
      2 1340
      7 1341
      2 1342
      4 1343
      3 1344
      1 1345
      3 1346
      4 1347
      3 1348
      4 1349
      3 1350
      2 1351
      1 1352
      4 1353
      1 1354
      1 1355
      3 1356
      2 1357
      2 1358
      4 1359
      2 1360
      5 1362
      1 1363
      1 1364
      5 1365
      2 1367
      3 1368
      6 1369
      1 1370
      3 1371
      4 1372
      1 1373
      2 1374
      2 1375
      2 1376
      3 1377
      5 1378
      5 1379
      3 1380
      2 1382
      4 1383
      5 1384
      4 1385
      4 1386
      4 1387
      2 1388
      8 1389
      4 1390
      3 1391
      3 1392
      3 1393
      2 1394
      2 1395
      7 1396
      2 1397
      4 1398
      2 1399
      6 1400
      3 1401
      2 1402
      3 1403
      4 1404
      3 1405
      2 1406
      3 1407
      1 1408
      2 1409
      5 1410
      3 1411
      1 1412
      2 1414
      2 1415
      1 1416
      2 1417
      4 1418
      1 1419
      4 1420
      3 1421
      3 1422
      3 1423
      5 1424
      1 1425
      3 1426
      1 1427
      1 1428
      3 1429
      2 1430
      4 1431
      3 1432
      1 1433
      4 1434
      2 1436
      3 1437
      4 1438
      1 1439
      2 1441
      2 1442
      1 1443
      1 1444
      1 1445
      2 1446
      5 1447
      5 1448
      3 1449
      2 1450
      1 1451
      3 1452
      3 1453
      4 1454
      1 1455
      3 1456
      3 1457
      3 1458
      1 1459
      1 1460
      4 1461
      1 1462
      2 1463
      4 1464
      3 1466
      2 1467
      1 1468
      4 1470
      2 1471
      2 1472
      3 1473
      3 1475
      3 1476
      1 1478
      2 1479
      2 1480
      1 1481
      2 1482
      1 1483
      1 1484
      3 1485
      2 1486
      3 1487
      3 1488
      2 1489
      2 1490
      2 1491
      4 1492
      1 1493
      2 1495
      2 1496
      2 1497
      3 1498
      4 1499
      1 1500
      2 1502
      6 1503
      1 1504
      2 1505
      1 1507
      2 1508
      1 1509
      2 1510
      2 1511
      1 1512
      2 1513
      2 1514
      2 1516
      6 1518
      2 1519
      4 1520
      1 1522
      2 1523
      3 1524
      3 1525
      1 1526
      1 1528
      3 1529
      2 1532
      1 1533
      2 1534
      2 1535
      2 1536
      3 1537
      2 1539
      2 1540
      2 1541
      3 1543
      3 1546
      1 1547
      3 1548
      4 1551
      1 1553
      1 1555
      1 1556
      1 1557
      2 1558
      2 1560
      1 1561
      4 1562
      1 1563
      1 1564
      2 1566
      3 1567
      2 1568
      2 1570
      2 1571
      2 1572
      2 1573
      4 1574
      1 1575
      3 1577
      2 1578
      2 1579
      1 1580
      1 1581
      2 1582
      1 1583
      2 1584
      2 1585
      1 1586
      1 1587
      3 1589
      1 1590
      1 1591
      1 1592
      2 1595
      4 1596
      4 1597
      2 1598
      1 1599
      1 1600
      3 1601
      2 1602
      3 1603
      1 1604
      4 1605
      1 1606
      1 1607
      2 1609
      2 1610
      2 1611
      1 1612
      1 1613
      3 1616
      1 1618
      1 1620
      3 1621
      1 1622
      1 1623
      2 1624
      1 1625
      2 1626
      2 1627
      1 1628
      1 1630
      3 1631
      2 1632
      1 1633
      4 1634
      1 1635
      3 1636
      1 1637
      1 1638
      1 1639
      1 1640
      1 1643
      2 1646
      3 1647
      2 1648
      1 1649
      1 1651
      4 1655
      2 1656
      2 1657
      3 1658
      1 1659
      2 1661
      1 1662
      2 1664
      2 1665
      1 1666
      1 1667
      1 1668
      1 1671
      1 1672
      1 1673
      1 1677
      2 1678
      3 1679
      1 1681
      1 1683
      1 1684
      1 1685
      1 1686
      1 1689
      2 1690
      2 1691
      3 1692
      3 1693
      1 1694
      3 1697
      2 1699
      1 1700
      3 1701
      1 1702
      1 1704
      1 1705
      1 1706
      1 1707
      1 1709
      1 1711
      1 1713
      1 1714
      2 1715
      3 1716
      1 1717
      1 1719
      4 1720
      1 1722
      2 1723
      2 1724
      1 1725
      1 1727
      2 1731
      4 1732
      1 1734
      1 1735
      1 1736
      2 1737
      1 1738
      1 1739
      1 1740
      2 1741
      3 1742
      4 1743
      1 1744
      1 1745
      1 1746
      3 1747
      1 1748
      3 1751
      2 1753
      1 1754
      2 1756
      2 1757
      2 1758
      2 1760
      1 1763
      1 1765
      1 1766
      2 1767
      1 1768
      2 1769
      3 1772
      1 1773
      1 1775
      2 1781
      1 1782
      1 1787
      1 1788
      2 1789
      1 1790
      3 1791
      4 1793
      1 1796
      2 1797
      3 1800
      1 1801
      1 1802
      3 1803
      2 1805
      1 1806
      4 1807
      1 1808
      1 1810
      1 1813
      1 1814
      1 1817
      1 1818
      1 1819
      1 1822
      1 1824
      2 1825
      1 1828
      1 1829
      1 1831
      2 1833
      1 1834
      1 1839
      1 1841
      3 1844
      2 1845
      1 1848
      2 1854
      1 1856
      1 1857
      1 1861
      1 1862
      2 1863
      3 1866
      1 1867
      2 1870
      1 1872
      1 1874
      1 1875
      1 1877
      1 1878
      1 1879
      1 1880
      2 1882
      1 1883
      1 1885
      2 1888
      1 1889
      2 1892
      1 1895
      3 1898
      1 1899
      1 1901
      1 1903
      1 1905
      1 1906
      1 1907
      2 1910
      1 1912
      1 1913
      1 1915
      1 1920
      2 1921
      1 1923
      3 1924
      1 1927
      1 1930
      1 1931
      1 1932
      2 1933
      1 1939
      1 1941
      1 1942
      1 1943
      2 1944
      1 1945
      2 1950
      1 1952
      1 1953
      1 1954
      1 1955
      1 1956
      1 1960
      3 1961
      1 1962
      1 1963
      1 1964
      2 1966
      2 1967
      3 1974
      1 1975
      1 1976
      2 1978
      1 1979
      1 1980
      1 1984
      1 1986
      1 1989
      1 1990
      2 1991
      2 1992
      1 1995
      2 1997
      1 1999
      1 2000
      1 2002
      1 2005
      1 2007
      1 2008
      1 2010
      1 2011
      1 2018
      1 2019
      1 2021
      1 2024
      1 2028
      1 2029
      1 2030
      2 2031
      1 2037
      1 2039
      1 2041
      1 2042
      2 2043
      1 2045
      2 2047
      1 2051
      1 2053
      1 2056
      1 2059
      2 2061
      1 2067
      1 2068
      1 2069
      2 2074
      1 2077
      2 2078
      1 2079
      1 2080
      1 2081
      1 2082
      1 2083
      2 2086
      1 2087
      1 2090
      2 2091
      1 2092
      1 2093
      1 2096
      1 2101
      2 2106
      1 2107
      1 2109
      1 2112
      2 2113
      2 2114
      2 2118
      1 2119
      1 2122
      1 2124
      1 2135
      1 2136
      1 2137
      1 2142
      1 2143
      1 2144
      1 2149
      1 2152
      1 2157
      1 2161
      1 2162
      1 2163
      3 2165
      2 2167
      1 2172
      1 2180
      1 2182
      1 2183
      1 2186
      1 2188
      1 2198
      3 2202
      1 2204
      1 2210
      2 2212
      1 2213
      2 2214
      2 2216
      1 2217
      2 2221
      1 2227
      1 2228
      1 2237
      1 2238
      1 2245
      1 2246
      1 2249
      1 2251
      1 2254
      1 2258
      2 2268
      1 2269
      2 2273
      1 2274
      1 2275
      1 2277
      1 2279
      1 2283
      1 2288
      1 2292
      1 2294
      1 2296
      1 2301
      1 2305
      1 2307
      1 2308
      1 2313
      1 2314
      1 2315
      2 2323
      1 2334
      1 2336
      1 2339
      1 2342
      1 2349
      1 2354
      1 2356
      1 2362
      1 2365
      1 2369
      1 2372
      2 2375
      1 2379
      1 2380
      1 2386
      1 2387
      1 2398
      2 2401
      1 2402
      1 2409
      1 2411
      1 2412
      1 2417
      1 2418
      1 2419
      1 2420
      1 2423
      1 2431
      1 2435
      1 2442
      1 2444
      2 2445
      1 2446
      1 2450
      1 2455
      1 2458
      1 2460
      1 2464
      1 2466
      1 2468
      1 2473
      1 2476
      1 2481
      1 2484
      1 2489
      2 2490
      2 2491
      1 2510
      1 2516
      1 2518
      1 2520
      1 2522
      1 2526
      1 2538
      1 2547
      1 2551
      1 2554
      1 2560
      1 2566
      1 2567
      1 2572
      1 2573
      1 2576
      1 2592
      1 2596
      1 2599
      1 2632
      1 2634
      1 2638
      1 2645
      1 2646
      1 2654
      1 2655
      1 2656
      1 2663
      1 2667
      1 2669
      1 2676
      1 2691
      1 2695
      1 2698
      1 2704
      1 2705
      1 2707
      1 2709
      1 2716
      1 2717
      1 2722
      1 2754
      1 2756
      1 2759
      1 2769
      1 2781
      1 2787
      1 2799
      1 2800
      1 2808
      1 2828
      1 2831
      1 2848
      2 2849
      1 2860
      1 2875
      1 2877
      1 2892
      1 2904
      1 2907
      1 2911
      1 2925
      1 2940
      1 2953
      1 2968
      1 3006
      1 3010
      1 3049
      1 3054
      1 3087
      1 3103
      1 3151
      1 3171
      1 3191
      1 3215
      1 3228
      1 3229
      1 3235
      1 3252
      1 3263
      1 3265
      1 3268
      1 3270
      1 3302
      1 3306
      1 3311
      1 3313
      1 3333
      1 3370
      1 3417
      1 3424
      1 3438
      1 3457
      1 3502
      1 3508
      1 3520
      1 3539
      1 3546
      1 3550
      1 3557
      1 3584
      1 3654
      1 3690
      1 3743
      1 3809
      1 3932
      1 3960
      1 4081
      1 4105
      1 4213
      1 4339
      1 4408
      1 4629
      1 4959
      1 4979
      1 5162
      1 5516
      1 6785
      1 7314
      1 8364
      1 16030
      1 20783
      1 21083
      1 22026
      1 24219
---AAD-PGBENCH-LAG-US---
  21998 0
  19091 1
  16799 2
  15529 3
  15052 4
  14716 5
  14073 6
  13506 7
  13052 8
  12762 9
  12325 10
  12090 11
  11941 12
  11970 13
  11761 14
  11753 15
  11515 16
  11519 17
  11547 18
  11532 19
  11454 20
  11541 21
  11306 22
  11544 23
  11402 24
  11248 25
  11130 26
  11299 27
  11247 28
  11346 29
  11084 30
  11024 31
  11123 32
  11238 33
  11162 34
  10783 35
  10484 36
  10721 37
  10509 38
  10405 39
  10311 40
  10098 41
  10058 42
   9958 43
   9799 44
   9729 45
   9794 46
   9709 47
   9561 48
   9375 49
   9104 50
   8616 51
   8104 52
   7318 53
   7505 54
  18774 55
  33852 56
  18404 57
  14042 58
  13373 59
  12856 60
  16050 61
  32477 62
  51921 63
  82311 64
  64962 65
  29441 66
  21369 67
  21310 68
  22224 69
  25679 70
  22852 71
  21797 72
  18192 73
  11404 74
   9085 75
   7513 76
   6802 77
   6301 78
   6030 79
   4716 80
   3843 81
   2906 82
   2604 83
   1993 84
   1700 85
   1466 86
   1246 87
   1046 88
    903 89
    775 90
    699 91
    580 92
    504 93
    446 94
    449 95
    403 96
    349 97
    288 98
    325 99
    290 100
    294 101
    275 102
    220 103
    248 104
    244 105
    186 106
    181 107
    166 108
    178 109
    197 110
    180 111
    179 112
    171 113
    190 114
    204 115
    186 116
    169 117
    147 118
    185 119
    146 120
    169 121
    139 122
    171 123
    174 124
    166 125
    132 126
    159 127
    156 128
    152 129
    170 130
    149 131
    139 132
    148 133
    154 134
    152 135
    112 136
    146 137
    146 138
    143 139
    139 140
    128 141
    102 142
    132 143
    122 144
    126 145
    118 146
    106 147
    106 148
    106 149
    107 150
    117 151
    121 152
    116 153
     83 154
    102 155
    114 156
    118 157
     91 158
    102 159
    107 160
    104 161
    100 162
    114 163
    104 164
     84 165
     88 166
    101 167
     93 168
     76 169
     96 170
     85 171
     93 172
    102 173
     91 174
     87 175
     65 176
     63 177
     94 178
     81 179
     78 180
     72 181
     84 182
     77 183
     66 184
     64 185
     69 186
     79 187
     83 188
     84 189
     48 190
     53 191
     69 192
     74 193
     62 194
     59 195
     69 196
     66 197
     60 198
     56 199
     63 200
     46 201
     52 202
     60 203
     44 204
     62 205
     55 206
     53 207
     53 208
     55 209
     38 210
     54 211
     37 212
     41 213
     44 214
     49 215
     59 216
     40 217
     49 218
     42 219
     44 220
     31 221
     47 222
     46 223
     40 224
     41 225
     41 226
     38 227
     35 228
     36 229
     45 230
     33 231
     41 232
     45 233
     33 234
     33 235
     26 236
     39 237
     32 238
     37 239
     27 240
     33 241
     38 242
     27 243
     30 244
     35 245
     33 246
     20 247
     26 248
     27 249
     28 250
     26 251
     28 252
     19 253
     31 254
     16 255
     22 256
     29 257
     20 258
     22 259
     25 260
     22 261
     26 262
     28 263
     26 264
     18 265
     24 266
     22 267
     25 268
     21 269
     25 270
     23 271
     15 272
     17 273
     18 274
     16 275
     17 276
     18 277
     19 278
     17 279
     22 280
     13 281
     14 282
     18 283
     12 284
     20 285
     25 286
     13 287
     17 288
     12 289
     18 290
     11 291
     16 292
     17 293
      6 294
     19 295
     14 296
      8 297
     11 298
     11 299
      8 300
     14 301
     10 302
     14 303
     13 304
     12 305
      5 306
      6 307
     11 308
     18 309
     16 310
      8 311
     11 312
     17 313
      9 314
     17 315
     11 316
     10 317
     14 318
     12 319
     13 320
      5 321
      9 322
      4 323
     10 324
     10 325
     16 326
     11 327
     11 328
      5 329
      8 330
      8 331
     14 332
      9 333
      8 334
      9 335
     12 336
      3 337
      6 338
      6 339
      9 340
      9 341
     14 342
      7 343
      5 344
      5 345
      5 346
      7 347
      4 348
      6 349
      7 350
     11 351
      2 352
     11 353
     11 354
      4 355
      5 356
      7 357
     13 358
      7 359
      8 360
      6 361
      5 362
      7 363
      1 364
      7 365
      2 366
      2 367
      8 368
      5 369
      4 370
      3 371
      4 372
      7 373
      3 374
      5 375
      2 376
      3 377
      5 378
      6 379
      4 380
      4 381
      4 382
      4 383
      6 384
     14 385
      6 386
      2 387
      5 388
      3 389
      4 390
      3 391
      6 392
      3 393
      4 394
      4 395
      3 396
      4 397
      2 398
      3 399
      2 400
      2 401
      3 402
      1 403
      4 404
      4 405
      2 406
      4 407
      6 408
      3 409
      7 410
      1 411
      3 412
      4 413
      1 414
      4 415
      2 416
     10 417
      5 418
      2 419
      4 420
      3 421
      2 422
      3 423
      3 424
      2 425
      1 426
      6 427
      4 428
      3 429
      4 430
      5 431
      1 432
      2 433
      1 434
      1 435
      2 436
      2 437
      1 438
      2 439
      6 440
      1 441
      1 442
      3 443
      2 444
      3 445
      2 446
      1 447
      1 448
      3 449
      1 450
      3 451
      1 452
      3 453
      1 454
      1 455
      2 456
      1 457
      4 458
      1 459
      2 460
      4 461
      6 462
      3 463
      2 464
      3 465
      3 466
      2 467
      2 468
      3 469
      1 470
      4 471
      1 472
      1 473
      2 474
      1 475
      2 476
      1 477
      1 478
      2 479
      6 481
      3 482
      1 483
      2 484
      1 485
      1 486
      4 487
      1 489
      2 490
      2 491
      1 492
      5 493
      1 494
      3 495
      3 496
      4 497
      2 499
      4 501
      1 502
      3 503
      3 504
      2 505
      1 506
      3 507
      2 508
      1 509
      2 511
      2 513
      3 514
      1 515
      2 516
      2 518
      3 519
      2 521
      2 523
      4 524
      2 525
      4 526
      4 527
      1 529
      2 530
      1 531
      1 532
      3 533
      3 535
      3 536
      4 537
      2 539
      2 540
      2 541
      1 542
      3 544
      1 545
      5 546
      3 548
      1 550
      3 551
      1 552
      1 553
      1 554
      1 555
      1 556
      3 557
      3 559
      2 560
      3 561
      4 562
      4 564
      3 565
      1 566
      3 568
      6 569
      1 570
      1 571
      1 572
      2 573
      2 574
      1 575
      1 578
      1 579
      2 580
      2 582
      1 583
      4 584
      2 586
      1 587
      1 588
      1 589
      1 590
      1 591
      1 592
      1 594
      1 595
      3 597
      2 601
      2 602
      1 604
      1 605
      1 607
      2 608
      1 609
      3 610
      2 611
      1 612
      1 614
      1 615
      2 616
      1 617
      2 619
      1 620
      2 621
      1 624
      1 626
      2 627
      2 628
      4 629
      3 630
      2 631
      2 634
      1 635
      2 636
      1 637
      1 638
      1 639
      1 641
      3 642
      1 643
      2 647
      2 648
      4 649
      1 650
      3 651
      1 653
      1 654
      3 655
      1 656
      2 657
      3 658
      2 659
      3 662
      2 663
      4 664
      2 665
      1 666
      1 667
      2 669
      2 672
      3 673
      4 674
      2 677
      1 679
      3 682
      1 683
      3 687
      1 689
      1 691
      1 692
      1 693
      1 695
      3 697
      3 699
      1 700
      3 701
      1 704
      1 705
      1 706
      2 707
      2 708
      2 712
      1 714
      3 717
      1 720
      4 721
      2 723
      1 724
      1 726
      5 727
      2 728
      2 729
      1 732
      1 735
      2 736
      1 738
      1 739
      2 740
      2 741
      2 743
      2 744
      1 745
      3 748
      1 750
      1 751
      1 752
      1 753
      1 754
      1 755
      1 756
      2 757
      2 758
      2 762
      1 763
      1 765
      3 769
      2 770
      2 771
      2 772
      3 773
      1 774
      1 775
      2 776
      1 777
      2 782
      1 783
      1 789
      1 790
      2 791
      1 792
      2 793
      1 795
      1 796
      1 797
      2 798
      1 799
      1 801
      1 802
      1 806
      1 808
      1 810
      1 811
      1 813
      1 815
      1 817
      2 819
      1 821
      3 822
      1 824
      1 825
      1 826
      1 827
      1 828
      2 829
      1 831
      1 833
      1 834
      1 836
      1 838
      1 842
      2 845
      1 847
      2 848
      1 849
      1 850
      1 852
      2 854
      1 857
      1 858
      1 859
      3 860
      1 861
      2 862
      1 863
      1 864
      2 865
      1 866
      1 869
      1 873
      1 874
      2 875
      1 876
      1 877
      1 879
      1 882
      1 884
      1 886
      1 887
      1 890
      1 891
      1 894
      3 896
      1 897
      3 898
      1 902
      1 903
      1 904
      1 906
      1 908
      1 909
      3 911
      1 912
      1 914
      1 915
      2 921
      1 930
      2 931
      2 932
      1 933
      2 934
      1 936
      1 948
      1 949
      1 951
      2 952
      1 953
      1 955
      1 956
      2 958
      1 959
      1 962
      1 963
      1 964
      1 967
      2 969
      1 972
      1 976
      1 978
      1 979
      1 981
      2 982
      2 983
      2 984
      1 987
      1 988
      2 989
      2 992
      2 993
      2 994
      2 997
      1 998
      1 999
      1 1002
      1 1005
      4 1007
      1 1011
      2 1012
      2 1013
      1 1014
      1 1015
      1 1017
      1 1018
      1 1019
      1 1020
      1 1022
      2 1030
      1 1033
      1 1035
      2 1036
      1 1038
      3 1039
      2 1040
      1 1042
      1 1047
      2 1048
      1 1050
      1 1053
      1 1056
      1 1059
      1 1060
      1 1061
      2 1063
      1 1065
      1 1072
      1 1074
      1 1076
      1 1082
      1 1084
      2 1086
      1 1088
      1 1089
      1 1097
      1 1099
      2 1100
      1 1101
      1 1104
      1 1106
      1 1108
      1 1109
      2 1110
      1 1112
      2 1114
      2 1120
      1 1123
      1 1124
      2 1127
      1 1128
      1 1131
      2 1132
      1 1133
      1 1135
      1 1137
      1 1140
      2 1141
      1 1144
      1 1145
      1 1151
      2 1152
      1 1154
      1 1156
      1 1163
      1 1164
      1 1168
      1 1169
      2 1173
      2 1175
      1 1183
      1 1186
      1 1191
      1 1192
      2 1195
      2 1199
      3 1200
      1 1205
      2 1207
      1 1216
      2 1217
      1 1219
      1 1221
      1 1225
      1 1228
      1 1231
      2 1233
      3 1239
      1 1244
      3 1245
      1 1246
      1 1257
      1 1260
      1 1265
      1 1273
      1 1275
      1 1276
      2 1278
      1 1279
      1 1282
      1 1284
      1 1285
      1 1289
      1 1290
      1 1291
      1 1293
      2 1295
      2 1296
      2 1298
      1 1301
      1 1302
      1 1305
      2 1306
      2 1308
      1 1313
      3 1315
      1 1317
      1 1318
      1 1320
      1 1323
      1 1327
      1 1335
      2 1337
      3 1339
      1 1340
      1 1341
      1 1342
      1 1343
      2 1345
      1 1346
      1 1348
      1 1355
      1 1360
      2 1362
      1 1366
      1 1368
      2 1371
      2 1375
      1 1377
      2 1378
      1 1382
      1 1383
      1 1386
      1 1389
      2 1392
      1 1394
      1 1395
      1 1396
      1 1400
      1 1404
      1 1407
      3 1412
      1 1414
      1 1416
      1 1422
      1 1423
      2 1427
      2 1429
      1 1430
      1 1431
      1 1433
      1 1439
      1 1445
      1 1446
      1 1448
      1 1449
      1 1452
      1 1454
      1 1455
      1 1456
      1 1460
      1 1462
      1 1463
      1 1464
      1 1465
      2 1467
      1 1468
      1 1469
      1 1478
      1 1480
      1 1481
      1 1490
      1 1496
      1 1497
      1 1498
      1 1502
      1 1504
      1 1505
      1 1512
      1 1514
      3 1521
      1 1522
      1 1525
      3 1527
      1 1528
      1 1529
      1 1535
      1 1538
      1 1540
      4 1546
      1 1549
      1 1552
      1 1555
      1 1556
      1 1557
      1 1566
      1 1572
      1 1573
      1 1574
      1 1575
      1 1582
      1 1588
      1 1592
      1 1593
      3 1594
      1 1598
      1 1601
      1 1602
      1 1605
      1 1606
      2 1607
      2 1612
      2 1613
      1 1614
      1 1619
      1 1620
      1 1621
      1 1626
      1 1627
      2 1628
      1 1632
      1 1633
      2 1635
      2 1638
      1 1642
      1 1649
      1 1651
      2 1653
      1 1658
      1 1661
      1 1681
      1 1683
      1 1686
      1 1687
      1 1695
      2 1701
      1 1703
      1 1704
      1 1708
      2 1710
      1 1714
      1 1718
      1 1719
      1 1720
      1 1723
      1 1728
      1 1733
      1 1734
      1 1738
      1 1739
      1 1740
      1 1741
      2 1745
      1 1748
      1 1758
      1 1770
      1 1772
      1 1777
      1 1785
      1 1787
      1 1791
      1 1800
      1 1803
      1 1810
      1 1811
      1 1815
      1 1816
      1 1821
      1 1831
      1 1836
      1 1849
      1 1863
      2 1864
      2 1866
      1 1869
      1 1885
      1 1887
      1 1890
      1 1899
      1 1904
      1 1923
      1 1926
      1 1930
      1 1935
      1 1939
      1 1948
      1 1974
      1 1977
      2 1981
      2 1985
      2 1987
      1 1988
      1 1991
      1 1992
      1 1996
      1 2004
      1 2006
      1 2007
      1 2020
      1 2035
      1 2036
      1 2039
      1 2042
      1 2044
      2 2045
      1 2052
      1 2060
      1 2067
      1 2070
      1 2079
      1 2080
      1 2084
      1 2088
      1 2096
      1 2097
      1 2103
      1 2107
      2 2109
      1 2118
      2 2119
      1 2127
      1 2131
      1 2135
      1 2136
      1 2137
      1 2140
      1 2141
      2 2143
      1 2150
      2 2155
      1 2161
      1 2170
      1 2174
      1 2180
      1 2187
      1 2196
      1 2198
      1 2199
      1 2207
      1 2212
      1 2215
      2 2221
      1 2226
      1 2254
      1 2255
      1 2258
      1 2259
      2 2264
      1 2266
      1 2269
      1 2276
      1 2279
      1 2285
      1 2296
      1 2297
      1 2298
      1 2305
      1 2311
      1 2314
      1 2319
      1 2324
      1 2325
      1 2327
      1 2328
      1 2333
      1 2334
      1 2347
      1 2354
      2 2355
      1 2366
      1 2367
      1 2370
      1 2374
      1 2383
      1 2384
      1 2387
      1 2390
      1 2392
      1 2393
      1 2395
      1 2396
      1 2408
      1 2409
      1 2410
      1 2413
      1 2420
      1 2429
      1 2433
      1 2441
      1 2447
      2 2454
      1 2466
      1 2473
      1 2478
      1 2481
      1 2487
      1 2488
      1 2490
      1 2492
      1 2497
      1 2499
      1 2503
      1 2515
      1 2518
      1 2530
      1 2534
      1 2535
      1 2545
      1 2549
      1 2556
      1 2558
      1 2559
      1 2560
      1 2564
      1 2578
      1 2587
      1 2591
      1 2593
      1 2600
      1 2602
      1 2606
      1 2609
      1 2612
      1 2620
      1 2622
      1 2624
      1 2633
      1 2650
      1 2654
      1 2667
      1 2670
      1 2676
      1 2678
      1 2679
      1 2680
      1 2692
      1 2703
      1 2710
      3 2715
      1 2716
      1 2720
      2 2726
      1 2737
      1 2739
      1 2742
      1 2749
      1 2750
      1 2753
      1 2756
      1 2765
      1 2773
      2 2778
      2 2781
      1 2782
      1 2792
      1 2800
      1 2812
      1 2813
      1 2815
      1 2819
      1 2833
      1 2835
      1 2837
      1 2839
      1 2851
      1 2857
      1 2872
      1 2877
      2 2882
      1 2883
      1 2898
      1 2907
      1 2920
      2 2921
      1 2922
      1 2928
      1 2939
      2 2943
      1 2948
      2 2954
      2 2964
      1 2966
      1 2971
      1 2973
      1 2977
      2 2982
      1 2984
      1 2992
      1 3011
      2 3021
      1 3027
      1 3029
      1 3032
      1 3038
      2 3061
      1 3063
      1 3070
      1 3072
      1 3082
      1 3084
      1 3090
      1 3096
      1 3099
      1 3105
      1 3110
      1 3111
      1 3112
      2 3118
      1 3128
      1 3141
      1 3144
      2 3149
      1 3152
      1 3160
      1 3165
      1 3169
      1 3180
      2 3195
      1 3207
      1 3215
      2 3220
      1 3230
      1 3232
      1 3234
      1 3237
      1 3247
      1 3248
      1 3257
      1 3262
      1 3263
      1 3272
      1 3274
      1 3278
      1 3293
      1 3303
      2 3312
      1 3317
      1 3336
      1 3352
      1 3356
      1 3360
      1 3368
      1 3371
      1 3378
      1 3379
      1 3381
      1 3383
      1 3386
      1 3392
      1 3396
      1 3397
      2 3398
      1 3400
      1 3401
      1 3406
      1 3408
      1 3415
      1 3417
      1 3429
      1 3432
      1 3434
      1 3438
      1 3439
      1 3458
      1 3463
      1 3465
      1 3481
      1 3486
      1 3487
      1 3492
      1 3494
      1 3506
      1 3510
      1 3512
      1 3519
      1 3533
      2 3534
      1 3537
      1 3543
      1 3548
      1 3553
      1 3555
      2 3565
      1 3577
      1 3579
      1 3580
      1 3587
      1 3591
      1 3592
      1 3618
      1 3630
      1 3632
      1 3651
      1 3652
      1 3657
      1 3670
      1 3672
      1 3676
      1 3677
      1 3681
      1 3693
      1 3700
      1 3708
      1 3713
      1 3714
      1 3725
      1 3728
      2 3738
      1 3739
      1 3742
      1 3743
      2 3744
      1 3746
      1 3749
      1 3753
      1 3762
      1 3776
      1 3778
      1 3780
      1 3787
      2 3789
      1 3790
      1 3795
      1 3806
      1 3808
      1 3814
      2 3815
      1 3820
      1 3823
      1 3829
      1 3840
      1 3843
      1 3848
      1 3851
      1 3854
      1 3855
      1 3864
      1 3870
      2 3874
      1 3882
      1 3890
      1 3891
      1 3897
      1 3904
      1 3905
      1 3919
      1 3926
      1 3939
      2 3944
      1 3945
      1 3947
      1 3951
      1 3952
      1 3953
      1 3956
      1 3959
      1 3960
      1 3963
      1 3967
      2 3975
      1 3976
      1 3980
      1 3985
      1 3989
      1 3999
      1 4005
      1 4032
      1 4044
      1 4057
      1 4063
      1 4072
      1 4073
      1 4088
      1 4091
      1 4099
      1 4100
      1 4105
      1 4116
      1 4123
      1 4126
      1 4127
      1 4128
      1 4131
      1 4132
      1 4133
      1 4135
      1 4139
      1 4141
      1 4148
      1 4149
      1 4153
      1 4158
      1 4165
      1 4169
      1 4183
      1 4186
      1 4189
      1 4195
      1 4197
      1 4204
      1 4207
      1 4209
      1 4216
      1 4217
      1 4230
      1 4236
      1 4241
      1 4242
      1 4248
      1 4249
      2 4252
      1 4254
      1 4277
      1 4278
      1 4279
      1 4280
      1 4283
      1 4284
      1 4291
      1 4302
      1 4305
      1 4307
      1 4308
      1 4312
      1 4331
      1 4341
      1 4354
      1 4357
      1 4358
      2 4364
      1 4365
      1 4368
      1 4376
      1 4381
      1 4389
      1 4390
      1 4391
      1 4396
      1 4403
      1 4410
      1 4411
      1 4416
      1 4420
      2 4425
      1 4426
      1 4430
      1 4432
      1 4433
      1 4436
      2 4442
      1 4445
      1 4448
      1 4455
      1 4459
      2 4465
      1 4474
      1 4478
      2 4488
      1 4489
      2 4491
      1 4493
      1 4498
      1 4500
      1 4502
      3 4514
      2 4515
      2 4519
      1 4523
      1 4532
      1 4536
      1 4545
      2 4548
      1 4557
      1 4568
      1 4569
      1 4572
      1 4578
      1 4582
      1 4591
      2 4605
      1 4618
      1 4624
      1 4635
      1 4637
      1 4658
      1 4659
      1 4662
      1 4663
      1 4664
      1 4675
      1 4679
      1 4684
      1 4691
      1 4693
      1 4699
      1 4701
      1 4703
      1 4710
      1 4712
      1 4714
      1 4719
      1 4724
      1 4732
      1 4735
      1 4758
      1 4759
      1 4762
      1 4773
      1 4783
      1 4799
      1 4806
      1 4809
      1 4825
      2 4830
      1 4832
      1 4840
      1 4843
      1 4854
      1 4868
      1 4873
      1 4892
      1 4902
      1 4908
      1 4915
      1 4916
      1 4926
      1 4928
      1 4930
      1 4944
      1 4947
      1 4948
      1 4957
      1 4961
      1 4972
      1 4973
      1 4975
      1 4976
      1 4982
      1 4984
      1 4993
      1 4995
      1 4996
      1 5001
      1 5010
      1 5014
      1 5028
      1 5032
      1 5041
      1 5043
      1 5052
      1 5065
      1 5086
      1 5090
      1 5092
      1 5095
      1 5097
      1 5100
      1 5102
      1 5104
      1 5125
      1 5129
      1 5138
      1 5141
      1 5156
      1 5160
      1 5163
      1 5169
      2 5173
      1 5177
      1 5181
      1 5182
      1 5189
      1 5193
      1 5197
      1 5203
      1 5205
      1 5207
      1 5212
      2 5213
      1 5214
      1 5223
      2 5225
      1 5226
      1 5229
      1 5232
      1 5241
      2 5243
      1 5248
      1 5251
      1 5259
      2 5260
      1 5262
      1 5266
      1 5271
      1 5273
      1 5279
      1 5287
      1 5294
      1 5297
      1 5303
      1 5308
      1 5312
      1 5321
      1 5326
      1 5328
      1 5333
      1 5341
      1 5347
      1 5348
      1 5352
      1 5380
      1 5387
      1 5388
      2 5392
      2 5394
      1 5397
      1 5406
      1 5408
      1 5416
      1 5419
      1 5424
      1 5430
      2 5434
      1 5440
      1 5453
      1 5462
      1 5471
      1 5473
      1 5487
      1 5493
      1 5494
      1 5501
      1 5502
      1 5513
      1 5519
      1 5521
      2 5526
      2 5527
      1 5534
      1 5541
      1 5553
      2 5566
      1 5568
      1 5575
      1 5578
      1 5582
      1 5588
      1 5619
      1 5620
      2 5623
      1 5624
      1 5625
      2 5632
      1 5636
      1 5653
      1 5656
      1 5659
      1 5671
      1 5674
      1 5675
      1 5682
      1 5686
      1 5687
      1 5691
      1 5703
      1 5706
      1 5707
      1 5708
      1 5723
      1 5725
      2 5732
      1 5737
      1 5742
      1 5743
      1 5744
      2 5751
      1 5752
      1 5767
      1 5768
      1 5795
      1 5811
      1 5812
      1 5813
      1 5814
      1 5817
      1 5819
      1 5823
      1 5833
      1 5838
      1 5839
      1 5840
      1 5848
      2 5849
      1 5850
      1 5862
      1 5863
      2 5867
      1 5873
      1 5880
      1 5886
      1 5897
      1 5909
      1 5918
      1 5919
      1 5925
      1 5927
      2 5931
      1 5939
      1 5941
      1 5942
      1 5960
      1 5964
      1 5982
      1 5984
      1 5991
      1 6005
      1 6011
      1 6014
      1 6017
      1 6020
      1 6037
      1 6062
      1 6064
      1 6065
      1 6069
      1 6086
      1 6088
      2 6093
      1 6108
      1 6121
      1 6124
      1 6143
      1 6146
      1 6148
      1 6150
      1 6151
      1 6153
      1 6160
      1 6168
      1 6170
      1 6195
      1 6208
      1 6215
      1 6219
      2 6220
      1 6222
      3 6225
      1 6237
      2 6238
      1 6242
      1 6253
      1 6265
      1 6273
      1 6275
      1 6283
      1 6286
      1 6287
      1 6292
      1 6294
      1 6298
      1 6325
      1 6327
      1 6330
      1 6331
      1 6338
      1 6340
      1 6343
      1 6351
      1 6352
      1 6356
      1 6365
      1 6369
      1 6385
      2 6386
      1 6393
      1 6401
      1 6405
      1 6406
      1 6407
      1 6410
      1 6415
      1 6427
      1 6433
      1 6435
      2 6448
      1 6451
      1 6457
      1 6458
      1 6465
      1 6468
      1 6476
      1 6497
      1 6503
      1 6520
      1 6525
      1 6531
      1 6533
      1 6555
      1 6561
      1 6564
      1 6579
      1 6582
      1 6584
      1 6586
      1 6590
      1 6604
      1 6616
      1 6626
      1 6630
      1 6632
      1 6638
      1 6639
      1 6650
      1 6651
      1 6671
      1 6675
      1 6680
      1 6682
      1 6687
      1 6697
      1 6701
      1 6708
      1 6709
      2 6710
      1 6711
      2 6719
      1 6725
      1 6726
      1 6729
      2 6730
      1 6731
      1 6732
      1 6752
      2 6771
      1 6781
      1 6789
      1 6805
      1 6807
      1 6823
      1 6827
      1 6837
      1 6839
      1 6844
      1 6849
      1 6850
      1 6865
      1 6871
      1 6876
      1 6877
      1 6888
      1 6891
      1 6895
      1 6899
      1 6900
      1 6911
      1 6917
      1 6922
      2 6930
      1 6937
      1 6942
      1 6943
      1 6948
      2 6959
      1 6961
      1 6968
      1 6974
      2 6991
      1 6996
      2 6997
      1 6998
      1 7008
      1 7030
      1 7033
      1 7036
      1 7041
      1 7060
      3 7064
      2 7071
      1 7083
      1 7092
      1 7095
      1 7107
      1 7110
      1 7111
      1 7120
      1 7127
      1 7133
      1 7149
      1 7154
      1 7158
      1 7179
      1 7181
      1 7194
      1 7199
      1 7201
      1 7202
      1 7204
      1 7216
      1 7217
      1 7228
      1 7236
      1 7237
      1 7239
      1 7250
      1 7251
      1 7252
      1 7257
      1 7258
      1 7260
      2 7265
      1 7268
      1 7275
      1 7280
      1 7284
      1 7288
      1 7299
      2 7334
      1 7335
      1 7343
      2 7346
      1 7354
      1 7356
      1 7366
      1 7370
      1 7379
      1 7386
      1 7393
      1 7404
      1 7414
      2 7426
      1 7434
      1 7445
      1 7448
      1 7456
      1 7464
      3 7467
      2 7468
      1 7470
      1 7475
      2 7489
      1 7490
      1 7513
      1 7514
      1 7519
      1 7530
      1 7540
      1 7546
      1 7547
      1 7552
      1 7563
      2 7577
      1 7578
      1 7594
      1 7600
      1 7602
      1 7604
      1 7605
      1 7609
      2 7621
      1 7624
      1 7630
      1 7645
      1 7652
      1 7667
      1 7672
      1 7689
      2 7692
      1 7695
      1 7696
      1 7699
      1 7713
      1 7742
      1 7746
      2 7759
      1 7761
      1 7768
      1 7776
      2 7790
      1 7815
      1 7827
      1 7830
      1 7833
      1 7840
      1 7843
      1 7850
      2 7861
      1 7865
      1 7868
      2 7870
      1 7871
      1 7874
      1 7876
      2 7883
      1 7888
      1 7889
      1 7925
      1 7934
      1 7940
      1 7950
      1 7956
      1 7957
      1 7961
      1 7970
      1 7972
      1 7979
      1 7980
      2 7988
      2 7992
      1 7998
      1 8024
      1 8025
      1 8034
      1 8043
      1 8046
      1 8048
      1 8054
      1 8058
      1 8079
      2 8080
      1 8089
      1 8094
      1 8108
      1 8111
      1 8112
      1 8115
      1 8120
      1 8126
      1 8147
      1 8163
      1 8170
      1 8178
      1 8180
      1 8182
      1 8185
      1 8188
      1 8192
      1 8202
      1 8207
      1 8222
      1 8237
      1 8250
      2 8259
      3 8268
      2 8286
      1 8290
      1 8296
      1 8309
      1 8321
      1 8324
      1 8341
      1 8354
      1 8358
      1 8366
      1 8367
      1 8370
      1 8381
      1 8383
      1 8390
      1 8392
      1 8394
      1 8395
      1 8398
      1 8400
      1 8402
      1 8422
      1 8429
      1 8440
      1 8446
      1 8458
      1 8460
      1 8461
      1 8482
      1 8483
      1 8489
      1 8490
      1 8495
      1 8496
      1 8509
      2 8512
      1 8522
      2 8523
      1 8535
      1 8544
      1 8546
      1 8550
      1 8551
      1 8552
      1 8559
      1 8572
      1 8575
      1 8576
      1 8581
      1 8582
      1 8583
      1 8598
      1 8599
      1 8601
      1 8602
      1 8610
      2 8630
      1 8635
      1 8636
      1 8641
      1 8647
      1 8651
      1 8659
      1 8665
      1 8668
      1 8680
      2 8689
      3 8691
      1 8692
      2 8694
      1 8710
      1 8711
      1 8712
      1 8713
      1 8717
      1 8720
      1 8722
      2 8735
      1 8749
      1 8755
      1 8756
      1 8757
      3 8761
      1 8767
      2 8769
      1 8776
      1 8790
      1 8798
      1 8802
      1 8804
      1 8805
      1 8809
      1 8810
      1 8812
      1 8816
      1 8827
      1 8838
      1 8840
      1 8843
      1 8846
      2 8850
      1 8852
      1 8854
      1 8860
      1 8862
      1 8865
      2 8873
      1 8880
      2 8897
      1 8899
      1 8903
      2 8914
      2 8919
      1 8925
      1 8930
      1 8931
      1 8934
      1 8935
      1 8936
      1 8940
      1 8944
      1 8952
      2 8961
      1 8962
      1 8971
      1 8986
      1 9003
      1 9010
      3 9016
      1 9021
      1 9026
      1 9039
      1 9045
      1 9055
      1 9056
      2 9057
      1 9058
      1 9060
      1 9064
      2 9065
      1 9071
      1 9072
      1 9078
      2 9080
      1 9084
      1 9085
      1 9087
      2 9089
      1 9092
      1 9093
      1 9098
      1 9105
      1 9130
      1 9153
      1 9161
      1 9163
      1 9165
      1 9172
      1 9178
      1 9192
      1 9212
      1 9214
      1 9217
      1 9225
      1 9230
      1 9246
      1 9255
      1 9256
      1 9258
      1 9260
      1 9274
      1 9278
      1 9289
      1 9300
      1 9302
      1 9305
      1 9318
      1 9321
      1 9323
      1 9336
      1 9337
      1 9344
      1 9361
      1 9363
      1 9364
      3 9381
      1 9383
      1 9389
      1 9404
      1 9406
      1 9408
      1 9437
      1 9452
      1 9456
      1 9462
      1 9466
      1 9473
      1 9479
      1 9482
      1 9487
      1 9514
      1 9522
      1 9530
      1 9538
      1 9540
      1 9542
      1 9557
      1 9561
      1 9562
      1 9563
      1 9565
      1 9566
      1 9579
      1 9594
      1 9598
      1 9606
      1 9607
      1 9615
      1 9619
      1 9621
      1 9624
      1 9626
      1 9627
      1 9632
      1 9638
      1 9639
      1 9640
      1 9643
      1 9657
      1 9663
      1 9664
      2 9666
      1 9678
      1 9679
      1 9681
      1 9682
      1 9684
      1 9713
      1 9721
      1 9726
      1 9730
      1 9731
      2 9732
      1 9739
      4 9743
      1 9753
      1 9766
      2 9768
      1 9774
      1 9780
      1 9781
      1 9782
      1 9789
      1 9796
      1 9798
      1 9799
      1 9805
      2 9810
      1 9832
      1 9840
      1 9852
      1 9858
      1 9868
      1 9872
      2 9877
      2 9883
      1 9900
      1 9903
      1 9915
      1 9916
      1 9920
      1 9931
      1 9932
      1 9936
      1 9940
      2 9948
      1 9952
      1 9953
      1 9957
      1 9959
      1 9963
      1 9971
      1 9978
      1 9985
      1 9998
      2 10000
      1 10007
      1 10008
      2 10009
      1 10013
      1 10018
      1 10020
      3 10024
      1 10025
      1 10027
      1 10028
      1 10033
      1 10034
      1 10036
      1 10040
      1 10045
      1 10051
      1 10066
      1 10082
      1 10085
      1 10086
      1 10096
      1 10102
      1 10104
      1 10117
      1 10123
      1 10135
      1 10143
      1 10147
      1 10154
      1 10158
      1 10159
      1 10166
      2 10167
      1 10168
      1 10177
      2 10185
      1 10190
      1 10192
      1 10193
      1 10201
      1 10202
      1 10228
      1 10229
      2 10230
      1 10235
      2 10246
      1 10258
      1 10259
      1 10262
      1 10263
      1 10267
      2 10268
      1 10269
      1 10292
      1 10308
      1 10311
      1 10315
      1 10324
      1 10335
      1 10336
      1 10345
      1 10346
      1 10352
      1 10361
      1 10370
      1 10375
      1 10389
      1 10400
      1 10401
      1 10403
      1 10406
      1 10408
      1 10412
      1 10417
      1 10423
      1 10427
      1 10453
      1 10469
      1 10472
      1 10482
      1 10485
      2 10497
      1 10504
      1 10508
      1 10516
      1 10536
      1 10539
      1 10548
      1 10549
      1 10550
      1 10552
      1 10561
      1 10563
      1 10564
      1 10567
      1 10569
      1 10574
      1 10610
      1 10613
      1 10618
      1 10622
      1 10630
      1 10641
      1 10646
      1 10655
      1 10660
      1 10666
      1 10678
      1 10680
      1 10685
      1 10698
      2 10711
      1 10712
      1 10721
      1 10724
      1 10726
      2 10730
      1 10731
      1 10732
      1 10735
      1 10736
      1 10743
      1 10746
      1 10752
      1 10757
      1 10772
      1 10790
      1 10800
      1 10809
      1 10812
      1 10823
      1 10827
      1 10840
      2 10845
      1 10849
      1 10850
      1 10853
      2 10877
      1 10882
      1 10889
      1 10903
      1 10906
      1 10923
      2 10933
      1 10953
      1 10957
      1 10958
      1 10990
      1 10994
      1 11003
      1 11011
      2 11022
      1 11047
      1 11053
      1 11056
      1 11062
      1 11063
      1 11067
      1 11072
      1 11077
      1 11090
      1 11094
      1 11095
      1 11134
      2 11135
      1 11137
      1 11152
      1 11153
      1 11171
      1 11181
      2 11185
      1 11188
      1 11189
      1 11211
      1 11231
      1 11240
      1 11263
      2 11271
      1 11272
      1 11275
      1 11280
      1 11296
      1 11297
      1 11300
      1 11312
      1 11317
      1 11318
      1 11320
      1 11321
      1 11323
      1 11340
      1 11346
      1 11351
      1 11359
      1 11379
      2 11382
      1 11397
      2 11398
      1 11401
      1 11407
      1 11416
      1 11417
      1 11421
      1 11422
      1 11423
      1 11425
      1 11436
      1 11438
      1 11469
      1 11474
      1 11482
      2 11488
      1 11498
      1 11521
      1 11525
      1 11526
      1 11537
      1 11550
      1 11551
      1 11571
      1 11572
      1 11582
      1 11584
      1 11588
      1 11589
      1 11594
      1 11598
      1 11604
      1 11606
      1 11607
      1 11620
      1 11652
      1 11657
      1 11674
      2 11676
      1 11686
      1 11689
      1 11694
      1 11698
      2 11703
      2 11713
      1 11716
      1 11721
      1 11722
      1 11725
      1 11727
      2 11731
      1 11732
      1 11742
      1 11756
      1 11759
      1 11765
      1 11768
      1 11790
      1 11793
      1 11796
      1 11797
      1 11801
      2 11802
      1 11803
      1 11816
      1 11817
      1 11819
      1 11822
      1 11823
      1 11827
      1 11830
      1 11833
      1 11839
      1 11840
      1 11842
      1 11845
      1 11847
      1 11867
      1 11873
      1 11882
      1 11883
      1 11898
      1 11901
      2 11902
      1 11907
      1 11910
      1 11925
      1 11926
      2 11935
      1 11941
      1 11944
      1 11945
      1 11955
      1 11957
      1 11962
      1 11983
      1 11993
      1 11998
      1 12003
      2 12019
      1 12027
      1 12033
      1 12058
      1 12060
      1 12061
      1 12066
      1 12070
      1 12084
      1 12088
      1 12094
      1 12104
      1 12120
      1 12135
      2 12138
      1 12141
      1 12159
      1 12162
      1 12165
      1 12166
      1 12195
      1 12209
      1 12215
      1 12217
      1 12222
      1 12223
      1 12231
      1 12232
      1 12238
      1 12247
      1 12257
      1 12259
      1 12262
      1 12277
      1 12291
      1 12296
      1 12307
      1 12321
      1 12325
      1 12326
      1 12363
      1 12391
      1 12397
      1 12410
      1 12425
      1 12429
      1 12431
      1 12433
      1 12434
      1 12443
      2 12444
      3 12445
      1 12451
      1 12465
      1 12471
      1 12481
      2 12492
      1 12498
      1 12508
      1 12525
      1 12527
      1 12535
      1 12540
      1 12541
      1 12569
      1 12572
      1 12588
      1 12595
      1 12600
      1 12616
      1 12622
      1 12623
      1 12625
      1 12626
      1 12640
      1 12641
      1 12649
      1 12650
      1 12655
      1 12666
      1 12670
      1 12671
      1 12672
      1 12680
      1 12684
      2 12694
      1 12698
      2 12707
      2 12712
      1 12713
      1 12720
      1 12733
      1 12737
      1 12739
      1 12740
      1 12742
      1 12746
      1 12748
      1 12764
      1 12769
      1 12772
      1 12775
      1 12790
      1 12792
      1 12799
      1 12802
      1 12806
      1 12808
      1 12810
      1 12811
      1 12826
      1 12827
      1 12833
      1 12839
      1 12842
      1 12844
      1 12845
      1 12853
      1 12868
      1 12881
      3 12884
      1 12890
      1 12900
      1 12906
      3 12924
      1 12926
      1 12927
      1 12931
      1 12937
      1 12941
      1 12945
      1 12951
      1 12980
      1 12988
      1 12995
      1 13010
      1 13014
      1 13021
      1 13029
      1 13046
      1 13048
      1 13049
      1 13052
      1 13058
      1 13090
      2 13091
      1 13096
      1 13097
      1 13101
      1 13104
      1 13108
      1 13129
      1 13135
      1 13141
      1 13142
      1 13155
      1 13186
      1 13192
      1 13194
      1 13203
      2 13205
      1 13212
      2 13215
      1 13218
      1 13221
      1 13225
      1 13229
      1 13233
      1 13244
      3 13245
      1 13249
      1 13250
      2 13260
      1 13262
      1 13264
      2 13279
      1 13283
      2 13291
      1 13294
      1 13299
      1 13301
      1 13319
      1 13320
      1 13321
      1 13325
      1 13333
      1 13337
      1 13341
      2 13350
      3 13356
      1 13358
      1 13359
      1 13364
      1 13365
      1 13370
      1 13374
      1 13382
      1 13386
      1 13391
      1 13393
      1 13407
      1 13408
      1 13410
      1 13430
      1 13434
      1 13438
      2 13442
      1 13456
      1 13458
      3 13463
      1 13468
      1 13490
      1 13492
      1 13494
      1 13495
      1 13518
      1 13519
      1 13525
      1 13528
      1 13541
      1 13548
      1 13549
      2 13551
      1 13561
      3 13577
      1 13585
      1 13598
      1 13601
      1 13603
      1 13606
      1 13614
      1 13618
      1 13620
      1 13632
      1 13634
      1 13638
      1 13642
      1 13648
      1 13649
      1 13661
      1 13662
      1 13675
      1 13677
      1 13684
      1 13690
      1 13697
      1 13714
      1 13722
      1 13725
      1 13727
      1 13733
      1 13737
      1 13740
      1 13741
      1 13742
      1 13749
      1 13751
      1 13754
      1 13757
      1 13766
      1 13768
      1 13772
      1 13773
      1 13784
      1 13790
      1 13791
      2 13795
      1 13796
      1 13798
      1 13808
      1 13809
      1 13815
      1 13824
      2 13834
      1 13836
      1 13839
      1 13845
      1 13847
      1 13849
      1 13850
      1 13858
      1 13871
      1 13874
      1 13883
      1 13886
      1 13896
      1 13900
      1 13904
      1 13909
      1 13915
      1 13927
      1 13928
      1 13930
      1 13933
      1 13934
      1 13937
      1 13941
      1 13943
      1 13945
      1 13953
      1 13958
      1 13960
      1 13962
      1 13966
      1 13973
      1 13974
      1 13981
      1 13983
      1 13986
      1 13988
      1 13992
      1 13998
      2 14000
      1 14003
      1 14013
      1 14027
      1 14039
      1 14054
      1 14059
      1 14061
      1 14064
      1 14077
      1 14081
      1 14101
      1 14106
      1 14112
      1 14114
      2 14117
      1 14118
      1 14120
      1 14129
      1 14136
      1 14144
      1 14170
      1 14172
      1 14173
      1 14179
      1 14181
      1 14182
      1 14196
      1 14197
      1 14202
      1 14210
      1 14226
      1 14228
      1 14233
      1 14243
      1 14260
      1 14262
      1 14270
      1 14271
      1 14273
      1 14277
      1 14278
      1 14296
      1 14297
      1 14302
      1 14303
      1 14304
      1 14311
      3 14312
      1 14316
      1 14323
      1 14330
      1 14333
      1 14341
      1 14344
      1 14348
      1 14372
      1 14380
      1 14381
      1 14388
      1 14395
      1 14397
      1 14400
      2 14407
      2 14428
      1 14430
      1 14432
      1 14438
      1 14447
      1 14450
      2 14454
      1 14480
      1 14482
      2 14483
      1 14485
      1 14486
      1 14501
      1 14502
      2 14511
      1 14521
      1 14523
      2 14526
      1 14527
      1 14533
      1 14537
      1 14543
      1 14552
      1 14553
      1 14557
      1 14558
      1 14559
      1 14560
      1 14563
      1 14565
      1 14566
      1 14570
      1 14583
      1 14586
      1 14587
      1 14589
      1 14603
      1 14605
      1 14606
      1 14612
      1 14621
      1 14627
      1 14637
      1 14640
      1 14646
      1 14647
      1 14673
      1 14678
      1 14680
      1 14683
      1 14685
      1 14692
      1 14695
      1 14704
      1 14711
      1 14727
      1 14730
      1 14736
      1 14737
      1 14739
      1 14745
      1 14763
      1 14766
      2 14772
      1 14775
      1 14778
      1 14781
      1 14783
      1 14794
      1 14795
      1 14809
      1 14819
      1 14820
      1 14826
      1 14833
      1 14834
      1 14836
      1 14837
      1 14841
      1 14852
      1 14863
      1 14867
      1 14873
      1 14888
      1 14893
      1 14899
      1 14907
      1 14913
      1 14914
      1 14917
      1 14927
      1 14961
      2 14962
      1 14971
      1 14972
      1 14979
      1 14993
      1 14997
      1 14999
      1 15000
      1 15007
      1 15021
      1 15024
      1 15031
      1 15034
      2 15049
      1 15054
      1 15059
      1 15069
      1 15090
      1 15095
      1 15105
      1 15107
      1 15116
      1 15125
      1 15126
      1 15130
      1 15137
      1 15143
      1 15165
      1 15168
      1 15169
      1 15173
      1 15178
      1 15198
      1 15204
      1 15224
      1 15232
      1 15245
      1 15252
      1 15263
      1 15264
      1 15283
      1 15285
      1 15288
      1 15291
      1 15306
      1 15323
      1 15329
      1 15339
      1 15345
      1 15349
      1 15368
      1 15369
      1 15373
      1 15395
      2 15400
      1 15407
      1 15411
      1 15418
      1 15422
      1 15426
      1 15434
      1 15435
      1 15439
      1 15447
      1 15451
      1 15454
      1 15462
      1 15466
      1 15486
      1 15496
      1 15501
      1 15515
      1 15519
      1 15520
      1 15523
      1 15533
      1 15549
      1 15559
      1 15585
      1 15590
      1 15616
      1 15617
      1 15632
      1 15633
      1 15639
      1 15640
      1 15649
      1 15657
      1 15659
      1 15665
      1 15673
      1 15682
      1 15698
      1 15707
      1 15723
      1 15732
      1 15735
      1 15740
      1 15742
      1 15758
      1 15779
      1 15799
      1 15811
      1 15818
      1 15821
      1 15829
      2 15833
      1 15834
      1 15846
      1 15847
      1 15873
      1 15878
      1 15879
      1 15887
      1 15894
      1 15897
      1 15900
      1 15911
      1 15913
      1 15914
      1 15934
      1 15948
      1 15973
      1 15985
      1 15994
      1 16001
      1 16002
      1 16005
      1 16006
      1 16014
      1 16017
      1 16033
      1 16046
      1 16049
      1 16053
      1 16057
      1 16058
      1 16066
      1 16081
      1 16083
      1 16084
      1 16088
      1 16099
      1 16101
      1 16114
      1 16130
      1 16139
      1 16154
      1 16161
      1 16170
      1 16174
      1 16184
      1 16199
      1 16215
      1 16218
      1 16229
      1 16230
      1 16236
      1 16251
      1 16253
      1 16270
      1 16272
      1 16279
      1 16280
      1 16295
      1 16304
      1 16306
      1 16309
      1 16331
      1 16333
      1 16334
      1 16335
      1 16344
      1 16349
      1 16353
      2 16374
      1 16378
      1 16388
      1 16396
      1 16419
      1 16438
      1 16439
      1 16441
      1 16443
      1 16447
      2 16454
      1 16469
      1 16472
      1 16475
      1 16476
      1 16477
      1 16480
      2 16481
      1 16490
      1 16492
      1 16506
      1 16507
      1 16509
      1 16511
      1 16556
      1 16557
      1 16571
      1 16572
      2 16582
      1 16590
      1 16599
      2 16604
      1 16610
      1 16611
      2 16620
      2 16621
      1 16625
      1 16634
      1 16637
      1 16642
      1 16645
      1 16649
      1 16656
      1 16680
      1 16683
      1 16686
      1 16690
      1 16692
      1 16729
      1 16730
      1 16740
      1 16741
      1 16742
      1 16743
      1 16749
      1 16757
      1 16787
      1 16806
      1 16829
      1 16830
      1 16856
      1 16857
      1 16893
      1 16897
      1 16910
      1 16917
      1 16919
      1 16920
      1 16925
      2 16929
      1 16933
      1 16938
      1 16945
      1 16949
      1 16976
      1 16987
      1 16991
      1 17005
      1 17010
      1 17020
      1 17034
      1 17040
      1 17043
      2 17055
      1 17075
      2 17078
      1 17079
      1 17090
      1 17103
      1 17115
      2 17124
      1 17128
      1 17131
      1 17141
      1 17142
      1 17146
      1 17164
      1 17172
      2 17196
      3 17197
      1 17198
      1 17200
      1 17209
      1 17219
      1 17220
      1 17227
      1 17235
      1 17239
      1 17243
      1 17253
      1 17256
      1 17267
      1 17269
      1 17277
      1 17286
      1 17290
      2 17292
      1 17300
      1 17301
      1 17303
      1 17308
      1 17337
      1 17360
      1 17369
      1 17382
      1 17384
      1 17390
      1 17404
      1 17405
      1 17422
      1 17428
      1 17429
      1 17442
      1 17457
      1 17460
      1 17466
      1 17469
      1 17471
      1 17472
      1 17489
      1 17492
      1 17494
      1 17514
      1 17519
      1 17520
      1 17521
      1 17524
      1 17534
      1 17538
      1 17560
      1 17564
      1 17565
      1 17572
      1 17578
      1 17580
      1 17587
      1 17591
      1 17594
      1 17606
      1 17608
      1 17625
      1 17630
      1 17631
      1 17642
      1 17643
      1 17645
      1 17657
      1 17669
      1 17678
      1 17680
      1 17685
      1 17696
      1 17701
      1 17714
      1 17725
      1 17726
      1 17738
      1 17744
      1 17746
      1 17755
      2 17772
      1 17775
      1 17776
      1 17782
      1 17786
      1 17792
      1 17809
      1 17822
      1 17825
      1 17828
      1 17834
      1 17835
      1 17839
      1 17846
      1 17853
      1 17856
      1 17862
      1 17877
      1 17887
      1 17888
      1 17903
      1 17913
      1 17918
      1 17926
      2 17936
      1 17942
      1 17950
      1 17972
      1 17984
      1 18033
      1 18035
      1 18042
      1 18070
      1 18078
      1 18095
      1 18099
      1 18101
      1 18106
      1 18110
      1 18111
      1 18112
      1 18128
      1 18146
      1 18151
      1 18158
      1 18170
      1 18179
      1 18192
      1 18194
      1 18195
      1 18196
      1 18204
      2 18210
      1 18223
      1 18228
      3 18232
      1 18234
      1 18239
      1 18244
      1 18254
      1 18269
      1 18273
      1 18276
      1 18292
      1 18296
      1 18306
      1 18316
      1 18320
      1 18343
      1 18349
      1 18350
      1 18362
      1 18363
      1 18365
      1 18372
      1 18373
      1 18389
      1 18398
      2 18404
      1 18419
      1 18426
      1 18436
      1 18444
      1 18446
      1 18449
      1 18461
      1 18463
      2 18472
      1 18494
      1 18495
      1 18497
      1 18498
      1 18505
      1 18507
      1 18514
      1 18519
      1 18520
      1 18526
      1 18527
      1 18532
      1 18539
      1 18547
      1 18550
      1 18555
      1 18556
      1 18563
      1 18566
      1 18578
      1 18579
      1 18585
      1 18597
      1 18610
      1 18614
      1 18624
      1 18631
      1 18634
      1 18646
      1 18648
      1 18654
      1 18658
      1 18664
      1 18694
      1 18709
      1 18728
      1 18737
      1 18738
      2 18748
      1 18751
      1 18756
      1 18757
      1 18760
      1 18772
      1 18779
      1 18781
      1 18787
      1 18788
      2 18792
      1 18793
      1 18803
      1 18816
      1 18830
      1 18840
      1 18863
      1 18868
      1 18873
      1 18884
      1 18900
      1 18906
      1 18917
      1 18919
      1 18928
      1 18932
      1 18942
      1 18945
      2 18962
      1 18965
      1 18989
      1 19016
      1 19022
      2 19049
      1 19050
      1 19069
      1 19073
      1 19089
      1 19118
      1 19126
      1 19136
      1 19139
      1 19145
      1 19146
      1 19152
      1 19167
      1 19171
      1 19190
      1 19204
      1 19213
      1 19216
      1 19230
      1 19234
      1 19252
      1 19255
      1 19261
      1 19264
      1 19270
      1 19293
      1 19294
      1 19295
      1 19297
      1 19303
      1 19317
      1 19324
      1 19341
      1 19354
      1 19361
      1 19370
      1 19403
      2 19421
      1 19431
      1 19436
      1 19450
      1 19456
      1 19466
      1 19493
      1 19496
      1 19516
      1 19528
      2 19545
      1 19550
      1 19559
      1 19565
      1 19569
      1 19589
      1 19592
      1 19612
      2 19638
      1 19642
      2 19652
      1 19658
      1 19684
      1 19689
      1 19692
      1 19699
      1 19702
      2 19707
      1 19720
      1 19728
      1 19738
      2 19740
      1 19768
      1 19770
      1 19782
      1 19784
      1 19799
      1 19812
      1 19813
      1 19823
      1 19845
      1 19871
      1 19877
      1 19881
      1 19896
      1 19912
      1 19918
      1 19925
      2 19937
      1 19943
      1 19949
      1 19953
      1 19954
      1 19957
      1 19961
      1 19974
      1 19978
      1 19981
      1 19988
      1 19999
      1 20000
      1 20005
      2 20013
      1 20014
      1 20018
      1 20022
      1 20029
      1 20034
      1 20038
      1 20058
      1 20075
      1 20082
      1 20092
      1 20098
      1 20099
      1 20123
      1 20131
      1 20143
      1 20149
      1 20150
      1 20161
      1 20171
      1 20180
      1 20184
      2 20188
      1 20193
      1 20199
      1 20201
      1 20206
      1 20208
      1 20215
      1 20226
      1 20237
      1 20239
      1 20240
      2 20249
      1 20257
      1 20266
      1 20273
      1 20277
      2 20290
      1 20294
      1 20304
      1 20312
      1 20344
      1 20359
      1 20368
      1 20371
      1 20389
      1 20401
      1 20429
      1 20435
      2 20454
      1 20472
      1 20493
      1 20519
      1 20534
      1 20541
      1 20552
      1 20579
      1 20587
      1 20589
      1 20595
      1 20598
      1 20608
      1 20611
      1 20636
      1 20639
      1 20654
      1 20659
      1 20668
      1 20674
      1 20688
      1 20696
      1 20705
      1 20721
      1 20724
      1 20731
      1 20744
      1 20755
      1 20757
      1 20761
      2 20768
      1 20772
      1 20779
      1 20797
      1 20817
      1 20821
      1 20840
      1 20842
      1 20882
      1 20891
      1 20896
      1 20906
      1 20912
      1 20922
      1 20940
      1 20948
      1 20949
      1 20961
      1 20964
      1 20995
      1 21003
      1 21017
      1 21028
      2 21052
      1 21070
      1 21073
      1 21080
      1 21105
      1 21111
      1 21113
      1 21126
      1 21134
      1 21144
      1 21146
      1 21159
      1 21160
      1 21179
      1 21180
      1 21182
      1 21190
      1 21205
      1 21220
      1 21225
      1 21226
      1 21231
      1 21239
      1 21255
      1 21275
      1 21284
      1 21311
      1 21321
      2 21325
      1 21330
      2 21333
      1 21352
      1 21363
      1 21365
      1 21370
      1 21371
      1 21377
      1 21380
      1 21392
      1 21397
      1 21423
      1 21433
      1 21435
      2 21438
      1 21444
      1 21448
      1 21465
      1 21466
      1 21469
      1 21482
      1 21488
      1 21495
      1 21501
      2 21502
      1 21507
      1 21510
      1 21524
      1 21539
      1 21549
      1 21553
      1 21559
      1 21594
      1 21600
      1 21613
      1 21620
      1 21633
      1 21639
      1 21650
      1 21652
      1 21662
      1 21663
      1 21678
      1 21696
      2 21701
      1 21715
      2 21731
      1 21732
      1 21736
      1 21761
      1 21762
      1 21772
      1 21780
      1 21837
      1 21839
      1 21850
      1 21875
      2 21905
      1 21915
      1 21933
      1 21954
      1 21956
      1 21974
      1 21989
      1 21992
      1 21998
      1 22001
      1 22003
      1 22004
      1 22009
      1 22012
      1 22016
      1 22019
      1 22021
      1 22037
      1 22043
      1 22065
      1 22070
      1 22081
      1 22113
      1 22115
      1 22123
      1 22141
      1 22164
      1 22167
      1 22179
      1 22181
      1 22184
      1 22232
      1 22235
      1 22247
      1 22255
      1 22284
      1 22289
      1 22303
      1 22312
      1 22325
      1 22326
      1 22359
      1 22364
      1 22386
      1 22397
      1 22400
      1 22410
      1 22420
      2 22435
      1 22438
      1 22454
      1 22496
      1 22502
      1 22516
      1 22532
      1 22533
      1 22542
      1 22568
      1 22584
      1 22614
      1 22618
      1 22621
      1 22628
      1 22630
      2 22681
      1 22694
      1 22696
      1 22703
      1 22714
      1 22720
      1 22726
      1 22738
      1 22752
      1 22779
      1 22782
      1 22808
      1 22812
      1 22818
      1 22838
      1 22840
      1 22847
      2 22851
      1 22858
      1 22870
      1 22871
      1 22880
      2 22882
      1 22884
      1 22885
      1 22891
      2 22896
      1 22903
      2 22906
      2 22915
      1 22920
      1 22929
      1 22930
      1 22940
      1 22965
      1 22966
      1 22969
      1 22975
      1 22976
      1 22981
      1 23000
      1 23002
      1 23004
      1 23032
      1 23035
      2 23036
      1 23068
      1 23092
      1 23103
      1 23108
      1 23116
      1 23117
      1 23118
      1 23121
      1 23147
      1 23153
      1 23167
      1 23180
      1 23188
      1 23193
      1 23194
      1 23201
      1 23221
      1 23238
      2 23250
      1 23251
      1 23260
      1 23261
      1 23269
      1 23296
      1 23297
      1 23320
      1 23334
      1 23346
      1 23372
      1 23393
      1 23413
      1 23429
      1 23446
      1 23469
      1 23473
      1 23476
      1 23479
      1 23484
      1 23494
      1 23506
      1 23522
      1 23526
      1 23536
      1 23576
      1 23580
      1 23596
      1 23600
      1 23632
      1 23636
      1 23638
      1 23659
      1 23660
      1 23662
      1 23720
      1 23740
      1 23773
      1 23806
      1 23829
      2 23885
      1 23904
      1 23915
      1 23916
      1 23920
      1 23942
      1 23952
      1 23954
      1 23959
      1 23965
      1 23969
      1 24028
      1 24045
      1 24046
      1 24048
      1 24051
      1 24061
      1 24067
      1 24088
      1 24097
      1 24101
      1 24106
      1 24109
      1 24122
      1 24152
      1 24160
      1 24161
      1 24168
      1 24174
      1 24175
      2 24181
      1 24191
      1 24194
      1 24200
      1 24205
      1 24211
      1 24237
      1 24242
      1 24265
      1 24277
      1 24280
      1 24299
      1 24300
      1 24302
      2 24308
      1 24311
      1 24330
      1 24336
      1 24349
      1 24359
      1 24361
      1 24376
      1 24384
      1 24407
      1 24410
      1 24411
      1 24412
      1 24414
      1 24445
      2 24447
      1 24501
      1 24520
      1 24523
      1 24536
      1 24540
      1 24542
      1 24601
      1 24617
      1 24620
      1 24623
      1 24629
      1 24632
      1 24646
      1 24653
      1 24669
      1 24670
      1 24720
      1 24723
      1 24728
      1 24731
      1 24735
      1 24742
      1 24766
      1 24773
      1 24774
      1 24793
      1 24835
      1 24872
      1 24873
      1 24893
      1 24896
      1 24931
      1 24932
      1 24948
      1 24949
      1 24954
      1 24973
      1 24983
      1 24987
      1 25007
      1 25015
      1 25026
      2 25044
      1 25065
      1 25102
      1 25108
      1 25110
      1 25120
      1 25132
      1 25150
      1 25175
      1 25178
      1 25196
      1 25234
      1 25254
      1 25275
      1 25281
      1 25286
      2 25295
      1 25299
      1 25336
      1 25355
      1 25365
      1 25369
      1 25383
      1 25389
      1 25405
      1 25407
      1 25410
      1 25445
      1 25447
      1 25471
      1 25558
      1 25579
      1 25612
      1 25640
      1 25667
      1 25673
      1 25680
      1 25692
      1 25703
      1 25707
      1 25708
      1 25710
      1 25727
      1 25744
      1 25746
      1 25763
      1 25795
      1 25836
      1 25876
      1 25903
      1 25926
      1 25956
      1 25972
      1 25977
      1 26016
      1 26133
      1 26153
      1 26163
      1 26185
      1 26234
      1 26248
      1 26283
      1 26300
      1 26334
      1 26347
      1 26383
      1 26395
      1 26399
      1 26408
      1 26409
      1 26418
      1 26421
      1 26449
      1 26558
      1 26562
      1 26657
      1 26663
      1 26682
      1 26696
      1 26764
      1 26782
      1 26788
      1 26811
      1 26823
      1 26826
      1 26841
      1 26874
      1 26885
      1 26886
      1 26887
      1 26903
      1 26906
      1 26908
      1 26915
      1 26924
      1 26939
      1 26955
      1 26962
      1 26973
      1 27012
      1 27022
      1 27041
      1 27084
      1 27087
      1 27094
      1 27141
      1 27143
      1 27152
      1 27156
      1 27220
      1 27240
      1 27292
      1 27312
      1 27318
      1 27329
      1 27334
      1 27388
      1 27416
      1 27417
      2 27426
      1 27506
      1 27532
      1 27570
      1 27592
      1 27660
      1 27687
      1 27698
      1 27702
      1 27709
      1 27745
      1 27748
      1 27751
      1 27801
      1 27815
      1 27866
      1 27884
      1 27906
      1 27970
      1 27988
      1 28024
      1 28084
      1 28098
      1 28152
      1 28161
      1 28174
      1 28177
      1 28230
      1 28297
      1 28308
      2 28315
      1 28325
      1 28329
      1 28344
      1 28372
      1 28379
      1 28382
      1 28385
      1 28400
      1 28427
      1 28462
      1 28482
      1 28521
      1 28549
      1 28560
      1 28678
      1 28690
      1 28731
      1 28777
      1 28878
      1 28879
      1 28904
      1 28980
      1 28997
      1 29005
      1 29047
      1 29052
      1 29109
      1 29156
      1 29160
      1 29177
      1 29200
      1 29207
      1 29212
      1 29231
      1 29239
      1 29249
      1 29315
      1 29343
      1 29377
      1 29420
      1 29466
      1 29525
      1 29578
      1 29587
      1 29683
      1 29711
      1 29714
      1 29754
      1 29771
      1 29805
      1 29809
      1 29815
      1 29824
      1 29933
      1 29936
      1 30067
      1 30164
      1 30191
      1 30252
      1 30260
      1 30287
      1 30304
      1 30321
      1 30419
      1 30453
      1 30547
      1 30595
      1 30669
      1 30733
      1 30764
      1 30911
      1 30932
      1 30941
      1 30998
      1 31071
      1 31110
      1 31133
      1 31151
      1 31198
      1 31203
      1 31263
      1 31281
      1 31423
      1 31494
      2 31616
      1 31787
      1 31895
      1 32031
      1 32065
      1 32248
      1 32297
      1 32316
      1 32452
      1 32521
      1 32529
      1 32594
      1 32595
      1 32619
      1 32736
      1 32754
      1 32787
      1 32879
      1 32906
      1 32965
      1 33000
      1 33072
      1 33097
      1 33134
      1 33135
      1 33140
      1 33178
      1 33193
      1 33205
      1 33217
      1 33266
      1 33286
      1 33297
      1 33352
      1 33382
      1 33501
      1 33645
      1 33731
      1 33756
      1 33816
      1 33861
      1 33906
      1 34119
      1 34192
      1 34220
      1 34304
      1 34334
      1 34717
      1 34737
      1 34766
      1 34820
      1 34979
      1 35011
      1 35211
      1 35241
      1 35353
      1 35367
      1 35424
      1 35443
      1 35538
      1 35564
      1 35603
      1 35642
      1 35650
      1 35748
      1 36005
      1 36092
      1 36096
      1 36117
      1 36163
      1 36224
      1 36240
      1 36274
      1 36308
      1 37805
      1 39421
      1 39540
      1 39593
      1 39664
      1 39751
      1 40242
      1 40786
      1 41358
      1 41364
      1 42310
      1 42638
