pgbench (18.6 (Debian 18.6-1.pgdg13+2))
starting vacuum...end.
transaction type: <builtin: select only>
scaling factor: 1000
query mode: simple
number of clients: 64
number of threads: 16
maximum number of tries: 1
duration: 60 s
number of transactions actually processed: 10331727
number of failed transactions: 0 (0.000%)
latency average = 0.371 ms
initial connection time = 138.996 ms
tps = 172592.856558 (without initial connection time)
---AAD-PGBENCH-LATENCY-US---
rc=0
samples=206752
      1 238
      1 240
      1 242
      3 243
      1 244
      2 245
      2 246
      9 247
     12 248
     11 249
     19 250
     18 251
     23 252
     24 253
     46 254
     33 255
     52 256
     52 257
     57 258
     69 259
    100 260
    139 261
    139 262
    149 263
    163 264
    219 265
    186 266
    269 267
    248 268
    327 269
    330 270
    354 271
    439 272
    452 273
    454 274
    482 275
    567 276
    509 277
    509 278
    520 279
    569 280
    564 281
    545 282
    525 283
    534 284
    514 285
    495 286
    500 287
    488 288
    515 289
    483 290
    522 291
    473 292
    473 293
    459 294
    486 295
    473 296
    482 297
    441 298
    479 299
    511 300
    461 301
    436 302
    443 303
    458 304
    499 305
    488 306
    493 307
    547 308
    513 309
    510 310
    505 311
    505 312
    549 313
    558 314
    606 315
    658 316
    625 317
    665 318
    708 319
    694 320
    774 321
    810 322
    867 323
    864 324
    926 325
    999 326
   1109 327
   1108 328
   1251 329
   1301 330
   1375 331
   1526 332
   1619 333
   1726 334
   1810 335
   1977 336
   2111 337
   2328 338
   2346 339
   2510 340
   2539 341
   2738 342
   2844 343
   3058 344
   3308 345
   3255 346
   2951 347
   2882 348
   2705 349
   2582 350
   2484 351
   2276 352
   2233 353
   2169 354
   2085 355
   2023 356
   1911 357
   1781 358
   1692 359
   1626 360
   1576 361
   1546 362
   1435 363
   1457 364
   1302 365
   1297 366
   1225 367
   1243 368
   1241 369
   1146 370
   1147 371
   1098 372
   1129 373
   1044 374
   1131 375
   1161 376
   1061 377
   1015 378
   1001 379
   1007 380
    925 381
    945 382
    983 383
    973 384
    914 385
    899 386
    890 387
    931 388
    944 389
    905 390
    954 391
    981 392
    973 393
    908 394
   1004 395
   1003 396
   1012 397
   1030 398
   1009 399
   1152 400
   1175 401
   1192 402
   1225 403
   1277 404
   1251 405
   1307 406
   1303 407
   1445 408
   1397 409
   1417 410
   1434 411
   1408 412
   1432 413
   1540 414
   1450 415
   1389 416
   1288 417
   1266 418
   1124 419
   1171 420
   1103 421
   1025 422
    999 423
    920 424
    859 425
    815 426
    781 427
    759 428
    694 429
    699 430
    638 431
    585 432
    550 433
    574 434
    527 435
    512 436
    485 437
    458 438
    430 439
    411 440
    378 441
    420 442
    404 443
    379 444
    325 445
    343 446
    336 447
    334 448
    337 449
    300 450
    304 451
    281 452
    289 453
    262 454
    268 455
    249 456
    258 457
    241 458
    241 459
    250 460
    197 461
    233 462
    242 463
    235 464
    226 465
    231 466
    190 467
    199 468
    207 469
    213 470
    208 471
    242 472
    206 473
    219 474
    216 475
    201 476
    199 477
    182 478
    184 479
    196 480
    206 481
    200 482
    208 483
    152 484
    170 485
    134 486
    154 487
    146 488
    152 489
    140 490
    102 491
    138 492
    116 493
    105 494
     90 495
     88 496
    104 497
     98 498
     82 499
     60 500
     66 501
     74 502
     70 503
     57 504
     71 505
     63 506
     65 507
     50 508
     47 509
     49 510
     42 511
     43 512
     43 513
     46 514
     47 515
     35 516
     46 517
     49 518
     44 519
     44 520
     28 521
     35 522
     33 523
     38 524
     45 525
     28 526
     24 527
     27 528
     37 529
     29 530
     23 531
     33 532
     30 533
     15 534
     18 535
     25 536
     30 537
     22 538
     20 539
     16 540
     20 541
     18 542
     19 543
     17 544
     24 545
     22 546
     17 547
     17 548
     13 549
     25 550
     24 551
     16 552
     15 553
     17 554
     15 555
     13 556
     12 557
     15 558
      8 559
     14 560
     10 561
     16 562
     13 563
      4 564
      9 565
     18 566
      9 567
     11 568
     11 569
     10 570
     14 571
     12 572
      8 573
      7 574
     12 575
      9 576
      7 577
      8 578
      8 579
      7 580
      5 581
      4 582
      7 583
      8 584
      7 585
      3 586
      3 587
      8 588
      5 589
      5 590
      8 591
      4 592
      4 593
      1 594
      4 595
      4 596
      2 597
      3 598
      5 599
      7 600
      1 601
      4 602
      5 603
      2 604
      5 605
      2 606
      4 607
      4 608
      5 609
      4 610
      2 611
      3 612
      2 613
      4 614
      4 615
      7 616
      7 617
      1 618
      4 619
      2 620
      2 621
      5 622
      3 623
      4 624
      4 625
      3 627
      3 629
      6 630
      5 631
      2 632
      2 633
      2 634
      4 635
      1 636
      2 637
      1 638
      1 639
      2 641
      3 642
      2 643
      1 645
      2 646
      1 647
      1 649
      2 650
      1 652
      2 653
      1 654
      1 658
      1 659
      1 662
      1 665
      1 667
      2 668
      1 669
      1 670
      3 673
      1 674
      2 675
      2 676
      1 677
      1 678
      1 679
      1 681
      1 682
      2 683
      1 684
      1 686
      1 689
      2 692
      1 693
      1 695
      1 696
      1 697
      1 698
      1 700
      1 702
      1 703
      1 705
      1 706
      2 708
      1 710
      1 711
      1 713
      1 715
      1 717
      2 721
      1 725
      1 728
      1 735
      1 740
      2 744
      1 745
      2 747
      1 749
      1 750
      1 752
      2 755
      2 757
      1 760
      1 763
      1 768
      1 769
      1 770
      1 772
      1 773
      1 775
      1 776
      1 777
      1 788
      1 799
      1 800
      1 802
      1 804
      2 805
      1 811
      2 813
      1 815
      1 816
      1 819
      1 825
      1 826
      2 828
      1 829
      1 834
      1 835
      1 841
      1 842
      1 843
      1 846
      1 849
      1 851
      1 853
      1 854
      1 864
      1 865
      1 866
      1 868
      1 870
      1 872
      2 873
      1 875
      1 877
      1 880
      1 884
      2 887
      1 894
      1 898
      1 903
      2 905
      2 906
      2 909
      1 910
      1 913
      1 915
      1 917
      1 918
      1 923
      1 924
      3 925
      2 934
      2 937
      2 940
      2 942
      1 943
      1 945
      1 946
      1 947
      1 949
      2 956
      1 958
      1 962
      1 963
      1 964
      1 965
      1 968
      1 970
      1 974
      1 982
      1 986
      1 988
      1 999
      1 1001
      1 1002
      1 1006
      1 1010
      1 1014
      1 1015
      1 1016
      1 1017
      1 1027
      2 1028
      3 1029
      1 1030
      1 1032
      1 1036
      1 1037
      1 1038
      1 1042
      3 1045
      1 1046
      1 1047
      1 1053
      1 1060
      1 1062
      2 1064
      1 1065
      1 1068
      1 1072
      1 1073
      1 1075
      1 1082
      1 1084
      2 1087
      1 1090
      1 1093
      2 1094
      2 1096
      1 1097
      1 1100
      1 1101
      1 1102
      2 1104
      1 1106
      2 1109
      1 1110
      1 1112
      2 1114
      1 1116
      1 1126
      1 1131
      2 1132
      1 1137
      2 1141
      1 1142
      1 1143
      1 1145
      1 1153
      2 1158
      1 1159
      1 1163
      1 1165
      2 1167
      1 1171
      1 1173
      2 1181
      1 1182
      1 1184
      2 1190
      1 1194
      1 1195
      1 1198
      2 1199
      2 1201
      3 1203
      1 1206
      1 1209
      1 1213
      1 1222
      1 1223
      1 1226
      1 1227
      1 1233
      1 1237
      1 1241
      1 1242
      1 1243
      1 1250
      1 1251
      1 1253
      1 1255
      1 1256
      1 1257
      1 1258
      1 1260
      1 1261
      1 1265
      1 1273
      1 1275
      1 1280
      1 1281
      1 1282
      1 1287
      1 1290
      1 1291
      1 1295
      1 1299
      2 1303
      1 1304
      1 1306
      1 1309
      3 1310
      2 1311
      1 1314
      3 1315
      1 1316
      2 1318
      1 1323
      1 1324
      2 1325
      2 1327
      1 1333
      1 1335
      1 1340
      3 1341
      1 1342
      1 1344
      1 1349
      1 1351
      1 1354
      2 1355
      2 1356
      1 1361
      1 1363
      1 1365
      1 1366
      1 1367
      3 1371
      1 1373
      1 1377
      3 1380
      3 1384
      2 1388
      3 1390
      2 1391
      1 1393
      1 1394
      2 1396
      2 1397
      1 1398
      3 1400
      1 1404
      2 1409
      1 1410
      3 1411
      1 1413
      1 1414
      1 1415
      1 1416
      1 1418
      1 1419
      2 1420
      1 1422
      2 1423
      1 1428
      1 1430
      1 1431
      1 1434
      2 1435
      1 1436
      2 1437
      1 1439
      2 1440
      3 1444
      1 1446
      1 1447
      1 1449
      1 1451
      2 1454
      1 1455
      1 1456
      1 1457
      1 1458
      1 1459
      1 1460
      2 1461
      3 1468
      2 1470
      1 1474
      2 1475
      1 1477
      1 1480
      1 1481
      1 1482
      1 1483
      1 1484
      1 1486
      2 1488
      1 1490
      1 1493
      1 1494
      1 1498
      2 1504
      1 1507
      1 1508
      2 1509
      1 1511
      2 1512
      1 1516
      1 1520
      1 1526
      1 1527
      1 1528
      1 1530
      1 1531
      1 1532
      1 1537
      1 1539
      2 1542
      1 1546
      1 1547
      1 1562
      2 1567
      1 1583
      1 1591
      1 1598
      1 1631
      1 1813
      1 2189
---AAD-PGBENCH-LAG-US---
