pgbench (18.6 (Debian 18.6-1.pgdg13+2))
starting vacuum...end.
transaction type: <builtin: select only>
scaling factor: 1000
query mode: simple
number of clients: 32
number of threads: 16
maximum number of tries: 1
duration: 60 s
number of transactions actually processed: 5657312
number of failed transactions: 0 (0.000%)
latency average = 0.339 ms
initial connection time = 10.420 ms
tps = 94303.502443 (without initial connection time)
---AAD-PGBENCH-LATENCY-US---
rc=0
samples=113274
      1 238
      3 239
      2 240
      5 241
     10 242
     11 243
     22 244
     21 245
     31 246
     33 247
     44 248
     42 249
     56 250
     52 251
     79 252
    100 253
    124 254
    136 255
    164 256
    179 257
    208 258
    232 259
    242 260
    300 261
    364 262
    375 263
    415 264
    512 265
    542 266
    606 267
    641 268
    696 269
    737 270
    748 271
    767 272
    865 273
    887 274
    926 275
   1038 276
   1036 277
    931 278
    920 279
    878 280
    829 281
    811 282
    842 283
    748 284
    742 285
    726 286
    669 287
    694 288
    689 289
    688 290
    643 291
    633 292
    596 293
    571 294
    559 295
    557 296
    549 297
    574 298
    562 299
    526 300
    541 301
    559 302
    545 303
    569 304
    546 305
    562 306
    522 307
    594 308
    603 309
    572 310
    584 311
    557 312
    599 313
    626 314
    674 315
    686 316
    655 317
    726 318
    747 319
    763 320
    735 321
    846 322
    799 323
    905 324
    863 325
    971 326
   1021 327
   1111 328
   1007 329
   1137 330
   1144 331
   1120 332
   1196 333
   1175 334
   1229 335
   1266 336
   1261 337
   1389 338
   1295 339
   1282 340
   1346 341
   1359 342
   1321 343
   1402 344
   1439 345
   1387 346
   1220 347
   1183 348
   1145 349
   1008 350
    902 351
    858 352
    875 353
    841 354
    752 355
    810 356
    717 357
    704 358
    693 359
    645 360
    590 361
    590 362
    551 363
    547 364
    520 365
    517 366
    484 367
    485 368
    461 369
    449 370
    436 371
    454 372
    492 373
    424 374
    429 375
    388 376
    394 377
    415 378
    394 379
    392 380
    340 381
    368 382
    362 383
    360 384
    370 385
    347 386
    383 387
    368 388
    388 389
    413 390
    392 391
    399 392
    357 393
    382 394
    418 395
    361 396
    378 397
    409 398
    412 399
    410 400
    347 401
    354 402
    353 403
    365 404
    321 405
    313 406
    291 407
    283 408
    275 409
    291 410
    251 411
    235 412
    224 413
    216 414
    218 415
    205 416
    194 417
    186 418
    172 419
    179 420
    165 421
    151 422
    125 423
    160 424
    121 425
    143 426
    126 427
    130 428
    128 429
    112 430
    120 431
     98 432
    103 433
     92 434
     92 435
     95 436
     74 437
     79 438
     84 439
     86 440
     80 441
    100 442
     75 443
     68 444
     73 445
     66 446
     85 447
     71 448
     73 449
     68 450
     60 451
     62 452
     68 453
     76 454
     65 455
     70 456
     66 457
     75 458
     70 459
     67 460
     58 461
     67 462
     67 463
     58 464
     87 465
     71 466
     53 467
     60 468
     61 469
     43 470
     48 471
     59 472
     64 473
     63 474
     39 475
     52 476
     45 477
     50 478
     40 479
     40 480
     38 481
     44 482
     43 483
     51 484
     41 485
     38 486
     52 487
     37 488
     43 489
     31 490
     41 491
     26 492
     31 493
     29 494
     33 495
     30 496
     36 497
     30 498
     29 499
     38 500
     40 501
     28 502
     30 503
     27 504
     24 505
     36 506
     21 507
     29 508
     22 509
     30 510
     24 511
     24 512
     24 513
     23 514
     21 515
     22 516
     22 517
     15 518
     18 519
     20 520
     19 521
     22 522
     22 523
     28 524
     22 525
     24 526
     23 527
     22 528
     25 529
     21 530
     27 531
     23 532
     21 533
     19 534
     12 535
     22 536
     23 537
     24 538
     20 539
     17 540
     17 541
     16 542
     16 543
     17 544
     15 545
     14 546
     18 547
     18 548
     16 549
     16 550
     15 551
     12 552
     22 553
     12 554
     13 555
     15 556
     10 557
     16 558
     15 559
      7 560
      7 561
      7 562
      6 563
     12 564
      9 565
      6 566
     12 567
      9 568
      7 569
      3 570
      3 571
      6 572
     12 573
      7 574
      5 575
      4 576
      4 577
     11 578
     10 579
      3 580
      7 581
      8 582
     10 583
      1 584
      9 585
      8 586
      5 587
      7 588
      5 589
      1 590
      4 591
      4 592
      4 593
      4 594
      3 595
      4 596
      1 597
      1 598
      4 599
      1 600
      1 601
      5 602
      3 603
      5 604
      1 605
      4 606
      2 607
      1 608
      3 609
      5 610
      3 611
      4 612
      3 613
      2 614
      1 615
      2 616
      1 617
      2 619
      1 620
      1 621
      2 622
      1 623
      1 624
      4 625
      1 627
      1 628
      3 629
      4 630
      1 631
      1 632
      1 634
      2 636
      1 638
      2 641
      1 642
      2 643
      1 644
      2 645
      1 647
      2 648
      1 649
      2 650
      1 651
      1 653
      1 654
      2 656
      1 657
      1 661
      1 662
      2 664
      1 666
      2 675
      1 683
      1 688
      2 696
      1 698
      2 704
      1 732
      1 745
      1 754
      1 755
      1 804
      1 843
      1 846
      1 880
      1 1017
      1 1074
      1 1140
      1 1152
      1 1158
      1 1190
      1 1234
      1 1247
      1 1268
      1 1294
      1 1322
      1 1340
      2 1348
      1 1363
      1 1382
      1 1403
      1 1406
      1 1459
      1 1483
      1 1592
---AAD-PGBENCH-LAG-US---
