pgbench (18.6 (Debian 18.6-1.pgdg13+2))
starting vacuum...end.
transaction type: <builtin: select only>
scaling factor: 1000
query mode: simple
number of clients: 8
number of threads: 8
maximum number of tries: 1
duration: 60 s
number of transactions actually processed: 1703003
number of failed transactions: 0 (0.000%)
latency average = 0.282 ms
initial connection time = 4.595 ms
tps = 28385.266696 (without initial connection time)
---AAD-PGBENCH-LATENCY-US---
rc=0
samples=33770
      1 231
      1 232
      1 234
      3 235
      3 236
      2 237
      3 238
      9 239
      7 240
     38 241
     43 242
     44 243
     49 244
     47 245
     53 246
     64 247
     81 248
     86 249
    121 250
    167 251
    182 252
    195 253
    255 254
    294 255
    305 256
    358 257
    375 258
    427 259
    574 260
    792 261
    969 262
   1146 263
   1318 264
   1434 265
   1480 266
   1552 267
   1582 268
   1487 269
   1199 270
   1032 271
   1014 272
    999 273
   1023 274
   1073 275
   1241 276
   1131 277
    901 278
    754 279
    696 280
    509 281
    448 282
    327 283
    316 284
    259 285
    215 286
    178 287
    154 288
    130 289
    119 290
    124 291
     79 292
     77 293
     60 294
     69 295
     41 296
     39 297
     53 298
     37 299
     39 300
     34 301
     40 302
     26 303
     30 304
     24 305
     31 306
     20 307
     22 308
     19 309
     32 310
     19 311
     34 312
     19 313
     25 314
     37 315
     32 316
     26 317
     46 318
     37 319
     45 320
     42 321
     60 322
     67 323
     77 324
     59 325
     78 326
     74 327
     81 328
     90 329
     96 330
     82 331
     69 332
     68 333
     64 334
     64 335
     67 336
     58 337
     49 338
     36 339
     57 340
     41 341
     36 342
     26 343
     41 344
     27 345
     35 346
     24 347
     22 348
     23 349
     12 350
     14 351
     14 352
     13 353
     11 354
      9 355
      4 356
      7 357
      7 358
      3 359
      8 360
      8 361
      5 362
     10 363
      7 364
      9 365
      6 366
      8 367
      5 368
      7 369
      9 370
     10 371
      7 372
      8 373
      7 374
      7 375
      6 376
      4 377
      6 378
     10 379
      8 380
     14 381
      7 382
      8 383
     13 384
     13 385
     10 386
     18 387
     18 388
     28 389
     18 390
     19 391
     14 392
     24 393
     22 394
     10 395
     20 396
     22 397
     25 398
     28 399
     24 400
     23 401
     15 402
     16 403
     16 404
     10 405
      9 406
     13 407
     17 408
      2 409
     11 410
      9 411
      9 412
      5 413
     10 414
     11 415
      5 416
      8 417
      4 418
      8 419
      4 420
      3 421
      6 422
      2 423
      5 424
      3 425
      8 426
      3 427
      3 428
      6 429
      4 430
      4 431
      6 432
      4 433
      8 434
     10 435
      5 436
      6 437
      4 438
      6 439
      6 440
      7 441
      6 442
      6 443
      7 444
     12 445
     12 446
     12 447
     13 448
     15 449
     19 450
     16 451
     15 452
     14 453
     15 454
     17 455
     14 456
     19 457
     22 458
     13 459
     19 460
     21 461
     19 462
     16 463
     16 464
     24 465
     17 466
     12 467
      9 468
     19 469
     16 470
     17 471
     17 472
     11 473
     13 474
      8 475
      6 476
     11 477
     11 478
     11 479
      8 480
      6 481
      2 482
      5 483
      4 484
      8 485
      4 486
      3 487
      4 488
      2 491
      1 492
      1 493
      3 494
      2 495
      2 497
      3 498
      2 499
      4 500
      1 501
      2 502
      7 503
      3 504
      3 505
      2 507
      4 508
      5 509
      5 510
      3 511
      7 512
      2 513
      1 514
      7 515
      1 516
      2 517
      3 518
      5 519
      6 520
      7 521
      3 522
      6 523
      2 524
      5 525
      3 526
      5 527
      3 528
      1 529
      3 530
      3 531
      4 533
      2 534
      6 535
      1 536
      5 537
      2 538
      4 539
      3 540
      1 541
      1 543
      1 546
      1 548
      1 562
      1 564
      1 565
      1 566
      1 582
      1 585
      1 593
      2 602
      1 652
      1 695
      1 761
---AAD-PGBENCH-LAG-US---
