pgbench (18.6 (Debian 18.6-1.pgdg13+2))
starting vacuum...end.
transaction type: <builtin: select only>
scaling factor: 1000
query mode: simple
number of clients: 16
number of threads: 16
maximum number of tries: 1
duration: 60 s
number of transactions actually processed: 3076862
number of failed transactions: 0 (0.000%)
latency average = 0.312 ms
initial connection time = 7.578 ms
tps = 51286.860375 (without initial connection time)
---AAD-PGBENCH-LATENCY-US---
rc=0
samples=61765
      1 231
      1 234
      1 235
      3 237
      5 238
      8 239
      3 240
     12 241
      9 242
     16 243
     25 244
     34 245
     47 246
     54 247
     66 248
     91 249
     88 250
    101 251
    109 252
    128 253
    170 254
    170 255
    224 256
    247 257
    284 258
    302 259
    344 260
    374 261
    465 262
    496 263
    615 264
    652 265
    722 266
    769 267
    771 268
    820 269
    794 270
    874 271
    870 272
    997 273
   1024 274
   1047 275
   1246 276
   1203 277
   1144 278
   1165 279
   1134 280
   1069 281
    994 282
    901 283
    854 284
    869 285
    808 286
    709 287
    673 288
    607 289
    551 290
    546 291
    551 292
    488 293
    504 294
    428 295
    409 296
    433 297
    379 298
    450 299
    353 300
    401 301
    373 302
    369 303
    387 304
    345 305
    354 306
    392 307
    346 308
    338 309
    356 310
    335 311
    327 312
    353 313
    361 314
    358 315
    374 316
    339 317
    346 318
    357 319
    356 320
    360 321
    408 322
    387 323
    387 324
    401 325
    410 326
    432 327
    460 328
    494 329
    507 330
    493 331
    472 332
    487 333
    496 334
    503 335
    544 336
    522 337
    553 338
    484 339
    513 340
    524 341
    487 342
    407 343
    442 344
    426 345
    384 346
    343 347
    318 348
    301 349
    259 350
    240 351
    238 352
    250 353
    197 354
    200 355
    172 356
    168 357
    167 358
    154 359
    146 360
    150 361
    140 362
    132 363
    104 364
    128 365
    111 366
    123 367
    110 368
    118 369
    101 370
     85 371
    109 372
    103 373
     86 374
     96 375
     98 376
     78 377
    101 378
     89 379
     92 380
     77 381
     86 382
     95 383
     72 384
     74 385
     82 386
     80 387
     86 388
     85 389
     99 390
     94 391
     97 392
     84 393
     74 394
     91 395
     80 396
     72 397
     84 398
     99 399
     65 400
     89 401
     70 402
     80 403
     77 404
     85 405
     68 406
     68 407
     56 408
     54 409
     53 410
     51 411
     55 412
     56 413
     39 414
     55 415
     39 416
     43 417
     44 418
     30 419
     39 420
     31 421
     32 422
     48 423
     29 424
     24 425
     27 426
     30 427
     22 428
     18 429
     28 430
     27 431
     27 432
     30 433
     19 434
     21 435
     34 436
     31 437
     20 438
     17 439
     23 440
     23 441
     16 442
     20 443
     12 444
     19 445
     12 446
     18 447
     40 448
     23 449
     22 450
     17 451
     16 452
     13 453
     25 454
     17 455
     19 456
     27 457
     14 458
     20 459
     19 460
     20 461
     27 462
     14 463
     17 464
     18 465
     17 466
     18 467
     19 468
     26 469
     13 470
     21 471
     15 472
     12 473
     19 474
     20 475
     17 476
     16 477
     20 478
     15 479
     18 480
     16 481
     23 482
     10 483
     14 484
     15 485
     12 486
     14 487
     19 488
     12 489
     12 490
     12 491
      9 492
     17 493
     14 494
     10 495
      6 496
      9 497
      9 498
     11 499
     10 500
     14 501
     10 502
      4 503
     12 504
     11 505
     12 506
     10 507
     13 508
     17 509
     12 510
      6 511
     12 512
     10 513
      7 514
      6 515
      6 516
     11 517
     12 518
     19 519
      9 520
     16 521
     12 522
     10 523
     18 524
      6 525
     10 526
      8 527
      6 528
      6 529
     10 530
     11 531
      7 532
      9 533
      3 534
      6 535
      8 536
     11 537
      5 538
      9 539
      8 540
      6 541
      6 542
      6 543
      6 544
      5 545
      8 546
      9 547
      6 548
      3 549
      6 550
      3 551
      8 552
      5 553
      3 554
      5 555
      5 556
      3 557
      3 558
      2 559
      6 560
      5 561
      3 562
      3 563
      4 564
      2 565
      1 566
      2 567
      1 568
      1 569
      2 570
      2 571
      3 572
      4 573
      2 574
      1 575
      3 576
      1 577
      4 578
      2 579
      2 580
      3 581
      1 582
      2 583
      2 584
      2 586
      2 587
      3 588
      1 589
      2 590
      2 591
      2 592
      1 593
      3 594
      1 595
      2 596
      1 597
      2 598
      2 599
      3 601
      3 602
      1 603
      1 604
      1 605
      1 606
      2 608
      1 609
      1 610
      2 613
      1 614
      2 615
      1 616
      1 617
      1 622
      1 627
      2 630
      1 631
      2 634
      1 637
      2 639
      1 640
      1 641
      1 643
      1 644
      1 646
      3 654
      2 655
      1 657
      1 658
      1 660
      2 665
      1 666
      1 670
      1 679
      1 683
      1 684
      1 692
      2 712
      1 725
      1 750
---AAD-PGBENCH-LAG-US---
