pgbench (18.6 (Debian 18.6-1.pgdg13+2))
starting vacuum...end.
transaction type: <builtin: select only>
scaling factor: 1000
query mode: simple
number of clients: 64
number of threads: 16
maximum number of tries: 1
duration: 60 s
number of transactions actually processed: 10145768
number of failed transactions: 0 (0.000%)
latency average = 0.378 ms
initial connection time = 116.142 ms
tps = 169421.829859 (without initial connection time)
---AAD-PGBENCH-LATENCY-US---
rc=0
samples=202350
      1 237
      3 244
      4 245
      5 246
      3 247
     13 248
      9 249
     14 250
     15 251
     16 252
     26 253
     29 254
     36 255
     55 256
     45 257
     56 258
     69 259
     78 260
     90 261
     85 262
    101 263
    118 264
    157 265
    174 266
    168 267
    186 268
    237 269
    253 270
    254 271
    285 272
    327 273
    352 274
    353 275
    394 276
    424 277
    391 278
    396 279
    436 280
    432 281
    407 282
    406 283
    410 284
    394 285
    424 286
    379 287
    426 288
    392 289
    407 290
    374 291
    398 292
    386 293
    392 294
    373 295
    343 296
    408 297
    360 298
    413 299
    382 300
    387 301
    420 302
    408 303
    389 304
    405 305
    424 306
    401 307
    458 308
    473 309
    480 310
    462 311
    486 312
    502 313
    525 314
    540 315
    562 316
    609 317
    575 318
    672 319
    596 320
    644 321
    708 322
    747 323
    724 324
    841 325
    912 326
    907 327
    942 328
   1015 329
   1146 330
   1273 331
   1314 332
   1420 333
   1547 334
   1553 335
   1661 336
   1868 337
   1864 338
   1902 339
   2228 340
   2250 341
   2397 342
   2556 343
   2496 344
   2766 345
   2752 346
   2600 347
   2461 348
   2340 349
   2344 350
   2204 351
   2087 352
   2064 353
   1967 354
   1855 355
   1824 356
   1770 357
   1643 358
   1535 359
   1553 360
   1591 361
   1455 362
   1425 363
   1317 364
   1323 365
   1270 366
   1312 367
   1246 368
   1195 369
   1159 370
   1164 371
   1230 372
   1157 373
   1061 374
   1155 375
   1072 376
   1027 377
   1030 378
   1063 379
   1035 380
    982 381
    979 382
    956 383
   1033 384
   1007 385
   1028 386
   1015 387
   1047 388
    964 389
    992 390
   1027 391
   1035 392
   1028 393
   1030 394
   1106 395
   1070 396
   1134 397
   1157 398
   1302 399
   1198 400
   1277 401
   1220 402
   1408 403
   1411 404
   1466 405
   1545 406
   1480 407
   1500 408
   1603 409
   1633 410
   1662 411
   1663 412
   1686 413
   1779 414
   1672 415
   1603 416
   1516 417
   1446 418
   1400 419
   1282 420
   1204 421
   1256 422
   1147 423
   1075 424
   1021 425
    979 426
    905 427
    859 428
    841 429
    837 430
    742 431
    719 432
    665 433
    662 434
    629 435
    609 436
    548 437
    549 438
    513 439
    520 440
    436 441
    489 442
    437 443
    428 444
    445 445
    419 446
    386 447
    371 448
    339 449
    338 450
    345 451
    320 452
    297 453
    328 454
    290 455
    277 456
    318 457
    320 458
    257 459
    280 460
    258 461
    252 462
    257 463
    274 464
    263 465
    231 466
    229 467
    249 468
    278 469
    255 470
    236 471
    276 472
    227 473
    241 474
    220 475
    203 476
    229 477
    241 478
    213 479
    204 480
    187 481
    206 482
    212 483
    223 484
    190 485
    179 486
    171 487
    156 488
    138 489
    167 490
    127 491
    137 492
    141 493
    109 494
    114 495
    102 496
     86 497
     91 498
     82 499
     93 500
     72 501
     81 502
     87 503
     71 504
     84 505
     78 506
     66 507
     65 508
     72 509
     64 510
     73 511
     54 512
     50 513
     62 514
     47 515
     41 516
     47 517
     46 518
     49 519
     45 520
     39 521
     40 522
     39 523
     52 524
     51 525
     29 526
     32 527
     40 528
     40 529
     58 530
     39 531
     35 532
     24 533
     31 534
     31 535
     35 536
     22 537
     31 538
     25 539
     26 540
     27 541
     17 542
     24 543
     23 544
     25 545
     27 546
     22 547
     24 548
     33 549
     23 550
     18 551
     28 552
     25 553
     27 554
     18 555
     22 556
     24 557
     22 558
     16 559
     17 560
     19 561
     15 562
     15 563
     29 564
     19 565
     14 566
     10 567
     15 568
     16 569
      7 570
      9 571
      8 572
     14 573
      9 574
      7 575
     13 576
      9 577
     11 578
      6 579
     14 580
     13 581
      8 582
      7 583
      7 584
     16 585
      5 586
      8 587
      9 588
     11 589
      6 590
      4 591
      5 592
      6 593
      8 594
      5 595
      8 596
      8 597
      4 598
      5 599
      1 600
      3 601
      6 602
      7 603
      7 604
      4 605
      7 606
      7 607
      5 608
      6 609
      4 610
      3 611
     10 612
      4 613
      2 614
      3 615
      3 616
      2 617
      5 618
      4 619
      1 620
      2 621
      2 622
      2 623
      4 624
      2 625
      2 626
      4 627
      4 628
      3 629
      2 630
      5 631
      3 632
      3 633
      1 634
      3 635
      1 636
      4 637
      3 638
      2 641
      4 642
      1 643
      3 644
      1 645
      1 647
      2 648
      1 649
      4 651
      1 652
      3 653
      2 654
      2 656
      1 658
      1 659
      1 660
      2 661
      1 662
      2 663
      4 664
      1 665
      1 667
      1 668
      2 669
      3 670
      1 671
      1 672
      1 674
      1 676
      3 677
      1 678
      1 680
      3 681
      1 683
      1 684
      1 685
      1 688
      1 689
      1 691
      3 697
      2 700
      1 701
      1 702
      2 704
      2 705
      1 706
      1 708
      1 713
      1 714
      1 715
      1 719
      1 721
      1 723
      1 725
      1 734
      1 735
      1 736
      1 742
      1 743
      2 745
      2 746
      2 750
      1 751
      1 755
      1 758
      2 761
      2 762
      2 763
      1 767
      3 769
      1 771
      1 773
      1 774
      1 776
      1 786
      1 788
      1 790
      1 794
      1 799
      1 803
      1 811
      1 814
      1 815
      1 816
      1 817
      1 818
      2 820
      2 821
      1 825
      1 826
      3 828
      1 835
      1 837
      1 839
      1 844
      2 845
      1 847
      1 849
      1 853
      1 854
      1 855
      1 861
      1 864
      2 869
      1 876
      1 877
      1 878
      1 882
      1 890
      1 897
      2 899
      2 903
      1 904
      2 905
      1 908
      1 909
      1 912
      1 914
      1 921
      1 923
      1 924
      3 925
      1 929
      1 932
      3 933
      1 935
      1 938
      1 941
      1 947
      3 949
      2 952
      1 954
      1 955
      1 957
      1 958
      1 959
      1 960
      1 961
      1 963
      1 965
      2 967
      1 972
      2 974
      1 977
      2 978
      3 981
      1 982
      1 983
      1 984
      3 988
      1 991
      2 993
      1 997
      1 998
      1 1001
      2 1002
      1 1010
      2 1011
      2 1012
      1 1014
      2 1017
      1 1020
      1 1025
      1 1030
      1 1032
      1 1034
      1 1036
      1 1039
      1 1040
      1 1041
      2 1043
      2 1045
      2 1046
      2 1049
      2 1051
      1 1052
      1 1057
      1 1059
      1 1062
      1 1063
      2 1065
      1 1068
      1 1070
      1 1073
      1 1075
      1 1077
      1 1078
      1 1082
      1 1086
      2 1089
      1 1093
      1 1095
      2 1097
      1 1101
      1 1103
      1 1104
      3 1110
      1 1111
      1 1112
      1 1113
      1 1115
      1 1120
      1 1123
      1 1126
      1 1127
      1 1130
      1 1142
      1 1145
      1 1146
      1 1147
      1 1150
      1 1151
      1 1152
      2 1153
      1 1156
      1 1157
      1 1161
      2 1163
      1 1164
      2 1165
      1 1166
      2 1168
      1 1171
      2 1172
      2 1176
      2 1177
      1 1181
      1 1185
      1 1186
      1 1187
      1 1193
      1 1197
      2 1198
      1 1199
      1 1201
      2 1202
      1 1207
      1 1208
      3 1210
      1 1215
      1 1217
      1 1218
      1 1220
      3 1221
      1 1222
      1 1231
      1 1232
      1 1233
      1 1235
      1 1236
      1 1237
      1 1245
      1 1246
      1 1247
      1 1251
      1 1252
      1 1253
      1 1258
      1 1261
      1 1266
      2 1267
      1 1268
      1 1270
      1 1273
      1 1274
      1 1277
      1 1279
      1 1281
      1 1285
      1 1294
      2 1295
      2 1297
      1 1298
      1 1299
      1 1300
      1 1301
      1 1303
      2 1305
      1 1306
      1 1308
      2 1309
      4 1310
      1 1312
      2 1318
      1 1319
      1 1324
      1 1326
      2 1327
      1 1328
      1 1330
      1 1331
      1 1339
      1 1342
      1 1352
      2 1353
      1 1356
      1 1357
      1 1358
      1 1360
      2 1366
      1 1367
      1 1369
      2 1371
      1 1373
      1 1375
      1 1376
      1 1377
      1 1378
      2 1381
      1 1382
      1 1383
      2 1384
      3 1386
      1 1388
      2 1390
      1 1392
      2 1399
      1 1401
      1 1402
      1 1404
      3 1405
      2 1406
      1 1407
      1 1409
      1 1410
      1 1412
      3 1413
      1 1414
      1 1415
      2 1419
      4 1420
      1 1421
      2 1422
      2 1424
      1 1425
      1 1427
      3 1428
      1 1429
      3 1434
      1 1435
      2 1436
      1 1437
      1 1438
      1 1440
      3 1441
      1 1442
      2 1443
      1 1445
      1 1446
      2 1447
      2 1449
      1 1450
      1 1451
      1 1452
      1 1454
      1 1455
      1 1456
      1 1457
      1 1458
      1 1459
      1 1461
      3 1462
      2 1463
      1 1466
      1 1467
      3 1468
      2 1471
      1 1472
      1 1473
      2 1474
      1 1475
      1 1476
      3 1478
      1 1485
      3 1488
      1 1489
      1 1490
      1 1491
      1 1492
      1 1495
      1 1496
      1 1500
      4 1502
      2 1504
      1 1505
      1 1506
      1 1507
      2 1510
      1 1513
      1 1515
      1 1517
      2 1518
      1 1519
      1 1522
      1 1524
      1 1526
      3 1528
      1 1534
      2 1537
      1 1539
      1 1543
      2 1544
      1 1546
      1 1550
      1 1551
      1 1553
      1 1554
      1 1559
      1 1569
      1 1572
      1 1575
      1 1578
      1 1596
      1 1616
      1 1621
      1 1628
      1 1652
      1 1701
      1 1858
      1 2257
      1 2362
      1 3001
      1 18309
      1 23573
---AAD-PGBENCH-LAG-US---
