pgbench (18.6 (Debian 18.6-1.pgdg13+2))
starting vacuum...end.
transaction type: <builtin: select only>
scaling factor: 1000
query mode: simple
number of clients: 8
number of threads: 8
maximum number of tries: 1
duration: 60 s
number of transactions actually processed: 1733131
number of failed transactions: 0 (0.000%)
latency average = 0.277 ms
initial connection time = 5.347 ms
tps = 28887.811803 (without initial connection time)
---AAD-PGBENCH-LATENCY-US---
rc=0
samples=34586
      1 234
      1 236
      2 238
      2 239
      3 240
      4 241
      5 242
     15 243
     22 244
     35 245
     33 246
     33 247
     47 248
     62 249
     80 250
    108 251
    145 252
    222 253
    309 254
    348 255
    399 256
    500 257
    473 258
    533 259
    636 260
    939 261
   1122 262
   1359 263
   1552 264
   1706 265
   1472 266
   1433 267
   1640 268
   1666 269
   1237 270
   1032 271
   1205 272
   1234 273
   1160 274
   1328 275
   1489 276
   1170 277
    860 278
    671 279
    626 280
    460 281
    384 282
    347 283
    272 284
    216 285
    224 286
    199 287
    145 288
    143 289
    109 290
    111 291
    108 292
     68 293
     66 294
     63 295
     57 296
     38 297
     43 298
     55 299
     43 300
     33 301
     39 302
     42 303
     32 304
     23 305
     37 306
     37 307
     37 308
     27 309
     37 310
     37 311
     29 312
     24 313
     49 314
     42 315
     41 316
     35 317
     45 318
     62 319
     42 320
     41 321
     48 322
     55 323
     68 324
     50 325
     59 326
     48 327
     40 328
     68 329
     46 330
     45 331
     31 332
     32 333
     22 334
     32 335
     18 336
     24 337
     22 338
     13 339
     17 340
     29 341
     16 342
     14 343
     11 344
     22 345
     16 346
     15 347
      8 348
      4 349
      4 350
      8 351
      5 352
      5 353
      2 354
      9 355
      5 356
      8 357
      6 358
      4 359
      5 360
      4 361
      6 362
      9 363
      5 364
      6 365
      4 366
      5 367
      4 368
      3 369
      6 370
      7 371
     13 372
     11 373
      2 374
      6 375
      5 376
      3 377
      7 378
      8 379
      3 380
      7 381
      6 382
      9 383
     11 384
      5 385
      8 386
     10 387
      6 388
     12 389
     11 390
     13 391
     13 392
      9 393
     14 394
      5 395
      8 396
      7 397
      9 398
      5 399
      9 400
      9 401
      7 402
      7 403
      8 404
      3 405
      8 406
      5 407
      2 408
      5 409
      3 410
      5 411
      7 412
      2 413
      5 414
      3 415
      6 416
      3 417
      2 418
      2 419
      5 420
      2 421
      3 422
      2 423
      3 425
      4 426
      1 427
      4 428
      2 429
      6 430
      4 431
      1 432
      3 433
      1 434
      3 435
      3 438
      3 439
      3 440
      1 441
      3 442
      4 443
      2 444
      7 445
      4 446
      7 447
      6 448
      8 449
      4 450
      2 451
      6 452
      3 453
      2 454
      4 455
      1 456
      5 457
      1 458
      6 459
      4 460
      5 461
      7 462
      2 463
      6 464
      3 465
      6 466
      3 467
      2 468
      7 469
      5 470
      5 473
      4 474
      4 475
      3 476
      1 477
      2 478
      2 479
      2 480
      5 481
      2 482
      3 483
      3 484
      3 485
      3 486
      1 487
      5 488
      1 489
      2 490
      1 491
      1 492
      3 494
      1 495
      2 496
      3 497
      2 498
      1 499
      1 500
      2 502
      3 504
      4 505
      5 506
      4 507
      4 508
      4 509
      1 510
     10 511
      5 512
      3 513
      4 514
      3 515
      3 516
      3 517
      6 518
      6 519
      2 520
      5 521
      7 522
      7 523
      5 524
      4 525
      4 526
      2 527
      1 528
      3 529
      5 530
      4 532
      3 533
      1 535
      2 536
      3 537
      1 538
      4 539
      1 540
      1 541
      1 542
      1 543
      1 545
      1 547
      2 548
      1 549
      3 550
      2 552
      1 553
      1 554
      1 556
      1 558
      1 562
      1 565
      1 569
      1 571
      2 580
      1 595
      1 648
      1 787
---AAD-PGBENCH-LAG-US---
