pgbench (18.6 (Debian 18.6-1.pgdg13+2))
starting vacuum...end.
transaction type: <builtin: select only>
scaling factor: 1000
query mode: simple
number of clients: 128
number of threads: 16
maximum number of tries: 1
duration: 60 s
number of transactions actually processed: 14867583
number of failed transactions: 0 (0.000%)
latency average = 0.514 ms
initial connection time = 269.810 ms
tps = 248907.775174 (without initial connection time)
---AAD-PGBENCH-LATENCY-US---
rc=0
samples=296871
      1 243
      1 244
      1 248
      1 249
      1 250
      3 251
      1 252
      3 253
      2 254
      4 255
      2 256
      3 257
      9 258
      7 259
      5 260
     13 261
     15 262
      9 263
     15 264
     13 265
     15 266
     15 267
     25 268
     21 269
     18 270
     30 271
     31 272
     23 273
     31 274
     41 275
     46 276
     43 277
     51 278
     40 279
     40 280
     53 281
     41 282
     30 283
     48 284
     48 285
     40 286
     38 287
     47 288
     48 289
     36 290
     39 291
     43 292
     56 293
     43 294
     43 295
     57 296
     52 297
     48 298
     45 299
     41 300
     46 301
     49 302
     40 303
     51 304
     52 305
     57 306
     59 307
     55 308
     69 309
     56 310
     61 311
     68 312
     85 313
     63 314
     67 315
     78 316
     79 317
    109 318
    111 319
    110 320
    122 321
    131 322
    142 323
    174 324
    171 325
    198 326
    197 327
    221 328
    281 329
    300 330
    270 331
    349 332
    335 333
    434 334
    409 335
    488 336
    511 337
    549 338
    605 339
    630 340
    624 341
    699 342
    679 343
    720 344
    830 345
    784 346
    778 347
    788 348
    717 349
    753 350
    725 351
    681 352
    707 353
    704 354
    620 355
    614 356
    598 357
    595 358
    591 359
    554 360
    511 361
    546 362
    473 363
    481 364
    464 365
    416 366
    460 367
    412 368
    420 369
    406 370
    404 371
    425 372
    406 373
    380 374
    392 375
    415 376
    414 377
    416 378
    433 379
    410 380
    454 381
    477 382
    491 383
    482 384
    487 385
    558 386
    539 387
    605 388
    668 389
    661 390
    662 391
    757 392
    797 393
    858 394
    950 395
    996 396
   1080 397
   1164 398
   1319 399
   1348 400
   1396 401
   1619 402
   1713 403
   1854 404
   1948 405
   2089 406
   2280 407
   2415 408
   2458 409
   2668 410
   2766 411
   2880 412
   2980 413
   2910 414
   3013 415
   2996 416
   2808 417
   2769 418
   2632 419
   2599 420
   2480 421
   2306 422
   2182 423
   2108 424
   2050 425
   1969 426
   1784 427
   1681 428
   1521 429
   1462 430
   1420 431
   1286 432
   1230 433
   1110 434
   1081 435
    971 436
    898 437
    951 438
    941 439
    816 440
    834 441
    759 442
    797 443
    778 444
    716 445
    718 446
    694 447
    694 448
    692 449
    655 450
    588 451
    621 452
    627 453
    615 454
    603 455
    664 456
    673 457
    711 458
    713 459
    731 460
    748 461
    782 462
    815 463
    900 464
    942 465
    914 466
    959 467
   1006 468
   1088 469
   1160 470
   1197 471
   1241 472
   1302 473
   1386 474
   1461 475
   1480 476
   1453 477
   1533 478
   1670 479
   1648 480
   1677 481
   1736 482
   1685 483
   1595 484
   1673 485
   1617 486
   1424 487
   1407 488
   1340 489
   1302 490
   1223 491
   1146 492
   1133 493
   1069 494
    974 495
    945 496
    859 497
    787 498
    744 499
    691 500
    649 501
    586 502
    579 503
    577 504
    578 505
    485 506
    502 507
    437 508
    430 509
    394 510
    357 511
    350 512
    341 513
    344 514
    322 515
    321 516
    322 517
    320 518
    281 519
    277 520
    268 521
    322 522
    259 523
    266 524
    275 525
    324 526
    323 527
    341 528
    339 529
    334 530
    353 531
    357 532
    368 533
    379 534
    415 535
    437 536
    436 537
    421 538
    491 539
    527 540
    562 541
    617 542
    592 543
    647 544
    610 545
    661 546
    691 547
    700 548
    775 549
    750 550
    795 551
    794 552
    768 553
    806 554
    708 555
    710 556
    708 557
    650 558
    634 559
    622 560
    580 561
    584 562
    534 563
    522 564
    482 565
    481 566
    427 567
    428 568
    400 569
    346 570
    361 571
    306 572
    336 573
    303 574
    297 575
    294 576
    259 577
    258 578
    260 579
    220 580
    239 581
    253 582
    245 583
    222 584
    233 585
    225 586
    229 587
    239 588
    191 589
    226 590
    210 591
    190 592
    222 593
    230 594
    205 595
    230 596
    228 597
    277 598
    258 599
    291 600
    295 601
    282 602
    309 603
    315 604
    339 605
    348 606
    370 607
    383 608
    397 609
    431 610
    418 611
    480 612
    475 613
    525 614
    566 615
    524 616
    549 617
    602 618
    573 619
    575 620
    613 621
    610 622
    587 623
    619 624
    622 625
    553 626
    554 627
    550 628
    522 629
    496 630
    456 631
    451 632
    426 633
    376 634
    372 635
    365 636
    354 637
    333 638
    301 639
    308 640
    310 641
    288 642
    267 643
    242 644
    237 645
    255 646
    205 647
    218 648
    213 649
    181 650
    207 651
    190 652
    176 653
    192 654
    178 655
    180 656
    168 657
    183 658
    165 659
    173 660
    180 661
    167 662
    180 663
    179 664
    191 665
    183 666
    165 667
    188 668
    193 669
    238 670
    225 671
    236 672
    234 673
    274 674
    263 675
    298 676
    320 677
    316 678
    327 679
    340 680
    334 681
    349 682
    420 683
    408 684
    435 685
    414 686
    405 687
    399 688
    449 689
    466 690
    434 691
    451 692
    400 693
    406 694
    386 695
    391 696
    382 697
    377 698
    337 699
    343 700
    351 701
    324 702
    291 703
    255 704
    255 705
    284 706
    246 707
    232 708
    196 709
    244 710
    189 711
    171 712
    157 713
    165 714
    149 715
    153 716
    143 717
    151 718
    125 719
    129 720
    138 721
    135 722
    138 723
    114 724
    131 725
    127 726
    121 727
    117 728
    123 729
    129 730
    108 731
    110 732
    114 733
    124 734
    116 735
    130 736
    137 737
    125 738
    123 739
    135 740
    156 741
    159 742
    178 743
    197 744
    191 745
    170 746
    211 747
    200 748
    201 749
    211 750
    203 751
    249 752
    252 753
    286 754
    245 755
    274 756
    261 757
    251 758
    242 759
    272 760
    274 761
    242 762
    269 763
    254 764
    282 765
    236 766
    245 767
    230 768
    238 769
    197 770
    194 771
    176 772
    172 773
    168 774
    189 775
    140 776
    134 777
    135 778
    122 779
    124 780
    109 781
    105 782
     94 783
    104 784
     94 785
     87 786
     87 787
     90 788
     82 789
     76 790
     95 791
     74 792
     64 793
     91 794
     81 795
     66 796
     78 797
     64 798
     64 799
     72 800
     61 801
     61 802
     70 803
     62 804
     71 805
     84 806
     73 807
     80 808
     84 809
     72 810
     90 811
     88 812
     96 813
     88 814
     85 815
    110 816
    116 817
    116 818
    120 819
    130 820
    121 821
    125 822
    135 823
    137 824
    135 825
    161 826
    135 827
    147 828
    138 829
    154 830
    145 831
    150 832
    149 833
    129 834
    124 835
    143 836
    117 837
    119 838
     93 839
     97 840
     80 841
     98 842
     79 843
     84 844
     66 845
     74 846
     67 847
     72 848
     63 849
     42 850
     60 851
     62 852
     51 853
     45 854
     47 855
     51 856
     45 857
     53 858
     42 859
     39 860
     35 861
     47 862
     41 863
     40 864
     50 865
     36 866
     25 867
     42 868
     32 869
     34 870
     42 871
     39 872
     35 873
     36 874
     43 875
     31 876
     30 877
     37 878
     44 879
     56 880
     55 881
     43 882
     44 883
     56 884
     53 885
     68 886
     44 887
     67 888
     63 889
     77 890
     67 891
     63 892
     72 893
     79 894
     78 895
     67 896
     77 897
     69 898
     72 899
     89 900
     75 901
     65 902
     70 903
     61 904
     65 905
     63 906
     47 907
     61 908
     49 909
     45 910
     44 911
     42 912
     38 913
     39 914
     41 915
     44 916
     22 917
     36 918
     31 919
     23 920
     33 921
     17 922
     20 923
     28 924
     26 925
     37 926
     21 927
     19 928
     24 929
     18 930
     15 931
     30 932
     20 933
     25 934
     24 935
     16 936
     19 937
     11 938
     20 939
     24 940
     19 941
     20 942
     22 943
     25 944
     24 945
     17 946
     22 947
     20 948
     21 949
     24 950
     25 951
     24 952
     22 953
     27 954
     29 955
     23 956
     33 957
     36 958
     33 959
     44 960
     40 961
     29 962
     34 963
     34 964
     37 965
     38 966
     34 967
     37 968
     32 969
     30 970
     29 971
     34 972
     36 973
     34 974
     30 975
     25 976
     20 977
     28 978
     23 979
     28 980
     32 981
     20 982
     21 983
     14 984
     20 985
     17 986
     14 987
     20 988
     18 989
     15 990
     19 991
      6 992
      8 993
     12 994
     13 995
     11 996
     16 997
      7 998
      9 999
      9 1000
     10 1001
     12 1002
      9 1003
      8 1004
     18 1005
     13 1006
      8 1007
      8 1008
      6 1009
     11 1010
      9 1011
     13 1012
     10 1013
      6 1014
     13 1015
     11 1016
     15 1017
     13 1018
     13 1019
     14 1020
     13 1021
     14 1022
     15 1023
     16 1024
     22 1025
     12 1026
     19 1027
     17 1028
     14 1029
     18 1030
     16 1031
     20 1032
     19 1033
     20 1034
     15 1035
     17 1036
     22 1037
     21 1038
     20 1039
     12 1040
     21 1041
     15 1042
     17 1043
     10 1044
     17 1045
     20 1046
     13 1047
     15 1048
     11 1049
     10 1050
     11 1051
     17 1052
     12 1053
     11 1054
     12 1055
      4 1056
      9 1057
      6 1058
     11 1059
      7 1060
     11 1061
     10 1062
      7 1063
      8 1064
     12 1065
      6 1066
      6 1067
      7 1068
      8 1069
      9 1070
      5 1071
      3 1072
      8 1073
      8 1074
      2 1075
      8 1076
      5 1077
      6 1078
      4 1079
      2 1080
     11 1081
     13 1082
      5 1083
      9 1084
      4 1085
     10 1086
      5 1087
      6 1088
      4 1089
      5 1090
      6 1091
     11 1092
     10 1093
      9 1094
     13 1095
     15 1096
     11 1097
     10 1098
     11 1099
     10 1100
     14 1101
     16 1102
     10 1103
     14 1104
     16 1105
      9 1106
     10 1107
     14 1108
     10 1109
     10 1110
      8 1111
      7 1112
     15 1113
      8 1114
      9 1115
      6 1116
      8 1117
      7 1118
      8 1119
      5 1120
      6 1121
      9 1122
      8 1123
      6 1124
      8 1125
      7 1126
      7 1127
      3 1128
      6 1129
      6 1130
      7 1131
      3 1132
      3 1133
      3 1134
      6 1135
      5 1136
      6 1137
      4 1138
      1 1139
      7 1140
      5 1141
      2 1142
      1 1143
      2 1144
      2 1145
      7 1146
      5 1147
      1 1148
      3 1149
      5 1151
      4 1152
      4 1153
      5 1154
      3 1155
      4 1156
      6 1157
      9 1158
      1 1159
      9 1160
      3 1161
      2 1162
      4 1163
      8 1164
      7 1165
      3 1166
      7 1167
      9 1168
     10 1169
     11 1170
      5 1171
     11 1172
     13 1173
      8 1174
      4 1175
     14 1176
     12 1177
      9 1178
      5 1179
      9 1180
      6 1181
      8 1182
      3 1183
      2 1184
      7 1185
      4 1186
     13 1187
      3 1188
      9 1189
      6 1190
      7 1191
      5 1192
      3 1193
      9 1194
      6 1195
      4 1196
      5 1197
      5 1198
      4 1199
      1 1200
      4 1201
      5 1202
      4 1203
      4 1204
      2 1205
      6 1206
      2 1207
      3 1208
      2 1209
      8 1211
      6 1212
      2 1213
      5 1216
      4 1217
      5 1218
      2 1219
      4 1220
      6 1221
      5 1222
      3 1226
      3 1227
      6 1228
      8 1229
      1 1230
      2 1231
      5 1232
      7 1233
      3 1234
      2 1235
      4 1236
      4 1237
      5 1238
      4 1239
      9 1240
      6 1241
      5 1242
      5 1243
      9 1244
      6 1245
      4 1246
      6 1247
      7 1248
     10 1249
      4 1250
      5 1251
      7 1252
     10 1253
      5 1254
      2 1255
      6 1256
      3 1257
      4 1258
      5 1259
      6 1260
      4 1261
      2 1262
      2 1264
      3 1265
      3 1266
      2 1267
      4 1268
      2 1269
      6 1270
      3 1272
      4 1273
      6 1274
      1 1275
      1 1276
      2 1277
      3 1279
      1 1280
      3 1281
      3 1282
      2 1283
      3 1284
      1 1285
      3 1286
      4 1287
      4 1288
      3 1289
      3 1290
      3 1291
      3 1292
      1 1293
      5 1294
      3 1295
      2 1296
      2 1297
      1 1298
      3 1299
      2 1300
      1 1301
      3 1302
      5 1303
      3 1304
      3 1305
      2 1306
      8 1307
      3 1308
      4 1309
      4 1310
      3 1311
      6 1312
      5 1313
      4 1314
      4 1315
      3 1316
      3 1317
      5 1318
      2 1319
      8 1320
      5 1321
      4 1322
      6 1323
      3 1324
      5 1325
      4 1326
      4 1327
      2 1328
      2 1329
      5 1330
      3 1331
      1 1332
      1 1333
      1 1334
      5 1335
      4 1336
      3 1337
      1 1338
      1 1339
      6 1340
      6 1341
      4 1342
      2 1343
      5 1344
      2 1345
      2 1346
      4 1347
      1 1348
      1 1349
      2 1350
      2 1351
      2 1352
      3 1353
      2 1354
      2 1355
      5 1356
      1 1358
      2 1359
      2 1361
      5 1362
      5 1363
      5 1364
      1 1365
      1 1367
      2 1368
      2 1369
      1 1370
      7 1371
      2 1373
      2 1374
      3 1375
      5 1376
      3 1377
      2 1378
      4 1379
      5 1380
      2 1381
      6 1382
      4 1383
      8 1384
      2 1385
      3 1386
      4 1387
      5 1388
      3 1389
      5 1390
      5 1391
      4 1392
      6 1393
      3 1394
      2 1395
      2 1396
      4 1397
      1 1398
      3 1399
      2 1400
      4 1401
      1 1402
      4 1403
      2 1404
      5 1405
      2 1407
      1 1408
      3 1409
      3 1410
      2 1411
      4 1412
      1 1413
      2 1414
      1 1415
      2 1416
      2 1417
      3 1418
      3 1419
      8 1422
      5 1423
      2 1424
      3 1425
      1 1426
      2 1427
      9 1428
      1 1429
      2 1430
      1 1431
      4 1433
      2 1434
      2 1435
      1 1436
      5 1437
      7 1438
      9 1439
      4 1440
      1 1441
      4 1442
      6 1443
      4 1444
      6 1445
      2 1446
      4 1447
      2 1448
      3 1449
      1 1450
      4 1451
      2 1452
      6 1453
      2 1454
      2 1456
      5 1457
      2 1458
      6 1459
      3 1460
      3 1461
      2 1462
      1 1463
      2 1464
      1 1465
      3 1466
      3 1467
      4 1468
      1 1469
      4 1470
      2 1471
      3 1472
      4 1473
      1 1474
      3 1475
      2 1476
      4 1477
      5 1478
      2 1479
      1 1480
      1 1481
      5 1482
      2 1483
      1 1485
      1 1486
      4 1487
      1 1488
      3 1489
      3 1490
      1 1491
      1 1492
      1 1493
      6 1494
      2 1496
      4 1498
      1 1499
      1 1500
      1 1501
      1 1502
      1 1503
      4 1504
      2 1505
      3 1506
      2 1507
      1 1508
      3 1509
      4 1510
      2 1511
      5 1512
      1 1513
      3 1514
      2 1515
      4 1516
      1 1518
      1 1519
      3 1520
      2 1521
      1 1522
      3 1523
      9 1524
      4 1525
      4 1526
      5 1527
      3 1528
      6 1530
      2 1531
      2 1532
      5 1533
      1 1534
      1 1535
      3 1536
      4 1537
      4 1538
      3 1540
      1 1541
      4 1542
      1 1543
      1 1544
      4 1545
      3 1546
      2 1547
      1 1548
      1 1549
      1 1550
      3 1551
      2 1552
      2 1553
      1 1554
      2 1555
      2 1556
      1 1558
      4 1559
      1 1560
      1 1561
      1 1562
      3 1563
      5 1565
      1 1567
      2 1568
      2 1569
      6 1570
      3 1571
      5 1572
      1 1573
      3 1574
      1 1575
      6 1576
      2 1577
      6 1578
      4 1579
      5 1580
      1 1581
      1 1582
      2 1583
      3 1584
      5 1585
      3 1586
      5 1587
      5 1588
      1 1589
      3 1590
      3 1591
      4 1593
      3 1594
      2 1595
      5 1596
      3 1597
      5 1598
      5 1599
      2 1600
      4 1601
      4 1602
      3 1603
      4 1604
      1 1605
      1 1606
      1 1607
      4 1608
      6 1609
      1 1610
      3 1611
      2 1612
      1 1613
      2 1614
      1 1615
      2 1616
      3 1617
      2 1620
      1 1621
      4 1622
      2 1623
      5 1625
      3 1626
      1 1627
      3 1628
      3 1630
      1 1631
      1 1632
      1 1633
      2 1634
      3 1635
      2 1636
      1 1637
      1 1639
      5 1640
      1 1641
      2 1642
      3 1643
      3 1644
      4 1645
      1 1647
      1 1648
      1 1649
      2 1651
      2 1652
      3 1653
      3 1654
      3 1656
      2 1657
      2 1658
      1 1659
      1 1660
      3 1661
      2 1663
      2 1664
      1 1665
      3 1666
      6 1667
      4 1668
      1 1669
      2 1671
      3 1672
      2 1673
      3 1674
      2 1676
      1 1678
      1 1679
      1 1680
      2 1681
      4 1683
      3 1685
      1 1686
      3 1688
      3 1689
      2 1690
      1 1691
      2 1692
      1 1694
      2 1695
      2 1696
      2 1698
      1 1699
      2 1700
      1 1701
      2 1702
      2 1703
      3 1704
      5 1705
      1 1706
      2 1707
      1 1708
      1 1710
      2 1711
      3 1712
      2 1713
      1 1714
      5 1715
      2 1716
      2 1718
      1 1719
      2 1720
      1 1721
      1 1722
      2 1723
      2 1724
      1 1726
      6 1727
      1 1728
      1 1729
      3 1730
      1 1731
      5 1732
      2 1733
      1 1734
      2 1735
      4 1736
      5 1737
      5 1738
      3 1739
      1 1740
      3 1741
      1 1742
      2 1743
      1 1744
      4 1745
      2 1746
      2 1747
      1 1748
      1 1749
      2 1750
      1 1751
      4 1752
      1 1753
      4 1754
      1 1755
      1 1756
      2 1757
      2 1760
      1 1761
      2 1764
      1 1765
      1 1766
      1 1768
      1 1769
      5 1770
      1 1772
      1 1774
      4 1775
      3 1776
      1 1778
      1 1780
      2 1781
      6 1782
      2 1783
      1 1785
      2 1786
      2 1787
      2 1788
      3 1789
      2 1790
      3 1791
      1 1792
      2 1793
      2 1794
      1 1795
      2 1796
      1 1797
      3 1798
      1 1799
      1 1801
      1 1802
      2 1803
      2 1804
      1 1805
      3 1806
      3 1807
      1 1808
      1 1809
      1 1810
      1 1811
      1 1812
      2 1813
      3 1814
      2 1816
      2 1817
      1 1818
      2 1819
      2 1820
      2 1822
      2 1824
      1 1825
      2 1826
      2 1832
      2 1833
      1 1834
      2 1835
      1 1836
      1 1837
      2 1839
      1 1840
      4 1842
      2 1843
      1 1844
      1 1845
      2 1847
      1 1848
      1 1849
      2 1850
      1 1851
      2 1852
      3 1855
      1 1856
      4 1857
      2 1858
      1 1861
      2 1862
      1 1863
      1 1864
      1 1865
      4 1866
      3 1867
      1 1868
      4 1869
      1 1872
      2 1876
      3 1877
      2 1878
      1 1879
      4 1880
      2 1881
      1 1882
      2 1883
      4 1886
      1 1887
      1 1891
      3 1892
      2 1893
      1 1894
      1 1896
      2 1899
      1 1903
      1 1907
      1 1908
      2 1909
      3 1911
      2 1912
      2 1913
      2 1915
      1 1916
      3 1917
      2 1918
      1 1919
      2 1920
      1 1921
      1 1922
      1 1923
      1 1924
      1 1925
      2 1927
      2 1928
      1 1929
      1 1930
      3 1931
      2 1932
      1 1933
      4 1934
      2 1936
      2 1937
      2 1938
      4 1939
      2 1941
      3 1942
      2 1943
      1 1944
      1 1946
      1 1949
      1 1950
      1 1951
      1 1952
      2 1953
      2 1956
      3 1957
      1 1959
      1 1964
      1 1965
      1 1968
      1 1970
      1 1972
      1 1979
      1 1980
      2 1981
      1 1982
      1 1983
      1 1985
      2 1988
      1 1991
      1 1992
      2 1994
      1 1996
      2 2003
      3 2004
      1 2005
      1 2006
      1 2007
      1 2009
      1 2010
      1 2011
      1 2012
      1 2013
      2 2014
      2 2015
      2 2016
      1 2017
      2 2018
      1 2020
      1 2024
      2 2025
      1 2026
      1 2029
      1 2030
      1 2033
      2 2035
      2 2037
      3 2038
      1 2039
      1 2041
      1 2048
      1 2049
      1 2051
      1 2052
      1 2053
      1 2054
      1 2057
      1 2064
      1 2066
      2 2067
      2 2070
      2 2072
      1 2075
      2 2077
      2 2078
      1 2080
      1 2081
      2 2083
      1 2088
      1 2091
      1 2093
      1 2094
      1 2096
      1 2100
      2 2104
      2 2106
      1 2112
      1 2123
      2 2128
      1 2129
      1 2130
      1 2132
      1 2137
      1 2146
      1 2148
      1 2149
      1 2153
      1 2157
      1 2160
      1 2162
      2 2163
      2 2165
      1 2171
      1 2175
      1 2196
      1 2198
      1 2199
      2 2203
      1 2205
      1 2207
      1 2208
      1 2209
      1 2211
      1 2213
      1 2220
      1 2222
      1 2223
      2 2224
      1 2229
      1 2230
      1 2241
      1 2247
      1 2254
      1 2258
      1 2260
      1 2261
      1 2263
      1 2273
      2 2274
      1 2276
      1 2279
      1 2291
      1 2297
      1 2314
      1 2318
      1 2325
      1 2332
      2 2343
      1 2353
      1 2358
      1 2364
      1 2367
      2 2374
      1 2387
      1 2391
      1 2396
      1 2408
      1 2434
      1 2447
      1 2452
      1 2475
      1 2491
      1 2507
      1 2509
      1 2598
      1 2669
      1 2725
      1 2732
      1 2742
      1 2747
      1 2765
      1 2772
      1 2844
      1 2921
      1 2995
      1 3142
      1 3153
      1 3177
      1 3190
      1 3204
      1 3304
      1 3909
      1 4394
      1 4886
      1 5691
      1 5843
      1 6933
      1 7270
      1 7368
      1 7649
      1 7817
      1 8579
      1 9052
      1 21350
---AAD-PGBENCH-LAG-US---
