pgbench (18.6 (Debian 18.6-1.pgdg13+2))
starting vacuum...end.
transaction type: <builtin: select only>
scaling factor: 1000
query mode: simple
number of clients: 16
number of threads: 16
maximum number of tries: 1
duration: 60 s
number of transactions actually processed: 3012973
number of failed transactions: 0 (0.000%)
latency average = 0.319 ms
initial connection time = 7.358 ms
tps = 50221.866627 (without initial connection time)
---AAD-PGBENCH-LATENCY-US---
rc=0
samples=60636
      1 232
      1 233
      1 235
      1 237
      4 238
      2 239
      9 240
      6 241
     12 242
     14 243
     24 244
     31 245
     19 246
     27 247
     47 248
     58 249
     93 250
    106 251
    132 252
    121 253
    139 254
    135 255
    190 256
    158 257
    210 258
    217 259
    232 260
    268 261
    375 262
    393 263
    452 264
    472 265
    527 266
    557 267
    599 268
    643 269
    593 270
    714 271
    728 272
    876 273
    882 274
    999 275
   1167 276
   1102 277
   1052 278
    979 279
   1054 280
    971 281
    962 282
    976 283
    938 284
    848 285
    740 286
    695 287
    680 288
    600 289
    583 290
    571 291
    590 292
    467 293
    461 294
    468 295
    428 296
    438 297
    376 298
    387 299
    376 300
    368 301
    328 302
    366 303
    343 304
    356 305
    314 306
    345 307
    325 308
    315 309
    309 310
    341 311
    315 312
    323 313
    330 314
    332 315
    311 316
    327 317
    318 318
    362 319
    364 320
    359 321
    371 322
    383 323
    387 324
    407 325
    461 326
    478 327
    490 328
    495 329
    530 330
    525 331
    539 332
    576 333
    543 334
    612 335
    604 336
    621 337
    637 338
    593 339
    557 340
    482 341
    496 342
    452 343
    487 344
    420 345
    372 346
    378 347
    363 348
    293 349
    295 350
    266 351
    274 352
    247 353
    223 354
    175 355
    227 356
    210 357
    179 358
    174 359
    160 360
    141 361
    161 362
    123 363
    159 364
    144 365
    131 366
    129 367
    136 368
    129 369
    102 370
    110 371
    113 372
    117 373
    100 374
     97 375
     91 376
    101 377
    106 378
     96 379
     86 380
     94 381
     98 382
    100 383
     78 384
    100 385
     76 386
     82 387
    107 388
     97 389
     96 390
     95 391
     80 392
    114 393
    108 394
    108 395
    108 396
    105 397
    108 398
    111 399
    112 400
     96 401
    105 402
     87 403
     87 404
     69 405
     93 406
     88 407
     70 408
     63 409
     52 410
     51 411
     60 412
     62 413
     49 414
     49 415
     47 416
     38 417
     51 418
     50 419
     42 420
     49 421
     38 422
     40 423
     43 424
     40 425
     29 426
     40 427
     26 428
     42 429
     29 430
     32 431
     31 432
     28 433
     38 434
     36 435
     27 436
     32 437
     20 438
     19 439
     25 440
     25 441
     34 442
     28 443
     22 444
     27 445
     30 446
     18 447
     23 448
     34 449
     31 450
     32 451
     22 452
     26 453
     22 454
     21 455
     15 456
     27 457
     16 458
     24 459
     25 460
     23 461
     22 462
     22 463
     15 464
     26 465
     18 466
     16 467
     25 468
     23 469
     23 470
     31 471
     18 472
     24 473
     21 474
     24 475
     24 476
     23 477
     23 478
     15 479
     15 480
     10 481
     24 482
     28 483
     17 484
      8 485
     24 486
     19 487
     22 488
     22 489
     16 490
     28 491
     21 492
     19 493
     21 494
     12 495
     19 496
     26 497
     19 498
     12 499
     15 500
      9 501
     16 502
     21 503
     20 504
     18 505
     17 506
     12 507
     11 508
     10 509
     10 510
     18 511
     10 512
     17 513
     22 514
     14 515
     15 516
     13 517
     16 518
     14 519
     11 520
     24 521
     21 522
      9 523
     17 524
     14 525
     16 526
     12 527
     10 528
     13 529
     10 530
     14 531
     16 532
     15 533
     13 534
      6 535
     15 536
     14 537
      7 538
     13 539
     12 540
     12 541
     18 542
      6 543
      7 544
     12 545
     10 546
      5 547
      7 548
      7 549
      4 550
      8 551
     11 552
     14 553
      6 554
      5 555
      9 556
     11 557
      4 558
      4 559
      6 560
      6 561
      8 562
      4 563
      3 564
      8 565
      6 566
      3 567
      7 568
      4 569
      3 570
      5 571
      4 572
      6 573
      6 574
      6 575
      5 576
      1 577
      1 578
      4 579
      5 580
      4 581
      1 582
      2 583
      3 584
      1 585
      1 586
      3 587
      6 588
      3 589
      2 590
      2 591
      1 592
      3 593
      3 594
      1 595
      3 597
      4 598
      1 599
      2 600
      2 601
      4 602
      2 603
      1 604
      4 605
      1 606
      6 607
      3 608
      1 609
      3 611
      2 612
      3 613
      3 614
      2 615
      2 616
      1 617
      1 618
      1 619
      1 620
      3 625
      1 626
      1 629
      1 630
      1 631
      5 634
      1 635
      2 637
      1 638
      2 639
      1 640
      1 642
      1 643
      1 645
      2 646
      1 648
      3 654
      6 655
      2 658
      1 659
      1 661
      1 662
      1 664
      1 668
      1 670
      2 673
      1 674
      1 675
      1 676
      1 677
      1 678
      1 681
      1 682
      1 687
      1 689
      1 694
      1 697
      1 699
      1 701
      1 704
      1 705
      1 706
      1 707
      1 725
      1 753
      1 757
      1 778
      1 783
      1 785
      1 809
      1 821
      1 859
      1 942
      1 1228
      1 1233
      1 1416
---AAD-PGBENCH-LAG-US---
