pgbench (18.6 (Debian 18.6-1.pgdg13+2))
starting vacuum...end.
transaction type: <builtin: select only>
scaling factor: 1000
query mode: simple
number of clients: 32
number of threads: 16
maximum number of tries: 1
duration: 60 s
number of transactions actually processed: 5625525
number of failed transactions: 0 (0.000%)
latency average = 0.341 ms
initial connection time = 9.535 ms
tps = 93772.751835 (without initial connection time)
---AAD-PGBENCH-LATENCY-US---
rc=0
samples=112092
      2 223
      2 224
      4 226
      3 227
      1 228
      2 229
      7 230
      6 231
      4 232
     11 233
     15 234
     23 235
     22 236
     28 237
     23 238
     51 239
     49 240
     55 241
     62 242
     91 243
    101 244
    128 245
    132 246
    146 247
    168 248
    193 249
    219 250
    226 251
    257 252
    259 253
    310 254
    364 255
    405 256
    449 257
    433 258
    469 259
    536 260
    564 261
    575 262
    630 263
    625 264
    677 265
    676 266
    708 267
    769 268
    831 269
    844 270
    886 271
    964 272
    984 273
   1018 274
   1111 275
   1194 276
   1144 277
   1052 278
    975 279
   1011 280
    962 281
    944 282
    853 283
    866 284
    811 285
    806 286
    782 287
    797 288
    754 289
    639 290
    662 291
    675 292
    647 293
    634 294
    668 295
    612 296
    593 297
    596 298
    605 299
    620 300
    560 301
    553 302
    626 303
    572 304
    574 305
    577 306
    587 307
    544 308
    591 309
    612 310
    576 311
    591 312
    608 313
    642 314
    617 315
    653 316
    680 317
    612 318
    719 319
    681 320
    742 321
    773 322
    784 323
    780 324
    839 325
    825 326
    909 327
    945 328
   1016 329
   1082 330
   1028 331
    985 332
    994 333
   1013 334
    989 335
   1032 336
    969 337
   1035 338
    992 339
    996 340
   1059 341
   1046 342
   1047 343
   1093 344
   1182 345
   1205 346
    979 347
    910 348
    845 349
    751 350
    726 351
    674 352
    730 353
    683 354
    612 355
    632 356
    590 357
    537 358
    524 359
    492 360
    464 361
    446 362
    454 363
    406 364
    407 365
    422 366
    376 367
    383 368
    339 369
    371 370
    343 371
    342 372
    305 373
    284 374
    288 375
    296 376
    262 377
    312 378
    291 379
    263 380
    276 381
    238 382
    258 383
    239 384
    248 385
    249 386
    273 387
    241 388
    206 389
    232 390
    217 391
    216 392
    245 393
    260 394
    208 395
    217 396
    229 397
    247 398
    227 399
    225 400
    215 401
    233 402
    236 403
    207 404
    203 405
    228 406
    210 407
    208 408
    240 409
    228 410
    224 411
    219 412
    196 413
    210 414
    222 415
    179 416
    228 417
    178 418
    182 419
    160 420
    153 421
    132 422
    141 423
    123 424
    130 425
    134 426
    122 427
    143 428
    123 429
    112 430
    102 431
    102 432
    104 433
     98 434
     94 435
     89 436
     92 437
     92 438
    109 439
     96 440
     88 441
    100 442
     80 443
     85 444
    112 445
     85 446
     89 447
     75 448
     71 449
     85 450
     80 451
     80 452
     88 453
     70 454
     79 455
     72 456
     76 457
     82 458
     82 459
     63 460
     93 461
     65 462
     74 463
     69 464
     61 465
     89 466
     84 467
     70 468
     70 469
     71 470
     63 471
     81 472
     56 473
     76 474
     65 475
     67 476
     63 477
     65 478
     79 479
     61 480
     62 481
     74 482
     52 483
     76 484
     57 485
     61 486
     58 487
     61 488
     75 489
     67 490
     58 491
     56 492
     47 493
     50 494
     50 495
     52 496
     57 497
     46 498
     57 499
     56 500
     44 501
     61 502
     34 503
     48 504
     51 505
     56 506
     49 507
     59 508
     50 509
     55 510
     44 511
     47 512
     45 513
     50 514
     43 515
     55 516
     49 517
     50 518
     53 519
     47 520
     69 521
     52 522
     39 523
     30 524
     44 525
     36 526
     46 527
     42 528
     33 529
     38 530
     53 531
     30 532
     30 533
     43 534
     32 535
     35 536
     34 537
     45 538
     37 539
     31 540
     33 541
     36 542
     29 543
     38 544
     50 545
     25 546
     31 547
     22 548
     44 549
     35 550
     36 551
     48 552
     33 553
     33 554
     28 555
     40 556
     43 557
     32 558
     29 559
     28 560
     27 561
     38 562
     24 563
     30 564
     46 565
     31 566
     27 567
     24 568
     29 569
     29 570
     26 571
     29 572
     28 573
     20 574
     26 575
     24 576
     31 577
     23 578
     32 579
     30 580
     52 581
     25 582
     25 583
     35 584
     36 585
     32 586
     26 587
     30 588
     25 589
     31 590
     32 591
     29 592
     35 593
     29 594
     32 595
     26 596
     29 597
     19 598
     22 599
     24 600
     25 601
     25 602
     31 603
     17 604
     25 605
     19 606
     24 607
     24 608
     21 609
     18 610
      9 611
     18 612
     15 613
     16 614
      9 615
     10 616
      6 617
     12 618
     12 619
     17 620
     15 621
     17 622
     14 623
     14 624
      9 625
     12 626
     13 627
     18 628
     14 629
     10 630
     18 631
     11 632
     10 633
     12 634
      9 635
      6 636
      5 637
     13 638
     10 639
     16 640
      6 641
     10 642
      9 643
      5 644
     13 645
      9 646
      9 647
      9 648
      6 649
      7 650
      5 651
      5 652
     17 653
     10 654
      7 655
     14 656
     13 657
      9 658
     11 659
      8 660
      9 661
      6 662
     10 663
      7 664
     11 665
      4 666
     12 667
      3 668
     13 669
      9 670
      6 671
      6 672
      7 673
     10 674
      8 675
      9 676
      2 677
     13 678
      5 679
     10 680
      9 681
     12 682
      3 683
      6 684
      7 685
      4 686
      5 687
     14 688
      8 689
      6 690
      7 691
      7 692
      9 693
      5 694
      9 695
      9 696
      7 697
     12 698
      7 699
      5 700
     10 701
      7 702
      5 703
      2 704
      6 705
      6 706
      7 707
      3 708
      6 709
      6 710
      6 711
      6 712
      8 713
      4 714
      3 715
      4 716
      4 717
      5 718
      6 719
      5 720
      7 721
      4 722
      3 723
      3 724
      5 725
      2 726
      7 727
      5 728
      6 729
      2 730
      4 731
      4 732
      3 733
      4 734
      4 735
      4 736
      9 737
      3 738
      6 740
      1 741
      5 742
      3 744
      7 745
      4 746
      5 747
      2 748
      5 749
      1 750
      4 751
      5 752
      5 753
      7 754
      6 755
      3 756
      3 757
      2 758
      4 759
      6 760
      2 761
      5 763
      2 764
      3 765
      6 766
      2 767
      2 768
      3 769
      4 770
      4 773
      1 774
      1 775
      3 776
      4 777
      1 778
      4 779
      2 780
      1 781
      4 782
      2 783
      3 784
      1 786
      2 787
      3 789
      1 790
      1 791
      2 792
      1 793
      1 794
      2 796
      3 797
      1 798
      3 799
      1 801
      2 802
      6 804
      3 805
      1 807
      3 808
      3 809
      2 810
      1 811
      2 812
      3 813
      3 814
      2 815
      1 816
      4 817
      1 819
      2 821
      3 822
      1 823
      2 824
      2 826
      3 827
      1 829
      2 830
      1 831
      2 832
      2 833
      2 834
      1 835
      3 836
      1 837
      1 838
      3 839
      2 841
      1 842
      1 843
      3 845
      2 846
      1 847
      2 849
      1 851
      3 853
      1 854
      3 859
      1 862
      2 863
      3 864
      3 865
      1 866
      2 867
      1 868
      1 871
      1 872
      2 873
      1 874
      1 878
      2 879
      2 881
      1 882
      1 886
      2 887
      1 889
      2 890
      2 891
      1 892
      3 894
      1 896
      2 898
      2 899
      3 902
      1 907
      1 909
      1 910
      1 912
      2 916
      2 919
      1 922
      1 929
      1 932
      2 933
      1 942
      1 947
      1 949
      1 952
      1 964
      1 967
      3 970
      1 971
      2 973
      1 975
      1 978
      1 982
      1 984
      1 990
      2 992
      1 995
      1 997
      1 1001
      1 1002
      1 1013
      2 1022
      1 1027
      1 1038
      1 1041
      1 1067
      1 1082
      1 1083
      1 1092
      1 1102
      1 1106
      1 1107
      1 1112
      1 1114
      1 1122
      1 1143
      1 1155
      1 1162
      1 1177
      1 1187
      1 1190
      1 1200
      1 1217
      1 1243
      1 1250
      1 1256
      1 1287
      1 1299
      1 1303
      1 1304
      1 1305
      1 1311
      1 1324
      1 1326
      1 1339
      1 1363
      1 1367
      1 1382
      1 1391
      1 1395
      1 1402
      1 1404
      1 1413
      1 1425
      1 1443
      1 1698
      1 1885
      1 1929
      1 2131
---AAD-PGBENCH-LAG-US---
