pgbench (18.6 (Debian 18.6-1.pgdg13+2))
starting vacuum...end.
transaction type: <builtin: select only>
scaling factor: 1000
query mode: simple
number of clients: 16
number of threads: 16
maximum number of tries: 1
duration: 60 s
number of transactions actually processed: 3131962
number of failed transactions: 0 (0.000%)
latency average = 0.306 ms
initial connection time = 6.291 ms
tps = 52204.395690 (without initial connection time)
---AAD-PGBENCH-LATENCY-US---
rc=0
samples=62752
      1 211
      1 215
      1 216
      2 217
      2 219
      4 220
      6 221
      5 222
      6 223
     18 224
     22 225
     29 226
     29 227
     52 228
     61 229
     69 230
     60 231
     92 232
    123 233
    157 234
    198 235
    199 236
    245 237
    247 238
    347 239
    321 240
    359 241
    423 242
    485 243
    544 244
    649 245
    668 246
    751 247
    811 248
    847 249
    902 250
    949 251
    992 252
   1048 253
   1064 254
   1111 255
   1127 256
   1259 257
   1128 258
   1106 259
   1160 260
   1235 261
   1190 262
   1077 263
   1078 264
   1077 265
    928 266
    906 267
    932 268
    921 269
    808 270
    705 271
    694 272
    716 273
    685 274
    758 275
    845 276
    691 277
    574 278
    477 279
    483 280
    412 281
    392 282
    349 283
    351 284
    349 285
    327 286
    300 287
    279 288
    263 289
    259 290
    245 291
    252 292
    256 293
    227 294
    233 295
    224 296
    201 297
    223 298
    204 299
    207 300
    197 301
    182 302
    206 303
    195 304
    206 305
    174 306
    196 307
    169 308
    186 309
    162 310
    200 311
    193 312
    177 313
    188 314
    177 315
    170 316
    193 317
    227 318
    206 319
    200 320
    200 321
    210 322
    222 323
    229 324
    242 325
    208 326
    218 327
    232 328
    254 329
    265 330
    274 331
    236 332
    201 333
    186 334
    194 335
    174 336
    174 337
    193 338
    167 339
    157 340
    145 341
    137 342
    118 343
    129 344
    133 345
    141 346
    138 347
     90 348
    106 349
     97 350
    106 351
    107 352
     89 353
     92 354
    113 355
     71 356
     78 357
     77 358
     92 359
     69 360
     56 361
     95 362
     86 363
     57 364
     80 365
     75 366
     78 367
     80 368
     74 369
     53 370
     62 371
     66 372
     81 373
     62 374
     66 375
     69 376
     72 377
     75 378
     59 379
     82 380
     93 381
     89 382
     88 383
     83 384
     94 385
     88 386
     93 387
    102 388
    104 389
    116 390
     96 391
    129 392
    112 393
    109 394
    112 395
    119 396
    127 397
    118 398
    116 399
     96 400
    107 401
    103 402
    101 403
    110 404
     81 405
     86 406
     84 407
     99 408
     80 409
     72 410
     71 411
     61 412
     63 413
     72 414
     55 415
     63 416
     56 417
     47 418
     56 419
     52 420
     43 421
     40 422
     55 423
     50 424
     42 425
     45 426
     42 427
     40 428
     55 429
     43 430
     48 431
     50 432
     44 433
     46 434
     39 435
     50 436
     28 437
     34 438
     45 439
     24 440
     48 441
     40 442
     35 443
     31 444
     38 445
     33 446
     27 447
     42 448
     41 449
     31 450
     33 451
     31 452
     29 453
     34 454
     28 455
     30 456
     35 457
     37 458
     27 459
     33 460
     25 461
     43 462
     31 463
     31 464
     29 465
     18 466
     33 467
     27 468
     27 469
     36 470
     29 471
     26 472
     29 473
     26 474
     19 475
     26 476
     27 477
     20 478
     23 479
     24 480
     28 481
     24 482
     20 483
     25 484
     20 485
     22 486
     16 487
     19 488
     21 489
     24 490
     31 491
     24 492
     22 493
     15 494
     21 495
     19 496
     31 497
     22 498
     22 499
     19 500
     22 501
     21 502
     34 503
     29 504
     22 505
     29 506
     25 507
     32 508
     37 509
     32 510
     44 511
     36 512
     57 513
     40 514
     43 515
     56 516
     44 517
     55 518
     61 519
     71 520
     70 521
     76 522
     66 523
     49 524
     39 525
     36 526
     48 527
     35 528
     25 529
     28 530
     29 531
     32 532
     23 533
     22 534
     16 535
     20 536
     18 537
     16 538
     21 539
     21 540
     16 541
     13 542
     16 543
      8 544
     18 545
     22 546
     15 547
     13 548
     11 549
     16 550
     14 551
     13 552
     19 553
     10 554
     13 555
     12 556
      9 557
     11 558
     11 559
     10 560
     20 561
     13 562
     13 563
     15 564
      9 565
     14 566
     18 567
     11 568
     12 569
      7 570
     10 571
     13 572
     12 573
      9 574
     13 575
     12 576
      7 577
      9 578
      8 579
      9 580
      8 581
     14 582
     11 583
     14 584
     15 585
     12 586
      9 587
      7 588
      9 589
      8 590
      9 591
      9 592
      5 593
      6 594
      7 595
     16 596
      9 597
     10 598
      5 599
      8 600
     13 601
      7 602
      6 603
      6 604
      8 605
      8 606
      6 607
      6 608
      7 609
      9 610
     12 611
      4 612
      8 613
      7 614
      7 615
      7 616
      5 617
     11 618
     10 619
      5 620
      5 621
      9 622
      5 623
      5 624
      7 625
      8 626
      6 627
     10 628
      9 629
      6 630
      9 631
      8 632
      2 633
      9 634
      7 635
      3 636
      4 637
      2 638
      4 639
      4 640
      8 641
      2 642
      3 643
      6 644
     10 645
      6 646
      6 647
      8 648
      3 649
      3 650
      1 651
      6 652
      4 653
      7 654
      4 655
      5 656
      6 657
      9 659
      7 660
      3 661
      7 662
      3 663
      4 664
      4 665
      2 666
      2 667
      4 668
      3 669
      5 670
      4 671
      3 672
      4 673
      3 674
      4 675
      5 676
      5 677
      2 678
      3 679
      5 680
      5 681
      7 682
      4 683
      6 684
      3 685
      3 686
      2 687
      7 688
      3 689
      1 690
      9 691
      4 692
      4 693
      3 694
      4 695
      4 696
      7 697
      1 698
      4 699
      2 700
      2 701
      6 702
      1 703
      2 704
      4 705
      1 706
      3 707
      3 708
      1 709
      2 710
      5 711
      1 712
      3 713
      2 714
      1 715
      4 716
      1 717
      3 718
      3 719
      3 720
      3 722
      3 723
      2 725
      1 726
      2 727
      3 728
      2 729
      1 730
      1 731
      5 732
      2 733
      4 734
      5 735
      1 736
      1 738
      1 739
      1 740
      3 741
      7 743
      2 744
      3 745
      2 746
      1 747
      3 748
      1 749
      1 750
      3 751
      3 752
      3 753
      1 755
      2 756
      2 757
      3 758
      2 762
      1 763
      2 764
      2 765
      4 766
      1 767
      3 768
      2 770
      2 771
      1 772
      2 773
      2 774
      3 775
      3 776
      2 777
      2 778
      3 779
      2 780
      2 782
      4 783
      2 784
      2 786
      1 788
      2 791
      1 792
      1 793
      1 795
      1 798
      1 799
      3 800
      2 801
      1 803
      1 804
      1 808
      2 809
      1 811
      2 812
      1 814
      1 815
      1 816
      1 817
      2 818
      4 821
      2 824
      1 825
      1 828
      1 829
      1 830
      1 832
      1 835
      1 837
      1 838
      1 839
      2 840
      2 841
      2 842
      2 847
      1 850
      1 852
      2 856
      2 858
      1 860
      1 861
      1 862
      1 866
      2 872
      1 873
      1 875
      1 878
      1 882
      2 887
      1 888
      1 892
      1 894
      1 896
      2 900
      1 906
      2 910
      2 912
      1 916
      2 917
      1 934
      1 943
      1 951
      1 953
      2 954
      2 959
      1 961
      1 963
      1 967
      1 976
      1 984
      1 986
      1 1005
      1 1007
      1 1016
      2 1018
      1 1024
      1 1032
      1 1052
      1 1053
      1 1094
      1 1104
      1 1113
      1 1153
      1 1172
      1 1199
---AAD-PGBENCH-LAG-US---
