pgbench (18.6 (Debian 18.6-1.pgdg13+2))
starting vacuum...end.
transaction type: <builtin: select only>
scaling factor: 1000
query mode: simple
number of clients: 16
number of threads: 16
maximum number of tries: 1
duration: 60 s
number of transactions actually processed: 3079204
number of failed transactions: 0 (0.000%)
latency average = 0.312 ms
initial connection time = 6.221 ms
tps = 51324.853565 (without initial connection time)
---AAD-PGBENCH-LATENCY-US---
rc=0
samples=61500
      1 214
      1 216
      2 217
      5 218
      1 219
      3 220
      6 221
     11 222
     14 223
     12 224
     30 225
     33 226
     46 227
     48 228
     52 229
     73 230
     82 231
    100 232
    138 233
    184 234
    215 235
    256 236
    276 237
    320 238
    343 239
    467 240
    446 241
    491 242
    543 243
    600 244
    691 245
    703 246
    744 247
    894 248
    868 249
    917 250
    997 251
    955 252
   1007 253
   1012 254
    921 255
    963 256
   1054 257
    964 258
    968 259
   1091 260
   1121 261
   1033 262
    921 263
    907 264
    870 265
    816 266
    796 267
    792 268
    827 269
    696 270
    652 271
    628 272
    630 273
    568 274
    659 275
    758 276
    643 277
    448 278
    430 279
    446 280
    393 281
    330 282
    328 283
    314 284
    292 285
    263 286
    271 287
    278 288
    223 289
    208 290
    218 291
    213 292
    190 293
    212 294
    213 295
    220 296
    184 297
    171 298
    207 299
    219 300
    181 301
    173 302
    174 303
    182 304
    165 305
    175 306
    186 307
    143 308
    149 309
    167 310
    208 311
    212 312
    205 313
    186 314
    176 315
    187 316
    196 317
    189 318
    203 319
    203 320
    195 321
    198 322
    225 323
    200 324
    229 325
    240 326
    255 327
    216 328
    228 329
    226 330
    203 331
    236 332
    216 333
    183 334
    202 335
    196 336
    188 337
    196 338
    187 339
    186 340
    182 341
    168 342
    174 343
    165 344
    189 345
    148 346
    143 347
    156 348
    118 349
    104 350
    122 351
    106 352
    120 353
    119 354
    111 355
    100 356
    119 357
     97 358
     96 359
     84 360
     94 361
    100 362
     84 363
     84 364
     92 365
     81 366
     67 367
     84 368
     79 369
     75 370
     88 371
     94 372
     66 373
     77 374
     60 375
     90 376
     96 377
     93 378
     88 379
     87 380
     92 381
     99 382
     99 383
     89 384
    112 385
     92 386
     96 387
    106 388
    103 389
    132 390
    124 391
    116 392
    123 393
    112 394
    123 395
    108 396
    143 397
    114 398
    115 399
    109 400
    104 401
    100 402
     85 403
    102 404
     94 405
    104 406
     80 407
     77 408
     84 409
     88 410
     83 411
     89 412
     68 413
     77 414
     71 415
     61 416
     56 417
     66 418
     57 419
     53 420
     64 421
     64 422
     63 423
     60 424
     34 425
     71 426
     65 427
     55 428
     48 429
     54 430
     40 431
     45 432
     50 433
     45 434
     36 435
     32 436
     36 437
     38 438
     47 439
     33 440
     35 441
     54 442
     37 443
     37 444
     43 445
     35 446
     32 447
     32 448
     43 449
     30 450
     28 451
     30 452
     31 453
     39 454
     32 455
     25 456
     34 457
     34 458
     32 459
     28 460
     33 461
     24 462
     25 463
     32 464
     41 465
     22 466
     26 467
     23 468
     28 469
     33 470
     26 471
     20 472
     30 473
     22 474
     30 475
     31 476
     27 477
     25 478
     25 479
     30 480
     24 481
     25 482
     23 483
     24 484
     29 485
     27 486
     30 487
     20 488
     31 489
     25 490
     25 491
     27 492
     32 493
     22 494
     13 495
     26 496
     32 497
     24 498
     28 499
     17 500
     31 501
     26 502
     34 503
     31 504
     34 505
     42 506
     37 507
     34 508
     43 509
     46 510
     54 511
     51 512
     53 513
     63 514
     81 515
     64 516
     84 517
     76 518
     97 519
     89 520
    142 521
    155 522
     93 523
     77 524
     57 525
     64 526
     47 527
     52 528
     40 529
     45 530
     35 531
     36 532
     37 533
     19 534
     25 535
     19 536
     15 537
     18 538
     24 539
     21 540
     15 541
     12 542
     20 543
     24 544
     13 545
     15 546
     15 547
     11 548
     19 549
     20 550
     17 551
     14 552
     13 553
      7 554
     20 555
     16 556
     13 557
     15 558
     11 559
     11 560
      4 561
     13 562
     10 563
     15 564
     10 565
     12 566
     12 567
     11 568
     15 569
     10 570
     14 571
      8 572
     18 573
     13 574
     11 575
      8 576
      9 577
     13 578
      6 579
      9 580
      8 581
     16 582
     14 583
     11 584
     10 585
      6 586
     10 587
     14 588
      5 589
      9 590
      7 591
      9 592
      9 593
     10 594
      7 595
     12 596
     13 597
     11 598
      8 599
     14 600
      5 601
      3 602
      9 603
     10 604
      6 605
     10 606
      9 607
      5 608
      8 609
      9 610
     15 611
      6 612
      8 613
      8 614
      5 615
      6 616
      6 617
      4 618
      5 619
      8 620
      2 621
      4 622
      9 623
      6 624
      7 625
      8 626
      4 627
      4 628
      7 629
      7 630
      3 631
      5 632
      7 633
      4 634
      6 635
      8 636
      4 637
      5 638
      7 639
     12 640
      5 641
      3 642
      3 643
      5 644
      6 645
      4 646
      6 647
      2 648
      6 649
      4 650
      4 651
      8 652
      4 653
      7 654
      5 655
      4 656
      7 657
      2 658
      6 659
      8 660
      4 661
      6 662
      6 663
      4 664
      6 665
      3 666
      1 667
      5 668
      5 669
      7 670
      4 671
      3 672
      4 673
      8 674
      2 675
      6 676
      2 677
      3 678
      5 679
      6 680
      5 681
      5 682
      2 683
      6 684
      4 685
      5 686
      1 687
      3 688
      2 689
      3 690
      8 691
      4 692
      3 693
      4 694
      2 695
      4 696
      5 697
      5 698
      6 699
      2 700
      2 701
      2 702
      3 703
      3 704
      2 705
      1 706
      4 707
      3 708
      5 709
      2 710
      3 711
      1 712
      2 713
      7 714
      3 715
      2 716
      2 717
      2 718
      1 719
      1 720
      4 721
      2 722
      2 723
      5 724
      1 725
      2 726
      2 727
      2 729
      3 730
      3 731
      4 732
      3 733
      2 734
      3 735
      1 736
      5 737
      1 738
      3 739
      3 740
      3 741
      1 742
      2 743
      2 744
      3 745
      2 747
      2 748
      3 749
      4 753
      3 755
      2 756
      4 757
      3 758
      2 759
      5 760
      3 762
      1 763
      2 764
      1 765
      3 766
      1 768
      1 769
      2 770
      1 772
      1 773
      2 774
      1 775
      1 776
      1 777
      1 778
      4 779
      4 780
      2 781
      1 782
      2 783
      1 784
      3 785
      3 786
      2 787
      4 788
      2 789
      2 790
      3 791
      4 792
      2 793
      1 794
      1 795
      4 796
      1 797
      3 799
      3 800
      1 801
      2 802
      3 805
      1 806
      1 807
      3 808
      2 809
      1 810
      1 811
      1 813
      1 815
      1 816
      1 819
      1 820
      1 823
      3 824
      1 825
      1 827
      1 830
      2 832
      3 833
      2 834
      2 835
      1 836
      1 837
      1 839
      1 840
      1 841
      1 843
      2 845
      1 847
      1 848
      1 850
      2 851
      1 854
      2 855
      1 856
      1 861
      1 868
      1 869
      1 870
      1 871
      1 872
      1 873
      2 874
      1 875
      1 877
      1 879
      1 881
      2 883
      1 885
      1 889
      1 893
      2 900
      1 903
      2 910
      1 915
      2 925
      1 930
      1 943
      1 952
      1 955
      1 962
      1 964
      1 965
      1 969
      2 974
      1 979
      1 993
      1 997
      1 999
      1 1000
      1 1018
      1 1022
      1 1241
      1 1487
      1 1547
      1 1623
---AAD-PGBENCH-LAG-US---
