pgbench (18.6 (Debian 18.6-1.pgdg13+2))
starting vacuum...end.
transaction type: <builtin: select only>
scaling factor: 1000
query mode: simple
number of clients: 8
number of threads: 8
maximum number of tries: 1
duration: 60 s
number of transactions actually processed: 1824984
number of failed transactions: 0 (0.000%)
latency average = 0.263 ms
initial connection time = 4.569 ms
tps = 30418.392912 (without initial connection time)
---AAD-PGBENCH-LATENCY-US---
rc=0
samples=36855
      2 211
      3 212
      4 213
      6 214
     16 215
     14 216
     15 217
     13 218
     24 219
     28 220
     40 221
     61 222
    107 223
    133 224
    154 225
    151 226
    166 227
    227 228
    259 229
    287 230
    374 231
    462 232
    628 233
    906 234
   1186 235
   1517 236
   1996 237
   2236 238
   1897 239
   1696 240
   1599 241
   1535 242
   1267 243
   1139 244
   1165 245
   1056 246
    859 247
    725 248
    611 249
    482 250
    444 251
    341 252
    320 253
    277 254
    250 255
    249 256
    233 257
    226 258
    192 259
    232 260
    208 261
    184 262
    132 263
    135 264
    166 265
    125 266
    157 267
    142 268
    163 269
    128 270
    138 271
    162 272
    151 273
    183 274
    271 275
    537 276
    354 277
    181 278
    116 279
    121 280
    115 281
     86 282
     82 283
     97 284
     87 285
     92 286
     88 287
     74 288
     57 289
     67 290
     37 291
     40 292
     57 293
     55 294
     41 295
     47 296
     56 297
     44 298
     49 299
     38 300
     52 301
     52 302
     50 303
     44 304
     36 305
     37 306
     42 307
     22 308
     25 309
     25 310
     21 311
     21 312
     25 313
     23 314
     23 315
     19 316
     22 317
     26 318
     17 319
     22 320
     24 321
     32 322
     31 323
     30 324
     26 325
     32 326
     39 327
     56 328
    140 329
    224 330
    109 331
     48 332
     37 333
     22 334
     31 335
     26 336
     22 337
     22 338
     21 339
     21 340
     21 341
      8 342
     19 343
     23 344
     16 345
      9 346
     18 347
     10 348
     16 349
     11 350
     16 351
     13 352
     16 353
     18 354
     13 355
      5 356
     12 357
     12 358
     16 359
     16 360
     12 361
      9 362
     12 363
     13 364
     10 365
     14 366
     18 367
     18 368
     11 369
     16 370
     15 371
      7 372
      7 373
      9 374
     10 375
      6 376
     17 377
     10 378
     16 379
      8 380
     10 381
      8 382
     10 383
     10 384
     14 385
     11 386
     14 387
     10 388
     14 389
     11 390
     14 391
     19 392
     11 393
     16 394
     11 395
     13 396
     15 397
     17 398
     19 399
     19 400
     22 401
     20 402
     21 403
     13 404
     14 405
     16 406
     12 407
     19 408
     16 409
     25 410
     11 411
      8 412
      9 413
     14 414
     10 415
     13 416
     13 417
     15 418
      5 419
     11 420
     14 421
      8 422
      9 423
      6 424
     12 425
      6 426
     11 427
      5 428
      8 429
      5 430
     12 431
      8 432
      5 433
     11 434
     13 435
      8 436
     10 437
      5 438
      7 439
      9 440
      5 441
      4 442
      8 443
      6 444
      4 445
      5 446
      7 447
      5 448
      5 449
      9 450
      7 451
      5 452
      9 453
     14 454
     10 455
      5 456
     11 457
      9 458
     17 459
     15 460
     12 461
     17 462
     12 463
     14 464
     26 465
     12 466
     17 467
     18 468
     18 469
     15 470
     13 471
     15 472
      7 473
     16 474
     11 475
     11 476
      7 477
     14 478
      6 479
      7 480
     12 481
      8 482
     13 483
      7 484
      7 485
      5 486
     16 487
      9 488
     11 489
      7 490
      4 491
      6 492
      9 493
      3 494
     15 495
      5 496
     10 497
     10 498
      5 499
     12 500
      2 501
      4 502
      5 503
      3 504
      3 505
      9 506
      2 507
      4 508
      5 509
      6 510
      4 511
      3 512
      6 513
      6 514
      7 515
      8 516
      6 517
      9 518
      8 519
      9 520
      7 521
      5 522
      8 523
      2 524
      4 525
      7 526
      6 527
      4 528
      9 529
      1 530
      1 531
      5 532
      6 533
      3 534
      8 535
      2 536
      6 537
      3 538
      1 539
      4 540
      6 541
      2 542
      4 543
      3 544
      3 545
      3 546
      1 547
      3 548
      4 549
      3 550
      3 551
      2 552
      5 553
      4 554
      3 555
      1 556
      3 557
      2 558
      5 559
      3 561
      6 562
      3 563
      5 564
      1 565
      6 566
      3 567
      4 568
      1 569
      6 570
      4 571
      6 572
      4 574
      4 575
      3 576
      3 577
      3 578
      3 579
      1 580
      1 581
      5 582
      3 583
      2 584
      1 585
      2 586
      3 587
      3 588
      2 589
      3 590
      4 591
      4 592
      2 593
      2 594
      6 595
      3 597
      2 598
      1 599
      2 600
      2 601
      2 602
      1 603
      4 604
      2 606
      1 607
      2 608
      1 609
      3 610
      1 612
      1 614
      2 615
      1 616
      3 617
      3 618
      3 619
      2 620
      1 621
      1 622
      2 623
      1 624
      2 625
      1 626
      1 629
      1 630
      4 631
      2 632
      4 633
      1 634
      1 635
      1 637
      1 638
      1 640
      2 641
      1 642
      1 643
      1 645
      1 646
      2 647
      1 648
      1 649
      2 650
      1 652
      1 653
      1 655
      2 657
      2 658
      2 661
      1 663
      1 667
      1 669
      1 670
      1 671
      3 672
      1 673
      1 674
      1 676
      1 677
      1 680
      2 684
      1 687
      1 688
      1 689
      1 691
      1 692
      1 694
      2 695
      1 696
      1 698
      1 701
      2 703
      1 705
      1 708
      1 711
      1 713
      1 720
      1 722
      1 724
      1 726
      1 731
      1 733
      2 739
      1 742
      2 746
      1 747
      1 750
      1 755
      1 756
      1 762
      1 763
      1 767
      1 770
      2 775
      1 779
      1 781
      1 785
      1 788
      1 796
      1 803
      1 804
      1 811
      1 812
      1 814
      1 817
      1 837
      1 852
      1 897
      1 1068
      2 1166
      1 1281
---AAD-PGBENCH-LAG-US---
