pgbench (18.6 (Debian 18.6-1.pgdg13+2))
starting vacuum...end.
transaction type: <builtin: select only>
scaling factor: 1000
query mode: simple
number of clients: 32
number of threads: 16
maximum number of tries: 1
duration: 60 s
number of transactions actually processed: 5780874
number of failed transactions: 0 (0.000%)
latency average = 0.332 ms
initial connection time = 10.055 ms
tps = 96362.749500 (without initial connection time)
---AAD-PGBENCH-LATENCY-US---
rc=0
samples=115365
      1 214
      1 216
      1 219
      2 221
      3 223
      4 224
      4 225
      4 226
      9 227
     10 228
      7 229
     10 230
     18 231
     24 232
     29 233
     33 234
     34 235
     42 236
     73 237
     75 238
     98 239
     97 240
    101 241
    132 242
    174 243
    161 244
    175 245
    203 246
    211 247
    272 248
    277 249
    305 250
    335 251
    362 252
    372 253
    397 254
    450 255
    440 256
    471 257
    506 258
    540 259
    567 260
    604 261
    676 262
    675 263
    784 264
    778 265
    811 266
    851 267
    941 268
   1073 269
   1041 270
   1085 271
   1097 272
   1293 273
   1279 274
   1337 275
   1397 276
   1433 277
   1280 278
   1231 279
   1147 280
   1206 281
   1105 282
   1081 283
   1049 284
   1006 285
   1021 286
    942 287
    946 288
    854 289
    834 290
    823 291
    832 292
    758 293
    741 294
    767 295
    777 296
    721 297
    724 298
    709 299
    716 300
    705 301
    687 302
    687 303
    700 304
    685 305
    648 306
    701 307
    678 308
    650 309
    739 310
    723 311
    663 312
    720 313
    690 314
    696 315
    701 316
    735 317
    738 318
    685 319
    769 320
    725 321
    779 322
    806 323
    734 324
    741 325
    812 326
    827 327
    841 328
    953 329
    940 330
    849 331
    870 332
    854 333
    877 334
    910 335
    898 336
    912 337
    912 338
    919 339
    911 340
    954 341
    941 342
    939 343
    975 344
   1078 345
   1037 346
    908 347
    799 348
    754 349
    699 350
    626 351
    650 352
    630 353
    616 354
    533 355
    505 356
    508 357
    518 358
    505 359
    439 360
    444 361
    440 362
    405 363
    420 364
    360 365
    356 366
    368 367
    347 368
    310 369
    312 370
    335 371
    304 372
    279 373
    273 374
    276 375
    275 376
    257 377
    285 378
    223 379
    239 380
    215 381
    213 382
    233 383
    219 384
    234 385
    216 386
    203 387
    220 388
    201 389
    214 390
    206 391
    213 392
    205 393
    188 394
    218 395
    199 396
    233 397
    192 398
    211 399
    223 400
    215 401
    195 402
    181 403
    172 404
    189 405
    199 406
    185 407
    181 408
    196 409
    182 410
    167 411
    185 412
    170 413
    201 414
    169 415
    152 416
    151 417
    145 418
    134 419
    137 420
    106 421
    120 422
    138 423
    121 424
     99 425
     99 426
    108 427
    123 428
    110 429
     96 430
    101 431
     92 432
     87 433
     89 434
     69 435
     83 436
     85 437
     84 438
     73 439
     69 440
     86 441
     77 442
     65 443
     79 444
     64 445
     68 446
     79 447
     63 448
     71 449
     61 450
     70 451
     61 452
     54 453
     68 454
     51 455
     73 456
     75 457
     69 458
     59 459
     69 460
     68 461
     73 462
     66 463
     75 464
     58 465
     61 466
     73 467
     76 468
     68 469
     68 470
     59 471
     49 472
     71 473
     56 474
     48 475
     65 476
     53 477
     51 478
     50 479
     61 480
     60 481
     55 482
     52 483
     51 484
     53 485
     54 486
     35 487
     79 488
     51 489
     54 490
     39 491
     37 492
     51 493
     45 494
     45 495
     49 496
     39 497
     33 498
     41 499
     39 500
     44 501
     42 502
     46 503
     45 504
     46 505
     43 506
     35 507
     40 508
     42 509
     45 510
     38 511
     48 512
     37 513
     32 514
     21 515
     39 516
     54 517
     35 518
     39 519
     53 520
     35 521
     40 522
     25 523
     31 524
     46 525
     29 526
     34 527
     25 528
     30 529
     28 530
     40 531
     41 532
     37 533
     36 534
     31 535
     31 536
     33 537
     32 538
     42 539
     37 540
     32 541
     33 542
     26 543
     31 544
     27 545
     32 546
     31 547
     27 548
     25 549
     23 550
     30 551
     33 552
     32 553
     13 554
     26 555
     29 556
     23 557
     30 558
     29 559
     17 560
     22 561
     24 562
     27 563
     22 564
     30 565
     19 566
     25 567
     22 568
     16 569
     25 570
     29 571
     22 572
     25 573
     14 574
     27 575
     24 576
     17 577
     23 578
     21 579
     27 580
     25 581
     16 582
     29 583
     26 584
     21 585
     23 586
     22 587
     25 588
     20 589
     28 590
     23 591
     26 592
     14 593
     15 594
     21 595
     16 596
     18 597
     17 598
     16 599
     20 600
     18 601
     20 602
     23 603
     19 604
     10 605
     13 606
     12 607
      9 608
     11 609
      9 610
     19 611
     13 612
     12 613
     12 614
     14 615
     13 616
     17 617
      9 618
     12 619
      8 620
      7 621
     10 622
     11 623
     11 624
     18 625
     13 626
     12 627
      9 628
      8 629
     10 630
     12 631
     13 632
     10 633
      9 634
      9 635
      8 636
     12 637
      7 638
      5 639
      8 640
     18 641
     12 642
      7 643
      8 644
     13 645
      7 646
     15 647
      6 648
      8 649
      9 650
     10 651
     11 652
      6 653
     11 654
      6 655
      3 656
      6 657
      6 658
      6 659
     13 660
     13 661
     10 662
     11 663
      7 664
     12 665
      9 666
      9 667
      6 668
     10 669
      7 670
      7 671
      5 672
      9 673
      4 674
     12 675
      7 676
     10 677
      5 678
      5 679
     10 680
      2 681
      2 682
      6 683
      8 684
      5 685
      8 686
      7 687
      9 688
     10 689
      6 690
      8 691
      8 692
      4 693
     10 694
      5 695
      6 696
      5 697
      4 698
      3 699
      3 700
      5 701
      5 702
      5 703
      4 704
      5 705
      2 706
      8 707
      8 708
      6 709
      5 710
      1 711
      3 712
      3 713
      6 714
      5 715
      4 716
      5 717
      4 718
      1 719
      8 720
      5 721
      6 722
      2 723
      2 724
      2 725
      8 726
      7 727
      4 728
      7 729
      6 730
      8 731
      4 732
      4 733
      3 734
      5 735
      4 736
      3 737
      5 738
      3 739
      3 740
      1 741
      4 742
      4 743
      2 744
      6 745
      4 746
      6 747
      3 748
      1 749
      3 750
      4 751
      1 753
      3 754
      6 755
      3 756
      6 757
      8 758
      2 759
      3 760
      3 761
      2 762
      3 763
      1 764
      3 766
      1 767
      1 768
      1 769
      1 771
      1 772
      1 773
      2 774
      2 775
      4 776
      2 777
      3 778
      2 779
      2 781
      4 782
      5 783
      4 784
      5 785
      1 786
      2 787
      2 788
      3 789
      3 790
      1 791
      1 792
      2 793
      1 794
      3 795
      3 796
      3 797
      3 798
      6 799
      2 800
      2 801
      3 802
      4 803
      2 804
      2 807
      1 808
      2 809
      2 810
      1 813
      2 814
      1 818
      2 820
      2 821
      2 824
      2 825
      1 826
      1 827
      3 828
      2 830
      1 831
      3 833
      1 834
      1 836
      1 837
      2 838
      1 839
      1 840
      1 841
      1 842
      1 844
      2 845
      2 847
      1 848
      9 849
      1 850
      2 851
      1 852
      1 854
      2 855
      2 856
      1 857
      2 858
      1 859
      1 860
      3 861
      1 862
      1 863
      1 866
      1 868
      1 870
      2 871
      1 874
      2 875
      1 876
      2 877
      2 878
      1 880
      1 884
      1 885
      1 888
      1 892
      2 898
      1 899
      1 903
      1 906
      1 908
      1 910
      1 911
      2 916
      1 918
      1 922
      1 924
      1 925
      1 926
      1 927
      1 937
      1 940
      1 945
      1 946
      1 949
      1 952
      1 953
      1 955
      1 958
      1 959
      2 970
      1 978
      1 981
      1 983
      1 986
      1 988
      1 992
      1 994
      1 999
      1 1000
      1 1004
      1 1005
      1 1007
      1 1031
      1 1046
      1 1067
      1 1069
      1 1074
      1 1075
      1 1076
      1 1089
      1 1091
      1 1094
      1 1112
      1 1123
      1 1128
      1 1133
      1 1151
      1 1162
      1 1167
      1 1178
      1 1188
      1 1204
      1 1223
      1 1246
      1 1249
      1 1251
      1 1261
      1 1279
      1 1290
      3 1292
      1 1297
      1 1309
      1 1310
      1 1324
      1 1329
      1 1346
      1 1357
      1 1369
      1 1375
      1 1380
      1 1385
      1 1386
      1 1389
      1 1392
      1 1394
      1 1396
      1 1401
      2 1402
      1 1404
      1 1411
      1 1419
      1 1426
      1 1434
      1 1447
      1 1468
      1 1487
      1 1495
      1 1497
      1 1534
      1 1544
      1 1608
      1 1671
      1 5453
      1 7470
---AAD-PGBENCH-LAG-US---
