pgbench (18.6 (Debian 18.6-1.pgdg13+2))
starting vacuum...end.
transaction type: <builtin: select only>
scaling factor: 1000
query mode: simple
number of clients: 128
number of threads: 16
maximum number of tries: 1
duration: 60 s
number of transactions actually processed: 8557024
number of failed transactions: 0 (0.000%)
latency average = 0.894 ms
initial connection time = 282.936 ms
tps = 143229.245171 (without initial connection time)
---AAD-PGBENCH-LATENCY-US---
rc=0
samples=171173
      1 240
      1 253
      2 254
      1 257
      1 258
      1 259
      1 260
      2 261
      1 262
      4 263
      1 264
      4 265
      4 266
      5 267
      7 268
      5 269
      2 270
      5 271
      7 272
      4 273
     12 274
      5 275
     12 276
      2 277
      7 278
      6 279
     11 280
      4 281
     10 282
     12 283
     12 284
      7 285
      6 286
      9 287
     13 288
     14 289
     11 290
      8 291
      7 292
      9 293
      8 294
      6 295
      2 296
      9 297
     13 298
      4 299
      8 300
      3 301
      9 302
     12 303
     10 304
      9 305
      7 306
     15 307
      8 308
      6 309
     12 310
      9 311
     15 312
     13 313
     13 314
     19 315
     17 316
      9 317
     13 318
     14 319
     13 320
     24 321
     18 322
     21 323
     23 324
     20 325
     28 326
     24 327
     24 328
     26 329
     22 330
     53 331
     36 332
     31 333
     48 334
     36 335
     54 336
     49 337
     44 338
     47 339
     56 340
     50 341
     55 342
     59 343
     52 344
     56 345
     66 346
     58 347
     63 348
     58 349
     60 350
     47 351
     58 352
     67 353
     62 354
     49 355
     49 356
     44 357
     45 358
     58 359
     37 360
     41 361
     43 362
     38 363
     44 364
     38 365
     34 366
     36 367
     49 368
     52 369
     30 370
     40 371
     47 372
     41 373
     34 374
     28 375
     57 376
     47 377
     37 378
     31 379
     58 380
     32 381
     32 382
     42 383
     49 384
     54 385
     41 386
     52 387
     44 388
     47 389
     50 390
     52 391
     51 392
     51 393
     53 394
     61 395
     64 396
     63 397
     64 398
     72 399
     76 400
     59 401
     78 402
     80 403
     86 404
     67 405
     64 406
     87 407
     77 408
     82 409
     80 410
    103 411
     95 412
     90 413
     86 414
     76 415
     78 416
    105 417
     81 418
     91 419
     84 420
     84 421
     83 422
     68 423
     62 424
     74 425
     84 426
     72 427
     70 428
     53 429
     51 430
     57 431
     72 432
     60 433
     51 434
     55 435
     55 436
     62 437
     60 438
     57 439
     61 440
     73 441
     61 442
     67 443
     67 444
     51 445
     62 446
     64 447
     61 448
     57 449
     55 450
     65 451
     58 452
     53 453
     55 454
     69 455
     72 456
     78 457
     57 458
     82 459
     68 460
     79 461
     67 462
     73 463
     75 464
     76 465
     87 466
     88 467
     75 468
     75 469
    116 470
    107 471
     98 472
     95 473
    122 474
    107 475
    131 476
    127 477
    133 478
    122 479
    146 480
    162 481
    136 482
    118 483
    125 484
    150 485
    123 486
    132 487
    122 488
    130 489
    122 490
    128 491
    108 492
    105 493
    127 494
    135 495
    132 496
    107 497
    126 498
    118 499
    100 500
    107 501
    110 502
    105 503
    111 504
     94 505
    118 506
    109 507
    115 508
    115 509
    110 510
    125 511
    114 512
    100 513
    110 514
    106 515
    121 516
    110 517
    121 518
    140 519
    124 520
    145 521
    129 522
    115 523
    132 524
    136 525
    138 526
    126 527
    145 528
    148 529
    148 530
    148 531
    158 532
    157 533
    189 534
    157 535
    167 536
    200 537
    193 538
    179 539
    202 540
    214 541
    227 542
    199 543
    204 544
    260 545
    256 546
    268 547
    252 548
    284 549
    263 550
    267 551
    286 552
    303 553
    274 554
    275 555
    298 556
    272 557
    244 558
    257 559
    275 560
    267 561
    267 562
    227 563
    222 564
    256 565
    230 566
    233 567
    205 568
    212 569
    235 570
    220 571
    225 572
    218 573
    216 574
    231 575
    218 576
    225 577
    218 578
    205 579
    196 580
    195 581
    196 582
    226 583
    204 584
    237 585
    223 586
    207 587
    199 588
    202 589
    206 590
    229 591
    246 592
    209 593
    247 594
    226 595
    223 596
    230 597
    234 598
    238 599
    245 600
    248 601
    241 602
    230 603
    262 604
    245 605
    278 606
    276 607
    261 608
    310 609
    332 610
    291 611
    331 612
    331 613
    356 614
    344 615
    351 616
    349 617
    336 618
    319 619
    374 620
    394 621
    402 622
    366 623
    349 624
    375 625
    361 626
    325 627
    341 628
    329 629
    354 630
    340 631
    340 632
    282 633
    320 634
    285 635
    250 636
    264 637
    267 638
    242 639
    252 640
    271 641
    222 642
    231 643
    276 644
    224 645
    247 646
    223 647
    248 648
    251 649
    239 650
    194 651
    243 652
    223 653
    226 654
    219 655
    208 656
    211 657
    221 658
    223 659
    229 660
    240 661
    224 662
    230 663
    242 664
    197 665
    248 666
    224 667
    209 668
    225 669
    217 670
    268 671
    224 672
    228 673
    246 674
    245 675
    221 676
    232 677
    253 678
    255 679
    260 680
    269 681
    252 682
    238 683
    257 684
    264 685
    261 686
    277 687
    278 688
    275 689
    278 690
    325 691
    266 692
    251 693
    278 694
    252 695
    251 696
    261 697
    267 698
    258 699
    237 700
    228 701
    256 702
    229 703
    206 704
    229 705
    208 706
    215 707
    191 708
    201 709
    210 710
    204 711
    195 712
    201 713
    215 714
    199 715
    187 716
    189 717
    191 718
    164 719
    167 720
    180 721
    179 722
    170 723
    179 724
    178 725
    182 726
    187 727
    165 728
    187 729
    200 730
    197 731
    155 732
    182 733
    175 734
    192 735
    175 736
    171 737
    179 738
    169 739
    212 740
    177 741
    181 742
    199 743
    187 744
    173 745
    196 746
    186 747
    201 748
    202 749
    193 750
    211 751
    195 752
    230 753
    224 754
    211 755
    212 756
    228 757
    249 758
    216 759
    228 760
    224 761
    221 762
    236 763
    231 764
    205 765
    212 766
    198 767
    208 768
    258 769
    211 770
    199 771
    194 772
    212 773
    188 774
    198 775
    196 776
    174 777
    187 778
    198 779
    190 780
    162 781
    194 782
    164 783
    186 784
    163 785
    180 786
    152 787
    160 788
    164 789
    175 790
    149 791
    173 792
    176 793
    169 794
    161 795
    163 796
    189 797
    181 798
    180 799
    177 800
    162 801
    150 802
    172 803
    168 804
    133 805
    173 806
    197 807
    136 808
    161 809
    174 810
    169 811
    190 812
    207 813
    178 814
    187 815
    175 816
    196 817
    179 818
    188 819
    189 820
    214 821
    165 822
    193 823
    227 824
    216 825
    215 826
    223 827
    201 828
    210 829
    211 830
    197 831
    211 832
    193 833
    211 834
    211 835
    207 836
    213 837
    210 838
    216 839
    202 840
    189 841
    223 842
    200 843
    149 844
    196 845
    184 846
    191 847
    194 848
    173 849
    179 850
    197 851
    184 852
    184 853
    169 854
    177 855
    174 856
    212 857
    184 858
    179 859
    170 860
    153 861
    173 862
    162 863
    171 864
    181 865
    199 866
    167 867
    197 868
    160 869
    178 870
    173 871
    170 872
    190 873
    176 874
    182 875
    175 876
    165 877
    196 878
    170 879
    186 880
    194 881
    170 882
    207 883
    175 884
    168 885
    196 886
    198 887
    197 888
    209 889
    220 890
    193 891
    176 892
    215 893
    203 894
    224 895
    239 896
    215 897
    201 898
    220 899
    209 900
    208 901
    227 902
    207 903
    217 904
    192 905
    217 906
    201 907
    203 908
    201 909
    169 910
    155 911
    187 912
    154 913
    160 914
    185 915
    187 916
    203 917
    186 918
    194 919
    169 920
    144 921
    170 922
    173 923
    160 924
    192 925
    188 926
    160 927
    179 928
    179 929
    174 930
    169 931
    162 932
    174 933
    183 934
    156 935
    156 936
    178 937
    143 938
    156 939
    205 940
    169 941
    180 942
    192 943
    158 944
    158 945
    175 946
    160 947
    207 948
    176 949
    175 950
    181 951
    187 952
    159 953
    196 954
    205 955
    169 956
    194 957
    203 958
    187 959
    174 960
    208 961
    193 962
    222 963
    216 964
    202 965
    187 966
    207 967
    208 968
    214 969
    215 970
    230 971
    195 972
    191 973
    219 974
    224 975
    221 976
    190 977
    199 978
    172 979
    206 980
    191 981
    207 982
    201 983
    181 984
    176 985
    188 986
    189 987
    184 988
    159 989
    162 990
    191 991
    196 992
    188 993
    179 994
    166 995
    165 996
    166 997
    161 998
    207 999
    179 1000
    158 1001
    169 1002
    173 1003
    180 1004
    178 1005
    165 1006
    149 1007
    162 1008
    170 1009
    163 1010
    174 1011
    179 1012
    170 1013
    175 1014
    153 1015
    164 1016
    166 1017
    155 1018
    176 1019
    189 1020
    183 1021
    195 1022
    174 1023
    176 1024
    180 1025
    169 1026
    155 1027
    223 1028
    179 1029
    178 1030
    163 1031
    194 1032
    191 1033
    179 1034
    171 1035
    198 1036
    181 1037
    186 1038
    210 1039
    192 1040
    193 1041
    178 1042
    207 1043
    173 1044
    165 1045
    180 1046
    164 1047
    194 1048
    168 1049
    165 1050
    160 1051
    185 1052
    159 1053
    151 1054
    168 1055
    178 1056
    161 1057
    168 1058
    158 1059
    164 1060
    147 1061
    165 1062
    135 1063
    166 1064
    150 1065
    146 1066
    162 1067
    170 1068
    165 1069
    143 1070
    172 1071
    140 1072
    160 1073
    150 1074
    134 1075
    142 1076
    157 1077
    149 1078
    141 1079
    176 1080
    159 1081
    143 1082
    137 1083
    157 1084
    157 1085
    149 1086
    131 1087
    141 1088
    150 1089
    149 1090
    142 1091
    114 1092
    151 1093
    143 1094
    161 1095
    134 1096
    139 1097
    166 1098
    167 1099
    158 1100
    165 1101
    149 1102
    175 1103
    152 1104
    176 1105
    196 1106
    169 1107
    168 1108
    128 1109
    171 1110
    170 1111
    153 1112
    135 1113
    162 1114
    130 1115
    149 1116
    152 1117
    158 1118
    152 1119
    147 1120
    160 1121
    129 1122
    164 1123
    129 1124
    138 1125
    121 1126
    148 1127
    144 1128
    132 1129
    111 1130
    128 1131
    130 1132
    129 1133
    138 1134
    107 1135
    140 1136
    148 1137
     94 1138
    145 1139
    112 1140
    124 1141
    117 1142
    124 1143
    113 1144
    135 1145
    101 1146
    110 1147
    113 1148
    116 1149
    140 1150
    110 1151
    113 1152
    136 1153
    117 1154
    103 1155
    115 1156
    138 1157
    122 1158
    132 1159
    114 1160
    104 1161
    110 1162
    105 1163
    139 1164
    129 1165
    126 1166
    106 1167
    129 1168
    113 1169
    134 1170
    126 1171
    134 1172
    117 1173
    124 1174
    129 1175
    121 1176
    117 1177
    125 1178
    122 1179
    113 1180
     83 1181
    125 1182
    106 1183
     99 1184
    105 1185
    112 1186
    101 1187
    128 1188
     96 1189
    107 1190
    114 1191
     84 1192
     91 1193
     93 1194
    101 1195
    121 1196
    102 1197
     99 1198
     93 1199
    106 1200
    103 1201
     94 1202
     84 1203
     79 1204
     84 1205
     91 1206
     81 1207
     83 1208
     83 1209
     81 1210
    101 1211
     79 1212
     86 1213
     87 1214
     87 1215
     60 1216
     92 1217
     87 1218
     80 1219
     87 1220
     81 1221
     91 1222
     93 1223
     85 1224
     70 1225
     78 1226
    103 1227
     61 1228
     77 1229
     78 1230
     76 1231
     85 1232
     91 1233
     78 1234
     87 1235
     91 1236
     85 1237
     79 1238
     87 1239
     89 1240
     83 1241
     91 1242
    108 1243
    113 1244
     95 1245
     78 1246
     89 1247
     89 1248
     87 1249
     75 1250
     74 1251
     71 1252
     70 1253
     93 1254
     95 1255
     84 1256
     78 1257
     78 1258
     79 1259
     86 1260
     74 1261
     72 1262
     85 1263
     72 1264
     89 1265
     72 1266
     76 1267
     78 1268
     79 1269
     69 1270
     65 1271
     69 1272
     71 1273
     62 1274
     74 1275
     75 1276
     57 1277
     72 1278
     62 1279
     68 1280
     73 1281
     64 1282
     63 1283
     65 1284
     61 1285
     70 1286
     67 1287
     65 1288
     75 1289
     78 1290
     64 1291
     70 1292
     83 1293
     67 1294
     65 1295
     60 1296
     57 1297
     69 1298
     49 1299
     60 1300
     66 1301
     63 1302
     62 1303
     71 1304
     48 1305
     65 1306
     46 1307
     66 1308
     58 1309
     58 1310
     54 1311
     68 1312
     73 1313
     58 1314
     77 1315
     61 1316
     61 1317
     73 1318
     70 1319
     54 1320
     40 1321
     55 1322
     70 1323
     76 1324
     64 1325
     51 1326
     45 1327
     57 1328
     49 1329
     55 1330
     57 1331
     51 1332
     61 1333
     60 1334
     59 1335
     54 1336
     58 1337
     67 1338
     55 1339
     63 1340
     50 1341
     68 1342
     46 1343
     54 1344
     43 1345
     37 1346
     53 1347
     49 1348
     51 1349
     46 1350
     44 1351
     50 1352
     66 1353
     48 1354
     56 1355
     44 1356
     55 1357
     65 1358
     54 1359
     47 1360
     39 1361
     56 1362
     49 1363
     45 1364
     37 1365
     37 1366
     52 1367
     46 1368
     46 1369
     53 1370
     47 1371
     53 1372
     51 1373
     46 1374
     61 1375
     46 1376
     45 1377
     50 1378
     46 1379
     51 1380
     55 1381
     48 1382
     53 1383
     48 1384
     33 1385
     45 1386
     34 1387
     51 1388
     50 1389
     55 1390
     52 1391
     44 1392
     52 1393
     42 1394
     37 1395
     39 1396
     54 1397
     38 1398
     45 1399
     50 1400
     37 1401
     46 1402
     45 1403
     44 1404
     47 1405
     43 1406
     41 1407
     47 1408
     40 1409
     38 1410
     44 1411
     42 1412
     42 1413
     47 1414
     42 1415
     34 1416
     53 1417
     27 1418
     31 1419
     37 1420
     36 1421
     53 1422
     36 1423
     51 1424
     39 1425
     43 1426
     44 1427
     39 1428
     29 1429
     27 1430
     41 1431
     37 1432
     30 1433
     39 1434
     40 1435
     33 1436
     33 1437
     38 1438
     36 1439
     37 1440
     38 1441
     45 1442
     47 1443
     39 1444
     42 1445
     42 1446
     44 1447
     46 1448
     33 1449
     37 1450
     52 1451
     35 1452
     36 1453
     38 1454
     42 1455
     40 1456
     51 1457
     33 1458
     34 1459
     41 1460
     36 1461
     35 1462
     47 1463
     39 1464
     29 1465
     34 1466
     26 1467
     37 1468
     37 1469
     40 1470
     36 1471
     36 1472
     33 1473
     42 1474
     27 1475
     36 1476
     32 1477
     33 1478
     36 1479
     35 1480
     39 1481
     48 1482
     31 1483
     24 1484
     35 1485
     26 1486
     32 1487
     36 1488
     32 1489
     36 1490
     30 1491
     27 1492
     31 1493
     39 1494
     33 1495
     30 1496
     25 1497
     36 1498
     31 1499
     24 1500
     33 1501
     25 1502
     25 1503
     32 1504
     21 1505
     35 1506
     29 1507
     26 1508
     31 1509
     18 1510
     38 1511
     33 1512
     25 1513
     23 1514
     27 1515
     40 1516
     26 1517
     31 1518
     31 1519
     28 1520
     41 1521
     43 1522
     24 1523
     33 1524
     33 1525
     35 1526
     26 1527
     27 1528
     25 1529
     25 1530
     25 1531
     30 1532
     32 1533
     24 1534
     38 1535
     30 1536
     26 1537
     36 1538
     21 1539
     26 1540
     32 1541
     22 1542
     27 1543
     26 1544
     20 1545
     17 1546
     22 1547
     26 1548
     26 1549
     27 1550
     28 1551
     29 1552
     36 1553
     21 1554
     26 1555
     30 1556
     21 1557
     29 1558
     27 1559
     20 1560
     14 1561
     20 1562
     26 1563
     23 1564
     23 1565
     23 1566
     25 1567
     26 1568
     29 1569
     23 1570
     34 1571
     17 1572
     13 1573
     21 1574
     22 1575
     19 1576
     29 1577
     17 1578
     20 1579
     24 1580
     23 1581
     19 1582
     21 1583
     39 1584
     28 1585
     30 1586
     27 1587
     27 1588
     24 1589
     28 1590
     25 1591
     27 1592
     23 1593
     23 1594
     31 1595
     15 1596
     23 1597
     28 1598
     18 1599
     26 1600
     24 1601
     18 1602
     23 1603
     20 1604
     23 1605
     14 1606
     18 1607
     21 1608
     20 1609
     16 1610
     22 1611
     29 1612
     20 1613
     20 1614
     19 1615
     25 1616
     23 1617
     23 1618
     29 1619
     34 1620
     16 1621
     28 1622
     27 1623
     20 1624
     12 1625
     15 1626
     21 1627
     22 1628
     13 1629
     25 1630
     13 1631
     29 1632
     22 1633
     21 1634
     27 1635
     19 1636
     13 1637
     27 1638
     23 1639
     25 1640
     21 1641
     20 1642
     16 1643
     17 1644
     24 1645
     17 1646
     20 1647
     25 1648
     19 1649
     23 1650
     19 1651
     15 1652
     19 1653
     32 1654
     13 1655
     16 1656
     17 1657
     24 1658
     21 1659
     25 1660
     16 1661
     17 1662
     25 1663
     19 1664
     21 1665
     17 1666
     23 1667
     17 1668
     15 1669
     21 1670
     20 1671
     21 1672
     20 1673
     15 1674
     12 1675
     22 1676
     18 1677
     23 1678
     23 1679
     17 1680
     13 1681
     19 1682
     15 1683
     17 1684
     13 1685
     19 1686
     11 1687
     21 1688
     14 1689
      8 1690
     14 1691
     17 1692
     23 1693
     14 1694
     14 1695
     17 1696
     10 1697
     14 1698
     19 1699
     21 1700
     14 1701
     12 1702
     16 1703
     23 1704
     16 1705
     11 1706
     16 1707
     15 1708
      8 1709
     16 1710
     12 1711
     14 1712
      7 1713
     18 1714
     20 1715
     13 1716
     14 1717
     12 1718
     12 1719
     18 1720
     18 1721
     17 1722
     12 1723
     14 1724
     15 1725
     16 1726
     12 1727
     13 1728
     19 1729
     16 1730
     16 1731
     20 1732
      8 1733
      9 1734
      8 1735
     11 1736
     13 1737
     10 1738
     18 1739
     12 1740
     10 1741
     16 1742
     17 1743
     14 1744
      7 1745
     12 1746
     12 1747
     12 1748
     10 1749
      5 1750
     12 1751
      9 1752
     13 1753
     15 1754
     16 1755
     11 1756
      7 1757
     13 1758
     11 1759
     11 1760
     15 1761
     11 1762
     13 1763
     11 1764
     15 1765
     12 1766
      9 1767
     14 1768
      9 1769
     10 1770
      7 1771
     14 1772
     14 1773
      7 1774
     17 1775
     14 1776
     12 1777
      9 1778
     13 1779
     12 1780
      7 1781
      8 1782
     11 1783
      8 1784
     15 1785
      9 1786
      9 1787
      5 1788
      7 1789
     13 1790
     10 1791
      6 1792
     10 1793
      5 1794
     15 1795
     11 1796
      8 1797
     10 1798
      9 1799
     13 1800
     10 1801
     10 1802
     13 1803
      9 1804
      6 1805
      5 1806
     11 1807
     11 1808
      8 1809
     14 1810
     13 1811
      8 1812
     15 1813
     12 1814
      4 1815
     10 1816
      8 1817
     11 1818
      8 1819
     14 1820
      3 1821
      8 1822
      5 1823
      5 1824
      7 1825
      8 1826
     10 1827
      5 1828
      7 1829
     13 1830
     13 1831
      5 1832
      8 1833
      6 1834
      8 1835
      4 1836
      6 1837
      6 1838
     11 1839
      8 1840
      8 1841
      6 1842
     10 1843
     12 1844
      5 1845
      8 1846
      8 1847
      5 1848
     11 1849
      7 1850
      5 1851
      3 1852
      6 1853
      7 1854
      9 1855
     12 1856
      7 1857
      7 1858
      9 1859
      8 1860
      8 1861
     10 1862
      8 1863
      4 1864
      7 1865
     13 1866
      4 1867
     11 1868
     11 1869
     12 1870
      5 1871
      8 1872
     11 1873
      6 1874
      7 1875
      6 1876
      7 1877
      7 1878
      9 1879
      8 1880
      8 1881
      7 1882
      3 1883
      7 1884
      5 1885
      6 1886
      7 1887
      6 1888
      7 1889
     14 1890
      3 1891
      5 1892
      7 1893
     10 1894
      4 1895
      5 1896
      4 1897
      7 1898
      5 1899
      7 1900
      5 1901
      8 1902
      6 1903
      7 1904
      5 1905
      9 1906
      7 1907
     13 1908
      4 1909
      4 1910
      9 1911
      6 1913
      3 1914
      4 1915
      8 1916
      3 1917
      8 1918
      1 1919
      3 1920
      3 1921
      5 1922
      5 1923
      6 1924
      3 1925
      2 1926
      4 1927
      7 1928
      5 1929
      9 1930
      4 1931
      7 1932
      9 1933
      5 1934
      5 1935
      3 1936
      4 1937
      4 1938
     11 1939
      4 1940
      6 1941
      3 1942
      5 1943
      4 1944
      9 1945
      7 1946
      2 1947
      7 1948
      7 1949
      4 1950
      7 1951
      1 1952
      6 1953
      7 1954
      7 1955
      5 1956
      2 1957
      4 1958
      4 1960
      4 1961
      6 1962
      6 1963
      3 1964
      9 1965
      4 1966
      3 1967
      2 1968
      5 1969
      1 1970
      4 1971
      2 1972
      1 1973
      4 1974
      6 1975
      7 1976
      3 1977
      2 1978
      4 1979
      3 1980
      1 1982
      5 1983
      4 1984
      5 1985
      3 1986
      2 1987
      9 1988
      2 1989
      6 1990
      3 1991
      6 1992
      2 1993
      8 1994
      1 1995
      2 1996
      2 1997
      2 1999
      6 2000
      2 2001
      5 2002
      1 2003
      4 2004
      4 2005
      5 2006
     10 2007
      4 2008
      5 2009
      5 2010
      4 2011
      2 2012
      3 2013
      7 2015
      2 2016
      2 2017
      8 2018
      3 2019
      1 2020
      3 2021
      4 2022
      3 2023
      6 2024
      3 2025
      4 2026
      9 2027
      4 2028
      1 2029
      3 2030
      4 2031
      1 2032
      3 2033
      4 2034
      5 2035
      3 2036
      7 2037
      1 2038
      6 2039
      7 2040
      4 2041
      3 2042
      6 2044
      5 2045
      3 2046
      3 2047
      3 2048
      1 2049
      3 2050
      2 2051
      3 2052
      3 2053
      2 2054
      5 2055
      2 2056
      2 2057
      3 2058
      2 2059
      2 2060
      4 2061
      4 2062
      2 2063
     10 2064
      3 2065
      4 2066
      3 2067
      2 2068
      1 2069
      3 2070
      6 2071
      2 2073
      1 2074
      4 2075
      5 2076
      6 2077
      3 2078
      6 2079
      4 2080
      4 2081
      1 2082
      4 2083
      2 2084
      3 2085
      2 2086
      2 2087
      3 2088
      2 2089
      1 2090
      4 2091
      1 2092
      3 2093
      3 2095
      1 2096
      1 2097
      3 2098
      1 2099
      2 2100
      3 2101
      7 2102
      3 2103
      4 2104
      3 2105
      3 2106
      1 2107
      3 2108
      2 2109
      2 2110
      3 2111
      1 2112
      2 2113
      2 2114
      3 2115
      1 2116
      2 2117
      2 2118
      2 2120
      3 2121
      3 2122
      3 2123
      2 2124
      3 2125
      1 2126
      3 2127
      1 2128
      3 2129
      1 2130
      1 2132
      1 2133
      2 2134
      4 2135
      1 2136
      2 2137
      3 2138
      2 2140
      3 2141
      2 2142
      2 2143
      3 2144
      3 2145
      1 2146
      3 2148
      3 2149
      5 2150
      1 2151
      1 2152
      3 2154
      2 2155
      1 2156
      2 2157
      2 2158
      1 2159
      3 2160
      1 2161
      2 2162
      4 2163
      1 2165
      1 2166
      1 2167
      4 2168
      1 2170
      2 2171
      2 2172
      3 2173
      1 2174
      1 2175
      1 2176
      3 2177
      4 2178
      5 2180
      2 2181
      1 2182
      1 2183
      3 2185
      3 2186
      1 2187
      3 2188
      2 2189
      3 2191
      1 2192
      1 2193
      1 2194
      5 2195
      1 2196
      4 2197
      1 2198
      3 2200
      2 2201
      1 2203
      1 2204
      1 2205
      1 2206
      2 2209
      1 2211
      1 2212
      2 2213
      3 2214
      1 2215
      2 2216
      3 2217
      1 2218
      2 2220
      1 2221
      1 2222
      3 2223
      3 2224
      2 2225
      1 2227
      2 2228
      2 2229
      1 2231
      1 2232
      2 2233
      8 2234
      3 2235
      2 2237
      3 2238
      3 2239
      1 2240
      2 2241
      3 2242
      1 2243
      3 2245
      1 2246
      2 2247
      1 2248
      3 2249
      1 2251
      5 2252
      1 2253
      2 2254
      1 2255
      1 2256
      2 2257
      3 2258
      2 2260
      1 2261
      1 2262
      3 2263
      3 2265
      2 2266
      1 2267
      4 2269
      4 2270
      1 2271
      1 2272
      2 2273
      3 2274
      3 2276
      1 2278
      4 2280
      1 2282
      1 2283
      2 2284
      1 2285
      6 2288
      1 2289
      2 2290
      1 2291
      2 2292
      3 2293
      1 2295
      1 2296
      1 2297
      1 2298
      4 2300
      3 2301
      1 2303
      1 2304
      3 2305
      4 2307
      1 2310
      3 2311
      1 2313
      1 2314
      2 2315
      1 2318
      1 2319
      2 2320
      2 2322
      2 2323
      1 2326
      1 2327
      1 2328
      1 2329
      2 2330
      3 2333
      1 2334
      3 2335
      1 2338
      1 2339
      2 2341
      2 2342
      1 2344
      2 2345
      2 2346
      1 2347
      1 2349
      2 2350
      4 2351
      3 2353
      2 2354
      1 2356
      3 2357
      1 2358
      1 2360
      1 2362
      3 2363
      4 2364
      2 2365
      2 2367
      2 2370
      1 2372
      2 2373
      1 2374
      2 2376
      1 2377
      1 2378
      1 2379
      1 2381
      1 2382
      2 2384
      1 2385
      1 2386
      2 2387
      2 2388
      1 2389
      1 2390
      1 2391
      1 2393
      2 2395
      1 2396
      2 2398
      1 2399
      1 2400
      1 2401
      1 2402
      2 2404
      1 2405
      2 2408
      2 2411
      1 2412
      2 2413
      1 2414
      3 2415
      2 2416
      1 2417
      1 2420
      1 2423
      2 2425
      1 2426
      1 2427
      3 2428
      1 2430
      1 2432
      1 2433
      1 2434
      3 2436
      3 2437
      3 2438
      1 2439
      1 2440
      1 2441
      2 2444
      1 2445
      3 2449
      1 2450
      2 2451
      2 2452
      2 2453
      2 2454
      3 2455
      1 2456
      2 2457
      2 2458
      1 2459
      1 2463
      2 2465
      2 2466
      2 2467
      2 2469
      2 2471
      1 2474
      1 2475
      2 2476
      1 2477
      2 2478
      1 2479
      1 2480
      3 2483
      1 2485
      1 2487
      2 2488
      1 2489
      1 2490
      2 2491
      1 2492
      2 2494
      1 2496
      1 2503
      2 2504
      1 2506
      2 2507
      1 2508
      2 2509
      1 2510
      4 2511
      1 2512
      1 2513
      2 2516
      1 2518
      2 2519
      1 2520
      2 2522
      1 2523
      2 2524
      3 2526
      1 2528
      4 2529
      1 2533
      1 2534
      2 2538
      4 2540
      2 2541
      1 2542
      1 2543
      1 2544
      1 2546
      2 2547
      4 2548
      2 2550
      2 2554
      1 2557
      3 2558
      1 2559
      1 2561
      1 2563
      1 2564
      1 2565
      1 2566
      1 2568
      1 2570
      2 2571
      2 2572
      2 2573
      3 2580
      1 2582
      1 2584
      1 2585
      3 2587
      2 2588
      1 2590
      1 2592
      3 2593
      1 2595
      3 2596
      2 2600
      2 2601
      2 2602
      1 2603
      1 2604
      2 2606
      1 2612
      1 2613
      2 2614
      1 2615
      1 2617
      2 2619
      1 2620
      1 2621
      1 2622
      2 2624
      1 2626
      1 2628
      1 2629
      1 2631
      1 2632
      1 2635
      1 2637
      2 2641
      2 2643
      1 2644
      1 2645
      1 2646
      1 2647
      1 2648
      1 2652
      1 2653
      1 2654
      2 2655
      1 2656
      2 2657
      1 2658
      1 2659
      1 2664
      1 2665
      1 2667
      3 2668
      1 2670
      2 2672
      1 2673
      1 2675
      1 2676
      2 2678
      3 2679
      2 2683
      2 2684
      3 2685
      2 2688
      2 2689
      2 2691
      1 2693
      3 2694
      3 2698
      2 2704
      1 2705
      1 2709
      1 2713
      1 2718
      1 2720
      1 2721
      1 2722
      1 2728
      1 2729
      2 2730
      2 2732
      1 2733
      1 2734
      1 2735
      2 2737
      1 2740
      3 2742
      2 2743
      2 2744
      1 2745
      1 2746
      1 2747
      1 2749
      1 2750
      2 2751
      1 2753
      1 2754
      1 2755
      1 2757
      1 2758
      1 2760
      1 2761
      1 2763
      2 2764
      1 2766
      1 2769
      3 2771
      1 2772
      2 2775
      1 2778
      1 2779
      1 2782
      2 2784
      5 2786
      2 2787
      1 2788
      1 2789
      2 2791
      1 2792
      1 2795
      1 2799
      2 2800
      1 2801
      1 2802
      1 2803
      2 2804
      1 2805
      1 2807
      1 2810
      1 2813
      2 2817
      1 2818
      4 2819
      2 2828
      1 2830
      1 2832
      2 2834
      2 2841
      1 2843
      1 2844
      1 2850
      1 2852
      2 2857
      1 2861
      1 2862
      1 2866
      1 2869
      1 2870
      2 2872
      1 2875
      2 2877
      1 2878
      1 2881
      1 2882
      1 2884
      1 2885
      1 2887
      2 2888
      1 2889
      1 2890
      1 2891
      1 2893
      1 2894
      1 2895
      1 2896
      1 2898
      1 2899
      1 2902
      1 2905
      1 2906
      1 2908
      1 2909
      1 2911
      1 2916
      2 2919
      2 2920
      1 2921
      1 2924
      1 2925
      1 2926
      1 2929
      1 2933
      1 2934
      1 2936
      2 2937
      1 2940
      1 2941
      1 2942
      2 2945
      1 2947
      1 2950
      1 2953
      1 2954
      1 2959
      1 2965
      2 2966
      1 2967
      2 2968
      1 2971
      1 2975
      1 2979
      1 2980
      2 2981
      1 2987
      1 2989
      2 2994
      1 2995
      1 2997
      1 3004
      1 3006
      1 3007
      2 3009
      1 3012
      1 3016
      1 3017
      1 3019
      2 3022
      1 3023
      1 3024
      1 3027
      1 3030
      1 3031
      1 3033
      1 3034
      2 3036
      1 3037
      2 3040
      1 3041
      2 3042
      1 3048
      1 3050
      1 3051
      1 3052
      1 3055
      1 3060
      1 3061
      2 3062
      3 3063
      1 3067
      1 3068
      1 3072
      1 3079
      1 3081
      1 3082
      1 3084
      1 3085
      1 3089
      2 3090
      1 3091
      1 3094
      1 3101
      1 3106
      1 3112
      1 3114
      1 3120
      1 3121
      1 3122
      1 3128
      1 3142
      1 3143
      1 3148
      1 3151
      1 3154
      1 3156
      2 3157
      2 3159
      2 3161
      1 3172
      1 3173
      1 3184
      1 3188
      1 3191
      1 3196
      1 3197
      1 3198
      1 3199
      1 3208
      1 3213
      2 3214
      1 3216
      1 3218
      1 3220
      1 3223
      1 3233
      2 3234
      1 3237
      1 3243
      1 3244
      1 3245
      1 3246
      1 3249
      1 3251
      1 3252
      1 3253
      2 3254
      2 3255
      1 3259
      1 3266
      1 3267
      1 3268
      1 3272
      1 3274
      1 3276
      1 3278
      1 3284
      1 3290
      1 3291
      1 3292
      1 3293
      1 3299
      1 3301
      3 3302
      1 3307
      1 3311
      1 3312
      1 3313
      1 3319
      1 3320
      1 3323
      1 3325
      1 3326
      1 3332
      1 3338
      1 3343
      1 3345
      1 3350
      1 3351
      1 3356
      1 3366
      1 3367
      1 3370
      1 3375
      1 3380
      1 3382
      3 3383
      1 3384
      2 3385
      1 3386
      1 3388
      1 3391
      1 3393
      1 3394
      1 3396
      1 3398
      2 3399
      1 3400
      2 3402
      1 3409
      1 3417
      1 3418
      1 3426
      1 3428
      3 3436
      1 3441
      1 3447
      2 3449
      1 3450
      1 3451
      1 3455
      1 3468
      1 3469
      1 3471
      1 3472
      2 3478
      1 3486
      1 3487
      1 3490
      1 3494
      1 3496
      1 3502
      1 3503
      2 3509
      1 3513
      1 3522
      1 3524
      1 3526
      1 3527
      2 3530
      1 3533
      1 3540
      1 3547
      1 3550
      1 3551
      1 3570
      1 3577
      2 3581
      1 3584
      1 3589
      1 3591
      2 3592
      1 3593
      1 3598
      1 3601
      1 3602
      1 3609
      1 3620
      1 3634
      1 3644
      1 3646
      2 3649
      1 3652
      1 3653
      1 3664
      1 3665
      1 3667
      1 3680
      1 3684
      1 3693
      1 3694
      1 3700
      1 3710
      1 3714
      1 3716
      1 3724
      1 3725
      1 3726
      1 3727
      1 3740
      1 3743
      1 3746
      1 3751
      1 3753
      1 3756
      1 3762
      1 3765
      1 3766
      1 3771
      1 3773
      1 3776
      1 3792
      1 3813
      1 3815
      1 3816
      1 3820
      1 3835
      1 3845
      1 3848
      1 3858
      1 3859
      1 3877
      2 3886
      1 3922
      1 3962
      1 3966
      1 4015
      1 4020
      1 4021
      1 4028
      1 4039
      1 4046
      1 4058
      1 4068
      1 4080
      1 4092
      1 4098
      1 4100
      1 4103
      1 4110
      1 4114
      1 4118
      1 4121
      1 4124
      1 4140
      1 4142
      1 4144
      1 4150
      1 4160
      1 4169
      1 4174
      1 4178
      1 4205
      1 4207
      1 4232
      1 4243
      1 4248
      1 4252
      1 4267
      1 4295
      1 4296
      1 4352
      1 4354
      1 4366
      1 4385
      1 4433
      1 4439
      1 4446
      1 4484
      1 4509
      1 4513
      1 4519
      1 4535
      1 4563
      1 4574
      1 4578
      1 4593
      1 4609
      1 4643
      1 4651
      1 4678
      1 4704
      1 4738
      1 4751
      1 4817
      1 4822
      1 4933
      1 4961
      2 4965
      1 4984
      1 5010
      1 5034
      1 5104
      1 5123
      1 5197
      1 5216
      1 5220
      1 5224
      1 5278
      1 5296
      1 5368
      1 5423
      1 5430
      1 5431
      1 5543
      1 5559
      1 5664
      1 5714
      1 5814
      1 5832
      1 5970
      1 6018
      1 6223
      1 6297
      1 6311
      1 6327
      1 6358
      1 6410
      1 6623
      1 6877
      1 6920
      1 7007
      1 7093
      1 7215
      1 7255
      1 7351
      1 7353
      1 7425
      1 7547
      1 7695
      1 7790
      1 7851
      1 7891
      1 7929
      1 8259
      1 8355
      1 8676
      1 8743
      1 8877
      1 9010
      1 9318
      1 9423
      1 9487
      1 9784
      1 11706
      1 14814
---AAD-PGBENCH-LAG-US---
