pgbench (18.6 (Debian 18.6-1.pgdg13+2))
starting vacuum...end.
transaction type: <builtin: select only>
scaling factor: 1000
query mode: simple
number of clients: 128
number of threads: 16
maximum number of tries: 1
duration: 60 s
number of transactions actually processed: 8626952
number of failed transactions: 0 (0.000%)
latency average = 0.887 ms
initial connection time = 247.703 ms
tps = 144364.918256 (without initial connection time)
---AAD-PGBENCH-LATENCY-US---
rc=0
samples=172871
      1 242
      1 243
      1 248
      1 249
      2 251
      1 256
      3 259
      1 260
      2 261
      1 262
      4 263
      4 264
      1 265
      5 266
     10 267
      9 268
      5 269
      5 270
     11 271
      8 272
      8 273
     13 274
      6 275
     13 276
      8 277
     11 278
     11 279
     11 280
      7 281
     10 282
     10 283
      4 284
      7 285
     10 286
     12 287
     18 288
     10 289
      8 290
     13 291
      7 292
      7 293
     12 294
      9 295
      9 296
      9 297
      9 298
     14 299
     13 300
     10 301
      9 302
      7 303
     11 304
     10 305
     16 306
     14 307
     18 308
     11 309
     13 310
     16 311
     24 312
     14 313
     16 314
     16 315
     21 316
     21 317
     18 318
     22 319
     19 320
     29 321
     21 322
     38 323
     23 324
     26 325
     30 326
     43 327
     37 328
     35 329
     45 330
     34 331
     41 332
     49 333
     46 334
     56 335
     50 336
     55 337
     56 338
     49 339
     55 340
     52 341
     70 342
     62 343
     76 344
     76 345
     72 346
     74 347
     59 348
     61 349
     56 350
     54 351
     56 352
     51 353
     59 354
     69 355
     61 356
     48 357
     47 358
     50 359
     54 360
     62 361
     61 362
     43 363
     48 364
     57 365
     55 366
     42 367
     52 368
     44 369
     41 370
     39 371
     42 372
     44 373
     40 374
     44 375
     43 376
     50 377
     46 378
     35 379
     51 380
     47 381
     47 382
     43 383
     42 384
     38 385
     56 386
     51 387
     51 388
     44 389
     47 390
     50 391
     52 392
     61 393
     50 394
     65 395
     67 396
     58 397
     69 398
     66 399
     66 400
     69 401
     74 402
     76 403
     95 404
     63 405
     71 406
     94 407
     81 408
     84 409
     98 410
     83 411
     96 412
     98 413
    102 414
     90 415
     93 416
     99 417
     83 418
     84 419
     79 420
     78 421
     84 422
     81 423
     81 424
     66 425
     83 426
     73 427
     81 428
     61 429
     69 430
     52 431
     74 432
     58 433
     63 434
     48 435
     67 436
     64 437
     64 438
     59 439
     56 440
     53 441
     65 442
     42 443
     61 444
     55 445
     57 446
     63 447
     52 448
     62 449
     64 450
     70 451
     65 452
     63 453
     56 454
     86 455
     71 456
     74 457
     67 458
     58 459
     78 460
     76 461
     82 462
     83 463
     71 464
     88 465
     97 466
     90 467
    106 468
     98 469
     93 470
    107 471
    126 472
    104 473
    122 474
    132 475
    131 476
    135 477
    141 478
    151 479
    136 480
    147 481
    146 482
    164 483
    163 484
    164 485
    171 486
    144 487
    132 488
    125 489
    127 490
    127 491
    164 492
    141 493
    116 494
    146 495
    143 496
    128 497
    109 498
    128 499
     99 500
    116 501
    121 502
    132 503
    120 504
    123 505
    110 506
    119 507
    124 508
    105 509
    129 510
    130 511
    117 512
    120 513
    129 514
    134 515
    132 516
    124 517
    140 518
    122 519
    124 520
    141 521
    134 522
    138 523
    147 524
    133 525
    165 526
    132 527
    141 528
    151 529
    162 530
    198 531
    168 532
    183 533
    190 534
    181 535
    204 536
    154 537
    193 538
    202 539
    196 540
    223 541
    243 542
    243 543
    218 544
    227 545
    266 546
    253 547
    285 548
    271 549
    260 550
    273 551
    286 552
    307 553
    280 554
    287 555
    267 556
    264 557
    251 558
    264 559
    243 560
    265 561
    276 562
    216 563
    270 564
    253 565
    261 566
    227 567
    228 568
    250 569
    247 570
    235 571
    212 572
    243 573
    212 574
    255 575
    210 576
    237 577
    209 578
    193 579
    234 580
    221 581
    238 582
    214 583
    226 584
    231 585
    204 586
    201 587
    243 588
    200 589
    210 590
    221 591
    227 592
    229 593
    231 594
    253 595
    221 596
    241 597
    248 598
    255 599
    245 600
    252 601
    285 602
    238 603
    288 604
    262 605
    288 606
    288 607
    298 608
    304 609
    332 610
    324 611
    312 612
    307 613
    344 614
    370 615
    338 616
    379 617
    359 618
    337 619
    356 620
    348 621
    409 622
    356 623
    386 624
    320 625
    368 626
    339 627
    343 628
    342 629
    323 630
    295 631
    312 632
    287 633
    318 634
    239 635
    262 636
    312 637
    291 638
    289 639
    268 640
    261 641
    248 642
    248 643
    272 644
    254 645
    251 646
    237 647
    249 648
    230 649
    237 650
    238 651
    252 652
    251 653
    250 654
    253 655
    233 656
    234 657
    243 658
    246 659
    237 660
    227 661
    231 662
    263 663
    244 664
    226 665
    201 666
    270 667
    263 668
    244 669
    237 670
    243 671
    246 672
    274 673
    248 674
    249 675
    267 676
    281 677
    242 678
    258 679
    251 680
    269 681
    270 682
    289 683
    278 684
    265 685
    280 686
    256 687
    280 688
    310 689
    279 690
    304 691
    275 692
    271 693
    275 694
    244 695
    249 696
    271 697
    260 698
    254 699
    253 700
    239 701
    209 702
    259 703
    204 704
    248 705
    213 706
    206 707
    239 708
    199 709
    223 710
    220 711
    201 712
    186 713
    203 714
    204 715
    196 716
    193 717
    211 718
    191 719
    190 720
    189 721
    206 722
    208 723
    199 724
    181 725
    215 726
    185 727
    194 728
    194 729
    181 730
    186 731
    171 732
    176 733
    209 734
    160 735
    191 736
    190 737
    196 738
    178 739
    199 740
    194 741
    190 742
    176 743
    199 744
    213 745
    199 746
    199 747
    212 748
    233 749
    216 750
    214 751
    225 752
    206 753
    216 754
    212 755
    231 756
    253 757
    216 758
    210 759
    222 760
    212 761
    224 762
    227 763
    220 764
    190 765
    222 766
    210 767
    203 768
    202 769
    225 770
    199 771
    191 772
    209 773
    204 774
    186 775
    179 776
    173 777
    165 778
    173 779
    181 780
    190 781
    167 782
    184 783
    197 784
    170 785
    171 786
    210 787
    175 788
    164 789
    171 790
    162 791
    182 792
    169 793
    167 794
    173 795
    155 796
    173 797
    159 798
    176 799
    174 800
    163 801
    194 802
    175 803
    182 804
    165 805
    152 806
    176 807
    171 808
    174 809
    176 810
    173 811
    167 812
    154 813
    197 814
    198 815
    191 816
    186 817
    186 818
    186 819
    198 820
    173 821
    215 822
    231 823
    201 824
    219 825
    198 826
    217 827
    247 828
    232 829
    225 830
    197 831
    184 832
    203 833
    224 834
    197 835
    218 836
    193 837
    187 838
    209 839
    186 840
    204 841
    190 842
    188 843
    180 844
    169 845
    208 846
    187 847
    182 848
    180 849
    164 850
    181 851
    177 852
    161 853
    170 854
    204 855
    168 856
    180 857
    166 858
    170 859
    165 860
    159 861
    176 862
    169 863
    167 864
    177 865
    173 866
    181 867
    179 868
    170 869
    166 870
    184 871
    191 872
    179 873
    168 874
    156 875
    167 876
    163 877
    190 878
    167 879
    176 880
    194 881
    182 882
    163 883
    182 884
    179 885
    163 886
    194 887
    189 888
    184 889
    189 890
    183 891
    196 892
    194 893
    185 894
    192 895
    197 896
    219 897
    221 898
    204 899
    200 900
    217 901
    203 902
    193 903
    187 904
    199 905
    201 906
    209 907
    194 908
    175 909
    194 910
    206 911
    166 912
    196 913
    196 914
    174 915
    211 916
    166 917
    175 918
    170 919
    180 920
    162 921
    175 922
    172 923
    194 924
    171 925
    189 926
    188 927
    185 928
    159 929
    158 930
    169 931
    166 932
    165 933
    179 934
    155 935
    165 936
    178 937
    188 938
    192 939
    181 940
    207 941
    155 942
    164 943
    171 944
    174 945
    174 946
    183 947
    139 948
    183 949
    201 950
    183 951
    169 952
    192 953
    182 954
    190 955
    188 956
    185 957
    183 958
    185 959
    172 960
    154 961
    203 962
    199 963
    188 964
    208 965
    202 966
    191 967
    221 968
    188 969
    195 970
    231 971
    193 972
    228 973
    204 974
    175 975
    191 976
    192 977
    207 978
    184 979
    166 980
    178 981
    163 982
    175 983
    182 984
    183 985
    181 986
    173 987
    169 988
    179 989
    170 990
    155 991
    165 992
    183 993
    144 994
    172 995
    173 996
    172 997
    150 998
    160 999
    171 1000
    175 1001
    181 1002
    146 1003
    194 1004
    158 1005
    171 1006
    166 1007
    172 1008
    165 1009
    187 1010
    162 1011
    157 1012
    180 1013
    172 1014
    182 1015
    170 1016
    171 1017
    160 1018
    160 1019
    166 1020
    173 1021
    172 1022
    181 1023
    158 1024
    176 1025
    143 1026
    189 1027
    163 1028
    167 1029
    178 1030
    193 1031
    163 1032
    215 1033
    195 1034
    186 1035
    185 1036
    214 1037
    181 1038
    182 1039
    179 1040
    203 1041
    188 1042
    193 1043
    180 1044
    185 1045
    188 1046
    150 1047
    182 1048
    182 1049
    155 1050
    171 1051
    151 1052
    167 1053
    154 1054
    163 1055
    157 1056
    154 1057
    178 1058
    137 1059
    163 1060
    169 1061
    159 1062
    143 1063
    145 1064
    151 1065
    159 1066
    148 1067
    177 1068
    148 1069
    145 1070
    149 1071
    150 1072
    135 1073
    146 1074
    156 1075
    147 1076
    175 1077
    149 1078
    150 1079
    141 1080
    144 1081
    142 1082
    150 1083
    157 1084
    185 1085
    141 1086
    145 1087
    154 1088
    169 1089
    171 1090
    135 1091
    133 1092
    139 1093
    132 1094
    147 1095
    163 1096
    128 1097
    156 1098
    136 1099
    156 1100
    179 1101
    145 1102
    162 1103
    172 1104
    138 1105
    148 1106
    154 1107
    163 1108
    203 1109
    159 1110
    144 1111
    155 1112
    168 1113
    164 1114
    130 1115
    124 1116
    128 1117
    144 1118
    157 1119
    127 1120
    124 1121
    141 1122
    125 1123
    139 1124
    139 1125
    123 1126
    132 1127
    139 1128
    135 1129
    116 1130
    143 1131
    118 1132
    125 1133
    121 1134
    127 1135
    143 1136
    123 1137
    118 1138
    121 1139
    107 1140
    112 1141
    127 1142
    115 1143
    121 1144
    128 1145
    136 1146
    125 1147
    129 1148
     96 1149
    110 1150
    128 1151
    104 1152
    116 1153
    121 1154
    126 1155
    143 1156
    106 1157
     93 1158
     93 1159
    126 1160
     96 1161
    121 1162
    141 1163
    128 1164
    124 1165
    118 1166
    121 1167
    122 1168
    112 1169
    116 1170
    120 1171
    120 1172
    136 1173
    141 1174
    140 1175
    122 1176
    138 1177
    120 1178
    114 1179
    112 1180
    110 1181
    127 1182
    112 1183
    121 1184
    101 1185
    101 1186
    116 1187
    117 1188
    103 1189
    104 1190
    121 1191
     99 1192
     99 1193
    105 1194
     98 1195
     98 1196
    112 1197
    102 1198
     95 1199
    102 1200
     99 1201
     79 1202
    108 1203
     94 1204
     99 1205
     82 1206
     81 1207
     95 1208
    110 1209
     85 1210
     89 1211
     94 1212
     79 1213
     77 1214
     80 1215
     99 1216
     97 1217
     66 1218
     93 1219
     93 1220
    102 1221
     84 1222
     75 1223
     93 1224
     83 1225
     99 1226
     69 1227
     85 1228
     77 1229
     75 1230
     93 1231
     86 1232
     80 1233
     82 1234
     84 1235
     88 1236
     94 1237
     87 1238
     85 1239
     81 1240
     78 1241
     92 1242
     85 1243
     89 1244
     77 1245
     83 1246
     66 1247
     72 1248
     80 1249
     86 1250
     79 1251
     87 1252
     75 1253
     69 1254
     91 1255
     72 1256
     72 1257
     84 1258
     74 1259
     82 1260
     66 1261
     65 1262
     77 1263
     70 1264
     70 1265
     69 1266
     78 1267
     58 1268
     75 1269
     89 1270
     79 1271
     59 1272
     53 1273
     84 1274
     69 1275
     63 1276
     70 1277
     75 1278
     47 1279
     56 1280
     73 1281
     72 1282
     79 1283
     62 1284
     58 1285
     60 1286
     58 1287
     74 1288
     62 1289
     65 1290
     51 1291
     47 1292
     67 1293
     62 1294
     75 1295
     53 1296
     55 1297
     53 1298
     42 1299
     53 1300
     53 1301
     53 1302
     63 1303
     64 1304
     74 1305
     53 1306
     68 1307
     56 1308
     73 1309
     56 1310
     53 1311
     58 1312
     65 1313
     59 1314
     53 1315
     53 1316
     66 1317
     63 1318
     63 1319
     65 1320
     46 1321
     48 1322
     62 1323
     62 1324
     60 1325
     60 1326
     55 1327
     51 1328
     52 1329
     60 1330
     54 1331
     41 1332
     60 1333
     44 1334
     49 1335
     47 1336
     42 1337
     62 1338
     58 1339
     65 1340
     45 1341
     49 1342
     53 1343
     45 1344
     43 1345
     47 1346
     44 1347
     53 1348
     35 1349
     51 1350
     52 1351
     58 1352
     59 1353
     47 1354
     45 1355
     56 1356
     55 1357
     45 1358
     51 1359
     44 1360
     42 1361
     49 1362
     50 1363
     49 1364
     52 1365
     48 1366
     47 1367
     39 1368
     37 1369
     46 1370
     43 1371
     48 1372
     58 1373
     47 1374
     37 1375
     40 1376
     36 1377
     44 1378
     44 1379
     53 1380
     43 1381
     49 1382
     51 1383
     50 1384
     58 1385
     57 1386
     57 1387
     47 1388
     44 1389
     36 1390
     44 1391
     40 1392
     61 1393
     35 1394
     48 1395
     38 1396
     47 1397
     43 1398
     47 1399
     44 1400
     51 1401
     42 1402
     52 1403
     39 1404
     38 1405
     45 1406
     25 1407
     29 1408
     36 1409
     47 1410
     38 1411
     39 1412
     70 1413
     40 1414
     40 1415
     40 1416
     38 1417
     49 1418
     34 1419
     31 1420
     43 1421
     44 1422
     44 1423
     37 1424
     39 1425
     36 1426
     38 1427
     44 1428
     37 1429
     40 1430
     35 1431
     29 1432
     41 1433
     39 1434
     35 1435
     37 1436
     33 1437
     37 1438
     37 1439
     31 1440
     36 1441
     28 1442
     44 1443
     36 1444
     42 1445
     43 1446
     39 1447
     41 1448
     33 1449
     44 1450
     46 1451
     32 1452
     41 1453
     34 1454
     28 1455
     43 1456
     33 1457
     35 1458
     29 1459
     29 1460
     31 1461
     42 1462
     27 1463
     46 1464
     44 1465
     33 1466
     29 1467
     29 1468
     36 1469
     39 1470
     44 1471
     40 1472
     30 1473
     31 1474
     34 1475
     42 1476
     25 1477
     39 1478
     30 1479
     41 1480
     43 1481
     38 1482
     25 1483
     39 1484
     39 1485
     27 1486
     36 1487
     42 1488
     28 1489
     33 1490
     29 1491
     29 1492
     29 1493
     39 1494
     38 1495
     25 1496
     37 1497
     23 1498
     39 1499
     33 1500
     34 1501
     26 1502
     24 1503
     25 1504
     27 1505
     35 1506
     37 1507
     30 1508
     38 1509
     32 1510
     37 1511
     21 1512
     36 1513
     40 1514
     26 1515
     25 1516
     34 1517
     32 1518
     27 1519
     17 1520
     28 1521
     30 1522
     34 1523
     26 1524
     38 1525
     37 1526
     30 1527
     27 1528
     32 1529
     36 1530
     30 1531
     37 1532
     26 1533
     32 1534
     27 1535
     30 1536
     31 1537
     36 1538
     28 1539
     36 1540
     25 1541
     32 1542
     23 1543
     18 1544
     29 1545
     30 1546
     27 1547
     25 1548
     24 1549
     18 1550
     30 1551
     26 1552
     26 1553
     18 1554
     27 1555
     17 1556
     31 1557
     27 1558
     24 1559
     20 1560
     21 1561
     25 1562
     29 1563
     25 1564
     22 1565
     29 1566
     26 1567
     27 1568
     23 1569
     22 1570
     25 1571
     22 1572
     14 1573
     21 1574
     30 1575
     25 1576
     18 1577
     27 1578
     22 1579
     16 1580
     20 1581
     27 1582
     24 1583
     30 1584
     29 1585
     19 1586
     19 1587
     25 1588
     17 1589
     17 1590
     19 1591
     24 1592
     33 1593
     18 1594
     31 1595
     22 1596
     22 1597
     14 1598
     25 1599
     21 1600
     14 1601
     17 1602
     21 1603
     28 1604
     26 1605
     21 1606
     19 1607
     36 1608
     20 1609
     29 1610
     21 1611
     27 1612
     17 1613
     23 1614
     18 1615
     21 1616
     19 1617
     25 1618
     19 1619
     25 1620
     19 1621
     16 1622
     14 1623
     16 1624
     25 1625
     24 1626
     25 1627
     29 1628
     22 1629
     18 1630
     21 1631
     19 1632
     19 1633
     18 1634
     15 1635
     18 1636
     19 1637
     13 1638
     16 1639
     13 1640
     11 1641
     20 1642
     20 1643
     20 1644
     17 1645
     14 1646
     16 1647
     24 1648
     27 1649
     15 1650
     15 1651
     18 1652
     18 1653
     22 1654
     14 1655
     22 1656
     14 1657
     12 1658
     22 1659
     19 1660
     14 1661
     17 1662
     14 1663
     18 1664
     18 1665
     13 1666
     12 1667
     19 1668
     20 1669
     16 1670
     21 1671
     13 1672
     14 1673
     22 1674
     18 1675
     22 1676
     11 1677
     12 1678
     16 1679
     19 1680
     18 1681
     22 1682
     11 1683
     17 1684
     21 1685
     12 1686
     16 1687
     14 1688
     17 1689
     14 1690
      7 1691
     19 1692
     28 1693
     16 1694
     14 1695
     18 1696
     14 1697
     17 1698
     15 1699
     21 1700
      7 1701
     11 1702
     12 1703
     14 1704
      9 1705
     13 1706
     14 1707
     15 1708
     12 1709
      8 1710
     14 1711
     13 1712
     11 1713
     16 1714
     15 1715
     15 1716
     22 1717
     10 1718
     12 1719
     10 1720
     10 1721
     13 1722
     14 1723
     21 1724
     16 1725
     13 1726
     14 1727
     16 1728
     16 1729
     18 1730
     12 1731
     10 1732
     14 1733
      9 1734
     13 1735
     10 1736
     10 1737
     20 1738
      9 1739
     11 1740
     11 1741
     14 1742
      9 1743
     12 1744
     11 1745
      8 1746
     10 1747
     21 1748
     16 1749
      7 1750
     10 1751
     15 1752
     11 1753
     20 1754
     12 1755
      7 1756
     14 1757
     12 1758
      8 1759
     15 1760
     12 1761
      6 1762
     13 1763
      8 1764
     14 1765
     15 1766
     15 1767
      6 1768
     13 1769
      7 1770
     15 1771
      9 1772
     11 1773
     10 1774
     12 1775
     14 1776
     12 1777
     10 1778
      8 1779
     10 1780
     12 1781
     11 1782
      9 1783
      7 1784
     13 1785
      7 1786
      9 1787
     11 1788
     12 1789
      9 1790
      5 1791
     12 1792
      7 1793
      9 1794
      4 1795
     14 1796
      9 1797
      9 1798
     15 1799
     13 1800
     12 1801
      3 1802
      9 1803
      8 1804
     12 1805
     12 1806
     11 1807
     19 1808
      8 1809
      7 1810
      6 1811
      4 1812
      8 1813
     13 1814
     11 1815
     10 1816
     10 1817
      6 1818
      9 1819
      8 1820
      7 1821
      6 1822
      9 1823
     10 1824
      8 1825
     12 1826
     13 1827
      8 1828
     11 1829
      5 1830
     11 1831
      7 1832
     10 1833
     10 1834
      6 1835
      8 1836
      8 1837
      7 1838
      8 1839
      7 1840
      7 1841
     12 1842
      7 1843
      7 1844
     10 1845
      5 1846
      6 1847
      8 1848
      7 1849
      7 1850
      5 1851
     12 1852
      8 1853
      9 1854
      5 1855
      8 1856
      4 1857
      2 1858
     10 1859
      5 1860
      8 1861
      8 1862
      7 1863
      7 1864
      8 1865
     10 1866
      4 1867
      6 1868
      9 1869
      7 1870
      9 1871
      6 1872
      9 1873
      9 1874
      5 1875
      8 1876
      6 1877
      9 1878
      9 1879
      9 1880
      5 1881
      7 1882
      2 1883
      6 1884
      5 1885
      5 1886
      8 1887
     13 1888
      7 1889
      1 1890
      9 1891
      8 1892
      5 1893
      5 1894
      3 1895
      5 1896
      6 1897
      5 1898
      3 1899
      4 1900
      4 1901
      5 1902
      3 1903
      6 1904
      4 1905
      7 1906
      4 1907
      2 1908
      3 1909
      9 1910
      6 1911
      6 1912
      3 1913
      8 1915
      7 1916
      4 1917
      4 1918
      4 1919
      6 1920
      3 1921
      7 1922
      6 1923
      7 1924
      5 1925
      4 1926
      4 1927
      5 1928
      6 1929
      7 1930
      3 1931
      2 1932
      5 1933
      5 1934
      4 1935
      4 1936
      8 1937
      3 1938
      5 1939
     11 1940
      7 1941
      6 1942
      3 1943
      4 1944
      2 1945
      5 1946
      6 1947
      4 1948
      4 1949
      7 1950
      2 1951
      4 1952
      7 1953
      2 1954
      8 1955
      7 1956
      8 1957
      4 1958
      4 1959
      5 1960
      6 1961
      1 1962
      3 1963
      3 1964
      3 1965
      7 1966
      7 1967
      3 1968
      5 1969
      3 1970
      7 1971
      1 1972
      7 1973
      3 1974
      5 1975
      2 1976
      2 1977
      5 1979
      3 1980
      7 1981
      3 1982
      3 1983
      6 1984
      6 1985
      2 1986
      5 1987
      5 1988
      4 1989
      3 1990
      4 1991
      6 1992
      4 1993
      2 1994
      2 1995
      2 1996
      2 1997
      7 1998
      3 1999
      5 2000
      7 2001
      4 2002
      3 2003
      4 2004
      3 2005
      7 2006
      4 2007
      3 2008
      4 2009
      5 2010
      2 2011
      4 2012
      6 2013
      3 2014
      1 2015
      4 2016
      3 2017
      3 2018
      4 2019
      2 2020
      8 2021
      3 2022
      6 2023
      3 2024
      6 2025
      4 2026
      2 2027
      4 2028
      1 2029
      3 2030
      2 2031
      4 2032
      5 2033
      5 2034
      4 2035
      4 2036
      3 2037
      3 2038
      4 2039
      3 2040
      1 2041
      4 2042
      3 2043
      1 2044
      2 2045
      3 2046
      2 2047
      2 2048
      4 2049
      3 2051
      6 2052
      2 2053
      1 2054
      5 2055
      3 2056
      5 2057
      1 2058
      3 2059
      1 2060
      4 2061
      3 2062
      2 2063
      2 2065
      3 2066
      3 2067
      5 2068
      3 2069
      4 2070
      2 2071
      5 2073
      2 2074
      1 2075
      2 2076
      1 2077
      5 2078
      5 2080
      3 2081
      2 2082
      1 2083
      5 2084
      4 2085
      4 2086
      4 2087
      1 2088
      6 2089
      3 2090
      5 2092
      1 2093
      4 2094
      4 2095
      2 2096
      1 2097
      4 2098
      1 2099
      1 2100
      1 2101
      3 2102
      3 2103
      2 2104
      2 2105
      1 2106
      5 2107
      1 2109
      2 2110
      4 2111
      1 2112
      2 2113
      3 2114
      2 2115
      2 2117
      3 2118
      1 2119
      1 2120
      3 2121
      3 2122
      4 2123
      2 2124
      1 2125
      3 2126
      1 2127
      1 2128
      4 2129
      2 2130
      2 2131
      1 2132
      2 2133
      3 2134
      1 2136
      2 2137
      4 2139
      3 2140
      4 2141
      2 2143
      4 2144
      1 2145
      3 2146
      3 2147
      2 2148
      2 2149
      5 2150
      6 2151
      4 2152
      2 2153
      1 2154
      1 2155
      1 2156
      2 2158
      2 2160
      3 2161
      3 2162
      4 2164
      2 2166
      3 2167
      1 2168
      5 2169
      2 2172
      2 2174
      2 2175
      5 2176
      3 2177
      2 2178
      4 2179
      1 2180
      2 2181
      3 2183
      3 2184
      4 2185
      1 2186
      3 2187
      1 2188
      3 2189
      3 2190
      1 2191
      4 2192
      1 2194
      5 2195
      1 2196
      5 2197
      2 2198
      4 2200
      3 2202
      1 2203
      2 2205
      1 2206
      2 2207
      1 2208
      2 2209
      3 2210
      4 2211
      2 2212
      1 2213
      3 2214
      2 2215
      3 2216
      3 2217
      2 2218
      2 2220
      1 2221
      1 2222
      1 2223
      1 2224
      3 2226
      3 2227
      2 2228
      3 2229
      2 2230
      2 2231
      3 2232
      2 2233
      1 2234
      1 2235
      1 2238
      2 2239
      1 2241
      1 2243
      1 2244
      1 2245
      2 2246
      1 2249
      1 2250
      1 2251
      1 2252
      1 2253
      4 2254
      1 2255
      2 2257
      2 2258
      1 2259
      4 2260
      2 2261
      1 2262
      1 2264
      1 2265
      2 2266
      3 2267
      3 2268
      4 2269
      2 2270
      1 2271
      1 2272
      1 2273
      3 2274
      6 2277
      1 2279
      1 2281
      2 2282
      2 2284
      3 2285
      3 2288
      2 2290
      1 2292
      2 2293
      3 2294
      3 2295
      1 2296
      2 2297
      1 2298
      1 2299
      1 2300
      2 2301
      2 2302
      1 2303
      2 2304
      3 2306
      3 2308
      1 2309
      3 2311
      6 2313
      2 2315
      2 2317
      1 2318
      2 2319
      1 2320
      2 2321
      1 2322
      5 2323
      2 2324
      1 2325
      1 2326
      2 2327
      2 2331
      2 2332
      2 2333
      1 2334
      1 2335
      2 2337
      4 2338
      1 2339
      2 2340
      1 2341
      1 2343
      1 2344
      3 2347
      1 2348
      2 2349
      1 2350
      4 2351
      3 2352
      2 2353
      1 2354
      1 2357
      1 2359
      1 2360
      1 2361
      1 2363
      4 2364
      1 2365
      1 2366
      1 2367
      2 2368
      1 2370
      3 2371
      1 2372
      1 2373
      2 2374
      1 2375
      1 2376
      1 2378
      2 2379
      1 2381
      2 2382
      3 2383
      1 2384
      4 2385
      4 2388
      1 2389
      2 2393
      3 2394
      2 2396
      1 2397
      1 2398
      1 2399
      2 2401
      2 2402
      1 2403
      1 2406
      1 2407
      1 2408
      1 2409
      1 2410
      1 2414
      1 2415
      1 2418
      2 2419
      2 2421
      1 2422
      1 2424
      1 2426
      2 2428
      1 2429
      2 2430
      2 2435
      3 2436
      3 2438
      1 2440
      1 2441
      1 2442
      1 2443
      3 2445
      1 2447
      1 2449
      2 2450
      1 2452
      1 2453
      3 2454
      1 2455
      1 2456
      2 2457
      1 2460
      3 2463
      1 2464
      1 2465
      1 2468
      1 2469
      2 2470
      1 2474
      5 2475
      1 2477
      1 2478
      2 2480
      1 2481
      2 2483
      2 2484
      2 2487
      1 2490
      1 2491
      1 2492
      1 2493
      1 2494
      1 2497
      2 2499
      1 2500
      2 2501
      3 2502
      1 2503
      2 2504
      2 2506
      1 2507
      4 2508
      1 2509
      2 2510
      1 2511
      1 2512
      3 2513
      1 2514
      3 2515
      1 2516
      1 2519
      1 2520
      2 2527
      2 2530
      2 2531
      1 2532
      2 2533
      1 2534
      2 2535
      2 2537
      3 2538
      2 2540
      1 2542
      1 2549
      1 2550
      3 2552
      3 2555
      1 2556
      1 2557
      2 2560
      1 2561
      1 2562
      1 2564
      2 2565
      2 2568
      4 2569
      1 2570
      2 2571
      1 2573
      1 2574
      2 2576
      1 2577
      1 2578
      1 2579
      1 2583
      2 2585
      1 2587
      1 2589
      1 2593
      1 2595
      2 2596
      1 2597
      1 2598
      3 2599
      3 2600
      2 2602
      1 2603
      2 2605
      4 2606
      1 2608
      1 2610
      2 2611
      1 2614
      1 2616
      1 2617
      1 2618
      1 2622
      1 2624
      2 2625
      1 2626
      2 2627
      1 2629
      3 2631
      4 2636
      3 2637
      1 2638
      1 2640
      1 2641
      1 2647
      3 2649
      1 2651
      1 2652
      1 2653
      1 2655
      1 2656
      1 2657
      1 2658
      2 2659
      1 2660
      2 2664
      1 2671
      3 2672
      1 2675
      1 2676
      1 2677
      1 2678
      1 2679
      2 2681
      2 2683
      1 2685
      1 2689
      2 2690
      1 2693
      3 2698
      2 2704
      1 2708
      3 2709
      1 2710
      1 2711
      1 2716
      2 2717
      1 2718
      1 2721
      1 2722
      2 2725
      1 2726
      1 2727
      1 2728
      1 2730
      1 2733
      1 2734
      1 2736
      1 2737
      1 2742
      1 2743
      1 2745
      1 2746
      1 2747
      1 2748
      1 2749
      1 2753
      1 2754
      2 2755
      1 2756
      1 2759
      2 2760
      1 2762
      1 2763
      1 2764
      1 2766
      1 2767
      1 2771
      1 2772
      2 2773
      1 2775
      1 2776
      1 2777
      1 2780
      1 2782
      1 2784
      1 2787
      2 2788
      1 2790
      1 2791
      2 2793
      1 2797
      1 2798
      3 2801
      1 2802
      3 2805
      1 2806
      1 2807
      2 2808
      1 2809
      1 2815
      2 2818
      2 2819
      1 2820
      2 2822
      1 2823
      1 2826
      1 2828
      1 2829
      1 2832
      1 2833
      1 2835
      1 2836
      2 2838
      2 2839
      1 2842
      1 2844
      1 2845
      3 2847
      2 2848
      1 2849
      1 2850
      1 2851
      3 2856
      1 2859
      1 2860
      1 2861
      1 2867
      1 2868
      2 2872
      1 2873
      1 2874
      4 2875
      2 2877
      1 2879
      1 2881
      2 2884
      1 2885
      2 2887
      1 2888
      1 2891
      3 2892
      2 2897
      1 2899
      1 2901
      3 2909
      1 2910
      3 2912
      1 2914
      1 2916
      1 2917
      1 2921
      1 2923
      1 2928
      3 2929
      1 2931
      1 2932
      1 2937
      3 2938
      1 2939
      1 2940
      1 2942
      1 2944
      3 2945
      1 2948
      1 2950
      2 2951
      1 2958
      1 2959
      2 2963
      1 2965
      1 2969
      1 2971
      1 2976
      2 2977
      1 2978
      1 2979
      1 2980
      2 2981
      2 2986
      1 2988
      1 2989
      1 2991
      2 3001
      1 3002
      1 3004
      3 3005
      1 3006
      2 3008
      1 3010
      3 3012
      2 3019
      1 3020
      1 3022
      1 3025
      1 3028
      1 3034
      1 3035
      1 3036
      1 3039
      1 3044
      1 3048
      1 3052
      2 3053
      1 3054
      1 3055
      1 3056
      1 3063
      2 3066
      3 3068
      1 3069
      1 3071
      1 3072
      1 3073
      1 3075
      1 3077
      2 3090
      1 3091
      1 3094
      1 3097
      1 3098
      1 3102
      1 3106
      2 3107
      1 3110
      1 3111
      2 3113
      1 3114
      1 3116
      2 3126
      1 3128
      1 3131
      3 3135
      1 3136
      4 3137
      1 3139
      2 3144
      1 3146
      2 3148
      2 3152
      1 3160
      1 3162
      1 3163
      1 3166
      1 3167
      2 3168
      1 3169
      1 3172
      1 3174
      1 3176
      1 3182
      1 3187
      1 3195
      1 3197
      1 3198
      1 3201
      1 3203
      1 3204
      1 3205
      1 3206
      1 3208
      1 3212
      1 3217
      1 3227
      2 3231
      1 3239
      1 3245
      3 3249
      1 3253
      1 3254
      1 3256
      1 3259
      1 3260
      1 3267
      1 3269
      1 3270
      2 3271
      1 3277
      1 3279
      1 3280
      2 3298
      1 3302
      1 3304
      1 3306
      1 3308
      2 3319
      1 3320
      2 3323
      1 3327
      1 3335
      1 3356
      1 3357
      1 3367
      2 3372
      2 3373
      1 3377
      2 3378
      1 3390
      2 3402
      1 3404
      1 3405
      1 3409
      1 3411
      1 3419
      1 3421
      1 3422
      2 3425
      1 3427
      1 3437
      1 3442
      1 3446
      1 3449
      1 3450
      1 3452
      1 3457
      1 3478
      1 3481
      1 3482
      1 3484
      1 3499
      1 3502
      1 3510
      1 3519
      1 3526
      1 3527
      2 3528
      1 3530
      1 3532
      1 3534
      1 3537
      1 3539
      1 3540
      1 3545
      1 3570
      1 3571
      1 3572
      1 3575
      2 3578
      1 3590
      1 3592
      1 3610
      1 3611
      2 3625
      1 3628
      2 3637
      1 3644
      1 3650
      1 3657
      1 3660
      1 3666
      1 3670
      1 3681
      1 3687
      1 3696
      1 3702
      1 3704
      2 3706
      1 3716
      1 3722
      1 3723
      1 3726
      1 3733
      1 3737
      1 3740
      1 3742
      1 3744
      1 3745
      1 3755
      1 3760
      1 3761
      1 3763
      1 3776
      1 3779
      1 3795
      1 3797
      1 3809
      1 3812
      1 3819
      1 3822
      1 3834
      1 3835
      1 3843
      1 3880
      1 3890
      1 3910
      1 3917
      1 3921
      1 3923
      1 3929
      1 3940
      1 3950
      1 3964
      1 3975
      1 3977
      1 3988
      1 3996
      1 4005
      1 4016
      1 4036
      1 4048
      1 4097
      1 4111
      1 4114
      1 4117
      1 4125
      1 4126
      1 4127
      1 4128
      1 4129
      1 4143
      1 4155
      1 4165
      1 4176
      2 4190
      1 4195
      1 4240
      1 4246
      1 4259
      1 4267
      1 4285
      1 4290
      1 4296
      1 4305
      1 4321
      1 4335
      1 4339
      1 4348
      1 4380
      1 4382
      1 4400
      1 4432
      1 4438
      1 4456
      1 4459
      1 4463
      1 4481
      1 4482
      1 4486
      1 4487
      1 4495
      1 4514
      1 4515
      1 4525
      1 4555
      1 4559
      1 4561
      1 4658
      1 4669
      1 4688
      1 4691
      1 4711
      1 4835
      1 4845
      1 4894
      1 4921
      1 4923
      1 4990
      1 5013
      1 5019
      1 5075
      1 5080
      1 5101
      1 5102
      1 5141
      1 5176
      1 5190
      1 5254
      1 5271
      1 5295
      1 5375
      1 5449
      1 5472
      1 5476
      1 5529
      1 5597
      1 5609
      1 5649
      1 5693
      1 5698
      1 5707
      1 5757
      1 5766
      1 5786
      1 5879
      1 5937
      1 6008
      1 6053
      1 6076
      1 6107
      1 6136
      1 6168
      1 6212
      1 6242
      1 6251
      1 6273
      1 6274
      1 6286
      1 6315
      1 6402
      1 6403
      1 6459
      1 6469
      1 6734
      1 6897
      1 6939
      1 6995
      1 7012
      1 7048
      1 7095
      1 7130
      1 7307
      1 7357
      1 7367
      1 7399
      1 7442
      1 7522
      1 7675
      1 7773
      1 7778
      1 7840
      1 7879
      1 7953
      1 7961
      1 8725
      1 8766
      1 8797
      1 9048
      1 9152
      1 9185
      1 9559
      1 9669
      1 9732
      1 10165
      1 10744
      1 11016
      1 16791
      1 20585
---AAD-PGBENCH-LAG-US---
