pgbench (18.6 (Debian 18.6-1.pgdg13+2))
starting vacuum...end.
transaction type: <builtin: select only>
scaling factor: 1000
query mode: simple
number of clients: 128
number of threads: 16
maximum number of tries: 1
duration: 480 s
number of transactions actually processed: 95362963
number of failed transactions: 0 (0.000%)
latency average = 0.465 ms
latency stddev = 0.472 ms
rate limit schedule lag: avg 0.064 (max 49.697) ms
initial connection time = 274.643 ms
tps = 198786.243822 (without initial connection time)
---AAD-PGBENCH-LATENCY-US---
rc=0
samples=1907300
      2 240
      1 242
      2 243
      6 244
      1 245
      2 246
      8 247
      7 248
     11 249
     13 250
     14 251
     24 252
     33 253
     42 254
     48 255
     46 256
     64 257
     79 258
     88 259
     96 260
    128 261
    166 262
    152 263
    206 264
    201 265
    252 266
    281 267
    306 268
    317 269
    366 270
    451 271
    490 272
    524 273
    590 274
    637 275
    703 276
    766 277
    816 278
    852 279
    889 280
    924 281
   1073 282
   1136 283
   1231 284
   1216 285
   1321 286
   1470 287
   1553 288
   1532 289
   1632 290
   1716 291
   1743 292
   1839 293
   1995 294
   2024 295
   2174 296
   2253 297
   2296 298
   2488 299
   2610 300
   2781 301
   2747 302
   2942 303
   3063 304
   3299 305
   3265 306
   3669 307
   3728 308
   3786 309
   3955 310
   4078 311
   4385 312
   4586 313
   4581 314
   4873 315
   5087 316
   5309 317
   5420 318
   5688 319
   5867 320
   6025 321
   6216 322
   6495 323
   6651 324
   7035 325
   7279 326
   7431 327
   7971 328
   8138 329
   8406 330
   8577 331
   9011 332
   9336 333
   9695 334
  10119 335
  10323 336
  10719 337
  11164 338
  11394 339
  12009 340
  12313 341
  12643 342
  12890 343
  13114 344
  13484 345
  13778 346
  13895 347
  13920 348
  13971 349
  14033 350
  14032 351
  14011 352
  14068 353
  13986 354
  13646 355
  13888 356
  13820 357
  13669 358
  13706 359
  13657 360
  13597 361
  13386 362
  13349 363
  13330 364
  13224 365
  13109 366
  13202 367
  13089 368
  13190 369
  12982 370
  12788 371
  13078 372
  13111 373
  12886 374
  13208 375
  13067 376
  13041 377
  13089 378
  12812 379
  13133 380
  12919 381
  12955 382
  12784 383
  13092 384
  12722 385
  12741 386
  13016 387
  12813 388
  12741 389
  12580 390
  12550 391
  12725 392
  12661 393
  12615 394
  12649 395
  12616 396
  12671 397
  12763 398
  12865 399
  12740 400
  12857 401
  12891 402
  13072 403
  13097 404
  13066 405
  13313 406
  13287 407
  13225 408
  13199 409
  13376 410
  13300 411
  13253 412
  13016 413
  13176 414
  13195 415
  12994 416
  12714 417
  12285 418
  12072 419
  11927 420
  11520 421
  11378 422
  11151 423
  10857 424
  10585 425
  10345 426
  10037 427
   9687 428
   9420 429
   9367 430
   9007 431
   8648 432
   8513 433
   8158 434
   8086 435
   7967 436
   7905 437
   7576 438
   7258 439
   7051 440
   7164 441
   6961 442
   6837 443
   6642 444
   6584 445
   6452 446
   6283 447
   6180 448
   6017 449
   5971 450
   5899 451
   5817 452
   5649 453
   5482 454
   5536 455
   5345 456
   5235 457
   5119 458
   5074 459
   5067 460
   4935 461
   4818 462
   4826 463
   4662 464
   4564 465
   4642 466
   4467 467
   4512 468
   4543 469
   4267 470
   4391 471
   4287 472
   4350 473
   4260 474
   4322 475
   4272 476
   4108 477
   4161 478
   4073 479
   3978 480
   3884 481
   3762 482
   3931 483
   3890 484
   3633 485
   3694 486
   3509 487
   3331 488
   3279 489
   3154 490
   3100 491
   3068 492
   2926 493
   2808 494
   2684 495
   2590 496
   2478 497
   2475 498
   2450 499
   2174 500
   2140 501
   2028 502
   2042 503
   1951 504
   1901 505
   1874 506
   1774 507
   1683 508
   1685 509
   1643 510
   1615 511
   1522 512
   1519 513
   1497 514
   1461 515
   1361 516
   1383 517
   1296 518
   1258 519
   1294 520
   1180 521
   1239 522
   1151 523
   1142 524
   1090 525
   1063 526
    997 527
   1000 528
   1040 529
    975 530
    955 531
    951 532
    929 533
    877 534
    908 535
    843 536
    873 537
    781 538
    868 539
    874 540
    814 541
    814 542
    836 543
    748 544
    756 545
    751 546
    756 547
    771 548
    758 549
    761 550
    711 551
    710 552
    643 553
    658 554
    608 555
    614 556
    635 557
    604 558
    580 559
    537 560
    511 561
    532 562
    484 563
    497 564
    450 565
    450 566
    424 567
    418 568
    387 569
    365 570
    355 571
    349 572
    339 573
    350 574
    304 575
    291 576
    290 577
    280 578
    312 579
    282 580
    283 581
    265 582
    263 583
    241 584
    239 585
    238 586
    238 587
    219 588
    198 589
    249 590
    205 591
    166 592
    169 593
    212 594
    189 595
    171 596
    179 597
    155 598
    187 599
    186 600
    132 601
    179 602
    185 603
    146 604
    172 605
    152 606
    163 607
    151 608
    158 609
    154 610
    143 611
    186 612
    138 613
    143 614
    138 615
    134 616
    170 617
    134 618
    143 619
    172 620
    138 621
    133 622
    139 623
    144 624
    132 625
    141 626
    114 627
    115 628
    120 629
     92 630
    117 631
    108 632
    121 633
     93 634
     94 635
    108 636
     82 637
     73 638
     81 639
     82 640
     70 641
     73 642
     80 643
     75 644
     81 645
     63 646
     62 647
     70 648
     57 649
     56 650
     54 651
     64 652
     57 653
     57 654
     50 655
     70 656
     66 657
     55 658
     46 659
     40 660
     41 661
     51 662
     48 663
     45 664
     47 665
     55 666
     52 667
     48 668
     40 669
     47 670
     50 671
     55 672
     47 673
     43 674
     42 675
     48 676
     45 677
     47 678
     59 679
     51 680
     48 681
     52 682
     46 683
     40 684
     33 685
     47 686
     49 687
     57 688
     47 689
     46 690
     36 691
     44 692
     47 693
     40 694
     35 695
     36 696
     49 697
     51 698
     43 699
     47 700
     37 701
     53 702
     31 703
     31 704
     35 705
     33 706
     41 707
     17 708
     37 709
     37 710
     31 711
     28 712
     29 713
     16 714
     28 715
     22 716
     25 717
     22 718
     22 719
     28 720
     23 721
     13 722
     32 723
     26 724
     25 725
     24 726
     21 727
     19 728
     15 729
     18 730
     22 731
     17 732
     21 733
     19 734
     24 735
     19 736
     14 737
     23 738
     19 739
     18 740
     17 741
     23 742
     18 743
     28 744
     28 745
     35 746
     34 747
     29 748
     23 749
     25 750
     22 751
     22 752
     16 753
     23 754
     29 755
     27 756
     28 757
     25 758
     23 759
     26 760
     20 761
     29 762
     20 763
     27 764
     28 765
     25 766
     23 767
     27 768
     18 769
     23 770
     25 771
     16 772
     18 773
     22 774
     20 775
     22 776
     20 777
     30 778
     18 779
     19 780
     19 781
     20 782
     16 783
     14 784
     19 785
     26 786
     24 787
     16 788
      9 789
     12 790
     11 791
     16 792
     15 793
     13 794
     17 795
     14 796
     19 797
     18 798
     17 799
     17 800
     14 801
     18 802
     14 803
     16 804
      6 805
     10 806
     18 807
     16 808
     19 809
     16 810
     12 811
     16 812
     20 813
     22 814
     21 815
     20 816
     17 817
     18 818
     23 819
     15 820
     22 821
     18 822
     18 823
     17 824
     11 825
     22 826
     24 827
     22 828
     24 829
     13 830
     22 831
     12 832
     21 833
     16 834
     18 835
     26 836
     15 837
     14 838
     11 839
     11 840
     18 841
     18 842
     15 843
     20 844
     16 845
     13 846
     18 847
     25 848
     15 849
     17 850
     13 851
     17 852
     16 853
     13 854
      6 855
     13 856
     13 857
     11 858
     17 859
     13 860
      8 861
     14 862
     13 863
     15 864
     10 865
     17 866
     10 867
     15 868
     11 869
     18 870
     14 871
     13 872
      8 873
      7 874
      8 875
      8 876
     11 877
     17 878
      9 879
     11 880
     15 881
     12 882
     17 883
     13 884
     13 885
     14 886
     15 887
     15 888
     17 889
     15 890
     14 891
     19 892
     21 893
     17 894
     16 895
     20 896
     11 897
     13 898
     16 899
     18 900
     12 901
     20 902
     10 903
     13 904
     15 905
     16 906
     19 907
     11 908
     18 909
     16 910
     24 911
     10 912
     13 913
     18 914
      9 915
     11 916
     16 917
      7 918
     12 919
     11 920
     12 921
     13 922
     11 923
      9 924
     14 925
     10 926
     14 927
     11 928
     11 929
     11 930
     10 931
     11 932
      8 933
     14 934
      9 935
     13 936
      8 937
     13 938
     13 939
     16 940
     14 941
     11 942
     17 943
      8 944
      9 945
     13 946
     13 947
     13 948
      6 949
     17 950
     12 951
     13 952
     13 953
      9 954
     13 955
     11 956
     14 957
      8 958
      8 959
     15 960
     15 961
     19 962
     14 963
     14 964
     11 965
     14 966
     16 967
     11 968
     14 969
     15 970
     12 971
     16 972
      9 973
     13 974
     10 975
     16 976
     14 977
     13 978
     21 979
     11 980
     15 981
     14 982
     14 983
      9 984
     15 985
     11 986
     10 987
     15 988
     17 989
      8 990
     17 991
     16 992
     11 993
     13 994
     12 995
      7 996
     10 997
      7 998
     10 999
     13 1000
      8 1001
      8 1002
     15 1003
     20 1004
      8 1005
     16 1006
     20 1007
      7 1008
     13 1009
     14 1010
     20 1011
     10 1012
      9 1013
     11 1014
      6 1015
      9 1016
     16 1017
     15 1018
     11 1019
      9 1020
     16 1021
     11 1022
     11 1023
     10 1024
     11 1025
     11 1026
     19 1027
     15 1028
     11 1029
     20 1030
      8 1031
     12 1032
     16 1033
     17 1034
     13 1035
     24 1036
     14 1037
     22 1038
     17 1039
      8 1040
     10 1041
     11 1042
      8 1043
      9 1044
     12 1045
     11 1046
     13 1047
      7 1048
     15 1049
     12 1050
     10 1051
     14 1052
     12 1053
     10 1054
     13 1055
     13 1056
     18 1057
     18 1058
     18 1059
     14 1060
     18 1061
     17 1062
     11 1063
     14 1064
     12 1065
     10 1066
     12 1067
      7 1068
     12 1069
     12 1070
     17 1071
     14 1072
      6 1073
      8 1074
     12 1075
     13 1076
     11 1077
     15 1078
     16 1079
     18 1080
      8 1081
     10 1082
      9 1083
     11 1084
     13 1085
     15 1086
     15 1087
      8 1088
     18 1089
     12 1090
     12 1091
     11 1092
     11 1093
      8 1094
     11 1095
     19 1096
      8 1097
     20 1098
     12 1099
      9 1100
     15 1101
      8 1102
     13 1103
      9 1104
     13 1105
     12 1106
      9 1107
     12 1108
     11 1109
     13 1110
     15 1111
     14 1112
     18 1113
     11 1114
      8 1115
     13 1116
      8 1117
     17 1118
      8 1119
     13 1120
     11 1121
     17 1122
     16 1123
     13 1124
     14 1125
      6 1126
     17 1127
      9 1128
     18 1129
     17 1130
     10 1131
     19 1132
     13 1133
     16 1134
     13 1135
     13 1136
      9 1137
     16 1138
     10 1139
     11 1140
     11 1141
     16 1142
     10 1143
     13 1144
     13 1145
     18 1146
     11 1147
     11 1148
     19 1149
      8 1150
     10 1151
      8 1152
     10 1153
     12 1154
      9 1155
     16 1156
     12 1157
     12 1158
      9 1159
     19 1160
     15 1161
     18 1162
     17 1163
     15 1164
     14 1165
      8 1166
     16 1167
     15 1168
     10 1169
     17 1170
     16 1171
      5 1172
     13 1173
     13 1174
     13 1175
     17 1176
     12 1177
     10 1178
     11 1179
     11 1180
     12 1181
     11 1182
     11 1183
     11 1184
     13 1185
     12 1186
     11 1187
     13 1188
     13 1189
     15 1190
     13 1191
     13 1192
     11 1193
     10 1194
     11 1195
     10 1196
     15 1197
     13 1198
      8 1199
     14 1200
     10 1201
     12 1202
     12 1203
      7 1204
     22 1205
     14 1206
      7 1207
     10 1208
     10 1209
     20 1210
     13 1211
     12 1212
     10 1213
     11 1214
      8 1215
     14 1216
     16 1217
     12 1218
      8 1219
     11 1220
     10 1221
     13 1222
     13 1223
     12 1224
     11 1225
     11 1226
     11 1227
     18 1228
     11 1229
     18 1230
      8 1231
     16 1232
     12 1233
     13 1234
      9 1235
      6 1236
      9 1237
     12 1238
     14 1239
     10 1240
     14 1241
     12 1242
     19 1243
      6 1244
     20 1245
      9 1246
     11 1247
      4 1248
     11 1249
     10 1250
     13 1251
     19 1252
     11 1253
     14 1254
      9 1255
     17 1256
     12 1257
     10 1258
     23 1259
     14 1260
     13 1261
     13 1262
     16 1263
     18 1264
     15 1265
      9 1266
      7 1267
     13 1268
     13 1269
      7 1270
     15 1271
      8 1272
     13 1273
     11 1274
     12 1275
      7 1276
     16 1277
     16 1278
     10 1279
     13 1280
     14 1281
     14 1282
      9 1283
     13 1284
     15 1285
      9 1286
     14 1287
     14 1288
     18 1289
     14 1290
     19 1291
     16 1292
     12 1293
      8 1294
     15 1295
     12 1296
     13 1297
     13 1298
      8 1299
     16 1300
     16 1301
     10 1302
     14 1303
     12 1304
      9 1305
     11 1306
     10 1307
     11 1308
     11 1309
     12 1310
     14 1311
     12 1312
      5 1313
     12 1314
     11 1315
      9 1316
     12 1317
      6 1318
     11 1319
     18 1320
     14 1321
      6 1322
     20 1323
     11 1324
      7 1325
     17 1326
     11 1327
     13 1328
     18 1329
     12 1330
     13 1331
     11 1332
     23 1333
      6 1334
      9 1335
      9 1336
     14 1337
     11 1338
     17 1339
     10 1340
      9 1341
     13 1342
     10 1343
     14 1344
     18 1345
     18 1346
      9 1347
     13 1348
     15 1349
     17 1350
     11 1351
     12 1352
      6 1353
     12 1354
     17 1355
     11 1356
     10 1357
     17 1358
     10 1359
     10 1360
     12 1361
     11 1362
     17 1363
     14 1364
     12 1365
     11 1366
     15 1367
      8 1368
     10 1369
     14 1370
     14 1371
     13 1372
     13 1373
     18 1374
     12 1375
     15 1376
      9 1377
     17 1378
     13 1379
     12 1380
     10 1381
     14 1382
      9 1383
     15 1384
     13 1385
      6 1386
     18 1387
     14 1388
     20 1389
     17 1390
      9 1391
     13 1392
     14 1393
     17 1394
     21 1395
     19 1396
     15 1397
     16 1398
     17 1399
     14 1400
     13 1401
     25 1402
     23 1403
     14 1404
     16 1405
     12 1406
     17 1407
     11 1408
     21 1409
     14 1410
     14 1411
     21 1412
     18 1413
     24 1414
     16 1415
     17 1416
      4 1417
     24 1418
     21 1419
     14 1420
      8 1421
     20 1422
     15 1423
     16 1424
     16 1425
     11 1426
     15 1427
     17 1428
     20 1429
     15 1430
     16 1431
     14 1432
     28 1433
     17 1434
     18 1435
     18 1436
     12 1437
     15 1438
     21 1439
     14 1440
     20 1441
     25 1442
     19 1443
     15 1444
     10 1445
     17 1446
     19 1447
     17 1448
     26 1449
     13 1450
     12 1451
     14 1452
     17 1453
     21 1454
     27 1455
     24 1456
     15 1457
     29 1458
     33 1459
     20 1460
     24 1461
     17 1462
     15 1463
     17 1464
     14 1465
     14 1466
     19 1467
     23 1468
     14 1469
     19 1470
     17 1471
     25 1472
     19 1473
     23 1474
     18 1475
     20 1476
     25 1477
     24 1478
     32 1479
     20 1480
     24 1481
     25 1482
     19 1483
     17 1484
     23 1485
     23 1486
     21 1487
     24 1488
     16 1489
     14 1490
     16 1491
     19 1492
     25 1493
     21 1494
     15 1495
     25 1496
     23 1497
     14 1498
     20 1499
     17 1500
     15 1501
     27 1502
     22 1503
     15 1504
     14 1505
     19 1506
     20 1507
     23 1508
     20 1509
     20 1510
     16 1511
     18 1512
     31 1513
     19 1514
     16 1515
     22 1516
     12 1517
     15 1518
     23 1519
     16 1520
     20 1521
     14 1522
     18 1523
     16 1524
     15 1525
     22 1526
     12 1527
     21 1528
     19 1529
     15 1530
     15 1531
     18 1532
     17 1533
     13 1534
     18 1535
     24 1536
     25 1537
     19 1538
     15 1539
     11 1540
     21 1541
     19 1542
     15 1543
     16 1544
     18 1545
     13 1546
      9 1547
     15 1548
     22 1549
     13 1550
     12 1551
      9 1552
      7 1553
     19 1554
     15 1555
     15 1556
     13 1557
     11 1558
     11 1559
     15 1560
     19 1561
     12 1562
      8 1563
     16 1564
     18 1565
      6 1566
     15 1567
     12 1568
     15 1569
     10 1570
      9 1571
     12 1572
      9 1573
     11 1574
     12 1575
     14 1576
     13 1577
     10 1578
     14 1579
     10 1580
     12 1581
     14 1582
      9 1583
     13 1584
     12 1585
      9 1586
      8 1587
      5 1588
     12 1589
      8 1590
      6 1591
      7 1592
     11 1593
      9 1594
     16 1595
     13 1596
     19 1597
     12 1598
      6 1599
      7 1600
     10 1601
      7 1602
      6 1603
      5 1604
      6 1605
      2 1606
      5 1607
      8 1608
      6 1609
      8 1610
      6 1611
      8 1612
     12 1613
      9 1614
      3 1615
     11 1616
      9 1617
     14 1618
      7 1619
     18 1620
     12 1621
     13 1622
      9 1623
      6 1624
     11 1625
      6 1626
      6 1627
      7 1628
      5 1629
      5 1630
      5 1631
      5 1632
      4 1633
      6 1634
      9 1635
     11 1636
      9 1637
      5 1638
      2 1639
      6 1640
      2 1641
      5 1642
      5 1643
      6 1644
      4 1645
      7 1646
      6 1647
      7 1648
      4 1649
     10 1650
      4 1651
      6 1652
      4 1653
      6 1654
      5 1655
      9 1656
      3 1657
      7 1658
      5 1659
      3 1660
      4 1661
      3 1662
      1 1663
      6 1664
      9 1665
      4 1666
      6 1667
      3 1668
      4 1669
      3 1670
      3 1671
      3 1672
      5 1673
      4 1674
      4 1675
      5 1676
      5 1677
      7 1678
      2 1679
      3 1680
      3 1681
      7 1682
      5 1683
      3 1684
      3 1685
      4 1686
      4 1687
      4 1689
      3 1690
      2 1691
      1 1692
      2 1693
      1 1694
      3 1695
      3 1696
      4 1697
      4 1698
      4 1699
      2 1701
      1 1702
      4 1703
      2 1704
      1 1705
      4 1706
      2 1707
      4 1709
      1 1710
      3 1711
      1 1713
      3 1714
      2 1715
      1 1716
      3 1717
      3 1718
      3 1719
      4 1720
      1 1721
      2 1722
      2 1723
      2 1724
      3 1725
      2 1726
      3 1727
      2 1728
      3 1729
      2 1730
      1 1731
      1 1732
      1 1733
      4 1734
      2 1737
      1 1738
      2 1739
      2 1741
      3 1742
      1 1743
      2 1744
      2 1746
      1 1747
      1 1748
      1 1750
      4 1751
      2 1752
      3 1753
      3 1754
      2 1756
      3 1757
      3 1758
      3 1759
      2 1760
      2 1761
      1 1762
      1 1765
      3 1767
      2 1768
      1 1769
      1 1770
      2 1772
      1 1773
      2 1776
      4 1777
      2 1778
      1 1779
      2 1780
      1 1781
      1 1782
      2 1787
      1 1788
      2 1789
      1 1791
      2 1794
      3 1795
      2 1796
      2 1800
      2 1801
      1 1803
      1 1804
      1 1805
      2 1807
      1 1808
      1 1809
      1 1811
      1 1812
      1 1813
      1 1814
      1 1815
      1 1817
      1 1818
      1 1819
      1 1821
      1 1823
      1 1825
      1 1826
      1 1830
      2 1832
      2 1833
      3 1835
      1 1836
      2 1837
      1 1838
      1 1841
      2 1842
      1 1843
      2 1845
      1 1847
      1 1848
      1 1850
      1 1852
      1 1854
      1 1856
      1 1858
      2 1860
      3 1861
      2 1862
      2 1864
      2 1866
      1 1869
      1 1870
      1 1871
      1 1873
      1 1874
      1 1877
      1 1879
      1 1880
      1 1881
      1 1885
      2 1888
      1 1889
      2 1892
      1 1896
      1 1897
      1 1899
      1 1900
      1 1908
      1 1915
      2 1917
      4 1922
      2 1926
      1 1928
      1 1931
      1 1935
      1 1943
      1 1948
      2 1950
      1 1954
      1 1957
      1 1958
      1 1971
      1 1973
      1 1974
      1 1989
      1 1992
      1 1994
      1 2004
      1 2007
      1 2019
      1 2023
      1 2028
      1 2036
      1 2041
      1 2045
      1 2050
      1 2059
      1 2061
      1 2065
      1 2070
      1 2073
      1 2075
      1 2079
      1 2081
      1 2082
      1 2083
      1 2084
      1 2085
      1 2090
      1 2095
      1 2121
      1 2132
      1 2140
      1 2156
      1 2160
      1 2161
      2 2162
      1 2163
      1 2164
      1 2167
      1 2178
      1 2184
      1 2208
      1 2217
      1 2242
      1 2248
      1 2263
      1 2277
      1 2289
      1 2291
      1 2305
      1 2308
      1 2309
      1 2326
      1 2350
      1 2359
      1 2393
      1 2422
      1 2425
      1 2465
      1 2468
      1 2487
      1 2503
      1 2517
      1 2520
      1 2527
      1 2531
      1 2543
      1 2607
      1 2614
      1 2624
      1 2639
      1 2671
      1 2692
      1 2969
      1 3424
      1 3528
      1 3560
      1 3593
      1 3599
      1 3935
      1 4878
      1 5095
      1 5590
      1 7181
      1 7583
      1 9665
      1 10294
      1 20833
      1 20905
      1 23977
      1 28352
      1 38236
      1 47642
      1 48045
---AAD-PGBENCH-LAG-US---
  33921 0
  29179 1
  26218 2
  24461 3
  23608 4
  22869 5
  22236 6
  21512 7
  20767 8
  20506 9
  19800 10
  19600 11
  19416 12
  19099 13
  18848 14
  18906 15
  18848 16
  18417 17
  18622 18
  18237 19
  18437 20
  18505 21
  18557 22
  18548 23
  18510 24
  18122 25
  18169 26
  18106 27
  18143 28
  18314 29
  18050 30
  18204 31
  17989 32
  17949 33
  17759 34
  17641 35
  17167 36
  17199 37
  16703 38
  16802 39
  16638 40
  16548 41
  16491 42
  16242 43
  16180 44
  15605 45
  15741 46
  15274 47
  15267 48
  14959 49
  14574 50
  14037 51
  13170 52
  12214 53
  12019 54
  21808 55
  39638 56
  23932 57
  18591 58
  17723 59
  17045 60
  21009 61
  38630 62
  52590 63
  65839 64
  58409 65
  31781 66
  24121 67
  25753 68
  25109 69
  26178 70
  25162 71
  24626 72
  20611 73
  14577 74
  12320 75
  10713 76
   9926 77
   9363 78
   8939 79
   7564 80
   6523 81
   5656 82
   5264 83
   4579 84
   4055 85
   3725 86
   3399 87
   3161 88
   2883 89
   2797 90
   2575 91
   2489 92
   2438 93
   2292 94
   2126 95
   2072 96
   2047 97
   1970 98
   1938 99
   1872 100
   1831 101
   1737 102
   1686 103
   1740 104
   1671 105
   1697 106
   1696 107
   1597 108
   1709 109
   1619 110
   1583 111
   1635 112
   1624 113
   1617 114
   1577 115
   1515 116
   1575 117
   1537 118
   1488 119
   1432 120
   1466 121
   1484 122
   1457 123
   1431 124
   1441 125
   1381 126
   1439 127
   1365 128
   1410 129
   1279 130
   1395 131
   1372 132
   1303 133
   1306 134
   1258 135
   1305 136
   1338 137
   1271 138
   1234 139
   1247 140
   1228 141
   1235 142
   1237 143
   1185 144
   1234 145
   1202 146
   1121 147
   1114 148
   1163 149
   1093 150
   1115 151
   1069 152
   1078 153
   1120 154
   1095 155
   1055 156
   1026 157
   1075 158
   1067 159
   1076 160
    949 161
    980 162
   1030 163
   1001 164
    938 165
    948 166
    935 167
    978 168
    962 169
    901 170
    929 171
    891 172
    918 173
    857 174
    929 175
    834 176
    861 177
    857 178
    859 179
    869 180
    833 181
    852 182
    763 183
    799 184
    777 185
    776 186
    731 187
    748 188
    741 189
    725 190
    795 191
    716 192
    737 193
    677 194
    743 195
    663 196
    729 197
    673 198
    640 199
    638 200
    669 201
    586 202
    634 203
    650 204
    587 205
    642 206
    661 207
    567 208
    539 209
    586 210
    562 211
    578 212
    522 213
    562 214
    562 215
    580 216
    527 217
    556 218
    494 219
    493 220
    539 221
    497 222
    512 223
    482 224
    493 225
    439 226
    479 227
    494 228
    455 229
    445 230
    427 231
    418 232
    421 233
    421 234
    420 235
    418 236
    403 237
    400 238
    378 239
    396 240
    373 241
    396 242
    357 243
    347 244
    362 245
    378 246
    353 247
    349 248
    359 249
    330 250
    319 251
    288 252
    326 253
    327 254
    278 255
    293 256
    266 257
    273 258
    276 259
    281 260
    291 261
    286 262
    251 263
    288 264
    279 265
    273 266
    273 267
    232 268
    248 269
    250 270
    228 271
    218 272
    234 273
    226 274
    241 275
    237 276
    216 277
    208 278
    231 279
    209 280
    214 281
    213 282
    193 283
    184 284
    183 285
    214 286
    202 287
    205 288
    181 289
    165 290
    173 291
    196 292
    178 293
    176 294
    175 295
    165 296
    163 297
    146 298
    158 299
    168 300
    165 301
    165 302
    141 303
    165 304
    137 305
    151 306
    146 307
    141 308
    141 309
    120 310
    155 311
    148 312
    125 313
    130 314
    123 315
    130 316
    125 317
    103 318
    123 319
    107 320
    124 321
    124 322
    127 323
    128 324
    100 325
    111 326
    115 327
    112 328
     95 329
    109 330
     92 331
    118 332
     99 333
     92 334
    101 335
     94 336
     98 337
     94 338
     96 339
     98 340
     88 341
     87 342
    107 343
     80 344
     79 345
     78 346
     85 347
     86 348
     85 349
     74 350
     69 351
     74 352
     81 353
     72 354
     78 355
     70 356
     80 357
     69 358
     70 359
     58 360
     71 361
     59 362
     72 363
     69 364
     73 365
     80 366
     65 367
     67 368
     50 369
     62 370
     66 371
     74 372
     51 373
     62 374
     68 375
     64 376
     64 377
     58 378
     51 379
     53 380
     44 381
     62 382
     52 383
     46 384
     55 385
     48 386
     53 387
     57 388
     51 389
     51 390
     53 391
     50 392
     50 393
     46 394
     60 395
     42 396
     51 397
     49 398
     45 399
     46 400
     62 401
     47 402
     50 403
     46 404
     44 405
     45 406
     45 407
     47 408
     42 409
     37 410
     51 411
     53 412
     39 413
     42 414
     42 415
     43 416
     44 417
     37 418
     46 419
     42 420
     44 421
     41 422
     36 423
     36 424
     39 425
     44 426
     43 427
     41 428
     44 429
     37 430
     30 431
     41 432
     31 433
     39 434
     36 435
     45 436
     22 437
     37 438
     35 439
     25 440
     41 441
     44 442
     27 443
     35 444
     28 445
     33 446
     37 447
     48 448
     35 449
     29 450
     34 451
     34 452
     26 453
     26 454
     32 455
     29 456
     28 457
     36 458
     35 459
     30 460
     33 461
     19 462
     26 463
     27 464
     31 465
     22 466
     33 467
     22 468
     24 469
     30 470
     22 471
     30 472
     41 473
     30 474
     23 475
     33 476
     26 477
     20 478
     30 479
     33 480
     28 481
     27 482
     24 483
     25 484
     30 485
     27 486
     27 487
     21 488
     17 489
     19 490
     22 491
     25 492
     28 493
     20 494
     23 495
     24 496
     23 497
     19 498
     28 499
     25 500
     22 501
     21 502
     25 503
     16 504
     22 505
     30 506
     22 507
     24 508
     16 509
     19 510
     24 511
     19 512
     18 513
     24 514
     20 515
     20 516
     26 517
     24 518
     17 519
     26 520
     28 521
     23 522
     22 523
     15 524
     23 525
     19 526
     14 527
     15 528
     21 529
     23 530
     19 531
     16 532
     27 533
     23 534
     22 535
     12 536
     21 537
     18 538
     22 539
     15 540
     26 541
     26 542
     22 543
     21 544
     24 545
     21 546
     18 547
     17 548
     23 549
     16 550
     21 551
     11 552
     19 553
     21 554
     16 555
     14 556
     24 557
     20 558
     16 559
     20 560
      9 561
     13 562
     17 563
      9 564
      9 565
     19 566
     14 567
     15 568
     23 569
     23 570
     29 571
     22 572
     13 573
     20 574
     15 575
     10 576
     14 577
     11 578
      9 579
     16 580
     18 581
     17 582
     18 583
     25 584
     18 585
     16 586
     17 587
     13 588
     17 589
     18 590
     21 591
     15 592
     21 593
     15 594
     15 595
     19 596
     15 597
     10 598
     16 599
     16 600
      9 601
     12 602
     12 603
     15 604
     11 605
     17 606
      9 607
     19 608
      5 609
     10 610
     24 611
     14 612
     15 613
     10 614
     12 615
     15 616
     10 617
     15 618
     16 619
     15 620
     10 621
     18 622
      9 623
     10 624
     17 625
     13 626
     10 627
     10 628
     16 629
     12 630
     11 631
      9 632
     12 633
     18 634
     15 635
      9 636
     22 637
      9 638
     16 639
     12 640
     11 641
     15 642
     12 643
      8 644
      9 645
     12 646
      9 647
     17 648
     18 649
     13 650
     12 651
     17 652
     14 653
     13 654
     17 655
     17 656
     16 657
      8 658
     10 659
     10 660
     18 661
      9 662
     17 663
     10 664
     13 665
     13 666
      6 667
     17 668
     16 669
      8 670
     14 671
     12 672
     13 673
     10 674
     13 675
     12 676
      8 677
     11 678
     15 679
     18 680
     12 681
     14 682
     12 683
     11 684
      9 685
     15 686
      9 687
     11 688
     17 689
     22 690
     14 691
     11 692
     12 693
      8 694
     14 695
     11 696
     10 697
     16 698
     18 699
     13 700
     15 701
      7 702
     11 703
      9 704
     14 705
     12 706
      9 707
     13 708
     11 709
     16 710
     12 711
      5 712
     17 713
     15 714
     13 715
     15 716
     11 717
     15 718
      9 719
     15 720
      9 721
     11 722
      7 723
      5 724
     12 725
     12 726
     10 727
     19 728
      7 729
      8 730
     11 731
     15 732
     13 733
     12 734
      9 735
      8 736
     16 737
     12 738
     10 739
     14 740
     15 741
     12 742
     10 743
     15 744
     10 745
     16 746
     10 747
      9 748
     14 749
     11 750
     13 751
      9 752
     12 753
     12 754
      6 755
     19 756
      9 757
      9 758
     11 759
      3 760
      7 761
     14 762
     15 763
      9 764
      6 765
     11 766
     12 767
     10 768
     10 769
      6 770
     10 771
      9 772
      6 773
      8 774
     13 775
      9 776
      8 777
     10 778
     10 779
      7 780
     14 781
     10 782
     12 783
     10 784
     16 785
     12 786
      9 787
     12 788
     10 789
     12 790
      8 791
      4 792
     12 793
     11 794
      8 795
      7 796
     13 797
     17 798
     11 799
     10 800
      9 801
     11 802
     12 803
     13 804
     14 805
      8 806
     17 807
      9 808
     15 809
      9 810
     16 811
      7 812
     11 813
      7 814
      8 815
      8 816
     12 817
     12 818
     14 819
      9 820
     11 821
     10 822
      6 823
      9 824
      9 825
     15 826
      9 827
     16 828
      8 829
     11 830
      7 831
      9 832
      9 833
     13 834
     10 835
     12 836
     14 837
     11 838
     12 839
     12 840
      9 841
     12 842
      7 843
      4 844
      8 845
     10 846
     13 847
     11 848
     16 849
      8 850
     13 851
     12 852
     12 853
     15 854
     13 855
     11 856
     10 857
      5 858
      8 859
     15 860
      7 861
      9 862
      8 863
     12 864
      8 865
      9 866
      3 867
      9 868
      9 869
     11 870
     14 871
     12 872
      6 873
     11 874
      6 875
      8 876
     12 877
     15 878
      7 879
     13 880
     11 881
     17 882
      9 883
      9 884
     10 885
      6 886
      8 887
     13 888
      8 889
      7 890
     16 891
     10 892
     11 893
     11 894
      9 895
     13 896
     14 897
     11 898
     12 899
     13 900
     10 901
      7 902
      8 903
      8 904
     10 905
     12 906
     11 907
     13 908
     11 909
      8 910
      9 911
      6 912
      9 913
      6 914
      9 915
     13 916
      4 917
      6 918
     11 919
     11 920
     14 921
     10 922
     12 923
      7 924
      9 925
     10 926
      6 927
     12 928
     10 929
     14 930
     10 931
     12 932
      9 933
      9 934
     11 935
      5 936
      9 937
     13 938
      9 939
      3 940
      9 941
     16 942
     11 943
      7 944
      9 945
     14 946
     15 947
     12 948
      8 949
      8 950
      6 951
     15 952
     10 953
      7 954
     11 955
     11 956
      3 957
      7 958
     12 959
      7 960
     10 961
      7 962
     10 963
      6 964
      7 965
     11 966
      5 967
      7 968
     11 969
      7 970
      7 971
      3 972
      3 973
      7 974
     15 975
     12 976
      9 977
      7 978
     10 979
      6 980
      9 981
     10 982
      6 983
      5 984
      9 985
      9 986
      5 987
      7 988
     13 989
     14 990
     10 991
      9 992
      8 993
      9 994
     14 995
      9 996
      9 997
     10 998
      4 999
     15 1000
      4 1001
     14 1002
      4 1003
      9 1004
      6 1005
      6 1006
      9 1007
      7 1008
      8 1009
     10 1010
      8 1011
      7 1012
      8 1013
      6 1014
     11 1015
     14 1016
     17 1017
      7 1018
     10 1019
      3 1020
      9 1021
      9 1022
      9 1023
      7 1024
      8 1025
      9 1026
     10 1027
      5 1028
      6 1029
      7 1030
     13 1031
      8 1032
      4 1033
     11 1034
     12 1035
      5 1036
      8 1037
      7 1038
     12 1039
     10 1040
     12 1041
      7 1042
      6 1043
     10 1044
     13 1045
      9 1046
      1 1047
      7 1048
      4 1049
      2 1050
      4 1051
      6 1052
      8 1053
      4 1054
      6 1055
      6 1056
      6 1057
      8 1058
      6 1059
      8 1060
      4 1061
      9 1062
      3 1063
      6 1064
      8 1065
      8 1066
      5 1067
     10 1068
     16 1069
     11 1070
      3 1071
     11 1072
      5 1073
      8 1074
      9 1075
     11 1076
      9 1077
      6 1078
      6 1079
      8 1080
      5 1081
     11 1082
      8 1083
      7 1084
      7 1085
      7 1086
      6 1087
      8 1088
      7 1089
      7 1090
      5 1091
      3 1092
     16 1093
      9 1094
      6 1095
     10 1096
     11 1097
     12 1098
      9 1099
      7 1100
      5 1101
     11 1102
      6 1103
      8 1104
      8 1105
      6 1106
      9 1107
      7 1108
      6 1109
      8 1110
      4 1111
      4 1112
      7 1113
      8 1114
     10 1115
      5 1116
      9 1117
      6 1118
      7 1119
      8 1120
      3 1121
      7 1122
      4 1123
      9 1124
      5 1125
      9 1126
      9 1127
      6 1128
     10 1129
      5 1130
     12 1131
      6 1132
      4 1133
      9 1134
      8 1135
      5 1136
      9 1137
      5 1138
      7 1139
      6 1140
      5 1141
      6 1142
      3 1143
      7 1144
      2 1145
      5 1146
      6 1147
      4 1148
      7 1149
     12 1150
      3 1151
      6 1152
      6 1153
      9 1154
      5 1155
      5 1156
      6 1157
      9 1158
      7 1159
      9 1160
      5 1161
      5 1162
      4 1163
      8 1164
      6 1165
      5 1166
      5 1167
      3 1168
      9 1169
      3 1170
      6 1171
      7 1172
      5 1173
      3 1174
      4 1175
      8 1176
      3 1177
     11 1178
      4 1179
      5 1180
      4 1181
      6 1182
      6 1183
      5 1184
      5 1185
      6 1186
     10 1187
      8 1188
      4 1189
     11 1190
      4 1191
      2 1192
      3 1193
      4 1194
      4 1195
     10 1196
      7 1197
      3 1198
      9 1199
      3 1200
      5 1201
      3 1202
      4 1203
      7 1204
      7 1205
      5 1206
      8 1207
     10 1208
      5 1209
      6 1210
      6 1211
      2 1212
      8 1213
      4 1214
      5 1215
      9 1216
      8 1218
      2 1219
      4 1220
      3 1221
      5 1223
      3 1224
      3 1225
      9 1226
      7 1227
      1 1228
      5 1229
      3 1230
      3 1231
      3 1232
      7 1233
      7 1234
      3 1235
      2 1236
      6 1237
      8 1238
      3 1239
      2 1240
      8 1241
      6 1242
      4 1243
      4 1244
      6 1245
      4 1246
      4 1247
      1 1248
      2 1249
      4 1250
      5 1251
      2 1252
      2 1253
      4 1254
      3 1255
      4 1256
      5 1257
      4 1258
      1 1259
      6 1260
      5 1261
      4 1262
      1 1263
      4 1264
      5 1265
      4 1266
      5 1267
      4 1268
      5 1269
      6 1270
      4 1271
      1 1272
      4 1273
      4 1274
      6 1275
      2 1276
      3 1277
      2 1278
      4 1279
      3 1280
      9 1281
      2 1282
      7 1283
      7 1284
      3 1285
      5 1286
      8 1287
      1 1288
      5 1289
      1 1290
      2 1291
      2 1292
      3 1293
      6 1294
      6 1295
      2 1296
      2 1297
      3 1298
      3 1300
      1 1301
      1 1302
      5 1303
      1 1304
      2 1305
      2 1306
      1 1307
      1 1308
      4 1309
      1 1310
      2 1311
      4 1312
      4 1313
      4 1314
      1 1315
      3 1316
      3 1317
      3 1318
      2 1319
      1 1320
      8 1321
      4 1322
      6 1323
      4 1324
      7 1325
      5 1326
      2 1327
      1 1328
      1 1329
      2 1330
      4 1331
      3 1333
      5 1334
      2 1335
      4 1336
      1 1337
      5 1338
      3 1339
      3 1341
      2 1342
      1 1343
      1 1344
      4 1345
      1 1346
      3 1347
      2 1348
      1 1349
      2 1350
      2 1351
      1 1352
      3 1353
      4 1354
      2 1355
      3 1356
      3 1357
      4 1359
      6 1360
      4 1361
      1 1362
      6 1365
      2 1366
      1 1367
      2 1368
      1 1369
      4 1370
      1 1371
      1 1372
      1 1373
      2 1374
      1 1375
      5 1376
      2 1377
      3 1378
      1 1379
      1 1380
      3 1381
      3 1382
      2 1383
      3 1384
      2 1385
      2 1386
      3 1387
      3 1388
      5 1390
      3 1392
      1 1393
      1 1394
      3 1395
      1 1397
      3 1398
      2 1399
      2 1400
      1 1401
      1 1402
      3 1403
      1 1404
      2 1405
      2 1406
      2 1407
      3 1408
      4 1409
      1 1410
      1 1411
      3 1413
      3 1414
      1 1415
      4 1417
      4 1418
      4 1419
      3 1420
      2 1421
      4 1422
      3 1423
      1 1424
      3 1425
      2 1426
      2 1427
      2 1428
      2 1430
      1 1432
      5 1433
      1 1434
      1 1435
      2 1437
      1 1439
      2 1441
      2 1442
      1 1443
      2 1444
      2 1445
      2 1446
      2 1447
      3 1448
      1 1449
      1 1450
      3 1451
      1 1453
      2 1454
      1 1455
      2 1456
      3 1457
      2 1458
      2 1459
      3 1461
      1 1462
      1 1463
      1 1464
      2 1465
      2 1466
      3 1467
      2 1468
      4 1469
      2 1470
      1 1471
      4 1476
      1 1477
      2 1478
      2 1480
      2 1481
      2 1482
      1 1483
      3 1484
      1 1485
      2 1487
      1 1488
      1 1489
      1 1491
      3 1492
      2 1493
      1 1494
      2 1495
      1 1497
      2 1499
      2 1502
      3 1503
      1 1504
      2 1505
      2 1506
      2 1510
      3 1512
      1 1514
      2 1515
      1 1516
      1 1520
      1 1523
      2 1524
      1 1525
      3 1526
      2 1528
      1 1530
      1 1531
      1 1532
      1 1536
      1 1537
      2 1538
      1 1539
      1 1540
      1 1541
      1 1542
      4 1543
      1 1544
      1 1546
      2 1547
      1 1548
      2 1549
      1 1550
      1 1551
      1 1552
      1 1553
      2 1554
      2 1555
      1 1556
      2 1559
      1 1560
      2 1561
      2 1563
      2 1565
      1 1568
      1 1569
      2 1570
      4 1572
      2 1575
      1 1576
      2 1577
      2 1578
      1 1579
      1 1580
      3 1581
      2 1582
      2 1584
      1 1585
      1 1587
      3 1588
      2 1590
      3 1591
      1 1597
      1 1601
      2 1602
      1 1603
      1 1607
      1 1608
      1 1611
      1 1613
      2 1614
      2 1615
      1 1616
      1 1617
      3 1621
      1 1622
      1 1623
      1 1625
      1 1629
      1 1631
      1 1634
      1 1635
      1 1640
      1 1641
      2 1643
      2 1644
      1 1645
      1 1647
      1 1648
      1 1651
      2 1652
      1 1654
      1 1657
      1 1659
      1 1660
      1 1663
      1 1668
      1 1670
      2 1674
      1 1675
      1 1676
      1 1677
      1 1685
      1 1686
      1 1691
      1 1693
      1 1694
      1 1695
      2 1696
      1 1697
      1 1699
      1 1701
      1 1707
      1 1708
      2 1709
      1 1710
      1 1711
      1 1712
      1 1713
      1 1715
      1 1717
      1 1720
      1 1725
      2 1730
      1 1732
      1 1733
      2 1738
      1 1753
      1 1754
      1 1757
      3 1758
      1 1759
      1 1761
      1 1762
      2 1766
      1 1781
      1 1790
      1 1794
      1 1797
      1 1800
      1 1807
      1 1809
      1 1813
      2 1815
      1 1824
      1 1825
      1 1828
      1 1833
      1 1842
      1 1853
      1 1854
      1 1856
      2 1859
      1 1865
      1 1866
      1 1878
      1 1882
      3 1885
      1 1889
      1 1890
      1 1897
      1 1908
      1 1909
      1 1912
      1 1913
      1 1921
      2 1923
      2 1924
      1 1925
      1 1931
      1 1933
      1 1952
      1 1953
      1 1973
      1 1975
      1 1987
      1 1991
      1 2003
      1 2005
      1 2008
      1 2017
      1 2020
      1 2027
      1 2031
      1 2036
      1 2039
      1 2040
      1 2041
      1 2064
      1 2079
      1 2090
      1 2101
      2 2102
      1 2115
      1 2122
      1 2126
      1 2133
      1 2138
      1 2156
      1 2169
      1 2178
      1 2184
      1 2191
      1 2194
      1 2195
      1 2201
      1 2203
      1 2211
      1 2218
      1 2221
      1 2227
      1 2228
      1 2233
      1 2264
      1 2279
      1 2281
      1 2288
      1 2291
      1 2294
      2 2308
      1 2310
      1 2339
      1 2373
      2 2376
      1 2385
      1 2388
      1 2403
      1 2430
      1 2445
      1 2465
      1 2476
      1 2480
      1 2488
      1 2502
      1 2543
      1 2580
      1 2583
      1 2624
      1 2664
      1 2715
      1 2720
      1 2742
      1 2747
      1 2752
      1 2772
      1 2774
      1 2846
      1 2853
      1 2859
      1 2875
      1 2876
      1 2884
      1 2891
      1 2897
      1 2953
      1 2972
      1 2980
      1 2999
      1 3026
      2 3036
      1 3050
      1 3052
      1 3088
      1 3120
      1 3124
      1 3138
      1 3165
      1 3242
      1 3280
      1 3282
      1 3306
      1 3323
      1 3396
      1 3466
      1 3468
      1 3516
      1 3652
      1 3670
      1 3683
      1 3730
      1 3740
      2 3773
      1 3808
      1 3870
      1 3896
      1 3965
      1 3974
      1 3982
      1 4016
      1 4045
      1 4063
      1 4076
      1 4084
      1 4085
      1 4110
      1 4114
      1 4138
      1 4192
      1 4230
      1 4238
      1 4244
      1 4261
      1 4278
      1 4305
      1 4309
      1 4326
      1 4331
      1 4345
      1 4353
      1 4358
      1 4359
      1 4368
      1 4378
      1 4398
      1 4402
      1 4443
      1 4445
      1 4475
      1 4486
      1 4495
      1 4516
      1 4549
      1 4555
      1 4561
      1 4580
      1 4602
      1 4647
      1 4678
      1 4689
      1 4723
      1 4733
      1 4756
      1 4790
      1 4797
      1 4821
      1 4898
      1 4911
      2 4917
      1 4968
      1 4975
      1 5042
      1 5095
      1 5113
      1 5122
      1 5130
      1 5150
      1 5170
      2 5193
      1 5221
      1 5234
      1 5289
      1 5307
      1 5330
      1 5332
      1 5356
      1 5374
      1 5395
      1 5419
      1 5455
      1 5476
      1 5483
      1 5489
      1 5491
      1 5495
      1 5514
      1 5519
      1 5548
      1 5584
      1 5588
      1 5617
      1 5620
      1 5725
      1 5736
      1 5766
      1 5794
      1 5834
      1 5835
      1 5921
      1 5954
      1 6011
      1 6074
      1 6087
      1 6094
      1 6096
      1 6178
      1 6219
      1 6285
      1 6315
      1 6347
      1 6365
      1 6481
      1 6698
      1 6715
      1 6742
      1 6770
      1 6816
      1 6870
      1 6871
      1 6872
      1 6929
      1 6959
      1 7083
      1 7087
      1 7132
      1 7147
      1 7601
      1 7722
      1 7769
      1 7878
      1 7924
      1 7934
      1 7955
      1 8074
      1 8107
      1 8179
      1 8190
      1 8224
      1 8408
      1 8686
      1 8990
      1 9103
      1 9127
      1 9180
      1 9245
      1 9317
      1 9338
      1 9465
      1 9638
      1 9670
      1 9679
      1 9819
      1 10110
      1 10163
      1 10183
      1 10299
      1 10312
      1 10453
      1 10475
      1 10534
      1 10573
      1 10597
      1 10609
      1 10655
      1 11023
      1 11113
      1 11114
      1 11132
      1 11174
      1 11193
      1 11257
      1 11389
      1 11432
      1 11647
      1 11657
      1 11823
      1 11910
      1 12109
      1 12269
      1 12297
      1 12403
      1 12430
      1 12453
      1 12584
      1 12691
      1 12851
      1 12969
      1 12975
      1 13180
      1 13230
      1 13495
      1 13592
      1 13631
      1 13651
      1 13847
      1 13858
      1 13976
      1 14018
      1 14024
      1 14047
      1 14123
      1 14129
      1 14132
      1 14345
      1 14447
      1 14518
      1 14551
      1 14701
      1 14726
      1 14751
      1 14773
      1 14775
      1 14790
      1 14793
      1 15093
      1 15098
      1 15136
      1 15187
      1 15261
      1 15403
      1 15498
      1 15525
      1 15638
      1 15774
      1 15842
      2 15852
      1 15895
      1 16222
      1 16261
      1 16384
      1 16512
      1 16515
      1 16544
      1 16614
      1 16625
      1 16642
      1 16673
      1 16674
      1 16790
      1 16917
      1 16941
      1 17041
      1 17217
      1 17266
      1 17288
      1 17400
      1 17437
      1 17545
      1 17573
      1 17586
      1 17589
      1 17613
      1 17820
      1 17865
      1 17870
      1 17906
      1 17983
      1 18069
      1 18097
      1 18146
      1 18151
      1 18157
      1 18161
      1 18178
      1 18253
      1 18333
      1 18354
      1 18407
      1 18504
      1 18534
      1 18890
      1 18983
      1 19181
      1 19333
      1 19354
      1 19410
      1 19536
      1 19676
      1 19701
      1 20057
      1 20084
      1 20135
      1 20144
      1 20228
      1 20242
      1 20248
      1 20300
      1 20319
      1 20383
      1 20392
      1 20513
      1 20534
      1 20535
      1 20668
      1 20695
      1 20739
      1 20785
      1 21124
      1 21537
      1 21582
      1 21663
      1 21806
      1 21981
      1 22159
      1 22175
      1 22196
      1 22278
      1 22405
      1 22568
      1 22620
      1 22640
      1 22641
      1 22705
      1 22880
      1 22946
      1 23021
      1 23028
      1 23071
      1 23135
      1 23253
      1 23275
      1 23321
      1 23594
      1 23677
      1 23760
      1 23893
      1 23917
      1 23947
      1 24005
      1 24225
      1 24346
      1 24366
      1 24580
      1 24582
      1 24651
      1 24766
      1 24932
      1 25009
      1 25028
      1 25031
      1 25232
      1 25256
      1 25272
      1 25277
      1 25287
      1 25331
      1 25546
      1 25597
      1 25701
      1 25763
      1 25828
      1 25875
      1 25919
      1 25934
      1 25971
      1 26204
      1 26323
      1 26329
      1 26423
      1 26525
      1 26869
      1 26949
      1 27191
      1 27336
      1 27349
      1 27403
      1 27443
      1 27494
      1 27699
      1 27908
      1 27994
      1 28057
      1 28150
      1 28299
      1 28903
      1 28951
      1 29121
      1 29122
      1 29163
      1 29201
      1 29586
      1 29633
      1 29960
      1 30116
      1 30159
      1 30280
      1 30323
      1 30377
      1 30439
      1 30616
      1 30676
      1 30701
      1 30774
      1 31213
      1 31316
      1 31655
      1 31830
      1 32160
      1 32310
      1 32527
      1 32659
      1 32859
      1 33131
      1 33419
      1 33850
      1 33898
      1 33908
      1 33985
      1 34290
      1 34414
      1 34434
      1 34481
      1 34566
      1 34782
      1 35040
      1 35173
      1 35175
      1 35257
      1 35378
      1 35389
      1 35411
      1 35463
      1 35932
      1 36321
      1 36842
      1 37004
      1 37029
      1 37083
      1 37098
      1 37109
      1 37258
      1 37292
      1 37336
      1 37618
      1 37798
      1 37881
      1 38308
      1 38325
      1 38436
      1 38468
      1 38627
      1 38869
      1 38890
      1 38909
      1 39330
      1 39523
      1 39546
      1 39568
      1 40002
      1 40030
      1 40091
      1 40218
      1 40247
      1 40279
      1 40287
      1 40318
      1 40528
      1 40556
      1 40693
      1 40710
      1 40711
      1 40818
      1 40842
      1 40887
      1 40963
      1 41054
      1 41387
      1 41430
      1 41467
      1 41516
      1 41613
      1 41663
      1 41809
      1 41830
      1 42015
      1 42102
      1 42187
      1 42267
      1 42303
      1 42307
      1 42319
      1 42385
      1 42398
      1 42545
      1 42585
      1 42775
      1 42936
      1 42987
      1 43187
      1 43439
      1 43441
      1 43446
      1 43463
      1 43553
      1 43554
      1 43654
      1 43844
      1 44069
      1 44082
      1 44140
      1 44253
      1 44453
      1 44625
      1 44713
      1 44915
      1 44923
      1 44962
      3 45060
      1 45085
      1 45104
      1 45240
      1 45338
      1 45385
      1 45464
      1 45506
      1 45529
      1 45610
      1 45726
      1 45778
      1 45793
      1 45871
      1 46121
      1 46171
      1 46175
      1 46185
      1 46328
      1 46413
      1 46523
      1 46524
      1 46646
      1 46764
      1 46879
      1 46944
      1 47171
      1 47244
      1 47269
      1 47576
      1 47578
      1 48086
      1 48150
      1 48224
      2 48630
      1 48713
      1 48928
      1 49102
      1 49276
      1 49314
      1 49643
