pgbench (18.6 (Debian 18.6-1.pgdg13+2))
starting vacuum...end.
transaction type: <builtin: select only>
scaling factor: 1000
query mode: simple
number of clients: 128
number of threads: 16
maximum number of tries: 1
duration: 480 s
number of transactions actually processed: 95368522
number of failed transactions: 0 (0.000%)
latency average = 0.460 ms
latency stddev = 0.140 ms
rate limit schedule lag: avg 0.058 (max 24.805) ms
initial connection time = 227.686 ms
tps = 198778.326614 (without initial connection time)
---AAD-PGBENCH-LATENCY-US---
rc=0
samples=1908401
      1 235
      1 241
      2 243
      2 244
      7 245
      6 246
      6 247
     11 248
     12 249
     14 250
     23 251
     27 252
     43 253
     23 254
     47 255
     56 256
     73 257
     78 258
     96 259
    104 260
    124 261
    154 262
    170 263
    183 264
    197 265
    260 266
    282 267
    317 268
    370 269
    380 270
    406 271
    514 272
    564 273
    601 274
    660 275
    743 276
    798 277
    822 278
    905 279
    978 280
   1000 281
   1119 282
   1181 283
   1235 284
   1286 285
   1351 286
   1462 287
   1514 288
   1594 289
   1675 290
   1761 291
   1893 292
   1956 293
   2024 294
   2089 295
   2122 296
   2234 297
   2387 298
   2505 299
   2617 300
   2779 301
   2869 302
   3008 303
   3052 304
   3358 305
   3349 306
   3552 307
   3727 308
   3984 309
   4147 310
   4331 311
   4394 312
   4376 313
   4671 314
   4879 315
   5222 316
   5169 317
   5412 318
   5705 319
   5786 320
   6159 321
   6305 322
   6477 323
   6679 324
   6975 325
   7141 326
   7542 327
   7826 328
   8096 329
   8364 330
   8587 331
   9100 332
   9270 333
   9700 334
  10081 335
  10350 336
  10790 337
  11187 338
  11542 339
  11802 340
  12053 341
  12248 342
  12763 343
  12866 344
  13116 345
  13189 346
  13637 347
  13502 348
  13748 349
  13906 350
  13829 351
  13644 352
  13795 353
  13892 354
  13626 355
  13683 356
  13723 357
  13450 358
  13295 359
  13482 360
  13332 361
  13569 362
  13157 363
  13202 364
  12905 365
  12902 366
  13117 367
  13024 368
  12918 369
  12933 370
  12878 371
  12694 372
  12841 373
  12913 374
  12541 375
  12806 376
  12858 377
  13011 378
  12760 379
  12810 380
  12930 381
  12773 382
  12890 383
  12455 384
  12659 385
  12706 386
  12590 387
  12506 388
  12549 389
  12668 390
  12389 391
  12649 392
  12603 393
  12621 394
  12417 395
  12435 396
  12590 397
  12754 398
  12614 399
  12814 400
  12651 401
  12778 402
  12822 403
  12985 404
  13038 405
  13170 406
  13060 407
  13243 408
  13149 409
  13003 410
  13151 411
  13145 412
  13250 413
  13114 414
  12847 415
  12870 416
  12785 417
  12589 418
  12072 419
  11962 420
  11709 421
  11507 422
  10898 423
  10750 424
  10602 425
  10297 426
  10111 427
   9828 428
   9361 429
   9245 430
   8838 431
   8816 432
   8521 433
   8508 434
   8099 435
   8083 436
   7909 437
   7424 438
   7438 439
   7294 440
   7291 441
   6861 442
   6982 443
   6738 444
   6723 445
   6578 446
   6525 447
   6131 448
   6201 449
   5943 450
   5966 451
   5921 452
   5685 453
   5634 454
   5569 455
   5357 456
   5218 457
   5062 458
   5169 459
   5063 460
   4918 461
   4834 462
   4882 463
   4872 464
   4779 465
   4639 466
   4730 467
   4514 468
   4656 469
   4518 470
   4430 471
   4440 472
   4375 473
   4335 474
   4389 475
   4336 476
   4253 477
   4264 478
   4169 479
   4242 480
   4036 481
   3982 482
   3899 483
   3847 484
   3916 485
   3648 486
   3558 487
   3424 488
   3321 489
   3377 490
   3184 491
   3056 492
   3016 493
   2859 494
   2779 495
   2683 496
   2674 497
   2536 498
   2416 499
   2390 500
   2243 501
   2163 502
   2247 503
   2019 504
   2013 505
   1923 506
   1898 507
   1839 508
   1723 509
   1751 510
   1707 511
   1601 512
   1600 513
   1474 514
   1488 515
   1495 516
   1452 517
   1347 518
   1401 519
   1306 520
   1279 521
   1282 522
   1264 523
   1161 524
   1182 525
   1176 526
   1111 527
   1004 528
   1084 529
   1083 530
   1013 531
   1006 532
    983 533
   1022 534
    935 535
    988 536
    964 537
    933 538
    897 539
    859 540
    886 541
    886 542
    896 543
    806 544
    868 545
    845 546
    775 547
    783 548
    750 549
    755 550
    792 551
    798 552
    736 553
    691 554
    701 555
    634 556
    626 557
    597 558
    603 559
    550 560
    574 561
    533 562
    536 563
    528 564
    489 565
    489 566
    476 567
    456 568
    413 569
    408 570
    396 571
    367 572
    381 573
    359 574
    342 575
    336 576
    314 577
    364 578
    349 579
    298 580
    282 581
    313 582
    295 583
    273 584
    259 585
    260 586
    241 587
    267 588
    248 589
    223 590
    251 591
    215 592
    232 593
    221 594
    213 595
    216 596
    210 597
    210 598
    195 599
    162 600
    194 601
    163 602
    182 603
    161 604
    159 605
    167 606
    199 607
    151 608
    182 609
    154 610
    181 611
    171 612
    173 613
    186 614
    162 615
    152 616
    144 617
    148 618
    146 619
    136 620
    150 621
    160 622
    169 623
    124 624
    135 625
    111 626
    136 627
    148 628
    111 629
    114 630
    132 631
    106 632
     88 633
     96 634
     89 635
     99 636
    100 637
    105 638
     90 639
     77 640
     89 641
     98 642
     91 643
     70 644
     88 645
     66 646
     74 647
     63 648
     80 649
     65 650
     78 651
     66 652
     63 653
     69 654
     46 655
     59 656
     58 657
     54 658
     49 659
     57 660
     52 661
     56 662
     61 663
     57 664
     54 665
     55 666
     47 667
     59 668
     52 669
     54 670
     53 671
     49 672
     49 673
     45 674
     41 675
     51 676
     49 677
     48 678
     47 679
     56 680
     42 681
     35 682
     43 683
     47 684
     64 685
     48 686
     45 687
     55 688
     49 689
     52 690
     55 691
     48 692
     35 693
     41 694
     49 695
     48 696
     47 697
     40 698
     51 699
     40 700
     42 701
     30 702
     34 703
     31 704
     32 705
     41 706
     27 707
     34 708
     28 709
     24 710
     33 711
     36 712
     36 713
     30 714
     27 715
     28 716
     30 717
     24 718
     20 719
     32 720
     17 721
     24 722
     29 723
     29 724
     26 725
     29 726
     21 727
     18 728
     31 729
     21 730
     22 731
     29 732
     24 733
     23 734
     14 735
     14 736
     19 737
     16 738
     19 739
     24 740
     20 741
     24 742
     32 743
     19 744
     22 745
     26 746
     21 747
     30 748
     30 749
     22 750
     31 751
     37 752
     30 753
     22 754
     41 755
     24 756
     19 757
     20 758
     22 759
     23 760
     26 761
     25 762
     26 763
     21 764
     23 765
     26 766
     20 767
     16 768
     27 769
     23 770
     23 771
     19 772
     23 773
     24 774
     16 775
     25 776
     23 777
     15 778
     22 779
     16 780
     19 781
     15 782
      8 783
     22 784
     24 785
     22 786
     16 787
     18 788
     16 789
     11 790
     17 791
     24 792
     17 793
     19 794
     11 795
      7 796
     10 797
     27 798
     12 799
     16 800
     15 801
     12 802
      9 803
     16 804
     15 805
     12 806
     19 807
     20 808
     20 809
      8 810
     12 811
     14 812
     14 813
     21 814
     14 815
     19 816
     16 817
     12 818
     16 819
     17 820
     17 821
     21 822
     19 823
     18 824
     15 825
     23 826
     20 827
     14 828
     19 829
     13 830
     18 831
     17 832
     19 833
     23 834
     16 835
     21 836
     21 837
     20 838
     26 839
     17 840
     19 841
     23 842
     13 843
     19 844
     15 845
     16 846
     16 847
     20 848
     17 849
     20 850
     15 851
     12 852
     12 853
      6 854
     15 855
     10 856
     22 857
     18 858
     10 859
     19 860
     13 861
     12 862
     12 863
     15 864
     12 865
     15 866
     14 867
     15 868
     20 869
      8 870
      9 871
     15 872
     17 873
     18 874
      9 875
     12 876
      9 877
     17 878
     10 879
      8 880
     11 881
     15 882
     23 883
     16 884
     24 885
     18 886
     14 887
     10 888
     17 889
     18 890
     13 891
      9 892
     21 893
     19 894
     17 895
     14 896
     20 897
     10 898
     14 899
     15 900
     17 901
      9 902
     24 903
     15 904
     12 905
     16 906
     16 907
     15 908
     16 909
     18 910
     16 911
     10 912
     11 913
      7 914
     15 915
     18 916
     15 917
      9 918
     21 919
     12 920
     16 921
     16 922
     19 923
      6 924
      7 925
     24 926
     11 927
      9 928
     10 929
     14 930
     11 931
     17 932
     16 933
     11 934
     10 935
     10 936
     11 937
      7 938
      9 939
     17 940
      9 941
     15 942
     14 943
     12 944
     11 945
      8 946
      9 947
      9 948
      6 949
     10 950
      7 951
     11 952
     10 953
     10 954
      9 955
     14 956
     10 957
     16 958
     13 959
     12 960
     13 961
      8 962
     12 963
     13 964
     16 965
     10 966
     15 967
     13 968
     16 969
     19 970
     18 971
      7 972
     14 973
     12 974
     17 975
     20 976
     17 977
     13 978
     12 979
     13 980
     13 981
     15 982
     15 983
     10 984
     10 985
     16 986
      7 987
      9 988
     14 989
     11 990
     12 991
      9 992
     12 993
     12 994
     10 995
     19 996
     12 997
     16 998
     12 999
     13 1000
     16 1001
      9 1002
     15 1003
      5 1004
     10 1005
      9 1006
     12 1007
      8 1008
      8 1009
     16 1010
      8 1011
     15 1012
     15 1013
     13 1014
     14 1015
      7 1016
      6 1017
     11 1018
     13 1019
      6 1020
     11 1021
     11 1022
     10 1023
     24 1024
     13 1025
     18 1026
     14 1027
     12 1028
     15 1029
      9 1030
     12 1031
     12 1032
      7 1033
     10 1034
     16 1035
      8 1036
     15 1037
      9 1038
     15 1039
      8 1040
     22 1041
      9 1042
     17 1043
     11 1044
     12 1045
     20 1046
     16 1047
     13 1048
     12 1049
     14 1050
      7 1051
      9 1052
      9 1053
     14 1054
     14 1055
     12 1056
     13 1057
     13 1058
     17 1059
      9 1060
      9 1061
      6 1062
     10 1063
     13 1064
     15 1065
     12 1066
     16 1067
     23 1068
     16 1069
     14 1070
     11 1071
      7 1072
     13 1073
     12 1074
     12 1075
     15 1076
     10 1077
     12 1078
      8 1079
     16 1080
     20 1081
     13 1082
     11 1083
     11 1084
     16 1085
     15 1086
     16 1087
     12 1088
     14 1089
     10 1090
     11 1091
      7 1092
      7 1093
     20 1094
     13 1095
     12 1096
     18 1097
     14 1098
     10 1099
     14 1100
     11 1101
     14 1102
     14 1103
     12 1104
     12 1105
     17 1106
     12 1107
     16 1108
     15 1109
     13 1110
     15 1111
     11 1112
     20 1113
     16 1114
     14 1115
     16 1116
      9 1117
     16 1118
     13 1119
     12 1120
     19 1121
      8 1122
     14 1123
     17 1124
     15 1125
     13 1126
     17 1127
      8 1128
     15 1129
     12 1130
      6 1131
     13 1132
     18 1133
     11 1134
      9 1135
     15 1136
     10 1137
     13 1138
     10 1139
      9 1140
     14 1141
     18 1142
     13 1143
      5 1144
     13 1145
     11 1146
     17 1147
     18 1148
     10 1149
     13 1150
     20 1151
      9 1152
     14 1153
      7 1154
     15 1155
     13 1156
     15 1157
     12 1158
      6 1159
      8 1160
     14 1161
      5 1162
     17 1163
     13 1164
     11 1165
     11 1166
      7 1167
      6 1168
     16 1169
      7 1170
     12 1171
     12 1172
     18 1173
     12 1174
     16 1175
     10 1176
     11 1177
     13 1178
     17 1179
     10 1180
     16 1181
     10 1182
     11 1183
     10 1184
      8 1185
     14 1186
      9 1187
     13 1188
     10 1189
     10 1190
     10 1191
     15 1192
     14 1193
     14 1194
      9 1195
     11 1196
     13 1197
     14 1198
     14 1199
     11 1200
      7 1201
     13 1202
     14 1203
     14 1204
     12 1205
     12 1206
     12 1207
     10 1208
     14 1209
     12 1210
     13 1211
     16 1212
     11 1213
     13 1214
     11 1215
     10 1216
     14 1217
     15 1218
     10 1219
      9 1220
     12 1221
     15 1222
     12 1223
     14 1224
     17 1225
     11 1226
      8 1227
     12 1228
     10 1229
     18 1230
      8 1231
     16 1232
      6 1233
     11 1234
     10 1235
     10 1236
     12 1237
     12 1238
     21 1239
     15 1240
     14 1241
     10 1242
     10 1243
     13 1244
     17 1245
     12 1246
      7 1247
     13 1248
     10 1249
     16 1250
      8 1251
     12 1252
     13 1253
     17 1254
     12 1255
     12 1256
     11 1257
     12 1258
      9 1259
     16 1260
     12 1261
     14 1262
     11 1263
     12 1264
     12 1265
      8 1266
     16 1267
     17 1268
     10 1269
      6 1270
     17 1271
     16 1272
     12 1273
     10 1274
     15 1275
     18 1276
     10 1277
     10 1278
      6 1279
     15 1280
     12 1281
     13 1282
     11 1283
     11 1284
      7 1285
     13 1286
      8 1287
     11 1288
     17 1289
     13 1290
      4 1291
     15 1292
     14 1293
     18 1294
      9 1295
      9 1296
     15 1297
     18 1298
     12 1299
      6 1300
     17 1301
     11 1302
     11 1303
     13 1304
     11 1305
     14 1306
     15 1307
     10 1308
     10 1309
      6 1310
     21 1311
     15 1312
     21 1313
     19 1314
     21 1315
     20 1316
     13 1317
     15 1318
     17 1319
     11 1320
     13 1321
     11 1322
     15 1323
     10 1324
     11 1325
      9 1326
     12 1327
     17 1328
     20 1329
     19 1330
      9 1331
      9 1332
      7 1333
     20 1334
     14 1335
     13 1336
     12 1337
     15 1338
      8 1339
     14 1340
     11 1341
     16 1342
     12 1343
     12 1344
     22 1345
     19 1346
     17 1347
      6 1348
     19 1349
      7 1350
     14 1351
     16 1352
     15 1353
     13 1354
     11 1355
     12 1356
     10 1357
     16 1358
     15 1359
     18 1360
      7 1361
     15 1362
     22 1363
     21 1364
     22 1365
     14 1366
     15 1367
     17 1368
     22 1369
     13 1370
     14 1371
     19 1372
     13 1373
     13 1374
     13 1375
      9 1376
     15 1377
     15 1378
     24 1379
     18 1380
     16 1381
     15 1382
     15 1383
     12 1384
     19 1385
     14 1386
     13 1387
     10 1388
     14 1389
      9 1390
     20 1391
     13 1392
     18 1393
     19 1394
     12 1395
     15 1396
     16 1397
      9 1398
     12 1399
     15 1400
     22 1401
     19 1402
     15 1403
     23 1404
     19 1405
     16 1406
     16 1407
     15 1408
     14 1409
     16 1410
     15 1411
     13 1412
     16 1413
     15 1414
     17 1415
     23 1416
     21 1417
     12 1418
     10 1419
     14 1420
     22 1421
     17 1422
     15 1423
     18 1424
     17 1425
     19 1426
     19 1427
     16 1428
     14 1429
     14 1430
     18 1431
     17 1432
     22 1433
     18 1434
     18 1435
     13 1436
     24 1437
     23 1438
     17 1439
     14 1440
     17 1441
     20 1442
     24 1443
     18 1444
     18 1445
     13 1446
     16 1447
     13 1448
     17 1449
     19 1450
     25 1451
     11 1452
     20 1453
     18 1454
     21 1455
     23 1456
     18 1457
     25 1458
     21 1459
     18 1460
     19 1461
     13 1462
     19 1463
     27 1464
     23 1465
     14 1466
     16 1467
     18 1468
     20 1469
     21 1470
     23 1471
     24 1472
     19 1473
     25 1474
     16 1475
     22 1476
     12 1477
     21 1478
     22 1479
     22 1480
     20 1481
     16 1482
     27 1483
     21 1484
     18 1485
     20 1486
     18 1487
     28 1488
     15 1489
     16 1490
     23 1491
     16 1492
     34 1493
     22 1494
     17 1495
     20 1496
     19 1497
     19 1498
     19 1499
     19 1500
     23 1501
     21 1502
     15 1503
     12 1504
     24 1505
     11 1506
     14 1507
      8 1508
     12 1509
     20 1510
     14 1511
     20 1512
     18 1513
     16 1514
     17 1515
     13 1516
     16 1517
     22 1518
     24 1519
     17 1520
     15 1521
     20 1522
     26 1523
     23 1524
     12 1525
     18 1526
     10 1527
     20 1528
     19 1529
     10 1530
     20 1531
     18 1532
     17 1533
     19 1534
     14 1535
     24 1536
     21 1537
     11 1538
     15 1539
     17 1540
     17 1541
     15 1542
     17 1543
     17 1544
     13 1545
     19 1546
     15 1547
     19 1548
     18 1549
     13 1550
     12 1551
     12 1552
     15 1553
     13 1554
     12 1555
     18 1556
      8 1557
     11 1558
     11 1559
     20 1560
     16 1561
     17 1562
     12 1563
     12 1564
     10 1565
     16 1566
     14 1567
     18 1568
     15 1569
     13 1570
      9 1571
     12 1572
     13 1573
     11 1574
     10 1575
      9 1576
     10 1577
     11 1578
      7 1579
      8 1580
      8 1581
     15 1582
     12 1583
      7 1584
     13 1585
      9 1586
     11 1587
     12 1588
     12 1589
     15 1590
     10 1591
     16 1592
     13 1593
     10 1594
      9 1595
      4 1596
     11 1597
     19 1598
      5 1599
     11 1600
     16 1601
     11 1602
     10 1603
      4 1604
      5 1605
      5 1606
      3 1607
      6 1608
      5 1609
      9 1610
      4 1611
     10 1612
     12 1613
      8 1614
      9 1615
      7 1616
      8 1617
      5 1618
     15 1619
      9 1620
      4 1621
      3 1622
      8 1623
      2 1624
      4 1625
      7 1626
      7 1627
      5 1628
      8 1629
     10 1630
      6 1631
      5 1632
      3 1633
      5 1634
      5 1635
      5 1636
      6 1637
     12 1638
      5 1639
      8 1640
      8 1641
      3 1642
      7 1643
      5 1644
      5 1645
      6 1646
      9 1647
      8 1648
      5 1649
      7 1650
      5 1651
      8 1652
      9 1653
      4 1654
      2 1655
      4 1656
      7 1657
      5 1658
      1 1659
      2 1660
      5 1661
      8 1662
      4 1663
      3 1664
      3 1665
      3 1666
      2 1667
      4 1668
      7 1669
      2 1670
      3 1671
      6 1672
      7 1673
      4 1674
      3 1675
      5 1677
      2 1678
      3 1679
      2 1680
      4 1681
      2 1682
      1 1683
      2 1684
      7 1685
      3 1686
      3 1687
      3 1688
      3 1689
      3 1690
      1 1691
      2 1692
      5 1693
      4 1694
      5 1695
     11 1696
      2 1697
      4 1698
      3 1699
      1 1700
      4 1701
      1 1702
      2 1703
      2 1705
      2 1706
      1 1707
      5 1708
      2 1709
      3 1710
      2 1711
      3 1712
      6 1713
      1 1714
      4 1715
      3 1716
      4 1717
      4 1718
      2 1719
      2 1720
      1 1721
      1 1722
      2 1723
      2 1724
      2 1725
      3 1726
      4 1727
      5 1728
      3 1729
      3 1730
      1 1731
      3 1732
      1 1733
      2 1734
      3 1735
      3 1736
      1 1737
      1 1738
      1 1739
      1 1742
      2 1744
      2 1746
      1 1747
      1 1748
      3 1749
      3 1750
      1 1751
      3 1753
      2 1754
      1 1756
      2 1757
      1 1758
      1 1759
      2 1760
      4 1761
      1 1762
      2 1763
      2 1765
      2 1766
      1 1768
      1 1769
      1 1771
      2 1773
      1 1774
      1 1776
      3 1777
      1 1778
      1 1781
      3 1782
      3 1783
      1 1784
      1 1785
      1 1787
      2 1788
      1 1789
      2 1790
      3 1791
      1 1793
      2 1796
      3 1799
      2 1800
      1 1801
      2 1802
      4 1803
      2 1804
      2 1805
      2 1806
      1 1809
      1 1811
      1 1812
      2 1813
      1 1814
      2 1815
      2 1816
      3 1817
      4 1818
      2 1819
      1 1823
      1 1824
      3 1825
      1 1828
      2 1831
      2 1832
      1 1834
      1 1835
      2 1841
      1 1843
      3 1844
      1 1847
      1 1849
      1 1850
      3 1853
      1 1854
      1 1856
      1 1857
      1 1858
      1 1861
      2 1870
      1 1878
      3 1880
      1 1881
      1 1883
      1 1884
      1 1891
      1 1902
      1 1904
      1 1905
      2 1908
      1 1909
      1 1915
      1 1916
      1 1928
      1 1930
      2 1931
      1 1939
      2 1941
      1 1942
      1 1946
      1 1948
      1 1950
      1 1951
      1 1961
      1 1962
      1 1965
      1 1966
      1 1970
      1 1971
      1 1972
      1 1975
      1 1976
      1 1977
      1 1979
      1 1980
      1 1981
      2 1986
      1 1996
      1 1998
      1 2003
      1 2013
      2 2031
      2 2037
      1 2051
      1 2057
      1 2067
      1 2077
      1 2082
      1 2083
      1 2090
      2 2103
      1 2105
      1 2121
      1 2130
      1 2136
      1 2137
      1 2143
      1 2149
      1 2159
      1 2202
      1 2208
      1 2216
      1 2225
      1 2226
      1 2228
      1 2229
      1 2243
      1 2245
      1 2255
      1 2286
      1 2308
      1 2318
      1 2358
      1 2362
      2 2369
      1 2396
      1 2405
      1 2412
      1 2449
      1 2464
      1 2486
      1 2518
      1 2520
      1 2572
      1 2573
      1 2574
      1 2595
      1 2627
      1 2641
      1 2646
      1 2655
      1 2728
      1 2733
      1 2746
      1 2758
      1 2762
      1 2851
      1 3024
      1 3031
      1 3042
      1 3168
      1 3502
      1 3690
      1 3953
      1 4105
      1 4143
      1 4550
      1 10899
      1 23983
---AAD-PGBENCH-LAG-US---
  34056 0
  28977 1
  25942 2
  24576 3
  23648 4
  23129 5
  22232 6
  21260 7
  20961 8
  20319 9
  19892 10
  19673 11
  19095 12
  19264 13
  19195 14
  18716 15
  18623 16
  18684 17
  18707 18
  18839 19
  18892 20
  18406 21
  18151 22
  18154 23
  18210 24
  18571 25
  18479 26
  18420 27
  18299 28
  18353 29
  18188 30
  18061 31
  17957 32
  18195 33
  17629 34
  17450 35
  17021 36
  17028 37
  16637 38
  16642 39
  16613 40
  16278 41
  16434 42
  16060 43
  15799 44
  15861 45
  15789 46
  15532 47
  15410 48
  15192 49
  14625 50
  14067 51
  13415 52
  12369 53
  11794 54
  22169 55
  39394 56
  23839 57
  18587 58
  17812 59
  16908 60
  20573 61
  39656 62
  53707 63
  66036 64
  57836 65
  31441 66
  24148 67
  25871 68
  25662 69
  26048 70
  24827 71
  24181 72
  20333 73
  14319 74
  11856 75
  10571 76
   9562 77
   9260 78
   8891 79
   7563 80
   6346 81
   5524 82
   5117 83
   4462 84
   4043 85
   3683 86
   3320 87
   3051 88
   2994 89
   2772 90
   2530 91
   2420 92
   2374 93
   2245 94
   2183 95
   2111 96
   2011 97
   2007 98
   1898 99
   1873 100
   1907 101
   1828 102
   1732 103
   1748 104
   1756 105
   1715 106
   1683 107
   1735 108
   1642 109
   1686 110
   1662 111
   1636 112
   1628 113
   1606 114
   1657 115
   1561 116
   1522 117
   1550 118
   1486 119
   1487 120
   1466 121
   1468 122
   1502 123
   1452 124
   1389 125
   1487 126
   1361 127
   1455 128
   1406 129
   1369 130
   1333 131
   1365 132
   1333 133
   1289 134
   1290 135
   1276 136
   1262 137
   1280 138
   1321 139
   1316 140
   1282 141
   1155 142
   1216 143
   1230 144
   1210 145
   1159 146
   1108 147
   1189 148
   1167 149
   1111 150
   1175 151
   1065 152
   1140 153
   1113 154
   1101 155
   1111 156
   1091 157
   1092 158
   1044 159
   1045 160
   1057 161
   1031 162
   1008 163
    977 164
    971 165
   1016 166
    955 167
    948 168
    924 169
    961 170
    957 171
    901 172
    938 173
    934 174
    865 175
    898 176
    872 177
    901 178
    775 179
    818 180
    842 181
    879 182
    838 183
    801 184
    840 185
    800 186
    797 187
    739 188
    749 189
    776 190
    751 191
    731 192
    703 193
    722 194
    707 195
    670 196
    755 197
    683 198
    634 199
    689 200
    605 201
    654 202
    611 203
    641 204
    633 205
    601 206
    600 207
    565 208
    559 209
    590 210
    552 211
    547 212
    573 213
    564 214
    549 215
    553 216
    537 217
    528 218
    541 219
    575 220
    491 221
    515 222
    483 223
    529 224
    450 225
    498 226
    467 227
    487 228
    452 229
    446 230
    426 231
    440 232
    423 233
    413 234
    389 235
    405 236
    421 237
    422 238
    375 239
    375 240
    388 241
    390 242
    382 243
    378 244
    348 245
    370 246
    383 247
    350 248
    330 249
    370 250
    350 251
    345 252
    350 253
    289 254
    326 255
    342 256
    313 257
    315 258
    268 259
    280 260
    256 261
    288 262
    272 263
    259 264
    256 265
    261 266
    282 267
    254 268
    289 269
    247 270
    230 271
    248 272
    250 273
    233 274
    259 275
    215 276
    217 277
    208 278
    180 279
    199 280
    209 281
    206 282
    198 283
    202 284
    217 285
    166 286
    173 287
    188 288
    207 289
    208 290
    172 291
    201 292
    176 293
    160 294
    166 295
    169 296
    160 297
    143 298
    168 299
    140 300
    146 301
    138 302
    137 303
    154 304
    165 305
    145 306
    155 307
    135 308
    141 309
    129 310
    156 311
    123 312
    135 313
    155 314
    129 315
    119 316
    143 317
    110 318
    133 319
    124 320
    129 321
    121 322
    102 323
    100 324
    105 325
    133 326
    118 327
    108 328
    100 329
    104 330
    105 331
     95 332
    104 333
     79 334
    107 335
     94 336
     93 337
    109 338
    103 339
     84 340
     85 341
    108 342
     96 343
     83 344
    109 345
     78 346
     76 347
     71 348
     82 349
     85 350
     84 351
     88 352
     71 353
     83 354
     84 355
     76 356
     81 357
     84 358
     79 359
     77 360
     63 361
     82 362
     51 363
     84 364
     79 365
     77 366
     78 367
     79 368
     50 369
     77 370
     62 371
     65 372
     76 373
     58 374
     50 375
     67 376
     62 377
     55 378
     45 379
     64 380
     59 381
     65 382
     53 383
     41 384
     44 385
     74 386
     49 387
     50 388
     47 389
     57 390
     55 391
     56 392
     48 393
     38 394
     39 395
     54 396
     56 397
     47 398
     48 399
     41 400
     54 401
     36 402
     52 403
     54 404
     52 405
     53 406
     36 407
     37 408
     42 409
     38 410
     37 411
     53 412
     51 413
     47 414
     46 415
     52 416
     51 417
     39 418
     39 419
     44 420
     40 421
     54 422
     43 423
     39 424
     37 425
     39 426
     48 427
     34 428
     40 429
     34 430
     35 431
     36 432
     38 433
     43 434
     47 435
     30 436
     36 437
     44 438
     29 439
     35 440
     36 441
     35 442
     34 443
     38 444
     38 445
     27 446
     27 447
     34 448
     25 449
     36 450
     34 451
     28 452
     37 453
     22 454
     33 455
     25 456
     28 457
     26 458
     34 459
     31 460
     39 461
     30 462
     26 463
     45 464
     31 465
     24 466
     37 467
     31 468
     33 469
     33 470
     20 471
     22 472
     28 473
     29 474
     29 475
     22 476
     37 477
     41 478
     22 479
     27 480
     24 481
     27 482
     25 483
     23 484
     22 485
     29 486
     27 487
     23 488
     38 489
     23 490
     25 491
     25 492
     24 493
     25 494
     32 495
     26 496
     25 497
     21 498
     19 499
     26 500
     24 501
     21 502
     18 503
     16 504
     30 505
     14 506
     16 507
     22 508
     12 509
     26 510
     21 511
     24 512
     20 513
     18 514
     16 515
     18 516
     14 517
     23 518
     28 519
     21 520
     18 521
     26 522
     16 523
     20 524
     18 525
     20 526
     24 527
     25 528
     20 529
     24 530
     16 531
     11 532
     24 533
     23 534
     22 535
     22 536
     22 537
     24 538
     27 539
     23 540
     16 541
     18 542
     22 543
     11 544
     20 545
     13 546
     22 547
     22 548
     21 549
     21 550
     20 551
     16 552
     13 553
     13 554
     16 555
     24 556
     12 557
     14 558
     26 559
     11 560
     25 561
     22 562
     20 563
     21 564
     24 565
     13 566
     20 567
     11 568
     18 569
     23 570
     13 571
     16 572
     22 573
     15 574
     14 575
     14 576
     11 577
     23 578
     20 579
     24 580
     18 581
     20 582
     10 583
     20 584
     16 585
     19 586
     18 587
     14 588
     21 589
     22 590
     17 591
     19 592
     13 593
      9 594
     16 595
     14 596
     14 597
     19 598
     12 599
     15 600
     11 601
     12 602
     18 603
     25 604
     15 605
     17 606
     14 607
      7 608
     19 609
     10 610
      8 611
     21 612
     14 613
     14 614
     21 615
     14 616
     10 617
     16 618
     18 619
     19 620
     11 621
     12 622
     16 623
     18 624
     16 625
     13 626
     16 627
     15 628
     21 629
     13 630
     11 631
     12 632
      9 633
     19 634
     17 635
     12 636
     14 637
      6 638
     13 639
     14 640
     13 641
     14 642
      9 643
     17 644
     17 645
     13 646
     12 647
     13 648
     13 649
     12 650
      9 651
      8 652
     11 653
     18 654
     15 655
      7 656
     14 657
     16 658
     15 659
     21 660
     13 661
     14 662
     15 663
     16 664
     15 665
     18 666
     15 667
     13 668
     19 669
     10 670
      6 671
     14 672
      9 673
      8 674
     20 675
     12 676
     11 677
      7 678
     16 679
     13 680
     14 681
     18 682
      7 683
     15 684
     13 685
     12 686
     13 687
     13 688
     18 689
     18 690
     10 691
     19 692
     18 693
      9 694
     11 695
     15 696
     13 697
     12 698
     14 699
     11 700
     10 701
     15 702
     18 703
     16 704
     16 705
     19 706
      8 707
     11 708
      9 709
     11 710
     13 711
     10 712
     11 713
     17 714
     11 715
     19 716
     16 717
      9 718
     12 719
     15 720
     10 721
     11 722
      9 723
     11 724
     13 725
      7 726
     12 727
      9 728
     17 729
     15 730
     10 731
     10 732
     13 733
     12 734
     14 735
     11 736
     18 737
     12 738
     15 739
     16 740
      4 741
     17 742
     18 743
     11 744
     19 745
     13 746
     12 747
     13 748
     13 749
     17 750
     12 751
      9 752
     16 753
     18 754
     10 755
     14 756
     12 757
      8 758
     17 759
     11 760
      7 761
     10 762
      9 763
      4 764
     14 765
     14 766
     11 767
      9 768
     16 769
      8 770
     14 771
      7 772
     16 773
      8 774
     12 775
     11 776
     15 777
     10 778
      7 779
     12 780
     12 781
      9 782
     10 783
      7 784
     19 785
     12 786
      8 787
     12 788
      7 789
     15 790
      7 791
     18 792
     15 793
     15 794
     11 795
     11 796
      7 797
      9 798
     12 799
     13 800
      6 801
      3 802
     11 803
      9 804
     15 805
     11 806
     10 807
     10 808
     15 809
     10 810
     16 811
     13 812
     12 813
     13 814
     16 815
     11 816
     14 817
      8 818
     14 819
     12 820
     12 821
     11 822
     13 823
      9 824
     12 825
      8 826
      8 827
     12 828
     10 829
     14 830
      9 831
     10 832
     11 833
     11 834
     17 835
     12 836
      3 837
     10 838
     11 839
     16 840
      9 841
     10 842
     11 843
      6 844
      9 845
      6 846
      9 847
     10 848
      6 849
      6 850
      9 851
      9 852
     11 853
      8 854
     12 855
      7 856
     11 857
      7 858
      7 859
      7 860
     13 861
      9 862
     11 863
     10 864
      8 865
     14 866
      8 867
     11 868
      8 869
     11 870
      7 871
     10 872
      8 873
      3 874
      4 875
      9 876
      5 877
      5 878
      6 879
     15 880
     13 881
      5 882
     17 883
     13 884
     15 885
     11 886
     14 887
      7 888
      9 889
     15 890
      8 891
     15 892
     10 893
     15 894
      6 895
     10 896
     14 897
      7 898
      9 899
     17 900
      7 901
      3 902
      8 903
      8 904
      9 905
      5 906
     13 907
      8 908
     10 909
      8 910
     13 911
     12 912
     11 913
      6 914
      8 915
      4 916
     12 917
      9 918
     10 919
     11 920
      9 921
     14 922
     11 923
      5 924
      5 925
     11 926
     14 927
     10 928
     14 929
     12 930
     11 931
     10 932
     10 933
     12 934
     15 935
      7 936
      8 937
     13 938
      7 939
      6 940
      6 941
      7 942
     12 943
     10 944
     11 945
     10 946
     11 947
     12 948
      9 949
     11 950
      7 951
      3 952
      8 953
      8 954
      7 955
     10 956
     12 957
     10 958
     11 959
      7 960
     13 961
     11 962
      7 963
     11 964
      9 965
     11 966
      5 967
      4 968
      8 969
      7 970
     17 971
      8 972
      8 973
     11 974
     11 975
     10 976
      7 977
      5 978
     10 979
      8 980
     11 981
      6 982
      6 983
      8 984
     10 985
      8 986
      5 987
      5 988
      8 989
      6 990
      8 991
      7 992
     16 993
      6 994
     10 995
      7 996
      2 997
      6 998
      3 999
     14 1000
     13 1001
     10 1002
     12 1003
     12 1004
      6 1005
      8 1006
     10 1007
      8 1008
     13 1009
     11 1010
     11 1011
      8 1012
      8 1013
      7 1014
     10 1015
      8 1016
     10 1017
      7 1018
     13 1019
     10 1020
      8 1021
     12 1022
      5 1023
      5 1024
     10 1025
      8 1026
     11 1027
     12 1028
      2 1029
     10 1030
      7 1031
      9 1032
      5 1033
      7 1034
     11 1035
      4 1036
     10 1037
      5 1038
      8 1039
     12 1040
      7 1041
      8 1042
     12 1043
      6 1044
      3 1045
      6 1046
      4 1047
     10 1048
     10 1049
     10 1050
     11 1051
     12 1052
      4 1053
      6 1054
      6 1055
     18 1056
      9 1057
      7 1058
      8 1059
      7 1060
      7 1061
      3 1062
      4 1063
      4 1064
      2 1065
     10 1066
      8 1067
      3 1068
     11 1069
      5 1070
      9 1071
      8 1072
      7 1073
      6 1074
      7 1075
      6 1076
      7 1077
      9 1078
      5 1079
      6 1080
      3 1081
      9 1082
      7 1083
      7 1084
      6 1085
      5 1086
     13 1087
      9 1088
      7 1089
      6 1090
      9 1091
      6 1092
      8 1093
      9 1094
      8 1095
      1 1096
      7 1097
     11 1098
      7 1099
      8 1100
      4 1101
     11 1102
      8 1103
      3 1104
     12 1105
      7 1106
      5 1107
      5 1108
      9 1109
      9 1110
      6 1111
      4 1112
      4 1113
      6 1114
      6 1115
      9 1116
      7 1117
      6 1118
      8 1119
      5 1120
      9 1121
      8 1122
      5 1123
      6 1124
      8 1125
      4 1126
      6 1127
     10 1128
      4 1129
      8 1130
      5 1131
      3 1132
      7 1133
     11 1134
      3 1135
      7 1136
      3 1137
      8 1138
      7 1139
      8 1140
      5 1141
      3 1142
      9 1143
      5 1144
      7 1145
      7 1146
      6 1147
      6 1148
      6 1149
      1 1150
      5 1151
      4 1152
      8 1153
      5 1154
      1 1155
      5 1156
      3 1157
      7 1158
      3 1159
      7 1160
      6 1161
      8 1162
      5 1163
      7 1164
      4 1165
      7 1166
      2 1167
      5 1168
      8 1169
      8 1170
     15 1171
      6 1172
      7 1173
      6 1174
      7 1175
      4 1176
      3 1177
      4 1178
      7 1179
      6 1180
      4 1181
      6 1182
      8 1183
      2 1184
      6 1185
      8 1186
      5 1187
      5 1188
      4 1189
      6 1190
     12 1191
      7 1192
      6 1193
      5 1194
      6 1195
      8 1196
      3 1197
      3 1198
      7 1199
      5 1200
      6 1201
      5 1202
      2 1203
      3 1204
      9 1205
      9 1206
      7 1207
      4 1208
      6 1209
      6 1210
      7 1211
      3 1212
      5 1213
      4 1214
      5 1215
      7 1216
      6 1217
      8 1218
      8 1219
      4 1220
      4 1221
      7 1222
      7 1223
      4 1224
      3 1225
      5 1226
      3 1227
      6 1228
      6 1229
      4 1230
      4 1231
      6 1232
      5 1233
      4 1234
      8 1235
      5 1236
      3 1237
      7 1238
      6 1239
      3 1240
      5 1241
      6 1242
      6 1243
      4 1244
      5 1245
      3 1246
      3 1247
      2 1248
      6 1249
      2 1250
      4 1251
      1 1252
      2 1253
      5 1254
      3 1255
      6 1256
      5 1257
      4 1258
      4 1259
      1 1260
      4 1261
      5 1262
      4 1263
      4 1265
      5 1266
      6 1267
      2 1268
      4 1269
      2 1270
      3 1271
      3 1272
      5 1273
      1 1274
      4 1275
      2 1276
      1 1277
      3 1278
      8 1279
      2 1280
      4 1281
      2 1282
      2 1283
      1 1284
      2 1285
      5 1286
      6 1287
      2 1288
      2 1289
      2 1290
      2 1291
      6 1292
      7 1293
      1 1294
      5 1295
      2 1296
      3 1297
      1 1298
      5 1299
      5 1300
      8 1301
      4 1302
      1 1303
      3 1304
      3 1305
      7 1306
      2 1307
      5 1308
      3 1309
      2 1310
      9 1311
      4 1312
      6 1313
      3 1314
      2 1315
      3 1316
      2 1317
      4 1318
      6 1319
      6 1320
      6 1321
      5 1322
      4 1324
      2 1325
      3 1326
      3 1327
      8 1328
      1 1329
      4 1330
      2 1331
      1 1332
      3 1333
      5 1334
      3 1335
      3 1336
      2 1337
      5 1338
      3 1339
      7 1340
      2 1341
      1 1342
      2 1343
      3 1344
      1 1345
      2 1346
      4 1347
      3 1348
      2 1349
      4 1350
      5 1351
      1 1352
      3 1353
      8 1354
      1 1355
      3 1356
      1 1357
      3 1358
      1 1359
      3 1360
      1 1361
      1 1362
      2 1363
      2 1364
      3 1365
      1 1366
      4 1367
      1 1368
      2 1369
      2 1370
      4 1371
      3 1372
      3 1373
      1 1374
      5 1375
      2 1376
      2 1377
      2 1378
      1 1379
      1 1380
      1 1381
      2 1382
      4 1383
      1 1384
      3 1385
      1 1388
      3 1389
      1 1390
      1 1391
      6 1392
      3 1393
      1 1394
      7 1395
      2 1396
      2 1397
      3 1398
      1 1400
      3 1401
      3 1402
      1 1403
      1 1404
      3 1405
      4 1406
      1 1407
      2 1408
      1 1409
      1 1410
      1 1411
      1 1412
      3 1413
      5 1414
      1 1415
      3 1416
      1 1417
      3 1418
      2 1419
      5 1420
      2 1421
      2 1423
      1 1425
      2 1427
      2 1428
      1 1429
      1 1430
      4 1431
      2 1432
      4 1433
      3 1434
      2 1435
      2 1436
      2 1437
      4 1438
      2 1439
      2 1440
      1 1441
      2 1443
      2 1444
      2 1445
      2 1446
      2 1447
      3 1448
      3 1449
      2 1450
      2 1451
      3 1452
      2 1453
      2 1454
      1 1455
      3 1456
      2 1457
      2 1458
      2 1459
      2 1462
      2 1463
      2 1466
      2 1467
      2 1468
      2 1470
      1 1471
      3 1472
      5 1474
      1 1475
      1 1476
      2 1477
      4 1478
      1 1479
      1 1480
      1 1481
      1 1482
      1 1483
      1 1484
      4 1486
      2 1487
      2 1488
      1 1489
      2 1490
      5 1492
      3 1493
      3 1496
      2 1498
      2 1499
      3 1500
      2 1502
      1 1503
      1 1506
      1 1507
      1 1508
      4 1512
      1 1513
      1 1514
      2 1515
      1 1516
      1 1518
      3 1519
      1 1520
      3 1521
      1 1522
      1 1523
      2 1524
      1 1525
      2 1526
      3 1527
      2 1528
      2 1529
      1 1530
      3 1531
      2 1534
      2 1535
      2 1538
      1 1539
      2 1540
      3 1541
      2 1543
      2 1544
      2 1545
      3 1546
      1 1547
      2 1550
      1 1551
      1 1553
      2 1554
      1 1555
      2 1558
      3 1559
      1 1561
      1 1564
      2 1565
      3 1567
      1 1568
      1 1569
      1 1571
      2 1572
      1 1573
      1 1574
      2 1575
      4 1576
      5 1579
      2 1581
      1 1584
      2 1585
      3 1586
      1 1587
      1 1590
      3 1591
      2 1592
      2 1593
      3 1595
      2 1597
      2 1598
      1 1600
      2 1601
      1 1602
      1 1603
      1 1604
      2 1607
      1 1610
      1 1611
      3 1613
      2 1615
      1 1617
      1 1619
      1 1620
      2 1621
      2 1622
      2 1625
      3 1626
      1 1627
      2 1628
      1 1630
      2 1632
      2 1635
      2 1636
      1 1637
      1 1639
      1 1640
      1 1642
      2 1643
      1 1644
      1 1645
      1 1647
      1 1648
      1 1652
      2 1655
      2 1657
      2 1658
      1 1660
      2 1662
      1 1663
      1 1664
      1 1668
      1 1669
      1 1670
      1 1671
      1 1672
      1 1673
      1 1674
      2 1676
      2 1677
      1 1678
      1 1680
      2 1683
      1 1686
      1 1687
      3 1688
      1 1693
      2 1694
      1 1695
      3 1697
      2 1698
      1 1703
      1 1706
      2 1709
      1 1710
      1 1713
      1 1716
      1 1717
      1 1718
      2 1720
      1 1721
      1 1725
      2 1726
      1 1732
      1 1738
      1 1741
      1 1745
      2 1747
      2 1748
      1 1749
      2 1752
      2 1754
      1 1755
      1 1758
      2 1759
      1 1764
      1 1768
      1 1769
      1 1777
      2 1779
      1 1783
      1 1785
      1 1790
      1 1791
      1 1796
      1 1797
      1 1798
      1 1799
      1 1804
      1 1806
      1 1807
      1 1811
      1 1812
      1 1813
      1 1814
      1 1816
      1 1818
      1 1819
      1 1820
      1 1821
      1 1826
      2 1827
      1 1829
      1 1830
      2 1837
      1 1847
      2 1848
      1 1849
      1 1854
      1 1855
      1 1861
      1 1865
      1 1867
      1 1868
      1 1875
      1 1892
      2 1893
      1 1895
      1 1896
      1 1899
      1 1902
      1 1913
      1 1916
      1 1919
      1 1920
      1 1923
      1 1938
      2 1940
      1 1943
      2 1945
      1 1946
      1 1950
      1 1954
      1 1958
      1 1961
      1 1970
      1 1981
      1 1984
      1 1990
      1 1993
      1 1998
      1 2001
      1 2012
      1 2016
      1 2021
      1 2023
      1 2026
      2 2032
      1 2037
      1 2038
      1 2042
      1 2043
      1 2047
      1 2048
      1 2055
      1 2066
      1 2081
      2 2087
      1 2096
      1 2111
      1 2143
      1 2155
      1 2159
      1 2163
      1 2171
      1 2173
      1 2178
      1 2186
      1 2191
      1 2193
      1 2194
      1 2197
      1 2217
      2 2233
      1 2259
      1 2270
      1 2272
      1 2274
      1 2283
      1 2285
      2 2290
      1 2291
      1 2292
      1 2294
      1 2300
      1 2303
      1 2318
      1 2345
      1 2353
      1 2360
      1 2361
      1 2389
      1 2397
      1 2437
      1 2438
      1 2444
      1 2469
      1 2487
      1 2492
      1 2497
      1 2511
      1 2517
      1 2534
      1 2537
      1 2548
      1 2554
      1 2557
      1 2561
      1 2565
      1 2567
      1 2581
      1 2617
      1 2627
      1 2634
      1 2654
      1 2657
      1 2662
      1 2755
      2 2813
      1 2877
      1 2897
      1 2972
      1 3028
      1 3104
      1 3319
      1 3565
      1 3681
      1 3798
      1 3977
      1 3998
      1 4741
      1 4782
      1 5157
      1 5260
      1 5749
      1 6062
      1 6123
      1 6131
      1 6328
      1 6339
      1 6700
      1 6939
      1 7578
      1 7688
      1 7758
      1 8863
      1 9493
      1 9899
      1 10571
      1 11412
      1 11759
      1 12414
      1 12957
      1 12987
      1 12999
      1 14614
      1 14669
      1 15088
      1 15574
      1 16387
      1 16540
      1 17496
      1 18134
      1 18614
      1 20127
      1 20853
      1 21015
      1 22705
