pgbench (18.6 (Debian 18.6-1.pgdg13+2))
starting vacuum...end.
transaction type: <builtin: select only>
scaling factor: 1000
query mode: simple
number of clients: 128
number of threads: 16
maximum number of tries: 1
duration: 480 s
number of transactions actually processed: 96239558
number of failed transactions: 0 (0.000%)
latency average = 0.431 ms
latency stddev = 0.541 ms
rate limit schedule lag: avg 0.060 (max 57.230) ms
initial connection time = 277.174 ms
tps = 200611.373054 (without initial connection time)
---AAD-PGBENCH-LATENCY-US---
rc=0
samples=1924731
      3 216
      2 217
      4 218
      7 219
     10 220
      8 221
      7 222
     14 223
     22 224
     33 225
     31 226
     29 227
     52 228
     45 229
     64 230
     78 231
    106 232
    131 233
    123 234
    128 235
    165 236
    192 237
    215 238
    250 239
    274 240
    305 241
    335 242
    403 243
    449 244
    485 245
    531 246
    565 247
    653 248
    694 249
    725 250
    863 251
    938 252
   1017 253
   1030 254
   1238 255
   1221 256
   1390 257
   1437 258
   1617 259
   1671 260
   1798 261
   1973 262
   2101 263
   2212 264
   2445 265
   2569 266
   2767 267
   2841 268
   3086 269
   3268 270
   3494 271
   3723 272
   3878 273
   3962 274
   4170 275
   4470 276
   4520 277
   4623 278
   4858 279
   5134 280
   5318 281
   5338 282
   5584 283
   5659 284
   5718 285
   5917 286
   6020 287
   6178 288
   6430 289
   6418 290
   6539 291
   6772 292
   6905 293
   6871 294
   7154 295
   7318 296
   7363 297
   7570 298
   7795 299
   8112 300
   8212 301
   8476 302
   8515 303
   8666 304
   8904 305
   9122 306
   9363 307
   9429 308
   9772 309
   9918 310
  10090 311
  10257 312
  10207 313
  10509 314
  10879 315
  10983 316
  11239 317
  11399 318
  11498 319
  11730 320
  11698 321
  12011 322
  12170 323
  12434 324
  12490 325
  12577 326
  12676 327
  13160 328
  13010 329
  13384 330
  13835 331
  13981 332
  14326 333
  14370 334
  14563 335
  14831 336
  15195 337
  15039 338
  15346 339
  15773 340
  16044 341
  16054 342
  16158 343
  16313 344
  16658 345
  16139 346
  16387 347
  16571 348
  16168 349
  16184 350
  16010 351
  16091 352
  15242 353
  15177 354
  15188 355
  14863 356
  14792 357
  14357 358
  14150 359
  13803 360
  13770 361
  13468 362
  13170 363
  13158 364
  13040 365
  12730 366
  12628 367
  12500 368
  12256 369
  12064 370
  11995 371
  11999 372
  11742 373
  11687 374
  11352 375
  11240 376
  11321 377
  11164 378
  11119 379
  10886 380
  10756 381
  10553 382
  10614 383
  10626 384
  10314 385
  10136 386
   9923 387
  10000 388
  10072 389
   9745 390
   9650 391
   9575 392
   9463 393
   9452 394
   9368 395
   9317 396
   9238 397
   9151 398
   9007 399
   9015 400
   8868 401
   9015 402
   8891 403
   9011 404
   8956 405
   8816 406
   8915 407
   8805 408
   8764 409
   8660 410
   8494 411
   8561 412
   8419 413
   8433 414
   8162 415
   8130 416
   7779 417
   7738 418
   7437 419
   7295 420
   7180 421
   7077 422
   6824 423
   6470 424
   6366 425
   6352 426
   6009 427
   5862 428
   5736 429
   5601 430
   5347 431
   5197 432
   4913 433
   4777 434
   4736 435
   4756 436
   4503 437
   4338 438
   4310 439
   4087 440
   4086 441
   3975 442
   3889 443
   3813 444
   3792 445
   3735 446
   3647 447
   3638 448
   3305 449
   3303 450
   3320 451
   3167 452
   3115 453
   3048 454
   3032 455
   2988 456
   2844 457
   2837 458
   2733 459
   2790 460
   2672 461
   2531 462
   2502 463
   2460 464
   2500 465
   2469 466
   2457 467
   2345 468
   2338 469
   2326 470
   2270 471
   2304 472
   2198 473
   2158 474
   2115 475
   2118 476
   2146 477
   2105 478
   2033 479
   1932 480
   1984 481
   1908 482
   1811 483
   1931 484
   1780 485
   1750 486
   1694 487
   1648 488
   1601 489
   1494 490
   1527 491
   1405 492
   1431 493
   1358 494
   1284 495
   1258 496
   1201 497
   1142 498
   1124 499
   1144 500
   1082 501
   1028 502
    936 503
    942 504
    906 505
    956 506
    926 507
    883 508
    820 509
    774 510
    819 511
    815 512
    726 513
    703 514
    676 515
    688 516
    644 517
    591 518
    620 519
    604 520
    655 521
    552 522
    543 523
    529 524
    581 525
    525 526
    523 527
    508 528
    483 529
    446 530
    485 531
    435 532
    447 533
    467 534
    411 535
    425 536
    430 537
    400 538
    411 539
    438 540
    432 541
    423 542
    436 543
    362 544
    369 545
    405 546
    419 547
    388 548
    362 549
    403 550
    360 551
    384 552
    346 553
    313 554
    300 555
    294 556
    302 557
    314 558
    303 559
    279 560
    271 561
    258 562
    250 563
    256 564
    226 565
    250 566
    228 567
    199 568
    214 569
    188 570
    195 571
    199 572
    171 573
    195 574
    157 575
    172 576
    158 577
    172 578
    155 579
    151 580
    153 581
    142 582
    145 583
    136 584
    129 585
    135 586
    119 587
    120 588
    137 589
    132 590
    124 591
    108 592
    101 593
    112 594
    112 595
    117 596
     99 597
     98 598
    104 599
     89 600
     87 601
    103 602
     99 603
     80 604
     98 605
     99 606
    104 607
    112 608
    104 609
     77 610
     82 611
    103 612
     78 613
     89 614
     91 615
     87 616
    109 617
     87 618
    107 619
     93 620
     92 621
     91 622
     73 623
     99 624
     94 625
     89 626
     75 627
     77 628
     79 629
     96 630
     76 631
     69 632
     72 633
     69 634
     75 635
     52 636
     66 637
     63 638
     42 639
     60 640
     62 641
     58 642
     60 643
     41 644
     48 645
     48 646
     46 647
     48 648
     37 649
     38 650
     38 651
     44 652
     51 653
     53 654
     44 655
     43 656
     50 657
     39 658
     44 659
     42 660
     33 661
     36 662
     27 663
     36 664
     37 665
     34 666
     27 667
     32 668
     33 669
     44 670
     39 671
     31 672
     34 673
     35 674
     38 675
     42 676
     36 677
     36 678
     41 679
     47 680
     44 681
     48 682
     49 683
     45 684
     34 685
     35 686
     34 687
     46 688
     36 689
     30 690
     44 691
     36 692
     50 693
     41 694
     41 695
     40 696
     43 697
     30 698
     37 699
     33 700
     41 701
     18 702
     26 703
     27 704
     39 705
     23 706
     31 707
     35 708
     28 709
     26 710
     26 711
     24 712
     26 713
     34 714
     22 715
     30 716
     29 717
     17 718
     25 719
     25 720
     31 721
     19 722
     18 723
     20 724
     16 725
     18 726
     17 727
     15 728
     19 729
     21 730
     20 731
     17 732
     14 733
     17 734
     14 735
     15 736
     14 737
     22 738
     15 739
     26 740
     25 741
     21 742
     21 743
     24 744
     22 745
     24 746
     25 747
     32 748
     28 749
     23 750
     29 751
     25 752
     23 753
     29 754
     30 755
     28 756
     26 757
     28 758
     31 759
     23 760
     38 761
     30 762
     22 763
     25 764
     20 765
     31 766
     36 767
     26 768
     21 769
     25 770
     21 771
     18 772
     21 773
     19 774
     13 775
     20 776
     18 777
     29 778
     20 779
     17 780
     22 781
     16 782
     17 783
     13 784
     18 785
     13 786
     22 787
     20 788
     21 789
     21 790
     17 791
     20 792
     21 793
     19 794
     16 795
     18 796
     14 797
     16 798
     17 799
     16 800
     22 801
     14 802
      9 803
     16 804
     20 805
     18 806
     15 807
     15 808
      8 809
     18 810
     12 811
     14 812
     18 813
     19 814
     17 815
     18 816
     14 817
     23 818
     16 819
     26 820
     22 821
     22 822
     21 823
     14 824
     15 825
     24 826
     13 827
     22 828
     21 829
     18 830
     19 831
     20 832
     31 833
     20 834
     15 835
     14 836
     19 837
     26 838
     23 839
     22 840
     14 841
     13 842
     11 843
     14 844
     14 845
     19 846
     16 847
     20 848
     11 849
     13 850
     15 851
     13 852
     14 853
     11 854
     15 855
     17 856
     14 857
     17 858
     14 859
      8 860
     18 861
      6 862
     13 863
     16 864
     13 865
     19 866
     16 867
     15 868
     13 869
     10 870
     18 871
     18 872
     19 873
     14 874
     15 875
     17 876
     14 877
     22 878
     12 879
     18 880
     12 881
     11 882
     17 883
     19 884
     18 885
      7 886
     18 887
     19 888
     10 889
     15 890
     14 891
     22 892
     18 893
     20 894
     19 895
     14 896
     14 897
     17 898
     13 899
     14 900
     13 901
     13 902
     16 903
     15 904
     11 905
     13 906
     16 907
      6 908
     11 909
     10 910
     14 911
     14 912
     26 913
     19 914
     14 915
     14 916
     30 917
     20 918
     17 919
     18 920
     13 921
     17 922
     10 923
     22 924
      7 925
     15 926
     14 927
     10 928
      9 929
     21 930
      9 931
     13 932
     14 933
     11 934
     10 935
     11 936
      9 937
     11 938
     10 939
     16 940
     12 941
     13 942
     14 943
     12 944
     16 945
     18 946
     10 947
     13 948
     12 949
     14 950
     12 951
     13 952
     16 953
     13 954
     19 955
     11 956
     13 957
     20 958
     14 959
     14 960
     12 961
     15 962
     16 963
     13 964
      8 965
     14 966
     11 967
     12 968
     15 969
     14 970
     14 971
     15 972
     15 973
     15 974
     20 975
      7 976
     16 977
     17 978
     13 979
     20 980
     14 981
     17 982
     11 983
     13 984
      8 985
     11 986
      9 987
     14 988
     12 989
     14 990
      7 991
     15 992
      8 993
      5 994
     14 995
      6 996
     13 997
     13 998
      9 999
      8 1000
     10 1001
     11 1002
      8 1003
     16 1004
     22 1005
      8 1006
     14 1007
     19 1008
     14 1009
     11 1010
     20 1011
     12 1012
      9 1013
     17 1014
     12 1015
     21 1016
      8 1017
     17 1018
     14 1019
     17 1020
     14 1021
      8 1022
     12 1023
     16 1024
     15 1025
     11 1026
     12 1027
     13 1028
     11 1029
     12 1030
      8 1031
     13 1032
     12 1033
     19 1034
     11 1035
     17 1036
     14 1037
     15 1038
      6 1039
     15 1040
     16 1041
     16 1042
     20 1043
     13 1044
     16 1045
     12 1046
     11 1047
     16 1048
      8 1049
     12 1050
     19 1051
     11 1052
     19 1053
     10 1054
      6 1055
      7 1056
     13 1057
      9 1058
     16 1059
     15 1060
     14 1061
     11 1062
     10 1063
      9 1064
     13 1065
     12 1066
     20 1067
      6 1068
     10 1069
      9 1070
     14 1071
     11 1072
     19 1073
      9 1074
     15 1075
     10 1076
     14 1077
     10 1078
     21 1079
     13 1080
     11 1081
     11 1082
     10 1083
      6 1084
     12 1085
     17 1086
     12 1087
      5 1088
     13 1089
     12 1090
      8 1091
      9 1092
     11 1093
      9 1094
     13 1095
      8 1096
      9 1097
     12 1098
     14 1099
     24 1100
     11 1101
     16 1102
     11 1103
     13 1104
     14 1105
      8 1106
     10 1107
      7 1108
     20 1109
     12 1110
     23 1111
     10 1112
     11 1113
     16 1114
      6 1115
     11 1116
     19 1117
     15 1118
     11 1119
     12 1120
      7 1121
      9 1122
     11 1123
     10 1124
     13 1125
     10 1126
     14 1127
     11 1128
     11 1129
     16 1130
     18 1131
      7 1132
     11 1133
     15 1134
     14 1135
     12 1136
     18 1137
     10 1138
     12 1139
     13 1140
     15 1141
     17 1142
     16 1143
     12 1144
     11 1145
     15 1146
     18 1147
     16 1148
     10 1149
      9 1150
      8 1151
     11 1152
     16 1153
     13 1154
      9 1155
     15 1156
     11 1157
     12 1158
      8 1159
     18 1160
     14 1161
     15 1162
     12 1163
     10 1164
     11 1165
     17 1166
     10 1167
     11 1168
     13 1169
     12 1170
      9 1171
     17 1172
      9 1173
      8 1174
     14 1175
     17 1176
     13 1177
     11 1178
     11 1179
     15 1180
     13 1181
     10 1182
     23 1183
     10 1184
     16 1185
     20 1186
     14 1187
     11 1188
     11 1189
     16 1190
     17 1191
     15 1192
      8 1193
     10 1194
     19 1195
     13 1196
     14 1197
     14 1198
     13 1199
      9 1200
     14 1201
     16 1202
     15 1203
     11 1204
      9 1205
     13 1206
      9 1207
     18 1208
     17 1209
     10 1210
     14 1211
     12 1212
     16 1213
      6 1214
     12 1215
     16 1216
     17 1217
      9 1218
     11 1219
     14 1220
     15 1221
      9 1222
     18 1223
     10 1224
      9 1225
      9 1226
      4 1227
     18 1228
     13 1229
     13 1230
     11 1231
      9 1232
     17 1233
     14 1234
      8 1235
     13 1236
      9 1237
     14 1238
     18 1239
     16 1240
     10 1241
     15 1242
     14 1243
     12 1244
     22 1245
      9 1246
     13 1247
     15 1248
     15 1249
     15 1250
     18 1251
     15 1252
     17 1253
     13 1254
     17 1255
     10 1256
     13 1257
     10 1258
     13 1259
     16 1260
     21 1261
     13 1262
     13 1263
     10 1264
     10 1265
      8 1266
     17 1267
     15 1268
     12 1269
     18 1270
      9 1271
     13 1272
      8 1273
     11 1274
     12 1275
     11 1276
     12 1277
     13 1278
     12 1279
     10 1280
     17 1281
     17 1282
     15 1283
     15 1284
     15 1285
     21 1286
     12 1287
     14 1288
     10 1289
     14 1290
      9 1291
      8 1292
     19 1293
     11 1294
     11 1295
     24 1296
     12 1297
      9 1298
      9 1299
     17 1300
     13 1301
     12 1302
     12 1303
     14 1304
     13 1305
     16 1306
      8 1307
     19 1308
     15 1309
     14 1310
     16 1311
      7 1312
     12 1313
     20 1314
     12 1315
     19 1316
     12 1317
     18 1318
     11 1319
     15 1320
     21 1321
     10 1322
     17 1323
     13 1324
     15 1325
     13 1326
     14 1327
     18 1328
     12 1329
     12 1330
     13 1331
     14 1332
     14 1333
     16 1334
      9 1335
     12 1336
     13 1337
     12 1338
     14 1339
     15 1340
     15 1341
     14 1342
     12 1343
     18 1344
     12 1345
     14 1346
     10 1347
     15 1348
     10 1349
     11 1350
      8 1351
     10 1352
     18 1353
      9 1354
     14 1355
     11 1356
     24 1357
     18 1358
     12 1359
     13 1360
     14 1361
     21 1362
     11 1363
     15 1364
     14 1365
      9 1366
     17 1367
     14 1368
     18 1369
     14 1370
     16 1371
     22 1372
     16 1373
     17 1374
     12 1375
     20 1376
     16 1377
     13 1378
     10 1379
     16 1380
     22 1381
     17 1382
     22 1383
     17 1384
     21 1385
     18 1386
     23 1387
     18 1388
     23 1389
     19 1390
     27 1391
     10 1392
     14 1393
     21 1394
     11 1395
     21 1396
     16 1397
     14 1398
     26 1399
     21 1400
     17 1401
     18 1402
     22 1403
     20 1404
     17 1405
      8 1406
     10 1407
     14 1408
     10 1409
     11 1410
     14 1411
     20 1412
     18 1413
     23 1414
     23 1415
     20 1416
     17 1417
     13 1418
     18 1419
     17 1420
     12 1421
     13 1422
     22 1423
     20 1424
     20 1425
     16 1426
     17 1427
     10 1428
     21 1429
     23 1430
     16 1431
     19 1432
     21 1433
     18 1434
     15 1435
     22 1436
     18 1437
     11 1438
     21 1439
     17 1440
     15 1441
     16 1442
     14 1443
     22 1444
     17 1445
     17 1446
     18 1447
     26 1448
     22 1449
     22 1450
     17 1451
     11 1452
     17 1453
     15 1454
     15 1455
     12 1456
     16 1457
     22 1458
     28 1459
     18 1460
     15 1461
     12 1462
     11 1463
     20 1464
     21 1465
     10 1466
     17 1467
     19 1468
     33 1469
     23 1470
     15 1471
     12 1472
     15 1473
     16 1474
     13 1475
     24 1476
     21 1477
     18 1478
     24 1479
     16 1480
     13 1481
     19 1482
     21 1483
     14 1484
     10 1485
     13 1486
     16 1487
     10 1488
      9 1489
     11 1490
     18 1491
     17 1492
     10 1493
     13 1494
     15 1495
     18 1496
     19 1497
     15 1498
     15 1499
     25 1500
     13 1501
     14 1502
     13 1503
     23 1504
     22 1505
     14 1506
     17 1507
     13 1508
     18 1509
     15 1510
     16 1511
     14 1512
     16 1513
     16 1514
     10 1515
     15 1516
     24 1517
     19 1518
     16 1519
     21 1520
     15 1521
     15 1522
     14 1523
     17 1524
     19 1525
     20 1526
     13 1527
     19 1528
     12 1529
     12 1530
     12 1531
     14 1532
     13 1533
     16 1534
      9 1535
     11 1536
     13 1537
      9 1538
     10 1539
     14 1540
     10 1541
     10 1542
     20 1543
     10 1544
      9 1545
      7 1546
     12 1547
     15 1548
     15 1549
     11 1550
     11 1551
     10 1552
     10 1553
      7 1554
      5 1555
      7 1556
     11 1557
     12 1558
     11 1559
      7 1560
     14 1561
     14 1562
     14 1563
     12 1564
     15 1565
      6 1566
      9 1567
     18 1568
      5 1569
      8 1570
     11 1571
      8 1572
      9 1573
     10 1574
     14 1575
     10 1576
      7 1577
      7 1578
      8 1579
      6 1580
     11 1581
     12 1582
      9 1583
      8 1584
     13 1585
      5 1586
      8 1587
      9 1588
      7 1589
      6 1590
     12 1591
      6 1592
     10 1593
      7 1594
      7 1595
      9 1596
      5 1597
     10 1598
     10 1599
      9 1600
      3 1601
      7 1602
      5 1603
      8 1604
      9 1605
      4 1606
      4 1607
      3 1608
      6 1609
      9 1610
      7 1611
      9 1612
      9 1613
      5 1614
      6 1615
      6 1616
      8 1617
      4 1618
      5 1619
      4 1620
      5 1621
     10 1622
      1 1623
      5 1624
      5 1625
      2 1626
      5 1627
      9 1628
      8 1629
      3 1630
      5 1631
      2 1632
      5 1633
      2 1634
      4 1635
      1 1636
      8 1637
      5 1638
      4 1639
      5 1640
      8 1641
      2 1642
      3 1643
      1 1644
      1 1645
      4 1646
      5 1647
      3 1648
      6 1650
      5 1651
      5 1652
      4 1653
      1 1654
      3 1655
      2 1656
      7 1657
      6 1658
      3 1659
      1 1660
      3 1661
      2 1662
      1 1664
      1 1665
      2 1666
      7 1667
      2 1668
      6 1669
      9 1670
      2 1671
      1 1672
      3 1673
      3 1674
      3 1675
      4 1676
      2 1677
      2 1678
      4 1680
      1 1681
      3 1682
      3 1683
      1 1684
      1 1685
      4 1686
      2 1687
      2 1688
      2 1690
      1 1691
      2 1692
      4 1693
      3 1695
      2 1696
      1 1698
      3 1699
      1 1700
      1 1701
      2 1703
      3 1704
      5 1706
      2 1707
      2 1708
      3 1709
      1 1711
      1 1712
      4 1714
      1 1715
      2 1717
      2 1718
      2 1719
      1 1721
      1 1722
      2 1725
      2 1726
      1 1727
      2 1728
      3 1729
      1 1731
      2 1733
      2 1736
      1 1737
      1 1738
      2 1739
      2 1740
      1 1741
      1 1742
      1 1745
      1 1746
      1 1747
      1 1748
      1 1750
      1 1751
      2 1752
      1 1753
      1 1754
      2 1755
      2 1756
      3 1757
      2 1758
      1 1759
      1 1761
      1 1763
      1 1764
      3 1765
      1 1766
      1 1767
      3 1768
      1 1770
      2 1771
      2 1772
      4 1774
      1 1775
      1 1776
      3 1777
      1 1778
      1 1779
      1 1780
      1 1781
      1 1782
      2 1783
      1 1784
      3 1785
      1 1786
      1 1787
      2 1790
      2 1791
      3 1793
      1 1798
      2 1800
      1 1801
      3 1805
      1 1806
      1 1807
      1 1810
      2 1811
      2 1813
      1 1814
      1 1818
      1 1821
      1 1823
      1 1829
      1 1832
      3 1833
      1 1835
      1 1837
      2 1840
      2 1842
      1 1843
      1 1845
      1 1852
      2 1854
      1 1855
      1 1859
      1 1862
      1 1865
      1 1866
      2 1869
      2 1871
      3 1873
      3 1875
      2 1881
      2 1882
      1 1884
      2 1887
      1 1892
      1 1898
      2 1902
      1 1905
      1 1906
      1 1909
      1 1917
      1 1918
      1 1921
      1 1932
      1 1942
      1 1950
      1 1951
      1 1952
      1 1956
      2 1957
      1 1964
      1 1966
      1 1970
      1 1975
      1 1979
      2 1981
      4 1982
      1 1985
      1 1995
      1 1996
      1 1997
      1 1998
      2 2000
      1 2001
      1 2002
      1 2010
      1 2012
      1 2013
      1 2015
      1 2020
      1 2022
      1 2024
      2 2029
      1 2031
      1 2039
      1 2041
      1 2048
      1 2057
      2 2067
      1 2069
      1 2073
      1 2081
      1 2085
      1 2102
      1 2108
      1 2111
      1 2115
      1 2116
      1 2143
      1 2145
      1 2166
      2 2173
      1 2177
      1 2185
      1 2196
      1 2201
      2 2202
      1 2217
      1 2219
      1 2227
      1 2229
      1 2268
      1 2296
      1 2297
      1 2299
      1 2302
      1 2304
      1 2333
      1 2351
      1 2390
      1 2423
      1 2462
      1 2464
      1 2495
      1 2516
      1 2526
      1 2534
      1 2538
      1 2556
      1 2564
      1 2615
      1 2623
      1 2628
      1 2659
      1 2672
      1 2705
      1 2761
      1 2771
      1 2799
      1 2902
      1 2933
      1 2952
      1 3002
      1 3049
      1 3097
      1 3320
      1 3419
      1 3506
      1 3607
      1 4051
      1 4150
      1 4465
      1 8122
      1 13239
      1 14542
      1 16761
      1 21468
      1 24026
      1 24065
      1 24400
      1 28613
      1 63477
---AAD-PGBENCH-LAG-US---
  37157 0
  31744 1
  28225 2
  26272 3
  26013 4
  24950 5
  23774 6
  22978 7
  22086 8
  21997 9
  21380 10
  20858 11
  21009 12
  20382 13
  20141 14
  20164 15
  19956 16
  19883 17
  19597 18
  19722 19
  19520 20
  19630 21
  19581 22
  19832 23
  19260 24
  18999 25
  19304 26
  19151 27
  19270 28
  19335 29
  19376 30
  19229 31
  18904 32
  18965 33
  18763 34
  18399 35
  18023 36
  18089 37
  17785 38
  17531 39
  17373 40
  17274 41
  17273 42
  16736 43
  16452 44
  16476 45
  16171 46
  16246 47
  15948 48
  15377 49
  14870 50
  14755 51
  13920 52
  13015 53
  12658 54
  22809 55
  40619 56
  24073 57
  19040 58
  18097 59
  17124 60
  20160 61
  36340 62
  57750 63
  71602 64
  60535 65
  32843 66
  23893 67
  25405 68
  27102 69
  27511 70
  25708 71
  24608 72
  21197 73
  14690 74
  12067 75
  10813 76
   9513 77
   8880 78
   8538 79
   7321 80
   6019 81
   5189 82
   4711 83
   4078 84
   3708 85
   3427 86
   3037 87
   2739 88
   2467 89
   2383 90
   2127 91
   2062 92
   1945 93
   1792 94
   1778 95
   1789 96
   1655 97
   1581 98
   1604 99
   1561 100
   1469 101
   1479 102
   1447 103
   1408 104
   1313 105
   1360 106
   1349 107
   1367 108
   1251 109
   1252 110
   1216 111
   1301 112
   1207 113
   1227 114
   1216 115
   1174 116
   1180 117
   1151 118
   1109 119
   1114 120
   1101 121
   1108 122
   1065 123
   1121 124
   1062 125
    971 126
   1082 127
   1049 128
   1003 129
   1001 130
   1016 131
    990 132
    985 133
    999 134
   1021 135
    904 136
    948 137
    957 138
    907 139
    917 140
    944 141
    933 142
    877 143
    858 144
    892 145
    858 146
    890 147
    845 148
    823 149
    866 150
    763 151
    836 152
    753 153
    765 154
    802 155
    809 156
    739 157
    749 158
    762 159
    700 160
    712 161
    722 162
    697 163
    707 164
    655 165
    699 166
    642 167
    644 168
    626 169
    595 170
    584 171
    591 172
    562 173
    627 174
    578 175
    576 176
    539 177
    555 178
    547 179
    565 180
    559 181
    560 182
    519 183
    509 184
    478 185
    521 186
    484 187
    518 188
    465 189
    483 190
    443 191
    445 192
    468 193
    484 194
    449 195
    449 196
    433 197
    379 198
    439 199
    425 200
    385 201
    389 202
    383 203
    356 204
    361 205
    434 206
    353 207
    383 208
    342 209
    349 210
    350 211
    353 212
    338 213
    336 214
    331 215
    329 216
    335 217
    292 218
    315 219
    306 220
    289 221
    314 222
    275 223
    287 224
    318 225
    296 226
    298 227
    302 228
    254 229
    298 230
    240 231
    266 232
    247 233
    238 234
    230 235
    239 236
    240 237
    254 238
    237 239
    215 240
    233 241
    204 242
    215 243
    213 244
    202 245
    205 246
    191 247
    191 248
    171 249
    174 250
    175 251
    187 252
    172 253
    172 254
    152 255
    160 256
    167 257
    162 258
    159 259
    168 260
    147 261
    158 262
    149 263
    149 264
    150 265
    142 266
    140 267
    127 268
    120 269
    124 270
    133 271
    136 272
    141 273
    107 274
    121 275
    120 276
    118 277
    112 278
    114 279
    104 280
    104 281
     97 282
     89 283
     77 284
    107 285
     92 286
    110 287
     87 288
     91 289
     96 290
     90 291
     82 292
    103 293
     92 294
     91 295
     94 296
     92 297
     89 298
     81 299
     87 300
     74 301
     65 302
     86 303
     68 304
     59 305
     61 306
     91 307
     71 308
     56 309
     72 310
     64 311
     63 312
     60 313
     60 314
     70 315
     70 316
     49 317
     58 318
     64 319
     63 320
     62 321
     72 322
     73 323
     53 324
     62 325
     46 326
     51 327
     46 328
     43 329
     54 330
     49 331
     54 332
     54 333
     54 334
     51 335
     47 336
     51 337
     42 338
     47 339
     54 340
     46 341
     37 342
     42 343
     36 344
     47 345
     44 346
     47 347
     47 348
     42 349
     48 350
     39 351
     44 352
     44 353
     35 354
     39 355
     33 356
     34 357
     39 358
     37 359
     43 360
     35 361
     29 362
     33 363
     36 364
     43 365
     32 366
     40 367
     27 368
     40 369
     44 370
     28 371
     26 372
     33 373
     27 374
     39 375
     23 376
     34 377
     34 378
     35 379
     38 380
     33 381
     33 382
     30 383
     31 384
     25 385
     21 386
     30 387
     39 388
     35 389
     37 390
     33 391
     29 392
     29 393
     22 394
     28 395
     36 396
     26 397
     37 398
     24 399
     21 400
     27 401
     38 402
     17 403
     20 404
     33 405
     12 406
     27 407
     26 408
     20 409
     27 410
     27 411
     25 412
     16 413
     22 414
     19 415
     26 416
     22 417
     27 418
     23 419
     21 420
     28 421
     18 422
     19 423
     29 424
     15 425
     27 426
     22 427
     26 428
     17 429
     29 430
     17 431
     22 432
     22 433
     27 434
     22 435
     15 436
     20 437
     19 438
     20 439
     28 440
     20 441
     20 442
     13 443
     12 444
     27 445
     14 446
     18 447
     19 448
     21 449
     14 450
     19 451
     23 452
     25 453
     24 454
     15 455
     19 456
     21 457
     16 458
     19 459
     18 460
     16 461
     25 462
     15 463
     17 464
     22 465
     12 466
     23 467
     20 468
     16 469
     15 470
     21 471
     19 472
     22 473
     17 474
     17 475
     15 476
     14 477
     21 478
     14 479
     14 480
     15 481
     28 482
     16 483
     18 484
     19 485
     16 486
     20 487
     19 488
     15 489
     12 490
     21 491
     18 492
     20 493
     14 494
     18 495
     14 496
      8 497
     18 498
     22 499
     11 500
     21 501
     16 502
     19 503
     19 504
     11 505
     10 506
     12 507
     18 508
     23 509
     17 510
     13 511
     22 512
     20 513
     20 514
     16 515
     15 516
      8 517
     13 518
     13 519
     10 520
     16 521
     13 522
     19 523
     15 524
     15 525
     17 526
     10 527
     11 528
     10 529
     21 530
     13 531
     18 532
     15 533
     17 534
     11 535
     12 536
     17 537
     23 538
     21 539
     16 540
     10 541
     14 542
     12 543
     12 544
     17 545
     11 546
     15 547
     14 548
     16 549
     21 550
      8 551
     12 552
     19 553
     11 554
     11 555
     16 556
     12 557
     14 558
     11 559
      7 560
     18 561
     12 562
      9 563
     12 564
     15 565
     19 566
     14 567
      8 568
      8 569
     17 570
      8 571
     14 572
     15 573
     13 574
     13 575
     10 576
     17 577
     13 578
     18 579
     17 580
      9 581
     14 582
     12 583
     11 584
     15 585
     12 586
     19 587
     13 588
      9 589
     18 590
     17 591
     13 592
     14 593
     15 594
     13 595
      8 596
      9 597
     12 598
     13 599
     10 600
      9 601
     11 602
     13 603
     10 604
     11 605
     14 606
      8 607
     15 608
     12 609
     13 610
     10 611
     12 612
     12 613
      8 614
     10 615
     12 616
     12 617
     20 618
     11 619
     15 620
     11 621
      8 622
     12 623
     15 624
     11 625
     14 626
     13 627
     15 628
      9 629
     15 630
      8 631
     13 632
     18 633
      9 634
      6 635
     15 636
      9 637
     12 638
      8 639
     10 640
     12 641
     10 642
      7 643
     17 644
     11 645
     11 646
      5 647
     11 648
     15 649
     12 650
     11 651
      7 652
     14 653
      8 654
     13 655
      7 656
     17 657
      9 658
     11 659
     13 660
      5 661
     15 662
      9 663
     11 664
     13 665
     19 666
     12 667
     10 668
      6 669
     13 670
     11 671
      6 672
     10 673
     13 674
     11 675
     10 676
     10 677
     14 678
      9 679
     13 680
     11 681
     13 682
      7 683
      9 684
      9 685
     11 686
      8 687
      8 688
      6 689
      5 690
     15 691
      8 692
      9 693
     11 694
     12 695
     12 696
      7 697
      9 698
      9 699
     14 700
     12 701
      6 702
      9 703
     10 704
      8 705
      9 706
     11 707
      7 708
     11 709
     14 710
      8 711
     11 712
      6 713
     15 714
     10 715
     14 716
     10 717
     11 718
     12 719
     13 720
     12 721
      7 722
     13 723
     17 724
      6 725
      6 726
     12 727
     10 728
      6 729
     12 730
      6 731
      4 732
     14 733
      7 734
      8 735
      7 736
      6 737
     16 738
      8 739
     11 740
      8 741
     12 742
      8 743
     10 744
     13 745
     11 746
      9 747
      7 748
      5 749
      8 750
      9 751
     10 752
     10 753
     15 754
      6 755
      8 756
      8 757
      8 758
      5 759
      9 760
     10 761
      6 762
      7 763
      8 764
      8 765
      6 766
     18 767
     10 768
      8 769
     13 770
     11 771
      9 772
     12 773
     13 774
     14 775
     12 776
     11 777
      6 778
     14 779
      3 780
      8 781
     16 782
      8 783
     10 784
      7 785
     10 786
     14 787
      7 788
      8 789
      7 790
      3 791
     16 792
      9 793
      3 794
      8 795
      9 796
      8 797
     10 798
      7 799
     14 800
     11 801
     13 802
     10 803
      9 804
     10 805
      6 806
     10 807
     14 808
      8 809
     12 810
      7 811
      9 812
      9 813
     14 814
      9 815
     12 816
      9 817
     13 818
      9 819
     10 820
      7 821
      8 822
     15 823
      3 824
     14 825
     11 826
      7 827
      9 828
     11 829
     12 830
      9 831
     11 832
      9 833
      9 834
     13 835
      9 836
      6 837
     14 838
     17 839
      8 840
      6 841
     11 842
      8 843
      9 844
     13 845
     10 846
      6 847
      6 848
     11 849
      7 850
      9 851
      6 852
      8 853
      8 854
     13 855
     14 856
     11 857
      2 858
      6 859
      9 860
     13 861
      4 862
      9 863
     12 864
      8 865
      5 866
     10 867
      9 868
      5 869
     16 870
      7 871
      7 872
      8 873
      9 874
      8 875
      5 876
      7 877
      8 878
     10 879
     11 880
      7 881
      7 882
     10 883
      7 884
      8 885
      9 886
      8 887
      9 888
      9 889
      8 890
      8 891
     10 892
      4 893
      7 894
      5 895
      7 896
     12 897
     17 898
      5 899
      4 900
      9 901
      7 902
      8 903
      7 904
      5 905
     10 906
      8 907
      7 908
      7 909
     14 910
      5 911
      6 912
      6 913
      6 914
      8 915
      7 916
      4 917
      6 918
      8 919
      6 920
      6 921
      9 922
     10 923
      7 924
      8 925
     12 926
      8 927
      7 928
      8 929
     14 930
     14 931
      7 932
     11 933
      8 934
      6 935
      9 936
      9 937
      6 938
      2 939
      5 940
      8 941
      6 942
      7 943
      9 944
      6 945
      4 946
      8 947
     17 948
      6 949
     13 950
      7 951
      9 952
      8 953
      6 954
      7 955
     10 956
      9 957
      9 958
      6 959
     12 960
     10 961
      8 962
     10 963
      9 964
      1 965
      5 966
      8 967
      5 968
      5 969
     11 970
     11 971
      5 972
      9 973
      8 974
      6 975
     10 976
      8 977
      7 978
      9 979
      9 980
     10 981
      5 982
      6 983
      6 984
      7 985
      8 986
      2 987
      9 988
      5 989
      9 990
     12 991
      4 992
      8 993
      8 994
      9 995
      9 996
      7 997
      4 998
      9 999
      2 1000
      7 1001
      8 1002
      4 1003
     10 1004
      7 1005
      3 1006
      7 1007
      8 1008
      3 1009
      9 1010
      7 1011
      4 1012
      7 1013
      7 1014
     10 1015
      7 1016
      3 1017
      6 1018
      7 1019
      2 1020
      4 1021
     12 1022
      8 1023
      9 1024
     10 1025
      5 1026
      9 1027
      4 1028
      9 1029
     10 1030
      6 1031
     13 1032
      4 1033
      2 1034
      6 1035
     11 1036
      7 1037
      8 1038
      6 1039
      5 1040
      9 1041
      9 1042
      5 1043
      7 1044
      4 1045
      6 1046
      5 1047
      6 1048
      8 1049
      6 1050
     14 1051
      5 1052
     10 1053
      3 1054
      6 1055
      6 1056
      7 1057
      8 1058
      6 1059
      6 1060
      5 1061
      6 1062
      4 1063
      5 1064
      5 1065
      8 1066
      6 1067
      8 1068
      2 1069
      5 1070
      8 1071
      7 1072
      8 1073
      7 1074
      8 1075
      6 1076
      6 1077
      5 1078
      3 1079
      4 1080
      4 1081
      7 1082
      8 1083
      4 1084
      8 1085
      9 1086
      5 1087
      4 1088
      5 1089
      8 1090
      8 1091
      8 1092
      5 1093
      5 1094
      4 1095
      3 1096
      3 1097
     10 1098
      9 1099
      7 1100
      7 1101
      8 1102
     10 1103
      4 1104
      6 1105
      5 1106
      4 1107
      5 1108
      6 1109
      5 1110
      4 1111
      5 1112
      6 1113
      5 1114
      6 1115
      6 1116
      6 1117
      6 1118
      4 1119
      3 1120
      3 1121
      4 1122
      2 1123
      9 1124
      4 1125
      4 1126
      5 1127
     11 1128
      2 1129
      6 1130
      9 1131
      3 1132
      3 1133
      5 1134
      2 1135
      4 1136
      6 1137
      7 1138
      9 1139
      3 1140
      7 1141
      6 1142
      7 1143
      7 1144
      9 1145
      5 1146
      5 1147
      9 1148
     10 1149
      4 1150
      1 1151
      7 1152
      5 1153
      5 1154
      9 1155
      4 1156
      9 1157
      7 1158
      6 1159
      3 1160
      5 1161
      5 1162
      1 1163
      6 1164
      7 1165
      2 1166
     11 1167
      5 1168
      4 1169
      1 1170
      3 1171
      7 1172
      7 1173
      2 1174
      5 1175
      6 1176
      1 1177
      2 1178
      4 1179
      3 1180
      5 1181
      7 1182
      6 1183
      6 1184
      6 1185
      2 1186
      2 1187
      5 1188
      6 1189
      2 1190
      3 1191
      2 1192
      6 1193
      7 1194
      3 1195
      4 1196
      3 1197
      1 1198
      6 1199
      5 1200
      6 1201
      5 1202
      3 1203
      2 1204
      4 1205
      3 1206
      4 1207
      3 1208
      3 1209
      6 1210
      3 1211
      5 1212
      5 1213
      7 1214
      7 1215
      4 1216
      3 1217
      3 1218
      4 1219
      3 1220
      3 1221
      2 1222
      4 1223
      2 1224
      7 1225
      3 1226
      3 1227
      5 1228
      5 1230
      2 1231
      4 1232
      4 1233
      4 1234
      5 1235
      4 1236
      5 1237
      2 1238
      3 1239
      1 1240
      4 1241
      1 1242
      9 1243
      4 1244
      4 1245
      1 1246
      6 1247
      2 1248
      3 1249
      4 1250
      4 1251
      2 1252
      5 1253
      3 1254
      1 1255
      2 1256
      7 1257
      4 1258
      1 1259
      3 1260
      2 1261
      5 1262
      3 1263
      4 1264
      4 1265
      3 1266
      3 1267
      4 1268
      2 1269
      3 1270
      4 1271
      5 1272
      2 1273
      2 1274
      2 1275
      2 1276
      5 1277
      1 1278
      3 1279
      2 1280
      3 1281
      1 1282
      3 1283
      3 1284
      2 1285
      3 1286
      2 1287
      2 1288
      4 1289
      4 1290
      3 1291
      3 1292
      2 1293
      3 1295
      4 1296
      3 1297
      4 1298
      3 1300
      1 1302
      1 1303
      5 1304
      1 1305
      3 1307
      3 1308
      3 1309
      5 1310
      3 1311
      3 1312
      2 1313
      3 1314
      2 1315
      2 1316
      2 1317
      2 1319
      3 1320
      1 1321
      5 1322
      2 1325
      2 1326
      1 1327
      5 1328
      8 1329
      3 1330
      3 1331
      1 1332
      1 1333
      6 1334
      2 1335
      5 1336
      3 1337
      2 1338
      1 1340
      3 1342
      3 1343
      2 1344
      2 1345
      1 1346
      3 1347
      3 1348
      3 1349
      2 1350
      1 1354
      1 1355
      1 1356
      2 1358
      6 1359
      1 1360
      1 1361
      2 1362
      4 1363
      4 1364
      1 1365
      1 1366
      1 1367
      2 1368
      6 1369
      5 1370
      2 1371
      1 1372
      4 1373
      1 1374
      1 1375
      3 1376
      2 1377
      4 1378
      2 1379
      1 1380
      4 1381
      1 1382
      2 1383
      2 1384
      2 1385
      3 1388
      2 1389
      2 1390
      2 1392
      2 1393
      3 1394
      1 1395
      1 1396
      4 1397
      3 1398
      2 1399
      2 1400
      1 1402
      1 1403
      1 1404
      1 1405
      3 1406
      1 1407
      2 1408
      1 1409
      1 1411
      2 1412
      3 1415
      1 1416
      1 1417
      1 1418
      4 1419
      2 1420
      2 1421
      1 1422
      4 1423
      2 1424
      1 1425
      6 1426
      1 1427
      1 1428
      1 1429
      3 1430
      3 1431
      3 1434
      2 1435
      4 1436
      5 1439
      2 1440
      2 1441
      1 1443
      4 1444
      3 1445
      3 1446
      2 1447
      2 1448
      1 1449
      1 1450
      2 1451
      2 1452
      2 1453
      1 1454
      2 1455
      1 1457
      4 1458
      1 1460
      2 1462
      4 1463
      1 1464
      2 1466
      1 1467
      2 1468
      2 1469
      1 1470
      2 1473
      1 1474
      2 1475
      1 1476
      1 1477
      2 1478
      5 1479
      2 1481
      1 1482
      1 1485
      4 1487
      1 1488
      1 1489
      2 1490
      1 1491
      2 1492
      1 1493
      1 1494
      1 1495
      2 1496
      1 1498
      1 1499
      1 1500
      1 1503
      1 1505
      2 1506
      1 1507
      2 1508
      1 1509
      1 1510
      1 1513
      2 1514
      1 1515
      1 1517
      4 1519
      1 1520
      1 1521
      1 1522
      2 1523
      1 1525
      2 1526
      1 1527
      1 1529
      2 1530
      1 1533
      2 1534
      1 1536
      1 1537
      1 1539
      2 1541
      1 1543
      1 1544
      1 1545
      1 1548
      4 1549
      2 1550
      2 1553
      1 1554
      1 1556
      1 1557
      2 1559
      3 1560
      1 1561
      1 1562
      1 1564
      1 1567
      2 1570
      3 1571
      1 1572
      1 1573
      2 1574
      2 1575
      1 1576
      2 1578
      1 1579
      2 1581
      1 1583
      2 1584
      2 1585
      1 1589
      1 1593
      2 1594
      3 1595
      1 1596
      2 1600
      1 1601
      1 1602
      1 1605
      3 1609
      1 1610
      2 1612
      1 1613
      1 1615
      2 1617
      1 1618
      1 1621
      1 1624
      1 1625
      1 1626
      2 1627
      1 1629
      1 1632
      2 1634
      1 1635
      1 1643
      1 1644
      1 1645
      2 1648
      1 1650
      1 1651
      1 1652
      2 1653
      2 1654
      1 1658
      1 1659
      1 1661
      1 1662
      1 1663
      1 1667
      1 1668
      2 1669
      1 1670
      1 1672
      1 1677
      1 1679
      1 1682
      1 1683
      1 1685
      1 1692
      1 1695
      2 1699
      1 1702
      1 1703
      5 1708
      1 1709
      1 1710
      1 1712
      2 1713
      1 1715
      1 1717
      1 1719
      1 1720
      1 1722
      1 1727
      1 1733
      1 1735
      1 1736
      1 1742
      1 1743
      2 1744
      1 1745
      1 1746
      2 1751
      1 1754
      1 1755
      1 1756
      1 1762
      1 1769
      1 1770
      1 1771
      1 1775
      1 1783
      1 1791
      1 1792
      1 1795
      1 1797
      1 1799
      1 1800
      1 1810
      1 1814
      1 1815
      1 1822
      1 1824
      1 1828
      1 1831
      1 1832
      1 1835
      2 1839
      1 1853
      1 1859
      1 1864
      1 1865
      1 1877
      1 1878
      1 1879
      1 1887
      1 1892
      1 1894
      1 1895
      1 1899
      1 1902
      1 1903
      1 1907
      1 1910
      1 1911
      1 1915
      1 1916
      1 1917
      1 1930
      1 1933
      1 1936
      2 1944
      1 1958
      1 1959
      1 1962
      1 1970
      1 1973
      1 1977
      1 1987
      1 1988
      1 1998
      1 2006
      1 2016
      1 2018
      1 2019
      1 2023
      1 2024
      1 2026
      1 2029
      1 2032
      1 2034
      1 2048
      1 2058
      1 2060
      1 2068
      1 2085
      2 2087
      1 2098
      1 2103
      1 2107
      1 2117
      1 2123
      1 2133
      1 2138
      1 2141
      1 2146
      1 2155
      1 2184
      1 2200
      1 2205
      1 2221
      1 2224
      1 2231
      1 2235
      1 2266
      1 2284
      1 2289
      1 2307
      1 2311
      1 2325
      1 2327
      1 2365
      1 2381
      1 2387
      1 2405
      1 2407
      1 2452
      1 2456
      1 2487
      1 2505
      1 2520
      2 2527
      1 2572
      1 2611
      1 2616
      1 2656
      1 2658
      1 2720
      1 2750
      1 2845
      1 2883
      1 2896
      1 2899
      1 2929
      1 2939
      1 2940
      1 3053
      1 3081
      1 3116
      1 3124
      1 3125
      1 3140
      1 3155
      1 3190
      1 3204
      1 3256
      1 3281
      1 3338
      1 3506
      1 3509
      1 3588
      1 3622
      1 3624
      1 3669
      1 3677
      1 3680
      1 3700
      1 3758
      1 3765
      1 3808
      1 3849
      1 3867
      1 3908
      1 3910
      1 3931
      1 3956
      1 3959
      1 3983
      1 3999
      1 4051
      1 4172
      1 4185
      1 4192
      1 4215
      1 4225
      1 4227
      1 4238
      1 4243
      1 4254
      1 4258
      1 4264
      1 4296
      1 4309
      1 4324
      1 4338
      1 4382
      1 4436
      1 4460
      1 4466
      1 4469
      1 4493
      1 4495
      1 4511
      1 4568
      1 4571
      1 4586
      1 4587
      1 4665
      1 4667
      1 4671
      1 4697
      1 4816
      1 4864
      1 4869
      1 4885
      1 4974
      1 4976
      1 4978
      1 4988
      1 5103
      1 5152
      1 5164
      1 5200
      2 5207
      1 5221
      1 5294
      1 5307
      1 5420
      1 5437
      1 5449
      1 5512
      1 5574
      1 5602
      1 5635
      1 5684
      2 5759
      1 5780
      1 5791
      1 5795
      1 5841
      1 6028
      1 6049
      1 6065
      1 6104
      1 6146
      1 6221
      1 6249
      1 6279
      1 6352
      1 6378
      1 6515
      1 6540
      1 6564
      1 6581
      1 6664
      1 6666
      1 6708
      1 6823
      1 6875
      1 7049
      1 7209
      1 7364
      1 7505
      1 7957
      1 8465
      1 8503
      1 8536
      1 8556
      1 8910
      1 8932
      1 9075
      1 9093
      1 9114
      1 9345
      1 9518
      1 9525
      1 9749
      1 9792
      1 9835
      1 9965
      1 10016
      1 10223
      1 10474
      1 10483
      1 10617
      1 10650
      1 10678
      1 10729
      1 10752
      1 10821
      1 10830
      1 10883
      1 10917
      1 10942
      1 11008
      1 11084
      1 11160
      1 11247
      1 11254
      1 11272
      1 11344
      1 11346
      1 11597
      1 11604
      1 11802
      1 11817
      1 11840
      1 11994
      1 12019
      1 12135
      1 12224
      1 12270
      1 12350
      1 12355
      1 12363
      1 12371
      1 12529
      1 12633
      1 12643
      1 12706
      1 12730
      1 12843
      1 12870
      1 12872
      1 12940
      1 13030
      1 13049
      1 13095
      1 13249
      1 13441
      1 13776
      1 13956
      1 14022
      1 14041
      1 14068
      1 14264
      1 14267
      1 14329
      1 14447
      1 14488
      1 14605
      1 14813
      1 14949
      1 15193
      1 15235
      1 15271
      1 15329
      1 15410
      1 15546
      1 15660
      1 15693
      1 15811
      1 15961
      1 15968
      1 15978
      1 16062
      1 16203
      1 16235
      1 16260
      1 16276
      1 16419
      1 16463
      1 16527
      1 16624
      1 16792
      1 16878
      1 16954
      1 16966
      1 17248
      1 17445
      1 17632
      1 17829
      1 18002
      1 18246
      1 18258
      1 18357
      1 18700
      1 18767
      1 19101
      1 19135
      1 19163
      1 19231
      1 19250
      1 19278
      1 19447
      1 19461
      1 19466
      1 19588
      1 19742
      1 19837
      1 19941
      1 20193
      1 20244
      1 20488
      1 20668
      1 20967
      1 20972
      1 20993
      1 21015
      1 21027
      1 21045
      1 21064
      1 21317
      1 21378
      1 21411
      1 21461
      1 21475
      1 21560
      1 21578
      1 21778
      1 21859
      1 21869
      1 21946
      1 21975
      1 21976
      1 21995
      1 22015
      1 22047
      1 22158
      1 22249
      1 22269
      1 22347
      1 22405
      1 22482
      1 22683
      1 22693
      1 22751
      1 22855
      1 22920
      1 23167
      1 23217
      1 23505
      1 23540
      1 23544
      1 23781
      1 23916
      1 24016
      1 24271
      1 24585
      1 24850
      1 24898
      1 24956
      1 25539
      1 25739
      1 25936
      1 26143
      1 26372
      1 26428
      1 26513
      1 26558
      1 26614
      1 26655
      1 26671
      1 26789
      1 26893
      1 26933
      1 27176
      1 27189
      1 27334
      1 27407
      1 27742
      1 27839
      1 28050
      1 28221
      2 28383
      1 28388
      1 28429
      1 28479
      1 28513
      1 28609
      1 28952
      1 29011
      1 29026
      1 29039
      1 29081
      1 29085
      1 29122
      1 29233
      1 29323
      1 29389
      1 29608
      1 29620
      1 29688
      1 29913
      1 30009
      1 30025
      1 30171
      1 30210
      1 30256
      1 30316
      1 30385
      1 30426
      1 30678
      1 30889
      1 31034
      1 31080
      1 31119
      1 31345
      1 31392
      1 31445
      1 31553
      1 31675
      1 31757
      1 31879
      1 31999
      1 32065
      1 32135
      1 32229
      1 32244
      1 32392
      1 32603
      1 32669
      1 32681
      1 32718
      1 32809
      1 32911
      1 33290
      2 33491
      1 33586
      1 33892
      1 33904
      1 33931
      2 33955
      1 34007
      1 34067
      1 34156
      1 34337
      1 34440
      1 34490
      1 34611
      1 34721
      1 34844
      1 34926
      1 35100
      1 35231
      1 35317
      1 35478
      1 35620
      1 35623
      1 35776
      1 35982
      1 36035
      1 36077
      1 36181
      1 36190
      1 36268
      1 36423
      1 36501
      1 36617
      1 36624
      1 36645
      1 36696
      1 36988
      1 37028
      1 37088
      1 37224
      1 37333
      1 37373
      1 37707
      1 37779
      1 37825
      2 37862
      1 38093
      1 38139
      1 38282
      1 38333
      1 38572
      1 38649
      1 38783
      1 38919
      1 39060
      1 39062
      1 39311
      1 39712
      1 39989
      1 40174
      1 40190
      1 40226
      1 40313
      1 40530
      1 40638
      1 40678
      1 40771
      1 41279
      1 41285
      1 41318
      1 41404
      1 41581
      1 41599
      1 41611
      1 41665
      1 41723
      1 41745
      1 42100
      1 42166
      1 42257
      1 42331
      1 42413
      1 42598
      1 42683
      1 43041
      1 43157
      1 43276
      1 43477
      1 43503
      1 43630
      1 43647
      1 43700
      1 43711
      1 43730
      1 43775
      2 43808
      1 43828
      1 44038
      1 44087
      1 44106
      1 44168
      1 44203
      1 44216
      1 44289
      1 44438
      1 44501
      1 44633
      1 44646
      1 44673
      1 44853
      1 44930
      1 45315
      1 45328
      1 45329
      1 45388
      1 45428
      1 45735
      1 45959
      1 46016
      1 46076
      1 46099
      1 46249
      1 46322
      1 46422
      1 46574
      1 46651
      1 46734
      1 46758
      1 46768
      1 46795
      1 46864
      1 47297
      1 47316
      1 47522
      1 47599
      1 47615
      1 47751
      1 48040
      1 48051
      1 48465
      1 48470
      1 48570
      1 48647
      1 48804
      1 48853
      1 48881
      1 48884
      1 48912
      1 48972
      1 48979
      1 48993
      1 48997
      1 49159
      1 49163
      1 49292
      1 49332
      1 49631
      1 49693
      1 49720
      1 49734
      1 49913
      1 49921
      1 49939
      1 50170
      1 50244
      1 50736
      1 50829
      1 50982
      1 51180
      1 51189
      1 51208
      1 51214
      1 51461
      1 51552
      1 51571
      1 51596
      1 51666
      1 51753
      1 51762
      1 51768
      1 51983
      1 52065
      1 52090
      1 52149
      1 52270
      1 52483
      1 53030
      1 53040
      1 53291
      1 53376
      1 53700
      1 54405
      1 55008
      1 55356
      1 55546
      1 55964
      1 56426
