pgbench (18.6 (Debian 18.6-1.pgdg13+2))
starting vacuum...end.
transaction type: <builtin: select only>
scaling factor: 1000
query mode: simple
number of clients: 128
number of threads: 16
maximum number of tries: 1
duration: 480 s
number of transactions actually processed: 96236080
number of failed transactions: 0 (0.000%)
latency average = 0.424 ms
latency stddev = 0.142 ms
rate limit schedule lag: avg 0.053 (max 24.000) ms
initial connection time = 280.077 ms
tps = 200594.607981 (without initial connection time)
---AAD-PGBENCH-LATENCY-US---
rc=0
samples=1922968
      2 213
      1 214
      4 216
      2 218
      3 219
      8 220
      9 221
     12 222
     17 223
     20 224
     34 225
     41 226
     54 227
     38 228
     51 229
     55 230
     80 231
     74 232
    105 233
    155 234
    149 235
    200 236
    187 237
    229 238
    253 239
    284 240
    321 241
    387 242
    401 243
    442 244
    490 245
    486 246
    541 247
    666 248
    667 249
    752 250
    839 251
    952 252
    927 253
   1102 254
   1132 255
   1277 256
   1331 257
   1478 258
   1524 259
   1689 260
   1851 261
   1930 262
   2042 263
   2231 264
   2421 265
   2588 266
   2827 267
   2921 268
   3222 269
   3157 270
   3541 271
   3552 272
   3901 273
   3967 274
   4415 275
   4415 276
   4653 277
   4878 278
   4879 279
   5067 280
   5273 281
   5542 282
   5527 283
   5840 284
   5762 285
   5828 286
   6025 287
   6261 288
   6313 289
   6414 290
   6518 291
   6751 292
   6805 293
   7066 294
   7105 295
   7084 296
   7396 297
   7643 298
   7597 299
   7838 300
   8103 301
   8265 302
   8411 303
   8603 304
   8929 305
   8894 306
   9287 307
   9507 308
   9550 309
   9844 310
   9913 311
  10202 312
  10433 313
  10512 314
  10641 315
  10777 316
  10846 317
  11174 318
  11337 319
  11468 320
  11809 321
  11833 322
  12247 323
  12236 324
  12542 325
  12490 326
  12847 327
  12971 328
  13300 329
  13362 330
  13587 331
  13855 332
  14135 333
  14106 334
  14518 335
  14818 336
  15066 337
  15274 338
  15364 339
  15551 340
  15951 341
  16162 342
  16164 343
  16539 344
  16646 345
  16399 346
  16481 347
  16553 348
  16254 349
  16179 350
  16009 351
  15826 352
  15502 353
  15277 354
  15018 355
  14817 356
  14759 357
  14465 358
  14271 359
  13998 360
  13936 361
  13411 362
  13529 363
  13083 364
  12846 365
  12789 366
  12262 367
  12347 368
  12403 369
  12016 370
  11811 371
  11765 372
  11788 373
  11634 374
  11429 375
  11425 376
  11130 377
  11043 378
  11086 379
  11010 380
  10856 381
  10667 382
  10553 383
  10430 384
  10328 385
  10319 386
  10104 387
   9898 388
   9694 389
   9702 390
   9522 391
   9667 392
   9356 393
   9349 394
   9371 395
   9385 396
   9184 397
   9167 398
   8955 399
   9085 400
   8977 401
   8751 402
   9074 403
   8856 404
   8893 405
   8759 406
   8736 407
   8919 408
   8675 409
   8632 410
   8528 411
   8574 412
   8554 413
   8363 414
   8309 415
   8238 416
   8192 417
   7802 418
   7720 419
   7364 420
   7165 421
   6906 422
   6820 423
   6722 424
   6376 425
   6312 426
   6039 427
   5928 428
   5875 429
   5571 430
   5362 431
   5095 432
   4989 433
   4891 434
   4743 435
   4788 436
   4477 437
   4442 438
   4322 439
   4154 440
   3960 441
   3978 442
   3920 443
   3824 444
   3806 445
   3593 446
   3638 447
   3483 448
   3412 449
   3364 450
   3299 451
   3210 452
   3167 453
   3142 454
   2896 455
   2973 456
   2880 457
   2851 458
   2734 459
   2692 460
   2604 461
   2574 462
   2508 463
   2450 464
   2511 465
   2478 466
   2381 467
   2343 468
   2283 469
   2280 470
   2187 471
   2209 472
   2261 473
   2214 474
   2206 475
   2125 476
   2097 477
   2159 478
   2093 479
   1927 480
   2037 481
   1900 482
   1951 483
   1833 484
   1932 485
   1766 486
   1761 487
   1711 488
   1680 489
   1635 490
   1535 491
   1477 492
   1462 493
   1405 494
   1319 495
   1310 496
   1174 497
   1196 498
   1228 499
   1069 500
   1084 501
   1055 502
   1013 503
   1001 504
    890 505
    880 506
    853 507
    840 508
    819 509
    789 510
    765 511
    754 512
    753 513
    763 514
    692 515
    668 516
    657 517
    630 518
    592 519
    661 520
    636 521
    574 522
    554 523
    533 524
    544 525
    553 526
    508 527
    479 528
    516 529
    522 530
    441 531
    454 532
    472 533
    415 534
    476 535
    447 536
    399 537
    412 538
    397 539
    399 540
    387 541
    371 542
    385 543
    414 544
    388 545
    384 546
    403 547
    355 548
    366 549
    359 550
    394 551
    349 552
    313 553
    339 554
    343 555
    327 556
    322 557
    294 558
    283 559
    292 560
    301 561
    272 562
    254 563
    231 564
    258 565
    262 566
    227 567
    207 568
    222 569
    168 570
    162 571
    169 572
    168 573
    187 574
    181 575
    184 576
    173 577
    153 578
    129 579
    153 580
    145 581
    150 582
    129 583
    137 584
    120 585
    125 586
    147 587
    118 588
    116 589
    105 590
    114 591
    103 592
    123 593
    131 594
    102 595
    106 596
    111 597
    103 598
    100 599
    104 600
    118 601
    111 602
     97 603
     95 604
     86 605
     93 606
    105 607
     93 608
     98 609
     92 610
    106 611
     90 612
     89 613
     85 614
     94 615
     95 616
     88 617
    103 618
    125 619
     88 620
     96 621
     80 622
     80 623
     99 624
     79 625
     81 626
     62 627
     87 628
     82 629
     77 630
     82 631
     76 632
     73 633
     62 634
     65 635
     61 636
     62 637
     60 638
     54 639
     60 640
     43 641
     56 642
     50 643
     44 644
     48 645
     56 646
     43 647
     39 648
     45 649
     57 650
     42 651
     40 652
     42 653
     51 654
     35 655
     30 656
     36 657
     34 658
     40 659
     34 660
     34 661
     34 662
     27 663
     35 664
     47 665
     36 666
     30 667
     34 668
     33 669
     32 670
     34 671
     37 672
     33 673
     26 674
     21 675
     41 676
     36 677
     44 678
     43 679
     35 680
     30 681
     39 682
     44 683
     45 684
     50 685
     33 686
     42 687
     52 688
     47 689
     47 690
     31 691
     48 692
     39 693
     38 694
     27 695
     38 696
     31 697
     40 698
     36 699
     34 700
     33 701
     33 702
     40 703
     25 704
     32 705
     27 706
     29 707
     33 708
     29 709
     32 710
     23 711
     19 712
     31 713
     12 714
     28 715
     26 716
     26 717
     22 718
     22 719
     13 720
     21 721
     19 722
     19 723
     24 724
     15 725
     23 726
     29 727
     18 728
     19 729
     17 730
     18 731
     25 732
     13 733
     16 734
     16 735
     22 736
     21 737
     23 738
     19 739
     22 740
     25 741
     29 742
     25 743
     23 744
     25 745
     21 746
     20 747
     27 748
     18 749
     28 750
     25 751
     20 752
     23 753
     23 754
     32 755
     22 756
     28 757
     26 758
     28 759
     33 760
     32 761
     33 762
     22 763
     26 764
     27 765
     30 766
     22 767
     20 768
     27 769
     24 770
     21 771
     23 772
     10 773
     22 774
     20 775
     22 776
     16 777
     26 778
     22 779
     22 780
     11 781
      9 782
     11 783
     18 784
     19 785
     17 786
     13 787
     19 788
     18 789
     19 790
     13 791
     13 792
     14 793
     16 794
     24 795
     15 796
     18 797
     17 798
      8 799
     20 800
     15 801
     21 802
      8 803
     21 804
     17 805
     11 806
      9 807
     21 808
     11 809
     14 810
     17 811
     18 812
     14 813
     11 814
     17 815
     21 816
     20 817
     20 818
     23 819
     16 820
     24 821
     21 822
     13 823
     19 824
     20 825
     18 826
     14 827
     30 828
     27 829
     22 830
     16 831
     25 832
     22 833
     19 834
     20 835
     16 836
     17 837
     24 838
     21 839
     24 840
     13 841
     19 842
     14 843
     12 844
     21 845
     16 846
     15 847
     23 848
     20 849
     10 850
      9 851
     13 852
     17 853
     13 854
     15 855
     19 856
     11 857
     11 858
     12 859
     23 860
     13 861
     12 862
     16 863
     19 864
     15 865
     14 866
     18 867
      9 868
     14 869
     16 870
     13 871
      9 872
     16 873
     15 874
     12 875
     15 876
      8 877
     12 878
     12 879
     11 880
     25 881
     18 882
     13 883
     18 884
     17 885
     13 886
     16 887
     18 888
     17 889
     17 890
     15 891
     13 892
     18 893
     16 894
     21 895
     15 896
     22 897
     17 898
     18 899
     14 900
     17 901
     14 902
     13 903
     15 904
     11 905
     17 906
     14 907
     12 908
     20 909
     19 910
     12 911
     15 912
     13 913
     16 914
     17 915
     15 916
     13 917
     10 918
     16 919
      8 920
     18 921
     15 922
      8 923
     13 924
     18 925
     11 926
     12 927
      7 928
     13 929
      9 930
      8 931
      9 932
     10 933
      4 934
     14 935
     12 936
     17 937
     12 938
     14 939
     10 940
     10 941
     15 942
      9 943
     21 944
     12 945
     13 946
     15 947
      9 948
     18 949
     10 950
     12 951
     21 952
     10 953
     15 954
      9 955
     11 956
     17 957
     12 958
     17 959
     11 960
     17 961
     18 962
     13 963
     15 964
     14 965
     18 966
     20 967
     30 968
     15 969
     16 970
     11 971
     14 972
     18 973
     26 974
     14 975
     21 976
     13 977
     14 978
     21 979
     12 980
     19 981
      7 982
     14 983
      3 984
     10 985
      6 986
     13 987
     16 988
     11 989
     17 990
      8 991
     16 992
     14 993
     15 994
      8 995
     13 996
      9 997
     20 998
     12 999
     21 1000
     13 1001
     11 1002
      4 1003
     16 1004
      6 1005
      8 1006
     14 1007
     15 1008
      8 1009
     14 1010
      8 1011
     14 1012
     18 1013
      8 1014
     17 1015
     20 1016
     10 1017
      8 1018
     19 1019
     15 1020
     15 1021
      8 1022
      9 1023
     17 1024
     11 1025
      7 1026
     11 1027
     12 1028
     10 1029
     16 1030
      6 1031
     13 1032
     10 1033
      9 1034
     18 1035
     18 1036
     18 1037
      8 1038
     14 1039
     11 1040
     12 1041
     14 1042
     17 1043
     15 1044
     11 1045
     17 1046
     11 1047
      8 1048
     11 1049
     12 1050
     11 1051
      9 1052
     18 1053
     16 1054
     15 1055
     13 1056
     19 1057
     17 1058
     12 1059
     13 1060
      8 1061
     11 1062
      9 1063
     14 1064
      7 1065
     12 1066
     12 1067
      7 1068
     13 1069
     10 1070
      8 1071
     15 1072
     13 1073
     11 1074
     15 1075
     11 1076
      8 1077
     12 1078
     16 1079
     11 1080
     10 1081
     11 1082
      9 1083
      7 1084
     15 1085
      7 1086
     14 1087
      6 1088
      5 1089
     20 1090
     10 1091
      9 1092
     10 1093
     17 1094
     10 1095
     18 1096
     14 1097
     14 1098
      9 1099
     10 1100
     11 1101
      8 1102
     16 1103
     13 1104
     13 1105
     10 1106
     15 1107
     12 1108
     17 1109
     12 1110
     13 1111
     11 1112
      9 1113
     10 1114
     16 1115
      7 1116
     11 1117
     12 1118
     17 1119
     12 1120
     10 1121
     10 1122
     13 1123
     16 1124
      5 1125
     15 1126
     11 1127
     14 1128
     13 1129
      8 1130
     10 1131
      8 1132
     12 1133
     10 1134
     12 1135
      8 1136
     10 1137
     11 1138
     14 1139
     13 1140
      8 1141
     16 1142
      9 1143
      8 1144
     12 1145
     13 1146
     15 1147
     14 1148
     16 1149
      8 1150
      8 1151
     11 1152
     13 1153
     10 1154
     11 1155
     16 1156
     19 1157
     10 1158
      9 1159
     13 1160
     13 1161
     11 1162
      7 1163
     15 1164
     13 1165
     15 1166
     15 1167
     24 1168
     14 1169
      7 1170
     16 1171
     17 1172
     12 1173
     14 1174
     12 1175
     12 1176
      9 1177
     15 1178
     12 1179
     15 1180
     14 1181
     13 1182
     10 1183
     15 1184
     12 1185
      9 1186
      9 1187
     20 1188
     16 1189
     13 1190
     11 1191
     14 1192
     12 1193
     18 1194
     10 1195
     14 1196
     12 1197
     22 1198
     12 1199
      8 1200
     14 1201
     12 1202
     14 1203
     13 1204
     12 1205
     17 1206
     12 1207
     13 1208
     13 1209
     12 1210
     10 1211
     12 1212
     10 1213
     14 1214
     15 1215
     16 1216
     22 1217
     22 1218
     16 1219
      9 1220
      8 1221
     10 1222
     15 1223
     14 1224
     17 1225
     10 1226
     19 1227
     10 1228
     16 1229
      8 1230
     16 1231
     11 1232
      8 1233
     14 1234
     15 1235
     11 1236
      5 1237
     14 1238
     14 1239
     13 1240
     13 1241
     12 1242
     15 1243
      8 1244
     16 1245
     15 1246
     11 1247
     11 1248
     15 1249
     13 1250
      9 1251
     16 1252
     15 1253
     12 1254
     14 1255
     10 1256
     15 1257
     14 1258
     16 1259
     15 1260
      9 1261
     14 1262
     15 1263
      9 1264
      9 1265
     12 1266
     15 1267
      8 1268
     10 1269
     17 1270
     12 1271
     14 1272
     11 1273
     15 1274
     13 1275
      9 1276
      8 1277
     14 1278
     14 1279
      6 1280
     12 1281
      4 1282
     10 1283
      9 1284
     15 1285
      7 1286
      8 1287
     22 1288
      8 1289
     14 1290
     12 1291
     12 1292
      9 1293
     15 1294
     10 1295
     17 1296
     19 1297
     13 1298
     15 1299
     10 1300
     12 1301
     12 1302
     12 1303
     12 1304
      8 1305
     10 1306
      7 1307
     13 1308
     10 1309
     13 1310
     14 1311
     14 1312
     19 1313
     12 1314
     17 1315
     14 1316
     15 1317
     11 1318
      9 1319
     17 1320
     14 1321
     16 1322
     11 1323
     10 1324
     10 1325
     11 1326
     13 1327
     12 1328
     12 1329
     12 1330
     10 1331
      8 1332
     14 1333
     14 1334
      9 1335
      9 1336
     12 1337
     17 1338
     13 1339
     14 1340
      9 1341
     17 1342
     15 1343
      9 1344
     11 1345
     11 1346
     11 1347
     13 1348
     11 1349
     15 1350
      8 1351
     13 1352
     11 1353
     15 1354
     13 1355
     10 1356
     16 1357
     16 1358
     13 1359
     12 1360
     17 1361
     20 1362
     18 1363
     25 1364
     15 1365
     11 1366
     16 1367
     17 1368
     11 1369
      9 1370
     12 1371
     22 1372
     18 1373
     18 1374
      9 1375
     17 1376
     18 1377
     13 1378
     21 1379
     15 1380
     11 1381
     16 1382
     17 1383
     15 1384
     13 1385
     15 1386
     11 1387
     19 1388
     23 1389
     20 1390
     19 1391
     11 1392
     25 1393
     20 1394
     17 1395
     19 1396
     18 1397
     16 1398
     19 1399
     21 1400
     13 1401
     19 1402
     19 1403
     15 1404
     11 1405
     20 1406
     17 1407
     19 1408
     20 1409
     14 1410
     16 1411
     13 1412
     18 1413
     18 1414
     20 1415
     17 1416
     13 1417
     18 1418
     20 1419
     16 1420
     28 1421
     17 1422
     23 1423
     22 1424
     19 1425
     15 1426
     13 1427
     19 1428
     16 1429
     20 1430
     15 1431
     24 1432
     17 1433
     21 1434
     28 1435
     17 1436
     19 1437
     20 1438
     17 1439
     17 1440
     20 1441
     16 1442
     20 1443
     24 1444
     28 1445
     17 1446
     18 1447
     23 1448
     22 1449
     18 1450
     26 1451
     20 1452
     17 1453
     21 1454
     17 1455
     10 1456
     17 1457
     16 1458
     28 1459
     15 1460
     16 1461
     23 1462
     18 1463
     21 1464
     11 1465
     18 1466
     20 1467
     19 1468
     15 1469
     13 1470
     17 1471
     13 1472
     16 1473
     12 1474
     19 1475
     15 1476
     21 1477
     19 1478
     18 1479
     17 1480
     14 1481
     15 1482
     10 1483
     14 1484
     15 1485
     21 1486
     22 1487
     19 1488
     14 1489
     18 1490
     13 1491
      8 1492
     18 1493
     17 1494
     20 1495
     19 1496
     17 1497
     16 1498
     16 1499
     13 1500
     20 1501
     15 1502
     15 1503
     20 1504
     18 1505
     17 1506
     15 1507
     16 1508
     15 1509
     20 1510
     15 1511
     16 1512
     15 1513
     16 1514
     22 1515
     13 1516
     11 1517
      9 1518
     17 1519
     25 1520
     12 1521
     10 1522
     19 1523
     12 1524
     18 1525
     14 1526
     15 1527
     14 1528
     12 1529
     11 1530
     11 1531
     12 1532
     13 1533
     15 1534
     10 1535
      9 1536
     17 1537
     15 1538
     27 1539
     15 1540
     14 1541
     16 1542
     14 1543
     16 1544
      8 1545
      8 1546
     13 1547
      9 1548
     11 1549
     16 1550
     10 1551
      9 1552
      8 1553
     12 1554
     12 1555
     13 1556
      8 1557
      7 1558
     16 1559
     10 1560
     11 1561
     10 1562
     17 1563
      5 1564
     13 1565
      8 1566
      6 1567
     10 1568
      8 1569
     10 1570
      9 1571
      8 1572
     10 1573
     10 1574
     10 1575
      6 1576
      8 1577
      8 1578
      6 1579
     10 1580
      4 1581
     12 1582
      8 1583
      8 1584
      6 1585
     12 1586
      8 1587
      7 1588
     10 1589
     12 1590
     10 1591
      9 1592
     15 1593
      6 1594
      5 1595
      8 1597
      8 1598
      7 1599
      5 1600
      3 1601
     10 1602
      8 1603
      5 1604
     11 1605
      4 1606
      6 1607
      9 1608
     12 1609
      5 1610
      1 1611
      7 1612
      7 1613
      7 1614
      8 1615
      8 1616
      5 1617
      6 1618
      8 1619
      5 1620
      5 1621
     10 1622
      7 1623
      3 1624
      8 1625
      3 1626
      9 1627
      9 1628
      5 1629
     10 1630
      4 1631
      4 1632
      2 1633
      2 1634
      5 1635
      4 1636
      5 1637
      3 1638
      6 1639
      3 1640
      7 1641
      4 1642
      1 1643
      2 1644
      3 1645
      4 1646
      5 1647
      3 1648
      3 1649
      8 1650
      4 1651
      2 1652
      5 1653
      2 1654
      4 1655
      5 1656
      2 1657
      1 1658
      3 1659
      3 1660
      5 1661
      3 1662
      4 1663
      6 1664
      4 1665
      8 1666
      6 1667
      2 1668
      6 1669
      3 1671
      7 1673
      2 1674
      1 1675
      4 1676
      1 1678
      2 1679
      2 1680
      2 1681
      6 1682
      2 1683
      2 1684
      3 1685
      2 1686
      1 1687
      3 1688
      3 1689
      4 1690
      6 1691
      5 1692
      1 1693
      2 1694
      3 1695
      1 1696
      1 1697
      1 1698
      2 1699
      3 1701
      4 1702
      1 1703
      2 1704
      2 1705
      1 1706
      1 1707
      1 1708
      2 1709
      3 1712
      5 1713
      3 1714
      2 1715
      1 1716
      1 1717
      1 1718
      1 1719
      2 1721
      1 1723
      1 1724
      2 1725
      3 1726
      1 1727
      1 1728
      1 1731
      2 1732
      2 1733
      1 1734
      6 1735
      2 1736
      3 1737
      3 1738
      2 1739
      2 1743
      1 1745
      1 1746
      3 1750
      3 1751
      1 1752
      4 1753
      2 1755
      2 1756
      2 1758
      1 1760
      3 1761
      1 1762
      2 1763
      1 1764
      1 1766
      2 1767
      1 1768
      3 1770
      1 1772
      1 1773
      3 1775
      2 1777
      2 1780
      1 1781
      3 1784
      2 1785
      1 1794
      3 1795
      1 1797
      2 1800
      1 1804
      1 1805
      1 1807
      1 1808
      1 1809
      2 1811
      1 1812
      2 1813
      1 1814
      1 1815
      2 1816
      2 1817
      1 1818
      1 1819
      1 1820
      2 1825
      1 1827
      3 1828
      2 1831
      1 1839
      1 1843
      1 1847
      1 1849
      2 1850
      1 1851
      1 1857
      3 1859
      2 1860
      1 1862
      1 1864
      1 1868
      3 1870
      1 1881
      1 1883
      1 1886
      1 1887
      1 1888
      1 1890
      3 1896
      1 1901
      1 1902
      1 1912
      1 1916
      1 1918
      1 1919
      2 1923
      1 1924
      1 1927
      1 1928
      1 1938
      2 1939
      2 1950
      1 1964
      1 1967
      1 1968
      1 1969
      1 1972
      1 1975
      1 1982
      1 1986
      1 1990
      1 1997
      1 1999
      1 2000
      1 2001
      1 2003
      1 2004
      1 2006
      1 2007
      1 2011
      1 2012
      3 2015
      1 2022
      1 2024
      1 2026
      1 2031
      1 2032
      1 2036
      1 2037
      1 2055
      1 2057
      1 2060
      1 2063
      1 2064
      1 2073
      1 2077
      1 2081
      1 2083
      1 2084
      1 2089
      1 2094
      1 2095
      2 2099
      1 2102
      1 2110
      1 2130
      1 2133
      1 2143
      1 2152
      2 2163
      1 2172
      1 2179
      1 2181
      1 2193
      1 2213
      1 2219
      1 2222
      1 2225
      1 2227
      1 2232
      1 2239
      1 2256
      1 2257
      1 2286
      1 2289
      1 2303
      1 2307
      1 2314
      1 2327
      1 2352
      1 2358
      1 2395
      1 2405
      1 2414
      1 2425
      1 2435
      1 2449
      1 2457
      1 2460
      1 2462
      1 2491
      1 2500
      1 2511
      2 2512
      1 2560
      1 2561
      1 2564
      1 2595
      1 2623
      1 2671
      2 2694
      1 2698
      1 2720
      1 2802
      1 2832
      1 2937
      1 2981
      1 3043
      1 3067
      1 3207
      1 3248
      1 3283
      1 3384
      1 3655
      1 3685
      1 3971
      1 5513
      1 6172
      1 9264
      1 9593
      1 11587
      1 23847
      1 23878
---AAD-PGBENCH-LAG-US---
  36923 0
  31481 1
  28119 2
  26500 3
  25347 4
  24839 5
  23774 6
  22704 7
  22272 8
  21740 9
  21320 10
  21180 11
  20656 12
  20502 13
  20322 14
  20038 15
  20289 16
  19879 17
  19709 18
  19734 19
  19718 20
  19370 21
  19439 22
  19486 23
  19414 24
  19549 25
  19372 26
  19456 27
  19289 28
  19238 29
  18936 30
  19050 31
  19050 32
  18820 33
  18365 34
  18297 35
  17967 36
  18090 37
  17889 38
  17895 39
  17432 40
  17269 41
  16875 42
  16638 43
  16633 44
  16539 45
  16300 46
  16103 47
  15807 48
  15477 49
  15285 50
  14543 51
  13618 52
  12545 53
  12627 54
  23325 55
  41541 56
  24374 57
  19053 58
  18524 59
  17634 60
  20639 61
  35246 62
  54375 63
  68673 64
  58715 65
  32519 66
  24152 67
  25729 68
  26894 69
  27691 70
  25916 71
  25263 72
  21450 73
  15087 74
  12611 75
  11044 76
   9842 77
   9492 78
   9200 79
   7616 80
   6200 81
   5328 82
   4970 83
   4356 84
   3821 85
   3412 86
   3230 87
   2821 88
   2636 89
   2560 90
   2260 91
   2106 92
   1945 93
   1796 94
   1802 95
   1772 96
   1604 97
   1659 98
   1538 99
   1495 100
   1444 101
   1438 102
   1455 103
   1430 104
   1354 105
   1338 106
   1284 107
   1307 108
   1216 109
   1285 110
   1285 111
   1239 112
   1235 113
   1253 114
   1148 115
   1273 116
   1247 117
   1165 118
   1129 119
   1154 120
   1166 121
   1099 122
   1124 123
   1148 124
   1101 125
   1083 126
   1056 127
   1092 128
   1054 129
   1017 130
   1034 131
    995 132
    995 133
    982 134
    956 135
    977 136
    980 137
    932 138
    956 139
    856 140
    875 141
    852 142
    887 143
    852 144
    861 145
    866 146
    815 147
    853 148
    806 149
    825 150
    734 151
    792 152
    769 153
    789 154
    755 155
    780 156
    756 157
    776 158
    763 159
    737 160
    746 161
    722 162
    766 163
    666 164
    661 165
    700 166
    676 167
    646 168
    645 169
    614 170
    600 171
    652 172
    583 173
    578 174
    561 175
    571 176
    579 177
    559 178
    555 179
    571 180
    559 181
    538 182
    544 183
    569 184
    554 185
    490 186
    507 187
    505 188
    485 189
    437 190
    459 191
    483 192
    510 193
    434 194
    455 195
    452 196
    460 197
    457 198
    385 199
    401 200
    394 201
    401 202
    416 203
    446 204
    364 205
    402 206
    359 207
    345 208
    367 209
    334 210
    349 211
    302 212
    309 213
    322 214
    295 215
    289 216
    322 217
    328 218
    329 219
    301 220
    273 221
    298 222
    288 223
    292 224
    286 225
    256 226
    269 227
    248 228
    276 229
    255 230
    262 231
    259 232
    252 233
    252 234
    240 235
    255 236
    223 237
    215 238
    218 239
    242 240
    209 241
    235 242
    212 243
    196 244
    190 245
    204 246
    219 247
    193 248
    186 249
    225 250
    178 251
    182 252
    171 253
    163 254
    152 255
    159 256
    176 257
    140 258
    166 259
    156 260
    182 261
    170 262
    135 263
    148 264
    144 265
    135 266
    143 267
    147 268
    127 269
    139 270
    118 271
    132 272
    128 273
    114 274
    116 275
    129 276
    113 277
    134 278
    102 279
    144 280
    145 281
    116 282
     95 283
     92 284
    102 285
     97 286
    117 287
    113 288
     75 289
     87 290
    104 291
     96 292
     90 293
    102 294
     81 295
     95 296
     75 297
     92 298
     95 299
     68 300
     69 301
     87 302
     71 303
     93 304
     96 305
     65 306
     81 307
     70 308
     61 309
     69 310
     75 311
     64 312
     79 313
     71 314
     59 315
     56 316
     67 317
     67 318
     68 319
     57 320
     58 321
     49 322
     50 323
     69 324
     70 325
     51 326
     63 327
     67 328
     64 329
     68 330
     42 331
     65 332
     50 333
     51 334
     51 335
     48 336
     49 337
     33 338
     50 339
     42 340
     35 341
     53 342
     38 343
     46 344
     47 345
     42 346
     36 347
     38 348
     49 349
     56 350
     42 351
     44 352
     29 353
     41 354
     37 355
     36 356
     32 357
     28 358
     48 359
     32 360
     41 361
     36 362
     37 363
     40 364
     38 365
     35 366
     40 367
     31 368
     39 369
     41 370
     39 371
     30 372
     32 373
     35 374
     31 375
     36 376
     29 377
     37 378
     35 379
     29 380
     45 381
     39 382
     29 383
     37 384
     27 385
     24 386
     30 387
     28 388
     34 389
     28 390
     25 391
     27 392
     38 393
     38 394
     17 395
     26 396
     29 397
     30 398
     26 399
     23 400
     29 401
     33 402
     23 403
     33 404
     31 405
     27 406
     30 407
     30 408
     22 409
     15 410
     24 411
     26 412
     33 413
     25 414
     24 415
     28 416
     19 417
     23 418
     28 419
     26 420
     22 421
     22 422
     18 423
     38 424
     12 425
     21 426
     28 427
     30 428
     19 429
     27 430
     23 431
     24 432
     16 433
     21 434
     33 435
     14 436
     18 437
     16 438
     21 439
     25 440
     27 441
     18 442
     20 443
     23 444
     30 445
     23 446
     24 447
     22 448
     11 449
     19 450
     24 451
     15 452
     14 453
     14 454
     16 455
     15 456
     21 457
     21 458
     24 459
     17 460
     17 461
     19 462
     12 463
     19 464
     25 465
     21 466
     15 467
     18 468
     15 469
     13 470
     24 471
     20 472
     17 473
     28 474
     10 475
     21 476
     18 477
     14 478
     19 479
     17 480
     16 481
     22 482
     19 483
     20 484
     21 485
      6 486
     13 487
     18 488
     18 489
     11 490
     15 491
     12 492
     20 493
     18 494
     12 495
     13 496
     17 497
     19 498
     17 499
     14 500
     12 501
     16 502
     18 503
     19 504
     17 505
     16 506
     20 507
     17 508
     18 509
     15 510
     12 511
     19 512
     16 513
     11 514
     23 515
     10 516
     18 517
     18 518
     14 519
     20 520
     16 521
     29 522
     11 523
     20 524
     16 525
     13 526
     21 527
     17 528
     15 529
     10 530
     18 531
     13 532
     17 533
     14 534
     14 535
     16 536
     11 537
     15 538
     14 539
     18 540
     16 541
     20 542
     18 543
     15 544
      7 545
     12 546
     18 547
     17 548
     14 549
     12 550
      7 551
     15 552
     16 553
     16 554
     14 555
      8 556
      9 557
     15 558
     10 559
     13 560
     21 561
     13 562
      9 563
     16 564
     10 565
     21 566
     12 567
     13 568
      9 569
     16 570
     11 571
     11 572
     15 573
     13 574
     12 575
     21 576
      5 577
      9 578
     10 579
      4 580
      5 581
     15 582
      5 583
     20 584
     16 585
     18 586
     13 587
     11 588
      8 589
     18 590
     15 591
     19 592
      8 593
     12 594
     15 595
     11 596
     12 597
      8 598
     11 599
     15 600
     11 601
     11 602
     11 603
     11 604
     15 605
     11 606
     15 607
     13 608
     13 609
     11 610
      9 611
     16 612
      8 613
      8 614
      8 615
     15 616
     14 617
     15 618
     10 619
      8 620
     14 621
     10 622
     11 623
     11 624
     11 625
     14 626
     16 627
     11 628
     16 629
     14 630
     15 631
     11 632
      3 633
     12 634
      7 635
     18 636
     15 637
     13 638
     15 639
      8 640
      9 641
     15 642
     11 643
     11 644
      9 645
     11 646
     11 647
     11 648
     20 649
     11 650
      9 651
      9 652
     11 653
     11 654
      9 655
     11 656
     10 657
     12 658
     15 659
     11 660
     14 661
      5 662
     11 663
     18 664
     14 665
      6 666
     14 667
     13 668
     19 669
      7 670
     11 671
      9 672
     17 673
     15 674
     10 675
      8 676
      7 677
     12 678
     11 679
      6 680
     14 681
     13 682
     13 683
     10 684
      9 685
      8 686
     13 687
      8 688
      6 689
     13 690
     11 691
      9 692
      5 693
      9 694
     15 695
      9 696
      9 697
     11 698
      9 699
      8 700
      7 701
      7 702
     10 703
     11 704
     14 705
     11 706
      8 707
      9 708
     14 709
      6 710
      8 711
     11 712
      8 713
     13 714
      7 715
      8 716
      7 717
      6 718
     14 719
      9 720
      7 721
      9 722
      9 723
      3 724
     18 725
      8 726
      8 727
      9 728
     11 729
     11 730
      8 731
     11 732
     15 733
     18 734
      8 735
      7 736
      8 737
     10 738
      6 739
      6 740
      8 741
      8 742
      9 743
     10 744
      9 745
      6 746
      6 747
      8 748
     13 749
     18 750
      8 751
      9 752
     10 753
      8 754
     10 755
     17 756
      9 757
     16 758
      5 759
      9 760
     11 761
     11 762
     12 763
      8 764
     10 765
     15 766
      9 767
      7 768
      6 769
      4 770
      7 771
     12 772
     16 773
     14 774
     11 775
      6 776
      6 777
     12 778
     11 779
      6 780
      9 781
     10 782
     11 783
      8 784
     11 785
      8 786
     13 787
     14 788
      8 789
      4 790
     14 791
      5 792
      8 793
      6 794
      7 795
     11 796
     10 797
      8 798
      9 799
      7 800
      7 801
      8 802
      9 803
      5 804
      6 805
     14 806
     11 807
      8 808
      6 809
     18 810
     10 811
     10 812
      8 813
     13 814
      8 815
      7 816
     10 817
      5 818
      8 819
     12 820
      6 821
      8 822
      6 823
      8 824
     18 825
     16 826
      8 827
      9 828
      6 829
      8 830
      9 831
      9 832
      4 833
      7 834
     11 835
     16 836
     10 837
      7 838
      6 839
      7 840
      3 841
      9 842
      9 843
      8 844
     13 845
     17 846
     11 847
     11 848
     13 849
     16 850
      7 851
     13 852
      8 853
     10 854
      7 855
      6 856
      2 857
     12 858
      5 859
      8 860
      4 861
      7 862
     10 863
      6 864
      7 865
      8 866
     14 867
     15 868
      9 869
     11 870
      7 871
     12 872
      3 873
      5 874
      9 875
      6 876
     13 877
      5 878
      9 879
      9 880
     12 881
      5 882
     12 883
      8 884
      2 885
     11 886
     17 887
     10 888
      8 889
      6 890
      8 891
      9 892
      8 893
      8 894
     19 895
     10 896
      6 897
     10 898
      8 899
      9 900
     11 901
      6 902
      5 903
      4 904
      8 905
      4 906
     11 907
     11 908
      7 909
      9 910
      5 911
      9 912
     11 913
     10 914
      7 915
     12 916
      4 917
      9 918
      3 919
      8 920
      4 921
      8 922
     11 923
      5 924
     17 925
      5 926
      9 927
     10 928
      5 929
      5 930
      3 931
     11 932
      6 933
      4 934
      7 935
      9 936
     10 937
      6 938
      7 939
      7 940
     10 941
      5 942
      5 943
      5 944
      6 945
      7 946
     13 947
      5 948
     10 949
     13 950
      6 951
      3 952
     12 953
     10 954
     10 955
      5 956
     10 957
      4 958
     10 959
      5 960
      9 961
      4 962
     11 963
     11 964
      6 965
      7 966
      5 967
     11 968
      6 969
     12 970
      6 971
      8 972
     10 973
      5 974
      7 975
     10 976
     14 977
     11 978
      5 979
     12 980
      5 981
      8 982
      3 983
      8 984
      8 985
      5 986
      9 987
      5 988
      6 989
     12 990
      3 991
      8 992
      8 993
      4 994
      7 995
      7 996
      6 997
      7 998
      7 999
      9 1000
      8 1001
      6 1002
     10 1003
      8 1004
      5 1005
      6 1006
     11 1007
     10 1008
      4 1009
      4 1010
      8 1011
      5 1012
     10 1013
      7 1014
      9 1015
      7 1016
     10 1017
      6 1018
      9 1019
      7 1020
      3 1021
     10 1022
      8 1023
      3 1024
      6 1025
      9 1026
     11 1027
      5 1028
      8 1029
      7 1030
      5 1031
      5 1032
     11 1033
      6 1034
      5 1035
      6 1036
      5 1037
      7 1038
      2 1039
      8 1040
      7 1041
     10 1042
      7 1043
      7 1044
      6 1045
      6 1046
     14 1047
      7 1048
      6 1049
      8 1050
      5 1051
      4 1052
      3 1053
      9 1054
     10 1055
      7 1056
      7 1057
      9 1058
      9 1059
      2 1060
      5 1061
      6 1062
      8 1063
      7 1064
      3 1065
      6 1066
      4 1067
      2 1068
      6 1069
      5 1070
     13 1071
      5 1072
      5 1073
      2 1074
     10 1075
      3 1076
      4 1077
      8 1078
      4 1079
      4 1080
      4 1081
      5 1082
      8 1083
      9 1084
      2 1085
      4 1086
      6 1087
      9 1088
      9 1089
      8 1090
      3 1091
      8 1092
      8 1093
     12 1094
      6 1095
      5 1096
      8 1097
      3 1098
      8 1099
      6 1100
      5 1101
      3 1102
      7 1103
      8 1104
      4 1105
      6 1106
      4 1107
      3 1108
      8 1109
      5 1110
      5 1111
      5 1112
      5 1113
      6 1114
      7 1115
     11 1116
      4 1117
     10 1118
      5 1119
      3 1120
      2 1121
      4 1122
      5 1123
      7 1124
      5 1125
      5 1126
      3 1127
      3 1128
      6 1129
      4 1130
      6 1131
      5 1132
      5 1133
      1 1134
     10 1135
      5 1136
      4 1137
      3 1138
      8 1139
      2 1140
      2 1141
      4 1142
      4 1143
      6 1144
      7 1145
      6 1146
      6 1147
      7 1148
      8 1149
      3 1150
      5 1151
      1 1152
      6 1153
      3 1154
      6 1155
      3 1156
      5 1157
      4 1158
      8 1159
      5 1160
      5 1161
      4 1162
      8 1163
      5 1164
      4 1165
      4 1166
      5 1167
     12 1168
      8 1169
      3 1170
      7 1171
      6 1172
      3 1173
      2 1174
     11 1175
      5 1176
      7 1177
      1 1178
      3 1179
      4 1180
      3 1181
      2 1182
      3 1183
      5 1184
      6 1185
      3 1186
      6 1187
      6 1188
      3 1189
      6 1190
      4 1191
      3 1192
     10 1193
      7 1194
     11 1195
      3 1196
      2 1197
      5 1198
      6 1199
      6 1200
      3 1201
      4 1202
      5 1203
      8 1204
      4 1205
      5 1206
      2 1207
      3 1208
      5 1209
      4 1210
      4 1211
      4 1212
      5 1213
      5 1214
      3 1215
      2 1216
      3 1217
      5 1218
      1 1219
      4 1220
      5 1221
      3 1222
      3 1223
      4 1224
      4 1225
      2 1226
      2 1227
      3 1228
      3 1229
      2 1230
      3 1231
      5 1232
      4 1233
      4 1234
      5 1235
      3 1236
      4 1237
      3 1238
      2 1239
      3 1240
      4 1241
      5 1242
      2 1243
      3 1244
      5 1245
      5 1246
      2 1247
      1 1248
      2 1249
      2 1250
      1 1251
      4 1252
      3 1253
      1 1254
      1 1255
      1 1256
      3 1257
      2 1258
      5 1259
      2 1260
      3 1261
      5 1262
      5 1263
      6 1264
      4 1265
      4 1266
      3 1267
      7 1268
      2 1269
      4 1270
      2 1271
      2 1272
      4 1274
      3 1275
      1 1276
      3 1277
      3 1278
      1 1279
      3 1280
      2 1281
      4 1282
      2 1283
      2 1284
      3 1285
      3 1286
      6 1287
      4 1288
      1 1289
      3 1290
      3 1291
      3 1292
      5 1293
      3 1294
      3 1295
      5 1296
      4 1297
      3 1298
      4 1299
      1 1300
      1 1301
      3 1302
      3 1303
      2 1304
      1 1305
      1 1306
      2 1307
      2 1308
      4 1309
      2 1310
      4 1311
      1 1312
      3 1313
      3 1314
      2 1315
      5 1316
      1 1317
      4 1318
      4 1319
      4 1320
      4 1321
      2 1322
      2 1323
      5 1324
      4 1325
      3 1326
      4 1327
      4 1328
      2 1329
      2 1330
      1 1331
      2 1332
      1 1333
      2 1334
      2 1335
      1 1336
      4 1337
      2 1338
      1 1341
      1 1342
      5 1343
      3 1344
      2 1345
      2 1346
      2 1347
      4 1348
      1 1349
      2 1350
      3 1351
      2 1352
      5 1354
      2 1355
      3 1356
      3 1357
      2 1358
      3 1359
      1 1360
      1 1361
      5 1362
      2 1363
      1 1364
      3 1365
      2 1366
      4 1367
      2 1368
      1 1369
      3 1370
      2 1371
      1 1372
      2 1374
      2 1375
      3 1376
      1 1377
      1 1378
      4 1380
      3 1381
      1 1382
      3 1383
      3 1384
      1 1386
      4 1387
      4 1388
      1 1389
      1 1390
      2 1391
      4 1392
      1 1393
      2 1394
      2 1395
      2 1397
      3 1400
      1 1401
      2 1402
      3 1403
      2 1404
      1 1405
      1 1406
      4 1407
      3 1408
      4 1409
      2 1410
      3 1411
      2 1412
      4 1413
      1 1414
      5 1416
      1 1417
      2 1419
      1 1420
      1 1421
      1 1424
      1 1425
      1 1426
      2 1427
      2 1430
      1 1431
      2 1433
      2 1434
      2 1435
      1 1436
      2 1437
      1 1438
      1 1439
      1 1440
      2 1441
      1 1442
      1 1443
      1 1444
      2 1445
      1 1446
      4 1448
      3 1449
      2 1450
      2 1451
      1 1452
      1 1453
      1 1455
      1 1457
      2 1458
      1 1459
      2 1463
      1 1464
      1 1466
      2 1467
      1 1468
      3 1469
      1 1471
      2 1472
      1 1473
      3 1475
      1 1477
      1 1478
      2 1479
      2 1481
      1 1482
      1 1483
      1 1484
      1 1485
      5 1486
      2 1488
      2 1489
      4 1490
      1 1493
      1 1495
      2 1496
      2 1498
      1 1500
      3 1501
      2 1502
      1 1504
      1 1505
      1 1507
      2 1508
      3 1510
      1 1511
      1 1512
      1 1513
      2 1514
      2 1517
      1 1518
      1 1519
      2 1521
      2 1526
      4 1527
      1 1528
      1 1529
      1 1531
      3 1532
      2 1533
      1 1534
      2 1535
      2 1536
      1 1538
      2 1539
      3 1540
      2 1541
      1 1542
      1 1544
      2 1545
      1 1547
      1 1552
      1 1553
      3 1558
      1 1559
      2 1560
      1 1561
      1 1566
      1 1567
      2 1571
      2 1572
      2 1573
      2 1576
      1 1577
      4 1579
      2 1580
      1 1582
      2 1584
      1 1585
      1 1586
      1 1587
      2 1591
      1 1592
      1 1593
      2 1594
      1 1595
      2 1596
      2 1598
      1 1601
      2 1602
      1 1603
      1 1604
      1 1605
      1 1606
      1 1611
      1 1612
      1 1614
      1 1615
      1 1616
      1 1617
      1 1618
      2 1619
      2 1623
      1 1627
      1 1631
      1 1633
      2 1634
      1 1636
      1 1641
      2 1642
      2 1645
      2 1652
      1 1653
      1 1654
      1 1656
      1 1659
      3 1665
      1 1668
      1 1670
      1 1671
      1 1672
      1 1673
      1 1674
      2 1675
      1 1677
      1 1683
      1 1686
      1 1687
      1 1689
      1 1692
      1 1693
      1 1698
      1 1703
      2 1705
      1 1707
      1 1708
      1 1712
      2 1714
      1 1716
      1 1719
      1 1720
      1 1721
      1 1723
      1 1724
      1 1731
      1 1735
      1 1737
      1 1738
      2 1739
      1 1740
      1 1741
      2 1746
      1 1748
      1 1755
      1 1757
      1 1764
      1 1767
      2 1769
      1 1771
      2 1772
      1 1773
      1 1774
      3 1778
      1 1779
      1 1782
      1 1783
      3 1784
      1 1788
      1 1791
      2 1793
      1 1796
      1 1803
      1 1805
      2 1808
      1 1809
      1 1813
      1 1820
      2 1822
      1 1823
      3 1825
      1 1828
      1 1830
      1 1831
      2 1835
      1 1836
      2 1845
      1 1846
      1 1848
      1 1849
      1 1857
      1 1866
      1 1870
      1 1871
      1 1872
      1 1874
      1 1876
      1 1881
      1 1892
      1 1897
      2 1902
      1 1912
      1 1918
      1 1943
      1 1951
      2 1954
      1 1959
      1 1969
      1 1971
      1 1978
      1 1999
      1 2022
      1 2029
      1 2036
      1 2043
      2 2047
      1 2049
      1 2063
      1 2070
      1 2074
      1 2075
      1 2078
      1 2080
      1 2089
      1 2103
      1 2109
      1 2113
      1 2116
      1 2118
      1 2130
      1 2133
      1 2144
      1 2147
      1 2173
      1 2197
      1 2236
      1 2258
      1 2271
      1 2302
      1 2318
      1 2327
      1 2352
      1 2379
      1 2420
      1 2422
      1 2436
      1 2457
      1 2479
      1 2506
      1 2547
      1 2555
      1 2606
      1 2689
      1 2695
      1 2706
      1 2714
      1 2715
      1 2722
      1 2840
      1 2966
      1 2976
      1 2992
      1 3188
      1 3226
      1 3266
      1 3295
      1 3302
      1 3351
      1 3372
      1 3461
      1 3477
      1 3771
      1 3817
      1 3877
      1 4009
      1 4090
      1 4313
      1 4406
      1 4681
      1 4718
      1 4719
      1 4837
      1 5147
      1 5249
      1 5283
      1 5807
      1 5811
      1 5865
      1 6024
      1 6191
      1 6787
      1 6984
      1 7166
      1 7247
      1 7274
      1 7365
      1 7454
      1 7466
      1 7588
      1 8174
      1 8337
      1 8374
      1 8522
      1 8584
      1 8586
      1 8755
      1 8970
      1 9872
      1 10679
      1 11758
      1 12937
      1 13135
      1 14742
      1 14966
      1 15482
      1 15715
      1 16224
      1 17952
      1 18129
      1 18742
      1 19064
      1 19286
      1 19632
      1 19686
      1 20024
      1 20755
      1 21760
      1 22627
