pgbench (18.6 (Debian 18.6-1.pgdg13+2))
starting vacuum...end.
transaction type: <builtin: select only>
scaling factor: 1000
query mode: simple
number of clients: 128
number of threads: 16
maximum number of tries: 1
duration: 480 s
number of transactions actually processed: 64475899
number of failed transactions: 0 (0.000%)
latency average = 0.419 ms
latency stddev = 0.117 ms
rate limit schedule lag: avg 0.046 (max 25.247) ms
initial connection time = 226.352 ms
tps = 134386.854472 (without initial connection time)
---AAD-PGBENCH-LATENCY-US---
rc=0
samples=1290225
      2 225
      3 226
      2 227
      2 228
      1 229
      5 230
      6 231
     15 232
     11 233
     10 234
     11 235
     20 236
     34 237
     46 238
     56 239
     61 240
     72 241
     96 242
     98 243
    133 244
    147 245
    174 246
    219 247
    235 248
    286 249
    323 250
    355 251
    445 252
    449 253
    513 254
    570 255
    639 256
    708 257
    783 258
    797 259
    955 260
   1037 261
   1085 262
   1153 263
   1239 264
   1312 265
   1470 266
   1594 267
   1664 268
   1814 269
   1918 270
   2071 271
   2138 272
   2352 273
   2342 274
   2520 275
   2775 276
   2765 277
   2857 278
   2953 279
   3167 280
   3151 281
   3390 282
   3550 283
   3578 284
   3732 285
   3920 286
   3957 287
   4020 288
   4111 289
   4363 290
   4459 291
   4591 292
   4689 293
   4832 294
   4986 295
   4948 296
   5143 297
   5342 298
   5610 299
   5755 300
   5861 301
   5825 302
   6176 303
   6245 304
   6588 305
   6772 306
   6799 307
   6938 308
   7206 309
   7328 310
   7530 311
   7653 312
   7992 313
   8062 314
   8072 315
   8285 316
   8369 317
   8516 318
   8594 319
   8662 320
   8705 321
   8775 322
   8931 323
   8996 324
   8690 325
   9161 326
   9127 327
   9219 328
   9445 329
   9139 330
   9258 331
   9330 332
   9358 333
   9453 334
   9376 335
   9670 336
   9344 337
   9535 338
   9549 339
   9527 340
   9559 341
   9670 342
   9705 343
   9655 344
   9670 345
   9805 346
   9755 347
   9642 348
   9338 349
   9572 350
   9455 351
   9176 352
   9151 353
   9353 354
   9149 355
   8966 356
   8878 357
   8967 358
   8759 359
   8778 360
   8545 361
   8536 362
   8407 363
   8278 364
   8326 365
   8273 366
   8295 367
   8031 368
   7772 369
   7926 370
   7921 371
   7739 372
   7754 373
   7469 374
   7727 375
   7532 376
   7405 377
   7353 378
   7307 379
   7170 380
   6893 381
   7058 382
   6734 383
   6681 384
   6667 385
   6544 386
   6387 387
   6427 388
   6361 389
   6148 390
   6132 391
   6083 392
   5830 393
   5820 394
   5601 395
   5754 396
   5692 397
   5488 398
   5426 399
   5485 400
   5328 401
   5138 402
   5143 403
   5189 404
   5208 405
   5072 406
   4856 407
   4892 408
   4777 409
   4771 410
   4684 411
   4715 412
   4654 413
   4563 414
   4501 415
   4345 416
   4348 417
   4234 418
   4286 419
   4174 420
   4071 421
   3979 422
   3930 423
   3834 424
   3823 425
   3774 426
   3788 427
   3551 428
   3524 429
   3491 430
   3338 431
   3399 432
   3311 433
   3318 434
   3194 435
   3184 436
   3017 437
   3010 438
   3001 439
   2913 440
   2888 441
   2927 442
   2829 443
   2894 444
   2758 445
   2757 446
   2687 447
   2677 448
   2586 449
   2584 450
   2537 451
   2495 452
   2531 453
   2398 454
   2370 455
   2294 456
   2301 457
   2328 458
   2134 459
   2257 460
   2140 461
   2098 462
   2120 463
   2058 464
   1987 465
   1967 466
   2002 467
   1943 468
   1812 469
   1873 470
   1950 471
   1761 472
   1769 473
   1775 474
   1737 475
   1712 476
   1728 477
   1708 478
   1709 479
   1581 480
   1613 481
   1592 482
   1624 483
   1536 484
   1437 485
   1502 486
   1453 487
   1421 488
   1423 489
   1428 490
   1385 491
   1360 492
   1401 493
   1285 494
   1253 495
   1288 496
   1213 497
   1222 498
   1254 499
   1162 500
   1175 501
   1144 502
   1176 503
   1113 504
   1140 505
   1109 506
   1061 507
   1011 508
   1062 509
   1032 510
   1010 511
   1049 512
    969 513
    941 514
    937 515
    952 516
    883 517
    922 518
    873 519
    859 520
    918 521
    867 522
    804 523
    860 524
    822 525
    809 526
    771 527
    749 528
    742 529
    793 530
    752 531
    716 532
    714 533
    678 534
    675 535
    694 536
    655 537
    697 538
    627 539
    587 540
    608 541
    608 542
    578 543
    627 544
    590 545
    623 546
    583 547
    570 548
    574 549
    595 550
    546 551
    557 552
    557 553
    478 554
    521 555
    509 556
    484 557
    496 558
    459 559
    433 560
    471 561
    475 562
    436 563
    438 564
    395 565
    442 566
    425 567
    388 568
    377 569
    421 570
    355 571
    386 572
    366 573
    372 574
    314 575
    337 576
    332 577
    336 578
    312 579
    307 580
    322 581
    311 582
    314 583
    296 584
    298 585
    282 586
    269 587
    321 588
    274 589
    268 590
    221 591
    261 592
    233 593
    235 594
    249 595
    244 596
    237 597
    234 598
    215 599
    201 600
    212 601
    188 602
    222 603
    187 604
    220 605
    195 606
    190 607
    187 608
    178 609
    175 610
    171 611
    197 612
    187 613
    180 614
    191 615
    174 616
    154 617
    160 618
    167 619
    164 620
    141 621
    131 622
    137 623
    145 624
    145 625
    136 626
    131 627
    129 628
    145 629
    120 630
    137 631
    117 632
    121 633
    112 634
    112 635
    120 636
    109 637
    115 638
     98 639
    122 640
    104 641
    111 642
     98 643
     95 644
    101 645
     83 646
     80 647
    107 648
     95 649
     89 650
     95 651
     78 652
     96 653
     93 654
     89 655
     86 656
     83 657
     90 658
     90 659
     72 660
     86 661
     81 662
     70 663
     70 664
     76 665
     69 666
     58 667
     83 668
     50 669
     61 670
     66 671
     59 672
     72 673
     55 674
     67 675
     61 676
     54 677
     62 678
     48 679
     56 680
     57 681
     57 682
     53 683
     60 684
     42 685
     57 686
     57 687
     46 688
     52 689
     46 690
     40 691
     37 692
     38 693
     48 694
     54 695
     40 696
     39 697
     52 698
     41 699
     40 700
     35 701
     47 702
     31 703
     38 704
     36 705
     36 706
     35 707
     28 708
     20 709
     29 710
     38 711
     35 712
     36 713
     24 714
     27 715
     24 716
     28 717
     33 718
     23 719
     27 720
     30 721
     26 722
     27 723
     30 724
     32 725
     15 726
     30 727
     24 728
     29 729
     22 730
     29 731
     34 732
     28 733
     25 734
     24 735
     26 736
     16 737
     26 738
     26 739
     22 740
     21 741
     21 742
     17 743
     21 744
     12 745
     17 746
     17 747
     19 748
     14 749
     18 750
     17 751
     15 752
     15 753
     11 754
     18 755
     19 756
     10 757
     16 758
     13 759
     11 760
     12 761
     14 762
     22 763
     11 764
     19 765
     14 766
     19 767
     13 768
     10 769
     10 770
     18 771
     11 772
     16 773
     10 774
     12 775
     13 776
     14 777
     11 778
      8 779
     15 780
      7 781
     10 782
     12 783
     11 784
     15 785
      8 786
      8 787
      9 788
      6 789
     14 790
     14 791
      9 792
      8 793
     12 794
     10 795
     10 796
     12 797
     12 798
     11 799
      7 800
     15 801
      7 802
      7 803
      6 804
     19 805
      5 806
      9 807
      8 808
      9 809
     10 810
      6 811
     10 812
      5 813
      5 814
      7 815
      9 816
      8 817
      7 818
     10 819
      6 820
     10 821
      5 822
      7 823
      6 824
      5 825
      6 826
      7 827
      2 828
      2 829
      7 830
      6 831
     10 832
      5 833
      8 834
      4 835
      9 836
      5 837
      7 838
      7 839
      7 840
      1 841
      3 842
      7 843
      5 844
      6 845
      2 846
      4 847
      5 848
      8 849
      3 850
      4 851
      3 852
      4 853
      6 854
      5 855
      5 856
      7 857
      6 858
      4 859
      2 860
      4 861
      9 862
      2 863
      3 864
      8 865
      6 866
      4 867
      3 868
     10 869
      8 870
      7 871
      6 872
      1 873
      1 874
      6 875
      2 876
      5 877
      4 878
      8 879
      3 880
      2 881
      7 882
      1 883
      4 884
      6 885
      5 886
      1 887
      1 888
      9 889
      5 890
      4 891
      8 892
      3 893
      5 894
      2 895
      5 896
      5 897
      3 898
      3 899
      2 900
      6 901
      4 902
      5 903
      1 904
      5 905
      1 906
      2 907
      3 908
      3 910
      2 911
      6 912
      1 913
      3 914
      1 915
      1 916
      4 917
      2 918
      3 919
      2 920
      1 922
      1 923
      2 924
      4 925
      1 926
      4 927
      2 930
      2 931
      3 932
      5 933
      3 934
      3 935
      4 936
      2 937
      2 938
      1 939
      1 940
      2 941
      4 942
      2 943
      4 944
      3 945
      5 946
      1 948
      3 949
      3 951
      1 952
      3 953
      1 954
      1 955
      1 957
      1 958
      1 959
      3 960
      1 961
      1 962
      2 963
      1 964
      3 965
      1 966
      7 967
      2 968
      5 969
      3 970
      2 971
      2 972
      2 973
      2 974
      2 975
      4 977
      3 978
      2 979
      2 980
      1 981
      2 982
      2 983
      4 984
      2 985
      2 986
      1 987
      1 988
      2 989
      3 990
      1 991
      4 994
      2 995
      1 997
      3 998
      1 999
      2 1000
      2 1001
      1 1002
      1 1004
      2 1005
      4 1006
      3 1007
      1 1008
      1 1009
      1 1010
      1 1011
      1 1012
      1 1013
      1 1014
      1 1015
      2 1016
      3 1017
      2 1018
      1 1019
      3 1022
      1 1024
      5 1025
      1 1026
      1 1028
      2 1030
      1 1031
      1 1032
      1 1033
      2 1034
      1 1035
      2 1036
      3 1037
      1 1039
      3 1040
      1 1041
      2 1042
      1 1043
      3 1044
      2 1045
      3 1046
      1 1047
      1 1049
      1 1052
      1 1053
      1 1055
      3 1056
      1 1057
      2 1059
      1 1062
      3 1063
      2 1064
      2 1066
      2 1067
      3 1068
      1 1070
      2 1073
      2 1074
      1 1075
      4 1078
      2 1079
      1 1080
      1 1081
      2 1085
      3 1088
      2 1090
      1 1091
      1 1095
      1 1096
      1 1099
      2 1100
      1 1102
      1 1103
      1 1105
      1 1107
      1 1108
      2 1109
      1 1112
      1 1114
      1 1115
      1 1116
      1 1118
      2 1120
      1 1121
      1 1122
      1 1124
      1 1125
      1 1127
      1 1129
      1 1130
      3 1133
      2 1134
      1 1136
      1 1137
      1 1138
      2 1142
      1 1145
      1 1146
      2 1147
      2 1149
      1 1152
      1 1153
      1 1154
      1 1155
      1 1156
      2 1157
      1 1159
      1 1161
      3 1162
      2 1168
      1 1170
      1 1172
      1 1174
      3 1177
      1 1179
      2 1181
      1 1182
      1 1184
      1 1185
      1 1186
      1 1187
      1 1188
      1 1190
      1 1191
      1 1193
      2 1194
      1 1195
      1 1197
      1 1198
      1 1206
      1 1207
      1 1210
      2 1213
      1 1214
      1 1215
      1 1216
      2 1217
      1 1219
      1 1220
      1 1224
      3 1225
      1 1226
      1 1228
      2 1232
      1 1235
      1 1237
      1 1238
      1 1240
      1 1243
      1 1244
      1 1253
      2 1254
      1 1258
      1 1259
      1 1260
      1 1262
      1 1263
      1 1265
      1 1268
      1 1271
      2 1274
      1 1275
      2 1278
      1 1282
      1 1289
      1 1290
      1 1294
      1 1296
      1 1299
      1 1303
      1 1304
      1 1306
      1 1311
      2 1314
      1 1317
      1 1319
      1 1321
      1 1324
      1 1328
      1 1330
      1 1336
      1 1338
      1 1343
      1 1347
      1 1361
      1 1365
      1 1373
      1 1375
      1 1376
      1 1397
      1 1398
      1 1403
      1 1404
      1 1405
      1 1408
      1 1409
      1 1414
      1 1421
      1 1423
      1 1432
      1 1433
      1 1434
      1 1440
      1 1442
      1 1459
      1 1470
      1 1483
      1 1485
      1 1501
      1 1505
      1 1512
      1 1521
      1 1526
      1 1547
      1 1548
      1 1549
      1 1551
      1 1562
      1 1564
      1 1573
      1 1574
      1 1588
      1 1594
      1 1603
      1 1627
      1 1630
      1 1652
      1 1672
      1 1692
      1 1703
      1 1707
      1 1724
      1 1732
      1 1733
      1 1741
      1 1784
      1 1820
      1 1838
      1 1851
      1 1871
      1 1897
      1 1907
      1 1928
      1 1931
      1 1932
      1 1951
      1 1969
      1 1985
      1 1991
      1 2055
      1 2065
      1 2068
      1 2093
      1 2173
      1 2241
      1 2253
      1 2419
      1 2438
      1 2446
      1 2449
      1 2501
      1 2560
      1 2570
      1 2637
      1 3182
      1 3826
      1 4227
      1 4670
      1 5131
      1 6825
      1 7777
      1 24044
---AAD-PGBENCH-LAG-US---
  22697 0
  19825 1
  17524 2
  16442 3
  15639 4
  15148 5
  14543 6
  13998 7
  13322 8
  13003 9
  12626 10
  12461 11
  12477 12
  12210 13
  12205 14
  11933 15
  12114 16
  12081 17
  12006 18
  11812 19
  11832 20
  11947 21
  11762 22
  11733 23
  11662 24
  11547 25
  11648 26
  11586 27
  11701 28
  11390 29
  11694 30
  11574 31
  11367 32
  11374 33
  11297 34
  11120 35
  10924 36
  10958 37
  10778 38
  10546 39
  10678 40
  10460 41
  10336 42
  10248 43
  10264 44
  10130 45
   9866 46
   9792 47
   9809 48
   9762 49
   9167 50
   8864 51
   8546 52
   7550 53
   7632 54
  19732 55
  33974 56
  18541 57
  14343 58
  13393 59
  12947 60
  16322 61
  33216 62
  53867 63
  85317 64
  63957 65
  29211 66
  21756 67
  21537 68
  22556 69
  26048 70
  23843 71
  22391 72
  18248 73
  11568 74
   8955 75
   7713 76
   6904 77
   6402 78
   6116 79
   4680 80
   3707 81
   3053 82
   2519 83
   1992 84
   1643 85
   1520 86
   1227 87
    994 88
    835 89
    717 90
    641 91
    540 92
    444 93
    401 94
    348 95
    316 96
    298 97
    247 98
    254 99
    211 100
    204 101
    162 102
    197 103
    206 104
    150 105
    146 106
    150 107
    148 108
    145 109
    155 110
    147 111
    148 112
    145 113
    129 114
    108 115
    112 116
    132 117
    107 118
     96 119
    108 120
    108 121
    105 122
    112 123
    105 124
    121 125
    108 126
    106 127
    106 128
    101 129
    103 130
    105 131
     88 132
     82 133
     86 134
     80 135
     92 136
     65 137
     86 138
     87 139
     86 140
     63 141
     81 142
     74 143
     74 144
     60 145
     66 146
     74 147
     74 148
     70 149
     67 150
     73 151
     66 152
     66 153
     66 154
     73 155
     65 156
     60 157
     75 158
     54 159
     47 160
     41 161
     47 162
     63 163
     60 164
     54 165
     50 166
     42 167
     49 168
     47 169
     40 170
     45 171
     43 172
     61 173
     57 174
     50 175
     40 176
     41 177
     39 178
     50 179
     42 180
     39 181
     35 182
     48 183
     31 184
     36 185
     33 186
     33 187
     28 188
     37 189
     38 190
     27 191
     30 192
     36 193
     33 194
     36 195
     24 196
     19 197
     35 198
     24 199
     20 200
     28 201
     32 202
     21 203
     28 204
     25 205
     32 206
     24 207
     35 208
     29 209
     26 210
     27 211
     22 212
     22 213
     18 214
     17 215
     22 216
     13 217
     23 218
     12 219
     19 220
     13 221
     19 222
     10 223
      8 224
     14 225
     22 226
     15 227
     15 228
     21 229
     12 230
     10 231
     14 232
     13 233
     12 234
     13 235
     16 236
     10 237
      8 238
     10 239
     11 240
      8 241
      7 242
      9 243
      9 244
     13 245
      7 246
     10 247
      8 248
      5 249
     14 250
      8 251
     14 252
      8 253
      9 254
      9 255
      9 256
      5 257
      5 258
      5 259
      6 260
      9 261
      3 262
      4 263
      5 264
      6 265
      4 266
      7 267
      8 268
      8 269
      4 270
      7 271
      3 272
      6 273
      5 274
      5 275
      3 276
      6 277
      8 278
      7 279
      9 280
      4 281
      6 282
      4 283
      5 284
      2 285
      3 287
      3 288
      2 289
      1 290
      4 291
      4 292
      2 293
      1 294
      2 295
      2 296
      2 297
      3 298
      2 300
      2 301
      1 303
      2 304
      1 305
      1 306
      2 308
      2 309
      1 310
      3 311
      1 312
      1 313
      3 317
      2 319
      2 320
      1 321
      1 322
      2 323
      1 324
      2 325
      3 326
      1 328
      2 329
      3 330
      1 334
      1 336
      2 337
      1 339
      3 340
      1 341
      1 342
      2 345
      1 346
      3 348
      1 352
      2 353
      2 358
      2 363
      1 367
      1 368
      1 371
      1 375
      1 376
      1 378
      1 379
      1 380
      1 383
      1 387
      1 390
      2 392
      1 393
      2 395
      1 397
      2 398
      2 402
      1 403
      1 404
      2 407
      1 411
      1 412
      1 413
      1 422
      1 431
      1 432
      1 433
      1 435
      1 438
      3 439
      1 449
      1 453
      1 454
      1 455
      1 461
      1 464
      1 471
      1 476
      1 477
      1 479
      1 484
      1 488
      1 494
      1 523
      1 526
      1 529
      1 540
      1 557
      1 570
      1 574
      1 576
      1 588
      1 593
      1 627
      1 631
      1 633
      1 643
      1 655
      1 673
      1 692
      1 697
      1 702
      1 703
      2 708
      1 719
      1 743
      1 749
      1 757
      1 762
      1 764
      1 798
      1 809
      1 835
      2 840
      1 891
      1 893
      1 894
      2 919
      1 952
      1 982
      1 992
      1 1003
      1 1007
      1 1014
      1 1023
      1 1045
      1 1075
      1 1095
      1 1151
      1 1193
      1 1209
      1 1243
      1 1283
      1 1303
      1 1367
      1 1372
      1 1377
      1 1388
      1 1406
      1 1493
      1 1494
      1 1543
      1 1574
      1 1671
      1 1682
      1 1709
      1 1711
      1 1717
      1 1725
      1 1762
      1 1811
      1 1880
      1 1881
      1 1924
      1 1944
      1 1973
      1 2034
      1 2035
      1 2044
      1 2054
      1 2073
      1 2084
      1 2099
      1 2101
      1 2109
      1 2114
      1 2129
      1 2149
      1 2167
      1 2190
      1 2192
      1 2213
      1 2240
      1 2257
      1 2263
      1 2268
      1 2350
      1 2367
      1 2511
      1 2522
      1 2537
      1 2543
      1 2560
      1 2587
      1 2643
      1 2651
      1 2682
      1 2704
      1 2721
      1 2770
      1 2858
      1 2862
      1 2880
      1 2895
      1 2924
      1 2931
      1 3044
      1 3112
      1 3120
      1 3186
      1 3198
      1 3236
      1 3242
      1 3273
      1 3353
      1 3358
      1 3374
      1 3440
      1 3451
      1 3460
      1 3513
      1 3538
      1 3740
      1 4318
      1 4324
      1 4332
      1 4354
      1 4358
      1 4359
      1 4523
      1 4587
      1 4813
      1 4962
      1 5031
      1 5058
      1 5065
      1 5143
      1 5209
      1 5264
      1 5302
      1 5336
      1 5368
      1 5376
      1 5503
      1 5619
      1 5633
      1 5654
      1 5669
      1 5689
      1 5706
      1 5738
      1 5766
      1 5780
      1 5819
      1 5895
      1 5954
      1 6084
      1 6191
      1 6301
      1 6375
      1 6445
      1 6575
      1 6646
      1 6688
      1 7020
      1 7225
      1 7444
      1 7464
      1 7501
      1 8287
      1 8497
      1 8564
      1 8593
      1 8687
      1 10235
      1 10352
      1 10629
      1 11190
      1 11800
      1 12396
      1 13646
      1 14782
      1 15102
      1 15809
      1 16458
      1 16614
      1 17171
      1 17593
      1 17808
      1 18550
      1 19711
      1 20218
