pgbench (18.6 (Debian 18.6-1.pgdg13+2))
starting vacuum...end.
transaction type: <builtin: select only>
scaling factor: 1000
query mode: simple
number of clients: 128
number of threads: 16
maximum number of tries: 1
duration: 480 s
number of transactions actually processed: 64484100
number of failed transactions: 0 (0.000%)
latency average = 0.422 ms
latency stddev = 0.188 ms
rate limit schedule lag: avg 0.047 (max 26.574) ms
initial connection time = 297.212 ms
tps = 134421.718420 (without initial connection time)
---AAD-PGBENCH-LATENCY-US---
rc=0
samples=1290995
      1 221
      1 226
      2 227
      2 228
      6 229
      7 230
     10 231
      1 232
      8 233
     16 234
     18 235
     24 236
     21 237
     33 238
     42 239
     48 240
     76 241
     97 242
     96 243
    116 244
    136 245
    158 246
    193 247
    206 248
    265 249
    273 250
    359 251
    378 252
    448 253
    481 254
    527 255
    587 256
    694 257
    704 258
    751 259
    901 260
    959 261
   1060 262
   1104 263
   1241 264
   1372 265
   1354 266
   1532 267
   1600 268
   1670 269
   1824 270
   1957 271
   2083 272
   2167 273
   2367 274
   2410 275
   2539 276
   2655 277
   2825 278
   2811 279
   2994 280
   3138 281
   3222 282
   3329 283
   3453 284
   3479 285
   3654 286
   3835 287
   3858 288
   4026 289
   4165 290
   4308 291
   4417 292
   4609 293
   4835 294
   4837 295
   4906 296
   5135 297
   5060 298
   5422 299
   5520 300
   5605 301
   5834 302
   5971 303
   6014 304
   6245 305
   6581 306
   6661 307
   6771 308
   7059 309
   6999 310
   7374 311
   7392 312
   7704 313
   7873 314
   7816 315
   8019 316
   8339 317
   8304 318
   8461 319
   8476 320
   8595 321
   8489 322
   8564 323
   8750 324
   8856 325
   8923 326
   9049 327
   8948 328
   9179 329
   9208 330
   9257 331
   9173 332
   9212 333
   9288 334
   9514 335
   9482 336
   9569 337
   9712 338
   9553 339
   9572 340
   9740 341
   9570 342
   9654 343
   9711 344
   9615 345
   9516 346
   9655 347
   9544 348
   9449 349
   9548 350
   9294 351
   9151 352
   9293 353
   9062 354
   9061 355
   8981 356
   8821 357
   8940 358
   8707 359
   8799 360
   8524 361
   8436 362
   8271 363
   8207 364
   8197 365
   8284 366
   8072 367
   8092 368
   7996 369
   7834 370
   7748 371
   7822 372
   7833 373
   7629 374
   7594 375
   7417 376
   7425 377
   7185 378
   7256 379
   7259 380
   7038 381
   7140 382
   6859 383
   6729 384
   6786 385
   6684 386
   6630 387
   6351 388
   6245 389
   6323 390
   6142 391
   5978 392
   6004 393
   5845 394
   5773 395
   5713 396
   5708 397
   5619 398
   5550 399
   5516 400
   5239 401
   5340 402
   5271 403
   5270 404
   5079 405
   5166 406
   5030 407
   4918 408
   5011 409
   4779 410
   4906 411
   4864 412
   4641 413
   4570 414
   4661 415
   4471 416
   4407 417
   4308 418
   4338 419
   4205 420
   4223 421
   4110 422
   3992 423
   3915 424
   3856 425
   3698 426
   3759 427
   3643 428
   3676 429
   3436 430
   3493 431
   3407 432
   3363 433
   3346 434
   3313 435
   3235 436
   3096 437
   3103 438
   3027 439
   3033 440
   2985 441
   2982 442
   2895 443
   2819 444
   2804 445
   2801 446
   2777 447
   2714 448
   2706 449
   2667 450
   2568 451
   2516 452
   2466 453
   2505 454
   2423 455
   2471 456
   2478 457
   2268 458
   2240 459
   2240 460
   2207 461
   2204 462
   2134 463
   2140 464
   2143 465
   2108 466
   2055 467
   2037 468
   2076 469
   2011 470
   1983 471
   1863 472
   1955 473
   1892 474
   1907 475
   1854 476
   1792 477
   1753 478
   1771 479
   1705 480
   1765 481
   1742 482
   1645 483
   1544 484
   1579 485
   1527 486
   1477 487
   1513 488
   1428 489
   1509 490
   1428 491
   1382 492
   1449 493
   1419 494
   1405 495
   1351 496
   1324 497
   1370 498
   1283 499
   1240 500
   1222 501
   1170 502
   1138 503
   1136 504
   1110 505
   1152 506
   1115 507
   1181 508
   1094 509
   1090 510
   1063 511
   1058 512
   1060 513
    989 514
    963 515
    957 516
    942 517
    966 518
    940 519
    945 520
    894 521
    884 522
    918 523
    882 524
    877 525
    873 526
    757 527
    818 528
    830 529
    793 530
    785 531
    782 532
    716 533
    786 534
    737 535
    692 536
    733 537
    707 538
    704 539
    668 540
    678 541
    676 542
    685 543
    579 544
    649 545
    633 546
    600 547
    652 548
    587 549
    593 550
    571 551
    549 552
    564 553
    542 554
    513 555
    528 556
    509 557
    545 558
    511 559
    508 560
    482 561
    461 562
    511 563
    453 564
    456 565
    432 566
    389 567
    434 568
    447 569
    403 570
    362 571
    376 572
    412 573
    374 574
    347 575
    340 576
    348 577
    342 578
    366 579
    292 580
    318 581
    326 582
    318 583
    347 584
    344 585
    290 586
    313 587
    289 588
    284 589
    297 590
    273 591
    275 592
    245 593
    236 594
    240 595
    250 596
    255 597
    245 598
    229 599
    233 600
    213 601
    238 602
    210 603
    242 604
    228 605
    181 606
    234 607
    195 608
    183 609
    206 610
    188 611
    197 612
    184 613
    186 614
    202 615
    189 616
    181 617
    151 618
    177 619
    157 620
    152 621
    186 622
    157 623
    144 624
    164 625
    144 626
    155 627
    157 628
    122 629
    142 630
    126 631
    150 632
    144 633
    146 634
    126 635
    132 636
    115 637
    134 638
    133 639
    125 640
    102 641
    103 642
    112 643
    106 644
    108 645
    119 646
    111 647
     93 648
    114 649
     85 650
    101 651
    106 652
     88 653
     84 654
     99 655
    107 656
     71 657
     90 658
     80 659
     63 660
     74 661
     84 662
     72 663
     64 664
     76 665
     67 666
     67 667
     67 668
     61 669
     78 670
     75 671
     73 672
     75 673
     59 674
     76 675
     61 676
     61 677
     60 678
     53 679
     54 680
     54 681
     50 682
     48 683
     57 684
     49 685
     62 686
     72 687
     53 688
     59 689
     53 690
     53 691
     45 692
     41 693
     53 694
     58 695
     35 696
     49 697
     59 698
     35 699
     50 700
     35 701
     39 702
     51 703
     39 704
     35 705
     45 706
     38 707
     39 708
     34 709
     27 710
     31 711
     31 712
     29 713
     29 714
     41 715
     24 716
     33 717
     18 718
     32 719
     24 720
     29 721
     20 722
     24 723
     41 724
     26 725
     33 726
     20 727
     19 728
     34 729
     18 730
     28 731
     19 732
     25 733
     26 734
     27 735
     20 736
     15 737
     29 738
     21 739
     25 740
     27 741
     25 742
     28 743
     31 744
     19 745
     20 746
     18 747
     16 748
     26 749
     29 750
     17 751
     14 752
     20 753
     19 754
     18 755
     15 756
     11 757
     24 758
     17 759
     22 760
     14 761
     13 762
     12 763
     20 764
     13 765
     15 766
     16 767
     18 768
     18 769
     20 770
     13 771
     10 772
     13 773
     14 774
     16 775
     16 776
      9 777
     13 778
     13 779
     13 780
     14 781
     12 782
     11 783
     16 784
      8 785
     12 786
     16 787
      9 788
     10 789
     11 790
     14 791
      7 792
     12 793
      9 794
     11 795
      8 796
     14 797
      7 798
     12 799
     12 800
     10 801
     10 802
      9 803
     11 804
      7 805
     14 806
     10 807
     11 808
     10 809
     11 810
      7 811
     12 812
     12 813
     11 814
      9 815
      7 816
      6 817
     10 818
      2 819
      7 820
     10 821
     10 822
      7 823
      6 824
     13 825
     12 826
      7 827
      5 828
     12 829
      3 830
      6 831
      9 832
      6 833
      7 834
      7 835
      4 836
      6 837
      6 838
      8 839
      7 840
     11 841
      6 842
      7 843
      6 844
      7 845
      3 846
      4 847
      7 848
      7 849
      4 850
      7 851
      7 852
      6 853
     10 854
      4 855
     10 856
      4 857
      5 858
      4 859
      5 860
      3 861
      5 862
      4 863
      5 864
      4 865
      5 866
      4 867
      7 868
      5 869
      5 870
      1 871
      3 872
      3 873
      3 874
      6 875
      6 876
      2 877
      1 878
      2 879
      4 880
      2 881
      6 882
      5 883
      4 884
      4 885
      3 886
      2 887
      3 888
      3 889
      2 891
      3 892
      2 893
      5 894
      7 895
      1 896
      4 897
      5 898
      2 899
      5 900
      2 901
      4 902
      3 903
      4 904
      3 905
      5 906
      3 907
      5 908
      3 909
      3 910
      3 911
      2 913
      4 914
      3 915
      5 916
      2 917
      2 918
      1 919
      1 920
      1 921
      8 923
      2 924
      3 925
      4 926
      3 927
      2 928
      2 929
      4 930
      2 931
      4 932
      4 933
      3 934
      3 935
      4 936
      2 937
      1 938
      4 939
      6 940
      2 941
      4 942
      2 943
      1 944
      5 945
      1 946
      1 947
      4 948
      3 949
      1 951
      1 952
      3 953
      3 954
      1 955
      3 956
      2 957
      2 958
      2 959
      2 960
      1 961
      3 962
      4 963
      1 965
      4 966
      1 967
      2 968
      5 969
      1 970
      2 971
      1 972
      1 973
      2 974
      2 975
      2 977
      2 978
      3 979
      2 980
      2 981
      1 982
      1 983
      1 984
      3 986
      2 987
      1 988
      3 989
      5 990
      3 991
      1 992
      2 995
      2 997
      1 998
      3 999
      3 1001
      1 1002
      2 1003
      1 1005
      1 1006
      1 1007
      1 1009
      4 1010
      3 1012
      1 1013
      4 1016
      1 1019
      2 1020
      1 1021
      4 1023
      1 1024
      1 1025
      2 1026
      2 1027
      1 1028
      3 1029
      3 1030
      4 1031
      3 1032
      1 1033
      2 1034
      1 1035
      1 1036
      1 1039
      1 1040
      1 1043
      1 1045
      2 1046
      2 1047
      1 1048
      1 1049
      2 1053
      3 1054
      2 1055
      1 1057
      2 1060
      2 1061
      1 1062
      4 1063
      1 1065
      4 1068
      1 1071
      1 1072
      1 1073
      2 1076
      1 1078
      1 1079
      2 1080
      2 1081
      2 1085
      1 1086
      2 1087
      2 1088
      1 1090
      2 1093
      1 1095
      3 1096
      1 1097
      4 1098
      1 1099
      2 1100
      2 1101
      2 1102
      1 1103
      4 1104
      1 1106
      1 1108
      2 1110
      2 1111
      1 1112
      3 1113
      3 1114
      1 1115
      3 1116
      1 1119
      4 1120
      1 1122
      2 1123
      2 1124
      1 1126
      1 1127
      3 1128
      1 1130
      1 1132
      1 1134
      1 1137
      1 1138
      2 1144
      1 1145
      2 1146
      2 1147
      3 1148
      1 1149
      1 1150
      1 1151
      1 1152
      2 1154
      1 1155
      2 1156
      1 1158
      1 1159
      1 1162
      1 1165
      1 1166
      1 1168
      1 1170
      1 1171
      1 1172
      1 1173
      1 1178
      1 1180
      1 1183
      3 1190
      1 1191
      1 1195
      2 1196
      1 1199
      1 1203
      1 1205
      1 1206
      1 1208
      2 1210
      1 1214
      3 1216
      1 1220
      1 1221
      1 1224
      2 1226
      1 1227
      1 1230
      1 1232
      1 1236
      1 1239
      1 1243
      2 1253
      2 1254
      2 1256
      1 1259
      1 1263
      1 1264
      1 1265
      1 1271
      2 1275
      1 1278
      1 1279
      1 1280
      1 1287
      1 1289
      1 1293
      1 1294
      2 1295
      1 1307
      1 1308
      1 1312
      1 1313
      2 1324
      1 1328
      1 1342
      1 1344
      1 1345
      1 1347
      1 1354
      1 1357
      1 1365
      1 1370
      2 1375
      1 1376
      2 1379
      2 1388
      2 1390
      2 1392
      1 1396
      1 1397
      1 1402
      1 1403
      1 1404
      1 1406
      1 1409
      2 1414
      1 1420
      1 1421
      1 1423
      1 1431
      1 1436
      1 1453
      1 1464
      1 1465
      1 1466
      1 1470
      1 1473
      1 1477
      1 1478
      1 1491
      1 1496
      2 1539
      1 1547
      1 1563
      1 1568
      1 1608
      1 1632
      1 1643
      2 1645
      1 1684
      1 1703
      1 1707
      1 1725
      1 1731
      1 1735
      1 1747
      1 1755
      1 1763
      1 1785
      1 1793
      1 1807
      1 1833
      1 1893
      1 2007
      1 2008
      1 2038
      1 2065
      1 2082
      1 2089
      1 2121
      1 2126
      1 2157
      1 2187
      1 2213
      1 2261
      1 2287
      1 2426
      1 2583
      1 2640
      1 2723
      1 2865
      1 2876
      1 2901
      1 3279
      1 3309
      1 3424
      1 3582
      1 3602
      1 3681
      1 4421
      1 4826
      1 5025
      1 6413
      1 6447
      1 6479
      1 7618
      1 8109
      1 8688
      1 11170
      1 23541
      1 25701
      1 25720
---AAD-PGBENCH-LAG-US---
  22550 0
  19539 1
  17488 2
  16566 3
  15813 4
  15223 5
  14490 6
  13726 7
  13413 8
  13137 9
  12879 10
  12676 11
  12289 12
  12147 13
  12180 14
  12101 15
  12081 16
  11970 17
  11871 18
  11789 19
  12082 20
  11773 21
  11457 22
  11774 23
  11394 24
  11649 25
  11580 26
  11578 27
  11567 28
  11547 29
  11336 30
  11399 31
  11478 32
  11426 33
  11100 34
  11068 35
  10977 36
  10950 37
  10804 38
  10605 39
  10509 40
  10313 41
  10398 42
  10221 43
   9974 44
  10146 45
  10012 46
  10051 47
   9808 48
   9702 49
   9225 50
   9042 51
   8304 52
   7732 53
   7749 54
  19165 55
  34085 56
  18364 57
  14363 58
  13406 59
  12863 60
  16395 61
  33524 62
  54253 63
  87077 64
  65261 65
  29294 66
  21250 67
  21672 68
  22891 69
  26205 70
  23226 71
  22189 72
  17919 73
  11399 74
   8942 75
   7595 76
   6717 77
   6376 78
   5902 79
   4668 80
   3532 81
   3016 82
   2494 83
   1946 84
   1625 85
   1353 86
   1216 87
    979 88
    854 89
    736 90
    598 91
    545 92
    452 93
    429 94
    398 95
    312 96
    277 97
    279 98
    258 99
    210 100
    221 101
    206 102
    180 103
    175 104
    158 105
    177 106
    154 107
    152 108
    148 109
    146 110
    135 111
    128 112
    137 113
    124 114
    138 115
    120 116
    121 117
    123 118
    133 119
    124 120
    126 121
    130 122
     79 123
    123 124
    118 125
    110 126
    113 127
    103 128
     95 129
     97 130
    114 131
     90 132
    101 133
    117 134
    102 135
     66 136
     82 137
     75 138
     80 139
     95 140
     80 141
     83 142
     94 143
     78 144
     79 145
     77 146
     72 147
     74 148
     71 149
     69 150
     74 151
     71 152
     56 153
     64 154
     58 155
     67 156
     58 157
     55 158
     51 159
     65 160
     62 161
     61 162
     79 163
     62 164
     56 165
     66 166
     67 167
     53 168
     51 169
     58 170
     43 171
     48 172
     60 173
     49 174
     45 175
     46 176
     50 177
     53 178
     45 179
     48 180
     36 181
     41 182
     49 183
     41 184
     43 185
     53 186
     42 187
     25 188
     41 189
     39 190
     29 191
     33 192
     35 193
     27 194
     34 195
     34 196
     25 197
     35 198
     38 199
     36 200
     28 201
     28 202
     25 203
     24 204
     29 205
     27 206
     31 207
     23 208
     22 209
     21 210
     20 211
     24 212
     21 213
     16 214
     23 215
     23 216
     23 217
     22 218
     17 219
     22 220
     24 221
      9 222
     22 223
     13 224
     11 225
     16 226
     14 227
     14 228
     15 229
     15 230
     11 231
     17 232
     13 233
      9 234
     18 235
      8 236
     10 237
     14 238
     16 239
     10 240
     13 241
     13 242
      9 243
      5 244
     10 245
     16 246
     12 247
     13 248
      9 249
     18 250
      8 251
     16 252
      5 253
      6 254
      8 255
      8 256
      9 257
     12 258
     10 259
      5 260
      9 261
     12 262
      5 263
      7 264
      6 265
      4 266
      6 267
      6 268
      7 269
      6 270
     11 271
      5 272
      2 273
      4 274
      3 275
      7 276
      4 277
      6 278
      3 279
      3 280
      6 281
      3 282
      6 283
      4 284
      3 285
      5 286
      2 287
      6 288
      5 289
      3 290
      2 291
      5 292
      3 293
      3 294
      5 295
      2 296
      2 297
      2 298
      5 299
      8 300
      3 301
      2 302
      6 303
      2 304
      4 305
      3 306
      2 307
      1 308
      1 309
      4 310
      1 311
      5 313
      4 314
      2 315
      3 316
      2 317
      2 319
      1 320
      1 321
      1 322
      4 324
      1 325
      2 326
      1 328
      2 330
      1 331
      1 332
      1 333
      5 334
      1 336
      1 337
      1 338
      1 339
      2 342
      1 344
      1 346
      3 347
      1 348
      1 349
      2 351
      1 353
      2 354
      1 356
      1 358
      2 360
      1 362
      2 363
      2 365
      2 369
      2 370
      1 371
      2 372
      1 375
      3 378
      1 385
      2 387
      1 390
      2 393
      1 395
      1 397
      2 399
      1 403
      1 408
      2 416
      1 417
      1 424
      1 429
      1 431
      1 437
      1 444
      1 454
      2 460
      1 471
      1 479
      1 484
      1 490
      1 493
      1 495
      1 498
      1 500
      1 502
      2 503
      1 511
      1 513
      1 517
      1 518
      1 538
      1 541
      1 549
      1 552
      1 557
      1 566
      1 573
      1 578
      1 617
      1 618
      1 619
      1 620
      1 622
      1 626
      1 653
      1 655
      1 663
      1 671
      1 681
      1 716
      1 722
      1 727
      1 732
      1 758
      1 812
      1 838
      1 872
      1 888
      1 911
      1 925
      1 944
      1 1003
      1 1011
      1 1012
      1 1019
      1 1090
      1 1113
      1 1242
      1 1407
      1 1418
      1 1512
      1 1536
      1 1586
      1 1616
      1 1630
      1 1632
      1 1730
      1 1744
      1 1800
      1 1837
      1 1868
      1 1893
      1 1902
      1 1919
      1 1920
      1 1953
      1 1960
      1 1994
      1 2007
      1 2134
      1 2194
      1 2203
      1 2289
      1 2300
      1 2332
      1 2381
      1 2407
      1 2423
      1 2502
      2 2572
      1 2583
      1 2645
      1 2674
      2 2676
      1 2721
      1 2851
      1 2911
      1 2919
      1 2959
      1 2986
      1 2996
      1 3062
      1 3076
      1 3111
      1 3297
      1 3404
      1 3438
      1 3550
      1 3591
      1 3593
      1 3642
      1 3650
      1 3849
      1 3950
      1 3957
      1 3997
      1 4066
      1 4072
      1 4102
      1 4131
      1 4167
      1 4170
      1 4219
      1 4352
      1 4391
      1 4416
      1 4490
      1 4493
      1 4519
      1 4534
      1 4553
      1 4563
      1 4571
      1 4591
      1 4600
      1 4645
      1 4676
      1 4681
      1 4695
      1 4791
      1 4806
      1 4824
      1 4880
      1 4884
      1 4906
      1 4929
      1 4945
      1 5035
      1 5118
      1 5128
      1 5146
      1 5166
      1 5292
      1 5296
      1 5298
      1 5407
      1 5458
      1 5580
      1 5602
      1 5993
      1 6039
      1 6260
      1 6446
      1 6645
      1 6748
      1 6753
      1 6762
      1 6825
      1 6897
      1 6991
      1 7261
      1 7345
      1 7514
      1 7793
      1 7836
      1 7838
      1 7987
      1 8034
      1 8162
      1 8240
      1 8300
      1 8410
      1 8476
      1 8542
      1 8643
      1 8677
      1 8850
      1 8875
      1 8883
      1 9059
      1 9336
      1 9879
      1 10046
      1 10089
      1 10097
      1 10166
      1 10637
      1 10814
      1 10988
      1 11017
      1 11512
      1 11672
      1 11674
      1 11681
      1 11807
      1 12036
      1 12056
      1 12200
      1 12251
      1 12487
      1 12614
      1 12755
      1 12846
      1 12908
      1 12912
      1 13178
      1 13194
      1 13245
      1 13282
      1 13509
      1 13528
      1 13705
      1 13721
      1 13741
      1 14015
      1 14215
      1 14646
      1 14653
      1 15665
      1 15690
      1 15754
      1 15940
      1 16339
      1 16569
      1 16833
      1 16953
      1 16971
      1 16983
      1 17231
      1 17232
      1 17515
      1 17720
      1 17770
      1 17771
      1 17917
      1 18148
      1 18526
      1 18592
      1 18688
      1 19013
      1 19107
      1 19536
      1 19630
      1 19956
      1 19963
      1 20140
      1 20260
      1 20284
      1 20311
      1 20654
      1 20666
      1 20770
      1 20831
      1 20861
      1 20974
      1 20984
      1 20986
      1 21024
      1 21039
      1 21173
      1 21231
      1 21316
      1 21346
      1 21423
      1 21515
      1 21657
      1 21780
      1 21866
      1 21969
      1 22052
      2 22077
      1 22237
      1 22278
      1 22299
      1 22315
      1 22437
      1 22513
      1 22556
      1 22583
      1 22661
      1 22726
      1 22733
      1 22744
      1 22920
      1 23148
      1 24161
      1 24180
      1 24480
      1 24945
      1 25289
      1 25943
