pgbench (18.6 (Debian 18.6-1.pgdg13+2))
starting vacuum...end.
transaction type: <builtin: select only>
scaling factor: 1000
query mode: simple
number of clients: 256
number of threads: 16
maximum number of tries: 1
duration: 480 s
number of transactions actually processed: 65131732
number of failed transactions: 0 (0.000%)
latency average = 0.505 ms
latency stddev = 0.156 ms
rate limit schedule lag: avg 0.045 (max 24.311) ms
initial connection time = 332.243 ms
tps = 135775.218535 (without initial connection time)
---AAD-PGBENCH-LATENCY-US---
rc=0
samples=1302809
      1 255
      1 256
      3 257
      2 258
      3 260
      1 261
      5 262
      5 263
     13 264
      5 265
     13 266
     16 267
     25 268
     35 269
     28 270
     41 271
     40 272
     63 273
     92 274
     82 275
     73 276
    114 277
    113 278
    130 279
    146 280
    173 281
    194 282
    214 283
    258 284
    257 285
    286 286
    317 287
    324 288
    349 289
    384 290
    485 291
    512 292
    507 293
    594 294
    609 295
    667 296
    657 297
    778 298
    803 299
    882 300
    905 301
    971 302
    959 303
   1116 304
   1098 305
   1225 306
   1255 307
   1322 308
   1422 309
   1466 310
   1468 311
   1563 312
   1746 313
   1743 314
   1765 315
   1900 316
   1958 317
   2035 318
   2150 319
   2104 320
   2300 321
   2357 322
   2402 323
   2453 324
   2612 325
   2553 326
   2706 327
   2857 328
   2955 329
   3046 330
   3139 331
   3189 332
   3273 333
   3306 334
   3580 335
   3623 336
   3697 337
   3851 338
   4003 339
   4034 340
   4192 341
   4343 342
   4346 343
   4532 344
   4567 345
   4623 346
   4800 347
   4788 348
   4922 349
   4947 350
   5037 351
   5023 352
   5130 353
   5198 354
   5319 355
   5367 356
   5377 357
   5416 358
   5552 359
   5510 360
   5565 361
   5535 362
   5641 363
   5608 364
   5710 365
   5891 366
   6000 367
   5935 368
   5970 369
   6056 370
   6031 371
   5999 372
   6246 373
   6293 374
   6230 375
   6162 376
   6184 377
   6297 378
   6356 379
   6228 380
   6417 381
   6069 382
   6367 383
   6323 384
   6444 385
   6291 386
   6310 387
   6392 388
   6228 389
   6328 390
   6184 391
   6304 392
   6242 393
   6299 394
   6235 395
   6222 396
   6242 397
   6311 398
   6225 399
   6369 400
   6129 401
   6222 402
   6195 403
   6246 404
   6178 405
   6312 406
   6149 407
   6042 408
   6052 409
   6071 410
   6084 411
   6128 412
   5991 413
   6049 414
   6033 415
   6099 416
   6060 417
   5856 418
   5837 419
   5948 420
   5730 421
   5729 422
   5712 423
   5548 424
   5744 425
   5595 426
   5515 427
   5436 428
   5313 429
   5363 430
   5515 431
   5536 432
   5339 433
   5166 434
   5254 435
   5203 436
   5163 437
   5170 438
   5220 439
   5102 440
   5151 441
   5102 442
   5095 443
   4987 444
   5004 445
   5051 446
   4898 447
   4936 448
   4884 449
   4938 450
   4749 451
   4791 452
   4894 453
   4796 454
   4680 455
   4637 456
   4736 457
   4776 458
   4637 459
   4643 460
   4525 461
   4540 462
   4456 463
   4536 464
   4401 465
   4348 466
   4475 467
   4276 468
   4315 469
   4205 470
   4316 471
   4128 472
   4078 473
   4118 474
   3998 475
   4171 476
   4066 477
   4258 478
   4088 479
   3921 480
   3931 481
   4089 482
   4018 483
   3938 484
   3852 485
   3702 486
   3915 487
   3880 488
   3782 489
   3700 490
   3654 491
   3672 492
   3618 493
   3600 494
   3545 495
   3659 496
   3593 497
   3469 498
   3481 499
   3273 500
   3373 501
   3320 502
   3395 503
   3189 504
   3230 505
   3275 506
   3268 507
   3147 508
   3167 509
   3118 510
   3112 511
   3103 512
   3138 513
   3075 514
   2986 515
   2926 516
   2993 517
   2910 518
   2927 519
   3008 520
   2854 521
   2870 522
   2839 523
   2876 524
   2873 525
   2794 526
   2810 527
   2665 528
   2627 529
   2672 530
   2646 531
   2613 532
   2617 533
   2600 534
   2635 535
   2619 536
   2545 537
   2570 538
   2530 539
   2464 540
   2420 541
   2450 542
   2479 543
   2411 544
   2374 545
   2313 546
   2350 547
   2304 548
   2330 549
   2310 550
   2351 551
   2276 552
   2216 553
   2201 554
   2194 555
   2117 556
   2125 557
   2128 558
   2087 559
   2071 560
   2059 561
   1989 562
   1995 563
   2040 564
   2059 565
   1962 566
   2008 567
   1868 568
   1937 569
   1910 570
   1913 571
   1924 572
   1852 573
   1812 574
   1788 575
   1770 576
   1746 577
   1786 578
   1748 579
   1747 580
   1698 581
   1765 582
   1642 583
   1609 584
   1675 585
   1691 586
   1648 587
   1605 588
   1628 589
   1593 590
   1572 591
   1448 592
   1595 593
   1507 594
   1464 595
   1491 596
   1476 597
   1467 598
   1462 599
   1412 600
   1447 601
   1433 602
   1413 603
   1329 604
   1418 605
   1354 606
   1334 607
   1367 608
   1282 609
   1273 610
   1258 611
   1247 612
   1266 613
   1195 614
   1208 615
   1269 616
   1276 617
   1195 618
   1184 619
   1212 620
   1211 621
   1150 622
   1145 623
   1189 624
   1133 625
   1084 626
   1060 627
   1061 628
   1084 629
   1083 630
   1111 631
   1038 632
   1020 633
   1071 634
   1006 635
    955 636
    974 637
    973 638
    942 639
    933 640
    912 641
    886 642
    953 643
    931 644
    876 645
    919 646
    922 647
    832 648
    903 649
    824 650
    858 651
    874 652
    832 653
    835 654
    859 655
    846 656
    769 657
    764 658
    844 659
    834 660
    739 661
    736 662
    727 663
    723 664
    752 665
    735 666
    738 667
    705 668
    754 669
    656 670
    719 671
    663 672
    701 673
    676 674
    616 675
    686 676
    649 677
    651 678
    639 679
    656 680
    653 681
    652 682
    564 683
    602 684
    601 685
    554 686
    570 687
    600 688
    578 689
    559 690
    571 691
    565 692
    585 693
    563 694
    559 695
    521 696
    489 697
    552 698
    535 699
    540 700
    529 701
    489 702
    521 703
    503 704
    488 705
    500 706
    492 707
    472 708
    459 709
    464 710
    448 711
    441 712
    437 713
    424 714
    441 715
    447 716
    405 717
    436 718
    455 719
    429 720
    428 721
    377 722
    403 723
    387 724
    416 725
    396 726
    396 727
    377 728
    367 729
    362 730
    353 731
    336 732
    374 733
    361 734
    336 735
    334 736
    356 737
    334 738
    364 739
    369 740
    337 741
    303 742
    313 743
    316 744
    282 745
    279 746
    312 747
    278 748
    334 749
    321 750
    302 751
    277 752
    299 753
    300 754
    291 755
    267 756
    276 757
    272 758
    295 759
    284 760
    244 761
    264 762
    233 763
    215 764
    258 765
    251 766
    257 767
    226 768
    237 769
    254 770
    233 771
    266 772
    232 773
    235 774
    199 775
    196 776
    228 777
    209 778
    209 779
    230 780
    234 781
    228 782
    191 783
    197 784
    199 785
    180 786
    187 787
    190 788
    179 789
    198 790
    196 791
    212 792
    172 793
    195 794
    153 795
    173 796
    196 797
    176 798
    172 799
    173 800
    169 801
    177 802
    158 803
    178 804
    152 805
    173 806
    163 807
    167 808
    151 809
    152 810
    136 811
    159 812
    158 813
    137 814
    142 815
    137 816
    134 817
    152 818
    147 819
    141 820
    127 821
    136 822
    144 823
    138 824
    146 825
    128 826
    139 827
    131 828
    114 829
    120 830
    119 831
    130 832
    109 833
    116 834
    110 835
    121 836
    131 837
    106 838
    101 839
    127 840
    101 841
     85 842
     82 843
    113 844
     89 845
    103 846
    102 847
    108 848
    121 849
    114 850
     93 851
     84 852
    101 853
     89 854
     91 855
     96 856
    104 857
     82 858
     78 859
     88 860
     95 861
     92 862
     65 863
     86 864
    103 865
     77 866
     76 867
     80 868
    104 869
     83 870
     69 871
     65 872
     78 873
     89 874
     93 875
     77 876
     73 877
     82 878
     68 879
     63 880
     75 881
     65 882
     75 883
     72 884
     69 885
     65 886
     65 887
     52 888
     70 889
     66 890
     74 891
     77 892
     57 893
     73 894
     70 895
     67 896
     54 897
     52 898
     58 899
     64 900
     58 901
     59 902
     66 903
     57 904
     48 905
     52 906
     41 907
     48 908
     41 909
     55 910
     41 911
     45 912
     48 913
     48 914
     35 915
     47 916
     39 917
     47 918
     40 919
     41 920
     45 921
     36 922
     54 923
     39 924
     39 925
     41 926
     36 927
     45 928
     33 929
     40 930
     36 931
     48 932
     36 933
     34 934
     37 935
     31 936
     40 937
     48 938
     31 939
     32 940
     42 941
     33 942
     33 943
     39 944
     32 945
     32 946
     30 947
     30 948
     28 949
     33 950
     43 951
     42 952
     32 953
     36 954
     34 955
     34 956
     33 957
     42 958
     35 959
     26 960
     38 961
     24 962
     37 963
     27 964
     47 965
     44 966
     34 967
     20 968
     30 969
     30 970
     38 971
     23 972
     31 973
     31 974
     28 975
     33 976
     17 977
     18 978
     30 979
     35 980
     20 981
     32 982
     22 983
     24 984
     21 985
     25 986
     20 987
     24 988
     19 989
     27 990
     26 991
     21 992
     27 993
     26 994
     20 995
     23 996
     23 997
     14 998
     14 999
     11 1000
     15 1001
     16 1002
     19 1003
     20 1004
     20 1005
     22 1006
      8 1007
     20 1008
     21 1009
     17 1010
     14 1011
     13 1012
     12 1013
     22 1014
     19 1015
     17 1016
     27 1017
     22 1018
     15 1019
     15 1020
     15 1021
     13 1022
     15 1023
     15 1024
     13 1025
     15 1026
     12 1027
      9 1028
     21 1029
     26 1030
     12 1031
     17 1032
     10 1033
     17 1034
     16 1035
     10 1036
     10 1037
     11 1038
     16 1039
     13 1040
     15 1041
     10 1042
     10 1043
     14 1044
     17 1045
     10 1046
     11 1047
     13 1048
     16 1049
     10 1050
     15 1051
      6 1052
     10 1053
     11 1054
      9 1055
     13 1056
      5 1057
     11 1058
     23 1059
      7 1060
     11 1061
      9 1062
     12 1063
     10 1064
      9 1065
     11 1066
     11 1067
     10 1068
     15 1069
      9 1070
     10 1071
     12 1072
     15 1073
      7 1074
     18 1075
     10 1076
     10 1077
     10 1078
      9 1079
     11 1080
     14 1081
     11 1082
      9 1083
      3 1084
     14 1085
      7 1086
      8 1087
      4 1088
      9 1089
     12 1090
     19 1091
      6 1092
     10 1093
      8 1094
     12 1095
     11 1096
      7 1097
     10 1098
      5 1099
      5 1100
      8 1101
      8 1102
     11 1103
      7 1104
      3 1105
      7 1106
     14 1107
      4 1108
      9 1109
      7 1110
      8 1111
      8 1112
      7 1113
      3 1114
      5 1115
      7 1116
      5 1117
      9 1118
      6 1119
     10 1120
      1 1121
      8 1122
      6 1123
      6 1124
      6 1125
      4 1126
      8 1127
      6 1128
      3 1129
      2 1130
      6 1131
      2 1132
      3 1133
      5 1134
      7 1135
      4 1136
      3 1137
      5 1138
      9 1139
      9 1140
      9 1141
      7 1142
      7 1143
      5 1144
      5 1145
      7 1146
      3 1147
     10 1148
      1 1149
      2 1150
      9 1151
      2 1152
      5 1153
      7 1154
      7 1155
      2 1156
      2 1157
      6 1158
      4 1159
      7 1160
      6 1161
      3 1162
      6 1163
      4 1164
      4 1165
      5 1166
      4 1167
      5 1168
      2 1169
      5 1170
      4 1171
      6 1172
      3 1174
      1 1175
     10 1176
      8 1177
      2 1178
      8 1179
      4 1180
      1 1181
      3 1182
      7 1183
      6 1184
      3 1185
      6 1187
      4 1188
      4 1189
      3 1190
      2 1192
      1 1193
      4 1194
      3 1195
      4 1196
      1 1197
      8 1198
      3 1199
      2 1200
      3 1201
      2 1202
      5 1203
      4 1204
      1 1205
      4 1206
      4 1207
      4 1208
      1 1209
      2 1210
      1 1211
      6 1213
      1 1214
      2 1215
      4 1217
      2 1218
     10 1219
      3 1220
      1 1221
      6 1222
      1 1223
      5 1224
      3 1225
      1 1226
      4 1227
      3 1228
      2 1229
      3 1230
      1 1231
      2 1232
      4 1233
      3 1234
      3 1235
      3 1236
      5 1237
      1 1238
      3 1239
      4 1240
      4 1241
      1 1242
      2 1243
      3 1244
      1 1245
      3 1246
      2 1247
      1 1249
      4 1250
      4 1251
      2 1252
      3 1253
      2 1254
      4 1255
      3 1257
      1 1259
      3 1260
      4 1263
      4 1264
      2 1265
      2 1266
      2 1267
      2 1268
      3 1269
      2 1271
      5 1272
      3 1274
      1 1275
      2 1276
      1 1277
      2 1278
      1 1279
      2 1280
      3 1281
      2 1283
      1 1284
      3 1286
      2 1288
      3 1289
      1 1290
      4 1291
      3 1292
      1 1293
      1 1294
      2 1295
      1 1296
      2 1297
      2 1298
      3 1299
      2 1300
      2 1302
      2 1303
      2 1304
      1 1305
      1 1306
      2 1307
      1 1308
      1 1309
      1 1310
      1 1311
      1 1312
      1 1313
      2 1314
      1 1315
      1 1316
      2 1317
      2 1318
      1 1319
      2 1320
      2 1321
      1 1322
      1 1323
      2 1324
      2 1325
      1 1326
      1 1328
      1 1329
      1 1331
      3 1333
      2 1335
      1 1336
      1 1337
      3 1338
      4 1339
      1 1340
      1 1341
      2 1342
      2 1344
      3 1345
      1 1346
      2 1348
      2 1349
      2 1350
      2 1351
      2 1352
      1 1353
      3 1355
      2 1356
      2 1360
      2 1361
      1 1363
      2 1364
      2 1366
      1 1367
      1 1368
      1 1370
      5 1372
      2 1373
      1 1374
      1 1375
      2 1376
      1 1377
      4 1379
      1 1380
      2 1381
      1 1383
      1 1386
      1 1387
      1 1388
      1 1391
      1 1392
      1 1394
      2 1396
      1 1397
      2 1398
      2 1400
      2 1402
      3 1403
      2 1406
      1 1407
      1 1409
      2 1410
      2 1411
      1 1412
      2 1414
      2 1415
      1 1417
      1 1418
      1 1421
      1 1422
      1 1423
      3 1425
      1 1428
      1 1429
      1 1431
      3 1432
      1 1433
      2 1434
      2 1437
      1 1441
      1 1444
      1 1445
      1 1446
      3 1450
      1 1452
      2 1453
      1 1454
      1 1455
      1 1460
      1 1461
      1 1463
      1 1466
      1 1467
      1 1471
      2 1472
      1 1473
      2 1477
      1 1478
      2 1479
      1 1481
      1 1482
      1 1484
      1 1485
      1 1488
      2 1489
      1 1491
      1 1492
      2 1493
      1 1495
      2 1496
      1 1499
      1 1500
      1 1503
      1 1504
      1 1505
      2 1506
      1 1507
      1 1509
      1 1510
      2 1511
      1 1512
      1 1513
      1 1514
      2 1515
      1 1516
      2 1523
      1 1525
      1 1528
      1 1531
      2 1534
      1 1535
      1 1537
      1 1538
      1 1539
      1 1540
      2 1544
      1 1546
      1 1549
      1 1552
      1 1557
      1 1560
      3 1562
      1 1568
      2 1570
      1 1571
      1 1575
      1 1577
      1 1579
      1 1580
      1 1581
      1 1583
      4 1584
      1 1585
      1 1591
      1 1592
      2 1594
      2 1595
      1 1598
      1 1599
      2 1600
      1 1601
      1 1605
      1 1606
      1 1607
      1 1608
      1 1609
      1 1610
      1 1611
      1 1613
      1 1615
      2 1619
      1 1621
      1 1622
      1 1623
      1 1625
      4 1627
      1 1628
      2 1632
      1 1633
      2 1635
      1 1637
      1 1638
      1 1640
      1 1644
      1 1652
      1 1653
      1 1654
      1 1655
      1 1656
      1 1662
      1 1668
      1 1672
      2 1676
      2 1681
      1 1682
      1 1688
      2 1689
      2 1698
      1 1699
      1 1701
      1 1702
      1 1704
      1 1706
      1 1707
      1 1710
      1 1713
      1 1716
      1 1718
      1 1719
      1 1723
      2 1725
      1 1731
      1 1735
      1 1736
      1 1741
      1 1742
      1 1749
      1 1752
      1 1753
      1 1756
      1 1758
      1 1759
      1 1763
      1 1764
      1 1771
      1 1775
      2 1779
      1 1786
      1 1787
      1 1792
      1 1812
      1 1816
      1 1818
      1 1819
      1 1823
      1 1826
      1 1827
      2 1828
      1 1829
      1 1833
      1 1845
      1 1852
      1 1853
      1 1856
      1 1860
      1 1862
      1 1863
      1 1866
      1 1867
      1 1868
      1 1876
      1 1878
      2 1879
      1 1882
      1 1884
      2 1898
      1 1901
      1 1907
      1 1920
      2 1923
      1 1925
      1 1927
      1 1928
      1 1933
      1 1935
      1 1946
      1 1952
      2 1957
      1 1960
      2 1966
      1 1974
      1 1986
      1 1991
      1 1996
      2 1999
      1 2005
      1 2010
      1 2011
      1 2020
      1 2024
      1 2025
      1 2043
      1 2044
      1 2046
      2 2047
      1 2053
      1 2062
      1 2072
      1 2073
      1 2074
      1 2080
      1 2092
      2 2097
      1 2099
      2 2103
      1 2105
      1 2108
      1 2117
      1 2125
      1 2127
      1 2130
      1 2132
      1 2135
      1 2136
      1 2140
      1 2153
      1 2165
      1 2169
      1 2171
      1 2176
      1 2190
      1 2191
      1 2198
      1 2212
      1 2222
      1 2230
      2 2231
      1 2240
      1 2242
      1 2247
      1 2250
      1 2263
      1 2265
      1 2267
      1 2287
      1 2288
      1 2289
      1 2292
      1 2294
      1 2302
      1 2314
      2 2319
      1 2327
      1 2334
      1 2335
      1 2359
      1 2381
      1 2384
      1 2418
      1 2440
      2 2468
      1 2471
      1 2477
      1 2479
      1 2499
      1 2525
      1 2550
      2 2569
      1 2581
      1 2583
      1 2587
      1 2598
      1 2601
      1 2616
      1 2655
      1 2656
      2 2666
      1 2677
      1 2691
      1 2716
      1 2720
      1 2731
      1 2756
      1 2763
      1 2785
      1 2797
      1 2818
      1 2835
      1 2873
      1 2874
      1 2893
      1 2905
      1 2951
      1 2956
      1 2963
      1 2968
      1 2978
      1 2980
      1 2986
      1 2988
      1 3036
      1 3081
      1 3180
      1 3222
      1 3239
      1 3242
      1 3244
      1 3253
      1 3263
      1 3278
      1 3287
      1 3310
      1 3339
      1 3367
      1 3390
      1 3474
      1 3507
      1 3562
      1 3648
      1 3701
      1 3745
      1 3886
      1 3896
      1 3983
      1 4015
      1 4070
      1 4130
      1 4289
      1 4384
      1 4431
      1 4439
      1 4617
      1 4711
      1 4766
      1 4769
      1 4838
      1 5212
      1 6487
      1 7250
      1 7971
      1 7973
      1 9324
      1 10014
      1 10497
      1 10953
      1 11803
      1 12791
      1 22695
      1 23005
      1 23145
      1 23914
      1 24516
---AAD-PGBENCH-LAG-US---
  26126 0
  21091 1
  19175 2
  17888 3
  17009 4
  16327 5
  15583 6
  14751 7
  14138 8
  13648 9
  13289 10
  13279 11
  12935 12
  12788 13
  12620 14
  12566 15
  12445 16
  12281 17
  12135 18
  12186 19
  11988 20
  12153 21
  12280 22
  12093 23
  12154 24
  12184 25
  11809 26
  11882 27
  11768 28
  11789 29
  12066 30
  11634 31
  11679 32
  11840 33
  11452 34
  11471 35
  11142 36
  10983 37
  10835 38
  10718 39
  10664 40
  10568 41
  10626 42
  10519 43
  10280 44
  10285 45
  10097 46
  10036 47
   9730 48
   9573 49
   9447 50
   9216 51
   8614 52
   7805 53
   7697 54
  16483 55
  34463 56
  21798 57
  14423 58
  13627 59
  13022 60
  14997 61
  29402 62
  49275 63
  76643 64
  69163 65
  33069 66
  21919 67
  21457 68
  22008 69
  24871 70
  24523 71
  22311 72
  19908 73
  13089 74
   9627 75
   8088 76
   7192 77
   6599 78
   6403 79
   5013 80
   3946 81
   3198 82
   2678 83
   2149 84
   1705 85
   1476 86
   1158 87
    986 88
    790 89
    650 90
    576 91
    439 92
    373 93
    333 94
    252 95
    215 96
    173 97
    140 98
    115 99
     90 100
     57 101
     68 102
     49 103
     37 104
     34 105
     24 106
     12 107
     22 108
     12 109
     14 110
     12 111
      5 112
      9 113
      6 114
      6 115
      3 116
      2 117
      1 118
      2 119
      3 121
      2 122
      2 125
      1 126
      1 127
      1 129
      1 130
      2 132
      1 134
      1 141
      1 142
      1 149
      1 150
      1 151
      1 154
      1 160
      1 164
      3 168
      1 172
      1 180
      1 182
      1 183
      1 200
      1 201
      1 203
      1 208
      1 210
      3 213
      1 214
      1 215
      1 216
      1 235
      1 243
      1 248
      1 255
      1 260
      3 261
      1 264
      1 268
      1 270
      1 277
      1 281
      1 290
      1 294
      1 302
      1 312
      2 314
      1 334
      1 336
      1 338
      1 345
      2 346
      1 348
      1 371
      1 421
      1 433
      1 463
      2 464
      1 483
      1 490
      1 512
      1 514
      1 516
      1 538
      2 541
      1 605
      1 610
      1 612
      1 634
      1 639
      1 641
      1 666
      1 682
      1 713
      1 735
      1 755
      1 761
      1 769
      1 776
      1 783
      1 805
      1 838
      1 866
      1 881
      1 893
      1 899
      1 912
      1 913
      1 916
      1 924
      1 952
      1 971
      1 978
      1 986
      1 990
      1 996
      1 1011
      1 1043
      1 1051
      1 1128
      1 1151
      1 1168
      1 1179
      1 1204
      1 1208
      1 1213
      1 1270
      1 1285
      1 1291
      1 1315
      1 1319
      1 1330
      1 1341
      1 1400
      1 1401
      1 1420
      1 1443
      1 1488
      1 1527
      1 1530
      1 1581
      1 1602
      1 1629
      1 1679
      1 1723
      1 1752
      1 1758
      1 1784
      1 1838
      1 1843
      1 1909
      1 1926
      1 1984
      1 2016
      1 2068
      1 2073
      1 2156
      1 2220
      1 2317
      1 2321
      1 2373
      1 2398
      1 2411
      1 2419
      1 2446
      1 2460
      1 2550
      1 2568
      1 2630
      1 2745
      1 2751
      1 2752
      1 2771
      2 2856
      1 2897
      1 2912
      1 2916
      1 2985
      1 3061
      1 3085
      1 3092
      1 3111
      1 3175
      1 3249
      1 3271
      1 3288
      1 3315
      1 3316
      1 3420
      1 3488
      1 3504
      1 3548
      1 3570
      1 3624
      1 3648
      1 3659
      1 3695
      2 3696
      1 3727
      1 3772
      1 3858
      1 3878
      1 3910
      1 4024
      1 4049
      1 4054
      1 4065
      1 4067
      1 4155
      1 4203
      1 4251
      1 4324
      1 4325
      1 4328
      2 4499
      1 4553
      1 4574
      1 4646
      1 4660
      1 4696
      1 4755
      1 4790
      1 4986
      1 4993
      1 5051
      1 5089
      1 5148
      1 5150
      1 5345
      1 5471
      1 5484
      1 5496
      1 5519
      1 5602
      1 5635
      1 5705
      1 5709
      1 5735
      1 5759
      1 5834
      1 5971
      1 6050
      1 6073
      1 6301
      1 6386
      1 6395
      1 6439
      1 6463
      1 6588
      1 6632
      1 6823
      1 6958
      1 7050
      1 7114
      1 7252
      1 7443
      1 7586
      1 7647
      1 7692
      1 7727
      1 7823
      1 7948
      1 8237
      1 8293
      1 8338
      1 8522
      1 8660
      1 8668
      1 8770
      1 9236
      1 9277
      1 9287
      1 9436
      1 9686
      1 9699
      1 9802
      1 9916
      1 10072
      1 10838
      1 17460
      1 19864
      1 21117
      1 21599
      1 23433
