pgbench (18.6 (Debian 18.6-1.pgdg13+2))
starting vacuum...end.
transaction type: <builtin: select only>
scaling factor: 1000
query mode: simple
number of clients: 64
number of threads: 16
maximum number of tries: 1
duration: 480 s
number of transactions actually processed: 53729843
number of failed transactions: 0 (0.000%)
latency average = 0.379 ms
latency stddev = 0.140 ms
rate limit schedule lag: avg 0.072 (max 24.146) ms
initial connection time = 146.141 ms
tps = 111970.337364 (without initial connection time)
---AAD-PGBENCH-LATENCY-US---
rc=0
samples=1074727
      2 143
      1 145
      1 146
      1 147
      7 148
     11 149
      9 150
     17 151
     12 152
     22 153
     20 154
     39 155
     40 156
     43 157
     76 158
     67 159
     81 160
     96 161
    113 162
    163 163
    156 164
    212 165
    208 166
    277 167
    275 168
    324 169
    401 170
    427 171
    488 172
    570 173
    607 174
    657 175
    718 176
    840 177
    944 178
    950 179
   1007 180
   1091 181
   1185 182
   1281 183
   1339 184
   1396 185
   1520 186
   1535 187
   1647 188
   1788 189
   1852 190
   2038 191
   2060 192
   2125 193
   2275 194
   2405 195
   2576 196
   2686 197
   2768 198
   2859 199
   3079 200
   3207 201
   3263 202
   3409 203
   3560 204
   3771 205
   3952 206
   3949 207
   4180 208
   4308 209
   4325 210
   4301 211
   4376 212
   4408 213
   4407 214
   4587 215
   4448 216
   4532 217
   4583 218
   4674 219
   4594 220
   4692 221
   4793 222
   4746 223
   4934 224
   4897 225
   4947 226
   5044 227
   5029 228
   5090 229
   5145 230
   5266 231
   5318 232
   5420 233
   5568 234
   5693 235
   5548 236
   5526 237
   5719 238
   5844 239
   5932 240
   5922 241
   6079 242
   6081 243
   6126 244
   6066 245
   6169 246
   6154 247
   6311 248
   6226 249
   6280 250
   6194 251
   6221 252
   6232 253
   6382 254
   6200 255
   6423 256
   6406 257
   6597 258
   6451 259
   6631 260
   6484 261
   6634 262
   6753 263
   6757 264
   6850 265
   6923 266
   7125 267
   6950 268
   7185 269
   7220 270
   7151 271
   7322 272
   7370 273
   7301 274
   7330 275
   7442 276
   7305 277
   7208 278
   7032 279
   7131 280
   6728 281
   6661 282
   6824 283
   6455 284
   6134 285
   6039 286
   6208 287
   6007 288
   5888 289
   5781 290
   5707 291
   5534 292
   5381 293
   5338 294
   5228 295
   5248 296
   5061 297
   5119 298
   5054 299
   5078 300
   4870 301
   4954 302
   4794 303
   4825 304
   4830 305
   4815 306
   4824 307
   4603 308
   4693 309
   4672 310
   4542 311
   4632 312
   4479 313
   4502 314
   4525 315
   4417 316
   4310 317
   4371 318
   4253 319
   4251 320
   4206 321
   4214 322
   4198 323
   4113 324
   4099 325
   4270 326
   4106 327
   4012 328
   3850 329
   4018 330
   4042 331
   3917 332
   4009 333
   4109 334
   3932 335
   3998 336
   3966 337
   3925 338
   3853 339
   3830 340
   3790 341
   3791 342
   3829 343
   3816 344
   3795 345
   3636 346
   3602 347
   3537 348
   3590 349
   3364 350
   3375 351
   3324 352
   3113 353
   3175 354
   3141 355
   2993 356
   2947 357
   2880 358
   2810 359
   2735 360
   2769 361
   2770 362
   2554 363
   2493 364
   2523 365
   2454 366
   2394 367
   2442 368
   2325 369
   2369 370
   2317 371
   2350 372
   2229 373
   2223 374
   2184 375
   2180 376
   2310 377
   2144 378
   2174 379
   2119 380
   2086 381
   2005 382
   2022 383
   2057 384
   2010 385
   1957 386
   2022 387
   1956 388
   1870 389
   1922 390
   1922 391
   1892 392
   1929 393
   1786 394
   1768 395
   1859 396
   1795 397
   1779 398
   1820 399
   1782 400
   1677 401
   1724 402
   1818 403
   1689 404
   1683 405
   1638 406
   1642 407
   1713 408
   1603 409
   1606 410
   1585 411
   1614 412
   1610 413
   1592 414
   1600 415
   1498 416
   1435 417
   1380 418
   1400 419
   1408 420
   1399 421
   1309 422
   1409 423
   1360 424
   1280 425
   1257 426
   1264 427
   1180 428
   1243 429
   1127 430
   1192 431
   1141 432
   1139 433
   1113 434
   1029 435
   1060 436
   1047 437
    959 438
    951 439
    940 440
    985 441
    957 442
    964 443
    953 444
    907 445
    946 446
    894 447
    856 448
    854 449
    921 450
    881 451
    820 452
    880 453
    840 454
    816 455
    791 456
    796 457
    775 458
    749 459
    745 460
    729 461
    736 462
    775 463
    726 464
    678 465
    697 466
    673 467
    675 468
    693 469
    691 470
    649 471
    704 472
    691 473
    669 474
    642 475
    658 476
    676 477
    651 478
    651 479
    635 480
    596 481
    600 482
    623 483
    573 484
    604 485
    563 486
    516 487
    562 488
    513 489
    513 490
    517 491
    530 492
    455 493
    494 494
    482 495
    495 496
    426 497
    447 498
    442 499
    421 500
    403 501
    413 502
    413 503
    373 504
    396 505
    389 506
    381 507
    388 508
    334 509
    361 510
    362 511
    367 512
    353 513
    333 514
    333 515
    305 516
    316 517
    370 518
    305 519
    298 520
    342 521
    306 522
    295 523
    290 524
    272 525
    279 526
    269 527
    261 528
    260 529
    270 530
    234 531
    267 532
    239 533
    255 534
    256 535
    224 536
    220 537
    235 538
    281 539
    238 540
    227 541
    224 542
    254 543
    220 544
    206 545
    201 546
    207 547
    203 548
    205 549
    192 550
    191 551
    208 552
    198 553
    198 554
    181 555
    175 556
    187 557
    190 558
    184 559
    168 560
    165 561
    176 562
    184 563
    140 564
    181 565
    163 566
    149 567
    134 568
    134 569
    134 570
    159 571
    139 572
    139 573
    149 574
    116 575
    118 576
    134 577
    130 578
    128 579
    138 580
    115 581
    125 582
    122 583
    100 584
    104 585
    123 586
    118 587
     94 588
    101 589
     99 590
    126 591
    114 592
    105 593
     94 594
     89 595
     84 596
     82 597
     93 598
     80 599
     91 600
     92 601
     89 602
     79 603
     81 604
     84 605
     72 606
     89 607
     69 608
     78 609
     82 610
     75 611
     77 612
     65 613
     72 614
     71 615
     69 616
     76 617
     59 618
     81 619
     76 620
     63 621
     57 622
     79 623
     62 624
     67 625
     60 626
     62 627
     63 628
     67 629
     49 630
     62 631
     62 632
     63 633
     62 634
     62 635
     56 636
     52 637
     52 638
     49 639
     61 640
     44 641
     47 642
     58 643
     50 644
     49 645
     53 646
     51 647
     35 648
     48 649
     38 650
     50 651
     53 652
     44 653
     42 654
     44 655
     31 656
     41 657
     47 658
     37 659
     36 660
     39 661
     32 662
     46 663
     36 664
     39 665
     45 666
     48 667
     38 668
     42 669
     32 670
     35 671
     31 672
     27 673
     36 674
     33 675
     29 676
     30 677
     29 678
     25 679
     36 680
     24 681
     41 682
     39 683
     21 684
     28 685
     24 686
     32 687
     24 688
     26 689
     27 690
     20 691
     34 692
     24 693
     22 694
     34 695
     25 696
     32 697
     27 698
     32 699
     23 700
     27 701
     28 702
     27 703
     25 704
     28 705
     20 706
     36 707
     20 708
     29 709
     31 710
     33 711
     28 712
     29 713
     21 714
     13 715
     22 716
     13 717
     23 718
     23 719
     23 720
     18 721
     25 722
     20 723
     23 724
     24 725
     20 726
     29 727
     19 728
     17 729
     15 730
     17 731
     18 732
     11 733
     14 734
     14 735
     21 736
     12 737
     17 738
     12 739
     12 740
     14 741
     25 742
     17 743
     13 744
     15 745
     11 746
     13 747
     15 748
     17 749
     17 750
     11 751
     15 752
     13 753
     14 754
     21 755
      7 756
     19 757
     14 758
     21 759
      8 760
     12 761
      9 762
     10 763
     13 764
     16 765
     13 766
     14 767
     15 768
     15 769
     16 770
     16 771
     11 772
      6 773
     16 774
     17 775
     11 776
     24 777
     17 778
     18 779
     12 780
      8 781
     15 782
     14 783
     11 784
     14 785
     14 786
     12 787
     10 788
      6 789
     10 790
     11 791
      9 792
      7 793
     12 794
      9 795
     13 796
      7 797
     13 798
     21 799
      7 800
      6 801
     14 802
      8 803
      9 804
      8 805
     11 806
      6 807
      7 808
      5 809
     11 810
      3 811
     10 812
      8 813
      8 814
     15 815
     10 816
     10 817
     16 818
     10 819
      7 820
     13 821
      5 822
     11 823
     11 824
      9 825
      7 826
     11 827
      6 828
     12 829
      6 830
     12 831
      6 832
      7 833
      7 834
      7 835
      9 836
      9 837
      7 838
      7 839
      7 840
     13 841
     10 842
     12 843
      6 844
      8 845
      6 846
      6 847
      6 848
      4 849
      9 850
      7 851
      7 852
      7 853
     11 854
     10 855
     10 856
      7 857
      9 858
      6 859
      7 860
      9 861
      8 862
     10 863
      9 864
      6 865
      4 866
      6 867
      9 868
      7 869
      7 870
      6 871
      9 872
      9 873
      5 874
      4 875
      7 876
      7 877
     10 878
      8 879
      7 880
      5 881
      4 882
      6 883
      6 884
     12 885
     13 886
      6 887
     11 888
      3 889
      3 890
     15 891
      7 892
      8 893
      6 894
      3 895
      5 896
      7 897
      8 898
      3 899
      9 900
      6 901
      3 902
      6 903
      6 904
      8 905
      9 906
      5 907
      6 908
     11 909
      6 910
     11 911
      6 912
      6 913
      8 914
      8 915
     12 916
      8 917
     10 918
      3 919
      5 920
      8 921
      4 922
      4 923
      6 924
      4 925
      6 926
      9 927
      7 928
      5 929
      5 930
      2 931
      4 932
      6 933
      7 934
      7 935
      5 936
      4 937
      7 938
      7 939
      8 940
      7 941
      5 942
      2 943
      4 944
      3 945
      6 946
      8 947
     12 948
      7 949
     11 950
      3 951
      7 952
      4 953
      2 954
      2 955
     10 956
      5 957
      4 958
      4 959
      8 960
      6 961
      3 962
      5 963
      9 964
      9 965
      4 966
      5 967
      5 968
     12 969
      7 970
      7 971
      4 972
      5 973
      6 975
      6 976
      7 977
      4 978
      7 979
      2 980
      5 981
      4 982
      5 983
      5 984
      7 985
      7 986
      7 987
      9 988
      7 989
      3 990
      6 991
      5 992
      8 993
     11 994
      2 995
      4 996
      6 997
      3 998
      3 999
      6 1000
      6 1001
     14 1002
      5 1003
      5 1004
      7 1005
      4 1006
      7 1007
      7 1008
      3 1009
      9 1010
      6 1011
      6 1012
      7 1013
      2 1014
      2 1015
      4 1016
      5 1017
      9 1018
      9 1019
      4 1020
      6 1021
      3 1022
      6 1023
      3 1024
      3 1025
      8 1026
      5 1027
     10 1028
      7 1029
      7 1030
      8 1031
      3 1033
      4 1034
      6 1035
      4 1036
      3 1037
      6 1038
      2 1039
      5 1040
      7 1041
      8 1042
      5 1043
      9 1045
      8 1046
      7 1047
      7 1048
      4 1049
      5 1050
      7 1051
      8 1052
      4 1053
      5 1054
      8 1055
      4 1056
      5 1057
      3 1058
      6 1059
      6 1060
      2 1061
      5 1062
      1 1063
      8 1064
      5 1065
      5 1066
     11 1067
     10 1068
      4 1069
      3 1070
      5 1071
      4 1072
      7 1073
      7 1074
      8 1075
     10 1076
      6 1077
      2 1078
      3 1079
      7 1080
      5 1081
      4 1082
      3 1083
      2 1084
      4 1085
      6 1086
      4 1087
      9 1088
      3 1089
      5 1090
      6 1091
      9 1092
      5 1093
      8 1094
      7 1095
      8 1096
      9 1097
      4 1098
      8 1099
      3 1100
      7 1102
     13 1103
      3 1104
      6 1105
      7 1106
      2 1107
      5 1108
      1 1109
      9 1110
      2 1111
      4 1112
      3 1113
      5 1114
      3 1115
      8 1116
      5 1117
      6 1118
      4 1119
      6 1120
      8 1121
      6 1122
      4 1123
      4 1124
     12 1125
      6 1126
      8 1127
      4 1128
      6 1129
      6 1130
      5 1131
      7 1132
      4 1133
      3 1134
      6 1135
      4 1136
      5 1137
      5 1138
      7 1139
      6 1140
      5 1141
      4 1142
      7 1143
      4 1144
      8 1145
      2 1146
      1 1147
      9 1148
      5 1149
      6 1150
      7 1151
      3 1152
     10 1153
      3 1154
      3 1155
      5 1156
      9 1157
      5 1158
      8 1159
      2 1160
      8 1161
      3 1162
      8 1163
      7 1164
     11 1165
     10 1166
      2 1167
      8 1168
      8 1169
     11 1170
      3 1171
      7 1172
      6 1173
      4 1174
      5 1175
     11 1176
      7 1177
     12 1178
      7 1179
      4 1180
      6 1181
      6 1182
      7 1183
      4 1184
      5 1185
      7 1186
      5 1187
     10 1188
      2 1189
      2 1190
      7 1191
      9 1192
      6 1193
      6 1194
      6 1195
      2 1196
      8 1197
      8 1198
      4 1199
      3 1200
      9 1201
      8 1202
      8 1203
      7 1204
      1 1205
      8 1206
      6 1207
      2 1208
      3 1209
      9 1210
      3 1211
      5 1212
      5 1213
      4 1214
      6 1215
      5 1217
      7 1218
      6 1219
      5 1220
      5 1221
      3 1222
     13 1223
      4 1224
      7 1225
      4 1226
      5 1227
      6 1228
      3 1229
      4 1230
      7 1231
      5 1232
      6 1233
     11 1234
      3 1236
      6 1237
      5 1238
     10 1239
      7 1240
      5 1241
      9 1242
      6 1243
      6 1244
      8 1245
      4 1246
      7 1247
      6 1248
      3 1249
      5 1250
      5 1251
      7 1252
     11 1253
      7 1254
      6 1255
     11 1256
      4 1257
      2 1258
      7 1259
      2 1260
      4 1261
      5 1262
      5 1263
      2 1264
      9 1265
     10 1266
     11 1267
      2 1268
      5 1269
      5 1270
      5 1271
     13 1272
      3 1273
      4 1274
      3 1275
      7 1276
      7 1277
      4 1278
      4 1279
      5 1280
      7 1281
     10 1282
      5 1283
      2 1284
      5 1285
      4 1286
     10 1287
      4 1288
      8 1289
      5 1290
      7 1291
      6 1292
      9 1293
      6 1294
      5 1295
     10 1296
      8 1297
      8 1298
      4 1299
      7 1300
      5 1301
      3 1302
      5 1303
     10 1304
      6 1305
     11 1306
      7 1307
     11 1308
     10 1309
      4 1310
      8 1311
     12 1312
     11 1313
     11 1314
     11 1315
     14 1316
      3 1317
     18 1318
      3 1319
     10 1320
     10 1321
     14 1322
      8 1323
     10 1324
     10 1325
      9 1326
      7 1327
      8 1328
      5 1329
      6 1330
      7 1331
      6 1332
      4 1333
      6 1334
     10 1335
      4 1336
      6 1337
      9 1338
      8 1339
     11 1340
      7 1341
     11 1342
      9 1343
      9 1344
     14 1345
      5 1346
     11 1347
      9 1348
      4 1349
      9 1350
     13 1351
     10 1352
     10 1353
      4 1354
      6 1355
      9 1356
     13 1357
      8 1358
      9 1359
      8 1360
      5 1361
      5 1362
      6 1363
     10 1364
     12 1365
      6 1366
     10 1367
     12 1368
     14 1369
      6 1370
      2 1371
     17 1372
      9 1373
      7 1374
     10 1375
      4 1376
     10 1377
      9 1378
      9 1379
      5 1380
     10 1381
      5 1382
     10 1383
      6 1384
      6 1385
      4 1386
     11 1387
     10 1388
      8 1389
      9 1390
      8 1391
     10 1392
      9 1393
     11 1394
      8 1395
      8 1396
      5 1397
      7 1398
     12 1399
     12 1400
      7 1401
      7 1402
      7 1403
      7 1404
      3 1405
      9 1406
      4 1407
     12 1408
     13 1409
      6 1410
     10 1411
     10 1412
      2 1413
      9 1414
      3 1415
      7 1416
     10 1417
      8 1418
      6 1419
      6 1420
      5 1421
      8 1422
      4 1423
      4 1424
      7 1425
      7 1426
      7 1427
      5 1428
      6 1429
     10 1430
     13 1431
     10 1432
     12 1433
     10 1434
      9 1435
      2 1436
      4 1437
      6 1438
      2 1439
      3 1440
      5 1441
      3 1442
      4 1443
      5 1444
      4 1445
      5 1446
     10 1447
      4 1448
      4 1449
      5 1450
      6 1451
      1 1452
      7 1453
      4 1454
      6 1455
      7 1456
      8 1457
      4 1458
      8 1459
      9 1460
      5 1461
      2 1462
      4 1463
      2 1464
      1 1465
      5 1466
      3 1467
      7 1468
      3 1470
      3 1471
      6 1472
      3 1473
      3 1474
      2 1475
      3 1476
      4 1477
      5 1478
      5 1479
      4 1480
      4 1481
      4 1482
      4 1483
      6 1484
      7 1485
      8 1486
      6 1487
      3 1488
      7 1489
      3 1490
      3 1491
      2 1492
      2 1493
      3 1494
      7 1495
      1 1496
      4 1497
      4 1498
      3 1499
      3 1500
      3 1501
      2 1502
      4 1503
      5 1504
      2 1505
      5 1506
      3 1508
      3 1509
      1 1510
      6 1511
      4 1512
      3 1513
      7 1514
      4 1517
      4 1518
      1 1519
      3 1520
      3 1521
      1 1522
      1 1523
      2 1524
      3 1525
      3 1526
      2 1527
      4 1528
      3 1529
      1 1530
      1 1531
      3 1532
      2 1533
      4 1534
      4 1535
      4 1536
      3 1537
      1 1538
      2 1539
      3 1540
      2 1541
      3 1543
      2 1544
      3 1545
      2 1548
      2 1549
      2 1551
      1 1552
      1 1553
      5 1554
      1 1556
      1 1557
      4 1558
      2 1559
      3 1560
      5 1561
      1 1562
      1 1564
      1 1565
      2 1566
      1 1567
      2 1568
      1 1569
      3 1570
      1 1571
      1 1572
      1 1573
      1 1574
      3 1575
      1 1576
      1 1577
      2 1578
      2 1579
      1 1580
      3 1581
      2 1582
      2 1583
      1 1585
      1 1587
      2 1588
      3 1591
      2 1592
      1 1594
      1 1595
      3 1597
      1 1599
      1 1600
      1 1602
      1 1603
      2 1604
      4 1606
      2 1607
      1 1610
      2 1611
      1 1614
      1 1615
      2 1617
      2 1622
      2 1623
      2 1624
      2 1626
      2 1628
      1 1629
      3 1631
      2 1632
      1 1633
      2 1634
      1 1635
      2 1637
      1 1639
      2 1640
      1 1641
      1 1646
      1 1647
      1 1648
      1 1651
      1 1652
      2 1654
      2 1656
      1 1658
      1 1661
      1 1662
      1 1664
      1 1665
      1 1669
      1 1670
      1 1671
      1 1672
      2 1678
      1 1679
      2 1681
      2 1682
      1 1686
      1 1687
      1 1689
      2 1692
      1 1695
      1 1696
      1 1697
      1 1698
      1 1699
      1 1700
      2 1703
      2 1706
      1 1708
      1 1711
      1 1713
      1 1714
      1 1718
      1 1721
      3 1731
      1 1734
      1 1735
      2 1736
      1 1751
      1 1758
      1 1759
      1 1766
      1 1773
      2 1777
      1 1780
      1 1782
      1 1794
      1 1797
      1 1811
      1 1821
      1 1831
      1 1834
      1 1835
      1 1840
      1 1842
      1 1853
      1 1858
      1 1859
      1 1869
      1 1871
      1 1877
      1 1882
      1 1902
      1 1911
      1 1915
      1 1946
      1 1967
      1 1995
      1 2021
      1 2026
      1 2032
      1 2034
      1 2039
      1 2042
      1 2048
      1 2108
      1 2155
      1 2185
      1 2200
      1 2213
      1 2218
      1 2257
      1 2261
      1 2290
      1 2313
      1 2319
      1 2343
      1 2364
      1 2388
      1 2521
      1 2525
      1 2571
      1 2774
      1 2813
      1 3735
      1 3854
      1 9501
      1 20917
---AAD-PGBENCH-LAG-US---
  10809 0
   9703 1
   8977 2
   8307 3
   8300 4
   8281 5
   7665 6
   7431 7
   7361 8
   7352 9
   7046 10
   7030 11
   7226 12
   7155 13
   6936 14
   7030 15
   7022 16
   7111 17
   7079 18
   7075 19
   7113 20
   7019 21
   6911 22
   7137 23
   6998 24
   6924 25
   6959 26
   7193 27
   7173 28
   7153 29
   7121 30
   6963 31
   6895 32
   7001 33
   7036 34
   6897 35
   7052 36
   6810 37
   6966 38
   6932 39
   6627 40
   6743 41
   6730 42
   6640 43
   6685 44
   6879 45
   6709 46
   6778 47
   6603 48
   6382 49
   6230 50
   6100 51
   5717 52
   5389 53
   5750 54
  17954 55
  24741 56
  12637 57
  11090 58
  10511 59
  10268 60
  13673 61
  29758 62
  51918 63
  85461 64
  50155 65
  21995 66
  17559 67
  16729 68
  18153 69
  20770 70
  18499 71
  17470 72
  12637 73
   8163 74
   6777 75
   5810 76
   5376 77
   5371 78
   4785 79
   3873 80
   3143 81
   2684 82
   2487 83
   2182 84
   1986 85
   1991 86
   1847 87
   1662 88
   1478 89
   1473 90
   1437 91
   1408 92
   1332 93
   1337 94
   1330 95
   1328 96
   1259 97
   1233 98
   1218 99
   1211 100
   1213 101
   1199 102
   1215 103
   1236 104
   1168 105
   1189 106
   1149 107
   1097 108
   1143 109
   1168 110
   1112 111
   1195 112
   1118 113
   1106 114
   1105 115
   1092 116
   1115 117
   1116 118
   1074 119
   1122 120
   1010 121
   1072 122
   1061 123
   1087 124
   1035 125
   1086 126
   1003 127
   1012 128
   1058 129
    981 130
   1066 131
    998 132
   1017 133
   1019 134
    975 135
    998 136
   1046 137
    972 138
    946 139
    956 140
    992 141
    970 142
    897 143
    987 144
    953 145
    915 146
    954 147
    961 148
    906 149
    883 150
    894 151
    899 152
    866 153
    926 154
    871 155
    868 156
    859 157
    823 158
    824 159
    815 160
    886 161
    828 162
    845 163
    798 164
    808 165
    856 166
    844 167
    820 168
    799 169
    788 170
    784 171
    773 172
    738 173
    805 174
    762 175
    760 176
    756 177
    708 178
    755 179
    743 180
    731 181
    732 182
    695 183
    712 184
    710 185
    717 186
    665 187
    684 188
    661 189
    701 190
    636 191
    625 192
    655 193
    659 194
    633 195
    642 196
    628 197
    596 198
    628 199
    569 200
    618 201
    635 202
    575 203
    625 204
    580 205
    607 206
    559 207
    592 208
    549 209
    547 210
    543 211
    526 212
    547 213
    547 214
    553 215
    518 216
    487 217
    506 218
    531 219
    487 220
    477 221
    483 222
    464 223
    500 224
    490 225
    453 226
    461 227
    481 228
    466 229
    449 230
    469 231
    458 232
    396 233
    446 234
    393 235
    418 236
    421 237
    407 238
    416 239
    403 240
    381 241
    394 242
    385 243
    381 244
    407 245
    351 246
    401 247
    367 248
    387 249
    351 250
    334 251
    334 252
    344 253
    330 254
    357 255
    337 256
    333 257
    322 258
    320 259
    356 260
    299 261
    285 262
    285 263
    284 264
    278 265
    301 266
    271 267
    234 268
    270 269
    300 270
    267 271
    244 272
    240 273
    254 274
    249 275
    248 276
    239 277
    258 278
    228 279
    258 280
    226 281
    227 282
    192 283
    213 284
    230 285
    220 286
    209 287
    211 288
    224 289
    199 290
    194 291
    208 292
    203 293
    214 294
    201 295
    180 296
    190 297
    196 298
    203 299
    176 300
    196 301
    200 302
    172 303
    190 304
    163 305
    163 306
    166 307
    189 308
    176 309
    168 310
    150 311
    169 312
    176 313
    134 314
    154 315
    171 316
    173 317
    142 318
    141 319
    147 320
    158 321
    141 322
    158 323
    145 324
    135 325
    127 326
    122 327
    137 328
    147 329
    132 330
    124 331
    141 332
    121 333
    142 334
    115 335
    127 336
    129 337
    120 338
     98 339
    105 340
    107 341
    129 342
    111 343
    109 344
     92 345
    101 346
    116 347
     93 348
     85 349
    104 350
     85 351
     97 352
    114 353
     86 354
     88 355
     92 356
     88 357
    109 358
     86 359
     91 360
     96 361
     84 362
     99 363
     88 364
     89 365
     77 366
     87 367
     79 368
     80 369
     88 370
     91 371
     82 372
     75 373
     84 374
     70 375
     61 376
     67 377
     80 378
     78 379
     77 380
     70 381
     68 382
     60 383
     83 384
     65 385
     64 386
     73 387
     69 388
     64 389
     75 390
     69 391
     61 392
     75 393
     67 394
     75 395
     44 396
     57 397
     69 398
     60 399
     69 400
     68 401
     55 402
     61 403
     51 404
     63 405
     69 406
     63 407
     59 408
     57 409
     53 410
     60 411
     55 412
     45 413
     52 414
     62 415
     61 416
     46 417
     45 418
     48 419
     46 420
     56 421
     58 422
     44 423
     51 424
     50 425
     54 426
     48 427
     37 428
     46 429
     41 430
     52 431
     56 432
     52 433
     42 434
     32 435
     54 436
     41 437
     40 438
     30 439
     33 440
     37 441
     39 442
     41 443
     35 444
     58 445
     42 446
     41 447
     50 448
     39 449
     44 450
     38 451
     45 452
     30 453
     29 454
     45 455
     41 456
     32 457
     38 458
     27 459
     42 460
     42 461
     35 462
     42 463
     42 464
     30 465
     37 466
     35 467
     31 468
     30 469
     36 470
     24 471
     26 472
     36 473
     29 474
     29 475
     31 476
     31 477
     32 478
     21 479
     19 480
     41 481
     23 482
     35 483
     32 484
     34 485
     29 486
     29 487
     28 488
     22 489
     34 490
     22 491
     33 492
     19 493
     34 494
     32 495
     25 496
     38 497
     22 498
     28 499
     29 500
     23 501
     26 502
     21 503
     35 504
     25 505
     27 506
     27 507
     19 508
     29 509
     18 510
     24 511
     22 512
     30 513
     18 514
     19 515
     22 516
     21 517
     15 518
     23 519
     25 520
     15 521
     19 522
     22 523
     15 524
     23 525
     21 526
     23 527
     16 528
     16 529
     22 530
     19 531
     19 532
     21 533
     20 534
     20 535
     23 536
     20 537
     16 538
     20 539
     21 540
     16 541
     19 542
     20 543
     25 544
     16 545
     22 546
     19 547
     16 548
     26 549
     17 550
     17 551
     13 552
     20 553
     20 554
     11 555
     21 556
     11 557
     20 558
     20 559
     19 560
     22 561
     22 562
     18 563
     13 564
      9 565
     12 566
     14 567
     14 568
     16 569
      6 570
     15 571
     16 572
     11 573
     19 574
     18 575
     20 576
     18 577
     20 578
     13 579
     13 580
     14 581
     16 582
      9 583
     14 584
     15 585
     14 586
     19 587
     14 588
     14 589
     15 590
     12 591
     18 592
     15 593
     12 594
     15 595
      9 596
     16 597
     11 598
     16 599
     13 600
     11 601
     20 602
      9 603
      8 604
     12 605
     19 606
     11 607
     11 608
     15 609
     14 610
     19 611
     10 612
      7 613
      9 614
     12 615
     10 616
     10 617
      9 618
     12 619
     12 620
     15 621
      6 622
     15 623
     13 624
      9 625
      8 626
      9 627
      8 628
     11 629
     13 630
      6 631
     14 632
     12 633
      9 634
     10 635
     12 636
     15 637
     10 638
      8 639
      9 640
      7 641
      5 642
     11 643
     13 644
     13 645
      8 646
     18 647
      6 648
      7 649
      8 650
     11 651
     15 652
     13 653
      3 654
      7 655
     13 656
     11 657
      8 658
     11 659
     10 660
     11 661
     12 662
     12 663
      8 664
      6 665
     11 666
     12 667
     12 668
      7 669
     13 670
      3 671
     11 672
      5 673
     11 674
      8 675
      9 676
      6 677
      6 678
      8 679
      6 680
     10 681
      9 682
     15 683
      7 684
      9 685
      8 686
     10 687
      8 688
     10 689
      6 690
      9 691
      9 692
      7 693
      8 694
      7 695
     13 696
      8 697
      8 698
      5 699
      8 700
      8 701
     10 702
     12 703
      5 704
      6 705
      8 706
     10 707
      7 708
     11 709
      9 710
      2 711
      7 712
     10 713
      2 714
      8 715
      6 716
      8 717
      3 718
      7 719
      9 720
      4 721
      7 722
      6 723
      6 724
      5 725
     10 726
      9 727
      4 728
      5 729
     10 730
      6 731
     11 732
      3 733
     10 734
     10 735
      4 736
     12 737
      6 738
      8 739
      5 740
      6 741
      5 742
      6 743
      5 744
      6 745
      3 746
      7 747
      6 748
      8 749
      6 750
      9 751
      8 752
      4 753
      5 754
      8 755
      8 756
      6 757
      4 758
      6 759
      6 760
      7 761
      7 762
      5 763
      3 764
      9 765
      6 766
      5 767
      4 768
      7 769
      7 770
      7 771
     12 772
      8 773
      9 774
      8 775
      5 776
      2 777
      4 778
      4 779
      6 780
      3 781
      4 782
      2 783
     10 784
      2 785
      5 786
      6 787
      7 788
      6 789
      9 790
      4 791
      9 792
      9 793
      9 794
      4 795
      7 796
      5 797
      4 798
      3 799
      6 800
      6 801
      3 802
      1 803
      5 804
      5 805
     10 806
      3 807
     10 808
      5 809
     10 810
      3 811
      7 812
      5 813
      8 814
      5 815
      9 816
      2 817
     11 818
      4 819
      4 820
      9 821
      8 822
      5 823
      7 824
      1 825
      7 826
      1 827
      5 828
      6 829
      4 830
      4 831
      4 832
      8 833
      5 834
      5 835
      4 836
      5 837
      3 838
      4 839
      4 840
      4 841
      5 842
      3 843
      4 844
      3 845
      3 846
      6 847
      5 848
      4 849
      3 850
      5 851
      4 852
      1 853
      8 854
      5 855
      7 856
      5 857
      4 858
      4 859
      4 860
      6 861
      4 862
      6 863
      4 864
      3 865
      2 866
      3 867
      7 868
      3 869
      5 870
      3 871
      3 872
      6 873
      6 874
      5 875
      6 876
     11 877
      2 878
      5 879
      7 880
      3 881
      3 882
      6 883
      4 884
      7 885
      1 886
      4 887
      5 888
      2 889
      7 890
      4 891
      5 892
      4 893
      4 894
      4 895
      4 896
      3 897
      4 898
      4 899
      2 900
      7 902
      3 903
      5 904
      6 905
      4 906
      2 907
      8 908
      2 909
      5 910
      2 911
      2 912
      5 913
      7 914
      4 915
      2 916
      4 917
      3 918
      2 919
      6 920
      6 921
      3 922
      1 923
      4 924
      2 925
      3 926
      6 927
      6 928
      2 929
      2 930
      4 932
      6 933
      1 934
      6 935
      5 936
      2 937
      7 938
      5 939
      1 940
      3 941
      2 942
      5 943
      6 944
      1 945
      6 946
      6 947
      3 948
      5 949
      9 950
      4 951
      5 952
      6 953
      3 954
      6 955
      5 956
      2 957
      4 958
      4 959
      3 960
      1 961
      3 962
      3 963
      3 964
      2 965
      4 967
      2 968
      4 969
      4 970
      3 971
      6 972
      1 973
      2 974
      3 975
      3 976
      3 977
      1 978
      4 979
      3 980
      2 981
      8 982
      3 983
      2 984
      1 985
      1 986
      4 987
      2 988
      1 989
      1 990
      3 991
      3 992
      2 994
      5 995
      4 996
      3 997
      4 998
      4 999
      3 1000
      5 1001
      6 1002
      3 1003
      3 1004
      4 1005
      3 1006
      4 1007
      4 1008
      3 1009
      4 1010
      3 1011
      4 1012
      4 1013
      3 1014
      3 1015
      3 1016
      3 1017
      6 1018
      2 1020
      4 1021
      1 1022
      3 1023
      1 1024
      5 1025
      6 1026
      1 1027
      1 1029
      2 1030
      5 1031
      4 1032
      3 1033
      1 1034
      3 1035
      3 1036
      4 1037
      2 1038
      1 1039
      2 1040
      2 1041
      2 1042
      2 1043
      9 1044
      4 1045
      3 1046
      1 1047
      6 1048
      1 1049
      3 1050
      1 1053
      1 1054
      2 1055
      4 1056
      3 1057
      4 1058
      4 1059
      4 1060
      1 1061
      4 1062
      5 1063
      2 1064
      2 1066
      3 1067
      4 1068
      5 1069
      1 1070
      3 1071
      2 1072
      1 1073
      2 1074
      3 1075
      3 1076
      3 1077
      2 1078
      5 1079
      2 1080
      1 1081
      2 1082
      1 1083
      3 1084
      3 1086
      2 1087
      2 1088
      2 1089
      1 1090
      3 1091
      1 1092
      5 1093
      2 1094
      4 1095
      1 1097
      1 1098
      3 1099
      2 1100
      3 1101
      2 1102
      6 1103
      3 1104
      8 1105
      2 1106
      3 1107
      3 1108
      2 1109
      6 1110
      3 1111
      2 1112
      2 1113
      2 1114
      6 1115
      3 1116
      4 1117
      5 1118
      1 1119
      3 1120
      1 1121
      2 1122
      2 1123
      1 1124
      3 1125
      4 1126
      3 1127
      3 1128
      2 1129
      1 1131
      2 1132
      1 1133
      2 1134
      1 1136
      1 1137
      1 1139
      4 1140
      1 1141
      3 1142
      3 1143
      1 1144
      2 1145
      2 1146
      1 1147
      2 1148
      3 1149
      2 1152
      1 1153
      2 1154
      6 1155
      2 1156
      3 1157
      1 1158
      2 1159
      3 1160
      2 1161
      1 1162
      2 1163
      2 1164
      4 1165
      1 1166
      4 1167
      3 1168
      2 1169
      5 1171
      2 1172
      3 1173
      2 1174
      2 1175
      1 1176
      2 1177
      3 1178
      3 1179
      5 1180
      3 1181
      3 1183
      4 1184
      2 1185
      1 1186
      1 1187
      1 1189
      4 1190
      4 1191
      2 1192
      5 1193
      3 1194
      1 1196
      2 1197
      1 1198
      4 1199
      2 1200
      2 1201
      1 1202
      2 1203
      2 1204
      2 1205
      4 1206
      2 1208
      2 1210
      1 1211
      5 1212
      1 1213
      1 1214
      4 1215
      3 1216
      2 1217
      3 1218
      1 1219
      1 1220
      2 1221
      1 1222
      1 1223
      3 1224
      3 1225
      1 1226
      1 1228
      3 1229
      3 1230
      4 1231
      2 1234
      1 1235
      4 1237
      2 1239
      2 1240
      4 1242
      4 1243
      1 1244
      1 1245
      1 1247
      4 1248
      4 1249
      2 1250
      3 1251
      1 1252
      3 1253
      1 1255
      2 1256
      3 1257
      1 1258
      3 1259
      2 1260
      1 1261
      1 1262
      2 1263
      2 1264
      4 1267
      1 1268
      1 1269
      1 1270
      2 1273
      1 1274
      1 1276
      1 1278
      1 1279
      1 1282
      2 1283
      1 1284
      1 1285
      1 1286
      1 1287
      1 1288
      1 1289
      2 1291
      1 1292
      1 1293
      1 1294
      1 1295
      4 1298
      2 1300
      2 1301
      1 1304
      2 1305
      1 1306
      1 1308
      2 1309
      1 1312
      1 1313
      1 1314
      1 1316
      2 1318
      1 1321
      1 1322
      1 1323
      2 1324
      2 1325
      2 1326
      1 1328
      1 1329
      1 1331
      4 1335
      1 1336
      2 1337
      1 1340
      1 1341
      2 1342
      1 1343
      2 1344
      1 1346
      2 1347
      1 1348
      1 1350
      1 1351
      2 1352
      2 1353
      1 1354
      3 1356
      1 1358
      1 1359
      2 1360
      1 1362
      1 1365
      1 1366
      3 1367
      1 1368
      1 1369
      1 1370
      2 1373
      1 1374
      2 1379
      3 1380
      1 1385
      2 1389
      1 1394
      1 1395
      1 1398
      1 1399
      3 1401
      1 1403
      1 1404
      1 1407
      1 1408
      2 1409
      2 1410
      1 1411
      1 1412
      2 1414
      1 1415
      2 1419
      1 1425
      1 1427
      1 1428
      1 1429
      1 1430
      1 1433
      1 1435
      3 1437
      1 1439
      2 1441
      1 1444
      1 1446
      4 1448
      1 1449
      1 1452
      2 1456
      3 1457
      2 1458
      1 1463
      1 1474
      2 1475
      1 1476
      2 1481
      1 1487
      2 1490
      1 1495
      1 1501
      1 1502
      3 1504
      1 1508
      1 1509
      2 1511
      1 1513
      1 1514
      1 1515
      2 1516
      1 1518
      1 1519
      2 1521
      1 1522
      1 1523
      2 1527
      1 1528
      1 1529
      1 1530
      1 1531
      2 1532
      1 1536
      1 1541
      2 1542
      1 1543
      1 1547
      3 1549
      1 1551
      2 1553
      2 1554
      1 1556
      1 1557
      1 1558
      1 1565
      1 1568
      1 1570
      3 1571
      1 1574
      2 1575
      1 1582
      1 1584
      2 1586
      1 1587
      1 1591
      1 1593
      2 1594
      1 1598
      2 1604
      1 1609
      1 1613
      1 1614
      1 1616
      1 1617
      1 1621
      1 1622
      1 1623
      1 1626
      1 1628
      2 1629
      1 1632
      1 1637
      1 1638
      1 1640
      2 1641
      1 1642
      1 1646
      1 1648
      1 1654
      1 1656
      1 1661
      3 1675
      1 1676
      1 1683
      1 1684
      1 1688
      1 1691
      1 1696
      1 1704
      1 1708
      1 1724
      1 1728
      3 1730
      1 1731
      1 1738
      1 1746
      2 1758
      1 1759
      1 1761
      1 1773
      1 1774
      1 1776
      1 1781
      1 1788
      1 1807
      1 1811
      1 1822
      1 1823
      1 1828
      1 1836
      1 1839
      1 1848
      1 1850
      1 1854
      2 1869
      1 1872
      1 1873
      1 1876
      1 1878
      1 1880
      1 1884
      2 1888
      1 1893
      1 1894
      1 1901
      1 1939
      1 1943
      1 1944
      2 1952
      1 1958
      1 1963
      1 1979
      2 2008
      1 2009
      1 2010
      1 2019
      1 2023
      1 2025
      1 2072
      1 2081
      1 2084
      2 2089
      1 2105
      1 2109
      1 2124
      1 2130
      3 2136
      1 2155
      1 2174
      1 2176
      1 2181
      1 2186
      1 2237
      1 2323
      1 2354
      1 2364
      1 2376
      1 2380
      1 2393
      1 2402
      1 2424
      1 2460
      1 2520
      1 2592
      1 2618
      1 2670
      1 2695
      1 2775
      1 2825
      1 2896
      1 2934
      1 3877
      1 10738
      1 16390
      1 17080
      1 19219
      1 20460
      1 22743
