pgbench (18.6 (Debian 18.6-1.pgdg13+2))
starting vacuum...end.
transaction type: <builtin: select only>
scaling factor: 1000
query mode: simple
number of clients: 32
number of threads: 16
maximum number of tries: 1
duration: 60 s
number of transactions actually processed: 5908208
number of failed transactions: 0 (0.000%)
latency average = 0.325 ms
initial connection time = 11.516 ms
tps = 98481.301113 (without initial connection time)
---AAD-PGBENCH-LATENCY-US---
rc=0
samples=118488
      1 215
      1 219
      1 220
      1 221
      7 222
      7 223
      7 224
      8 225
      8 226
     15 227
     11 228
     16 229
     19 230
     22 231
     27 232
     39 233
     41 234
     58 235
     71 236
     59 237
     87 238
     83 239
    107 240
    113 241
    129 242
    154 243
    142 244
    175 245
    190 246
    213 247
    244 248
    229 249
    280 250
    259 251
    314 252
    331 253
    372 254
    333 255
    411 256
    466 257
    451 258
    517 259
    519 260
    588 261
    663 262
    656 263
    662 264
    768 265
    764 266
    860 267
    861 268
    961 269
    914 270
    977 271
    996 272
   1036 273
   1184 274
   1186 275
   1357 276
   1348 277
   1116 278
   1100 279
   1122 280
   1065 281
   1005 282
   1040 283
   1038 284
    966 285
    987 286
    934 287
    931 288
    863 289
    905 290
    878 291
    871 292
    834 293
    813 294
    845 295
    855 296
    856 297
    864 298
    787 299
    805 300
    774 301
    801 302
    825 303
    864 304
    741 305
    786 306
    801 307
    816 308
    749 309
    766 310
    845 311
    780 312
    788 313
    818 314
    835 315
    802 316
    798 317
    865 318
    858 319
    887 320
    905 321
    884 322
    866 323
    916 324
    921 325
   1003 326
   1030 327
   1102 328
   1057 329
   1223 330
   1132 331
   1075 332
   1088 333
   1130 334
   1109 335
   1120 336
   1234 337
   1164 338
   1120 339
   1073 340
   1068 341
   1092 342
   1061 343
   1076 344
   1026 345
   1054 346
    980 347
    861 348
    814 349
    782 350
    737 351
    719 352
    691 353
    685 354
    613 355
    553 356
    619 357
    598 358
    531 359
    545 360
    525 361
    451 362
    470 363
    460 364
    397 365
    368 366
    395 367
    380 368
    368 369
    369 370
    370 371
    325 372
    346 373
    288 374
    309 375
    307 376
    282 377
    306 378
    280 379
    308 380
    269 381
    280 382
    285 383
    244 384
    277 385
    256 386
    269 387
    275 388
    270 389
    262 390
    251 391
    256 392
    230 393
    266 394
    251 395
    253 396
    243 397
    261 398
    261 399
    263 400
    228 401
    228 402
    231 403
    201 404
    215 405
    170 406
    214 407
    240 408
    158 409
    186 410
    152 411
    167 412
    140 413
    129 414
    130 415
    118 416
    108 417
    134 418
    128 419
    111 420
    116 421
    120 422
     95 423
     96 424
    107 425
     93 426
     86 427
     89 428
     84 429
     77 430
     68 431
     83 432
     72 433
     80 434
     73 435
     61 436
     79 437
     67 438
     51 439
     64 440
     68 441
     57 442
     66 443
     69 444
     53 445
     67 446
     51 447
     51 448
     51 449
     53 450
     52 451
     42 452
     50 453
     47 454
     46 455
     51 456
     48 457
     44 458
     41 459
     55 460
     42 461
     38 462
     33 463
     42 464
     58 465
     43 466
     37 467
     49 468
     46 469
     33 470
     47 471
     36 472
     53 473
     44 474
     41 475
     33 476
     30 477
     35 478
     37 479
     30 480
     33 481
     36 482
     31 483
     39 484
     31 485
     32 486
     31 487
     31 488
     23 489
     35 490
     35 491
     28 492
     39 493
     21 494
     25 495
     22 496
     18 497
     21 498
     23 499
     32 500
     21 501
     26 502
     28 503
     17 504
     21 505
     20 506
     24 507
     19 508
     24 509
     24 510
     14 511
     17 512
     15 513
     23 514
     20 515
     28 516
     20 517
     18 518
     21 519
     16 520
     20 521
     22 522
     20 523
     12 524
     20 525
     21 526
      7 527
     20 528
     12 529
     17 530
     15 531
     22 532
     17 533
     17 534
     10 535
      9 536
     12 537
     11 538
     10 539
     10 540
     10 541
      8 542
     18 543
     16 544
     11 545
     13 546
     11 547
      6 548
      9 549
     16 550
      9 551
      6 552
     13 553
     11 554
      8 555
      8 556
      9 557
      8 558
      7 559
      9 560
      5 561
      9 562
      8 563
     13 564
      3 565
      6 566
     12 567
      5 568
      8 569
      6 570
      7 571
      3 572
      1 573
      2 574
      9 575
      2 576
      8 577
      6 578
      4 579
      7 580
      4 581
      3 582
      6 583
      5 584
      4 585
      5 586
      5 587
      1 588
     11 589
      8 590
      4 591
      3 592
      3 593
      7 594
      3 595
      5 596
      3 597
      3 598
      1 599
      4 600
      6 601
      3 602
      1 603
      1 604
      1 605
      2 606
      1 607
      1 608
      1 610
      1 611
      1 612
      1 614
      2 615
      5 617
      1 618
      1 620
      2 622
      2 628
      1 631
      1 636
      1 638
      1 639
      2 640
      1 641
      1 643
      1 644
      1 646
      1 651
      1 653
      1 660
      1 664
      1 669
      2 676
      1 701
      1 707
      1 709
      1 710
      1 716
      1 719
      1 720
      1 744
      1 773
      1 810
      1 850
      1 885
      1 1374
      1 1605
      1 20810
---AAD-PGBENCH-LAG-US---
