pgbench (18.6 (Debian 18.6-1.pgdg13+2))
starting vacuum...end.
transaction type: <builtin: select only>
scaling factor: 1000
query mode: simple
number of clients: 256
number of threads: 16
maximum number of tries: 1
duration: 60 s
number of transactions actually processed: 10119581
number of failed transactions: 0 (0.000%)
latency average = 1.508 ms
initial connection time = 439.718 ms
tps = 169716.974829 (without initial connection time)
---AAD-PGBENCH-LATENCY-US---
rc=0
samples=202551
      1 237
      1 244
      1 251
      1 253
      1 256
      1 257
      1 258
      1 259
      1 261
      2 263
      1 265
      2 266
      1 267
      3 268
      1 269
      3 270
      2 271
      2 272
      4 273
      3 275
      1 276
      3 278
      6 279
      5 280
      2 281
      5 282
      2 283
      3 284
      3 285
      4 286
      4 287
      7 288
      4 289
      4 290
      3 291
      1 292
      1 293
      3 294
      2 295
      2 296
      2 297
      3 298
      3 299
      2 300
      1 301
      4 302
      3 303
      3 304
      1 305
      5 306
      2 307
      3 308
      2 309
      5 310
      7 311
      5 312
      3 313
      5 314
      5 315
      5 316
      6 317
      6 318
      6 319
      5 320
      7 321
      3 322
      7 323
      5 324
      8 325
      3 326
      5 327
      3 328
      4 329
      7 330
     14 331
     10 332
      7 333
      6 334
      6 335
      5 336
      4 337
      7 338
      7 339
      8 340
      7 341
      8 342
     11 343
     10 344
     12 345
      5 346
     11 347
      8 348
     13 349
     13 350
     10 351
      6 352
      5 353
      6 354
      8 355
     14 356
     10 357
      2 358
     16 359
      5 360
     11 361
     11 362
      7 363
      9 364
      8 365
     13 366
     12 367
     10 368
      4 369
      6 370
      5 371
      4 372
      6 373
      9 374
     10 375
      8 376
     10 377
      8 378
      7 379
      9 380
      6 381
      6 382
      6 383
      6 384
     10 385
     13 386
      9 387
      9 388
     17 389
     11 390
     11 391
     10 392
     14 393
     14 394
     13 395
     17 396
     17 397
      8 398
     17 399
     19 400
     18 401
     19 402
     20 403
     16 404
     14 405
     17 406
     20 407
     19 408
     23 409
     15 410
     19 411
     19 412
     25 413
     16 414
     14 415
     13 416
     15 417
     23 418
     26 419
     13 420
     14 421
     15 422
     14 423
     15 424
     16 425
     14 426
     26 427
     16 428
     20 429
     14 430
     15 431
     14 432
     17 433
     14 434
     17 435
     16 436
     10 437
     22 438
     20 439
     17 440
     20 441
     12 442
     19 443
     19 444
     25 445
     19 446
     13 447
     17 448
     17 449
     12 450
     18 451
      7 452
     18 453
     12 454
     10 455
     20 456
     20 457
     12 458
     19 459
     15 460
     18 461
     25 462
     11 463
     23 464
     15 465
     24 466
     25 467
     19 468
     19 469
     32 470
     28 471
     12 472
     20 473
     29 474
     34 475
     23 476
     29 477
     31 478
     22 479
     30 480
     41 481
     31 482
     31 483
     34 484
     30 485
     28 486
     36 487
     29 488
     31 489
     22 490
     28 491
     28 492
     31 493
     26 494
     27 495
     18 496
     28 497
     28 498
     27 499
     31 500
     19 501
     29 502
     29 503
     24 504
     27 505
     17 506
     29 507
     23 508
     21 509
     16 510
     22 511
     33 512
     23 513
     23 514
     22 515
     19 516
     23 517
     22 518
     20 519
     22 520
     26 521
     28 522
     26 523
     24 524
     27 525
     20 526
     27 527
     17 528
     36 529
     27 530
     24 531
     25 532
     21 533
     38 534
     22 535
     22 536
     34 537
     30 538
     34 539
     31 540
     33 541
     32 542
     32 543
     43 544
     37 545
     27 546
     39 547
     35 548
     32 549
     39 550
     40 551
     35 552
     34 553
     39 554
     32 555
     24 556
     26 557
     20 558
     30 559
     36 560
     26 561
     33 562
     26 563
     39 564
     26 565
     23 566
     25 567
     26 568
     31 569
     30 570
     25 571
     34 572
     27 573
     31 574
     26 575
     24 576
     25 577
     24 578
     22 579
     22 580
     29 581
     23 582
     23 583
     39 584
     24 585
     21 586
     28 587
     21 588
     27 589
     20 590
     33 591
     25 592
     26 593
     26 594
     18 595
     15 596
     17 597
     22 598
     28 599
     27 600
     25 601
     24 602
     19 603
     35 604
     24 605
     21 606
     23 607
     33 608
     24 609
     27 610
     31 611
     36 612
     24 613
     33 614
     30 615
     32 616
     32 617
     28 618
     45 619
     39 620
     28 621
     32 622
     27 623
     29 624
     31 625
     38 626
     35 627
     24 628
     34 629
     26 630
     24 631
     27 632
     31 633
     28 634
     34 635
     27 636
     25 637
     28 638
     29 639
     17 640
     16 641
     18 642
     27 643
     11 644
     21 645
     26 646
     30 647
     18 648
     30 649
     23 650
     23 651
     24 652
     24 653
     24 654
     24 655
     19 656
     22 657
     26 658
     21 659
     24 660
     17 661
     18 662
     23 663
     25 664
     25 665
     19 666
     26 667
     23 668
     36 669
     23 670
     26 671
     21 672
     23 673
     25 674
     29 675
     21 676
     31 677
     27 678
     27 679
     37 680
     25 681
     21 682
     30 683
     21 684
     23 685
     26 686
     22 687
     23 688
     33 689
     34 690
     23 691
     26 692
     26 693
     37 694
     33 695
     26 696
     29 697
     32 698
     22 699
     33 700
     33 701
     35 702
     36 703
     27 704
     26 705
     20 706
     26 707
     18 708
     21 709
     33 710
     16 711
     21 712
     23 713
     18 714
     19 715
     17 716
     23 717
     22 718
     30 719
     29 720
     21 721
     24 722
     28 723
     26 724
     25 725
     21 726
     17 727
     27 728
     24 729
     33 730
     26 731
     24 732
     28 733
     33 734
     15 735
     26 736
     27 737
     20 738
     22 739
     19 740
     29 741
     32 742
     26 743
     29 744
     25 745
     33 746
     27 747
     40 748
     31 749
     21 750
     28 751
     31 752
     34 753
     28 754
     30 755
     28 756
     21 757
     28 758
     31 759
     24 760
     28 761
     29 762
     31 763
     29 764
     30 765
     31 766
     30 767
     31 768
     25 769
     34 770
     28 771
     29 772
     41 773
     27 774
     25 775
     24 776
     23 777
     32 778
     28 779
     31 780
     28 781
     23 782
     23 783
     28 784
     35 785
     20 786
     37 787
     33 788
     37 789
     35 790
     41 791
     26 792
     29 793
     23 794
     25 795
     32 796
     31 797
     32 798
     37 799
     35 800
     34 801
     35 802
     34 803
     29 804
     29 805
     33 806
     40 807
     38 808
     41 809
     32 810
     27 811
     38 812
     44 813
     46 814
     43 815
     48 816
     49 817
     46 818
     34 819
     45 820
     40 821
     37 822
     50 823
     48 824
     45 825
     37 826
     51 827
     51 828
     27 829
     47 830
     39 831
     45 832
     57 833
     53 834
     44 835
     38 836
     39 837
     36 838
     40 839
     47 840
     36 841
     40 842
     43 843
     34 844
     56 845
     49 846
     37 847
     32 848
     46 849
     30 850
     36 851
     44 852
     47 853
     35 854
     50 855
     51 856
     43 857
     55 858
     57 859
     49 860
     44 861
     44 862
     54 863
     54 864
     58 865
     59 866
     58 867
     57 868
     48 869
     44 870
     67 871
     62 872
     58 873
     53 874
     48 875
     52 876
     70 877
     59 878
     57 879
     58 880
     53 881
     56 882
     63 883
     64 884
     62 885
     73 886
     47 887
     78 888
     48 889
     66 890
     66 891
     56 892
     68 893
     61 894
     78 895
     75 896
     58 897
     80 898
     70 899
     72 900
     63 901
     73 902
    103 903
     80 904
     76 905
     67 906
     87 907
     77 908
     65 909
     68 910
     84 911
     66 912
     74 913
     79 914
     73 915
     81 916
     77 917
     75 918
     80 919
     84 920
     79 921
     94 922
     82 923
     97 924
    110 925
     88 926
    105 927
     94 928
     77 929
     87 930
     88 931
    111 932
     93 933
     98 934
     92 935
     84 936
     81 937
    112 938
     94 939
    111 940
     96 941
     92 942
    115 943
    107 944
    100 945
    106 946
    100 947
     96 948
    113 949
    104 950
    123 951
    124 952
    108 953
     99 954
    107 955
    125 956
    116 957
    111 958
     94 959
    116 960
    108 961
    120 962
    123 963
    127 964
    121 965
    150 966
    121 967
    116 968
    145 969
    138 970
    144 971
    121 972
    117 973
    129 974
    140 975
    132 976
    155 977
    155 978
    129 979
    136 980
    137 981
    162 982
    138 983
    158 984
    152 985
    147 986
    133 987
    124 988
    126 989
    135 990
    161 991
    147 992
    177 993
    158 994
    149 995
    139 996
    152 997
    154 998
    157 999
    134 1000
    167 1001
    151 1002
    186 1003
    160 1004
    177 1005
    172 1006
    173 1007
    173 1008
    152 1009
    185 1010
    163 1011
    154 1012
    181 1013
    174 1014
    188 1015
    178 1016
    191 1017
    178 1018
    178 1019
    182 1020
    185 1021
    163 1022
    180 1023
    180 1024
    217 1025
    191 1026
    199 1027
    220 1028
    206 1029
    194 1030
    166 1031
    226 1032
    216 1033
    181 1034
    188 1035
    223 1036
    198 1037
    174 1038
    213 1039
    193 1040
    227 1041
    185 1042
    202 1043
    208 1044
    203 1045
    221 1046
    215 1047
    214 1048
    204 1049
    213 1050
    202 1051
    236 1052
    228 1053
    213 1054
    229 1055
    236 1056
    220 1057
    211 1058
    217 1059
    217 1060
    250 1061
    202 1062
    216 1063
    196 1064
    220 1065
    205 1066
    202 1067
    202 1068
    262 1069
    257 1070
    216 1071
    220 1072
    201 1073
    230 1074
    226 1075
    200 1076
    228 1077
    272 1078
    221 1079
    221 1080
    245 1081
    229 1082
    281 1083
    210 1084
    263 1085
    213 1086
    220 1087
    234 1088
    235 1089
    223 1090
    232 1091
    242 1092
    237 1093
    235 1094
    245 1095
    224 1096
    212 1097
    244 1098
    219 1099
    238 1100
    272 1101
    242 1102
    247 1103
    219 1104
    259 1105
    259 1106
    233 1107
    273 1108
    229 1109
    222 1110
    252 1111
    243 1112
    268 1113
    228 1114
    266 1115
    264 1116
    248 1117
    260 1118
    270 1119
    239 1120
    216 1121
    253 1122
    268 1123
    246 1124
    270 1125
    253 1126
    235 1127
    270 1128
    252 1129
    263 1130
    235 1131
    234 1132
    257 1133
    238 1134
    241 1135
    252 1136
    244 1137
    251 1138
    237 1139
    233 1140
    244 1141
    237 1142
    234 1143
    236 1144
    269 1145
    266 1146
    268 1147
    284 1148
    228 1149
    238 1150
    299 1151
    274 1152
    248 1153
    233 1154
    280 1155
    234 1156
    237 1157
    263 1158
    236 1159
    229 1160
    233 1161
    249 1162
    252 1163
    245 1164
    261 1165
    249 1166
    249 1167
    231 1168
    226 1169
    256 1170
    244 1171
    255 1172
    261 1173
    232 1174
    245 1175
    227 1176
    248 1177
    260 1178
    269 1179
    264 1180
    239 1181
    230 1182
    226 1183
    225 1184
    253 1185
    248 1186
    237 1187
    262 1188
    245 1189
    238 1190
    242 1191
    231 1192
    224 1193
    241 1194
    215 1195
    229 1196
    214 1197
    210 1198
    232 1199
    219 1200
    237 1201
    241 1202
    227 1203
    229 1204
    213 1205
    219 1206
    237 1207
    232 1208
    215 1209
    245 1210
    225 1211
    237 1212
    234 1213
    199 1214
    213 1215
    232 1216
    223 1217
    231 1218
    220 1219
    232 1220
    221 1221
    224 1222
    193 1223
    204 1224
    227 1225
    196 1226
    191 1227
    221 1228
    216 1229
    217 1230
    221 1231
    230 1232
    240 1233
    201 1234
    213 1235
    224 1236
    227 1237
    202 1238
    209 1239
    195 1240
    204 1241
    206 1242
    212 1243
    237 1244
    189 1245
    181 1246
    237 1247
    192 1248
    184 1249
    215 1250
    172 1251
    190 1252
    213 1253
    199 1254
    177 1255
    202 1256
    186 1257
    233 1258
    197 1259
    183 1260
    180 1261
    188 1262
    187 1263
    178 1264
    200 1265
    215 1266
    184 1267
    212 1268
    184 1269
    187 1270
    182 1271
    192 1272
    174 1273
    197 1274
    206 1275
    194 1276
    159 1277
    193 1278
    201 1279
    175 1280
    172 1281
    188 1282
    202 1283
    180 1284
    180 1285
    174 1286
    187 1287
    176 1288
    199 1289
    182 1290
    170 1291
    168 1292
    168 1293
    176 1294
    176 1295
    197 1296
    156 1297
    165 1298
    166 1299
    198 1300
    198 1301
    175 1302
    172 1303
    205 1304
    193 1305
    174 1306
    191 1307
    166 1308
    195 1309
    167 1310
    174 1311
    165 1312
    171 1313
    171 1314
    181 1315
    179 1316
    152 1317
    184 1318
    173 1319
    194 1320
    165 1321
    175 1322
    170 1323
    146 1324
    188 1325
    176 1326
    137 1327
    175 1328
    157 1329
    155 1330
    181 1331
    155 1332
    157 1333
    175 1334
    183 1335
    172 1336
    184 1337
    156 1338
    152 1339
    174 1340
    174 1341
    165 1342
    155 1343
    173 1344
    180 1345
    172 1346
    152 1347
    155 1348
    161 1349
    156 1350
    173 1351
    158 1352
    154 1353
    165 1354
    173 1355
    150 1356
    135 1357
    162 1358
    159 1359
    159 1360
    173 1361
    176 1362
    149 1363
    143 1364
    135 1365
    142 1366
    147 1367
    158 1368
    144 1369
    164 1370
    146 1371
    149 1372
    161 1373
    142 1374
    157 1375
    142 1376
    153 1377
    164 1378
    159 1379
    140 1380
    148 1381
    135 1382
    145 1383
    153 1384
    142 1385
    141 1386
    134 1387
    167 1388
    132 1389
    134 1390
    149 1391
    129 1392
    136 1393
    150 1394
    152 1395
    140 1396
    138 1397
    134 1398
    145 1399
    125 1400
    135 1401
    122 1402
    141 1403
    115 1404
    132 1405
    140 1406
    131 1407
    167 1408
    155 1409
    141 1410
    115 1411
    148 1412
    139 1413
    148 1414
    126 1415
    142 1416
    133 1417
    121 1418
    134 1419
    161 1420
    122 1421
    136 1422
    130 1423
    134 1424
    154 1425
    122 1426
    139 1427
    130 1428
    138 1429
    120 1430
    144 1431
    140 1432
    143 1433
    131 1434
    131 1435
    125 1436
    143 1437
    120 1438
    133 1439
    132 1440
    123 1441
    122 1442
    110 1443
    120 1444
    123 1445
    129 1446
    126 1447
    127 1448
    118 1449
    146 1450
    129 1451
    127 1452
    134 1453
    128 1454
    120 1455
    119 1456
    125 1457
    133 1458
    108 1459
    111 1460
    113 1461
    127 1462
    110 1463
    119 1464
    112 1465
    108 1466
    131 1467
    117 1468
    112 1469
    129 1470
    129 1471
    124 1472
    113 1473
    112 1474
    126 1475
    101 1476
    134 1477
    129 1478
    114 1479
    111 1480
    110 1481
    121 1482
    134 1483
    114 1484
    117 1485
    122 1486
    113 1487
    117 1488
    127 1489
    114 1490
    116 1491
    111 1492
    123 1493
    107 1494
    105 1495
    118 1496
    126 1497
    115 1498
    119 1499
    119 1500
     93 1501
    108 1502
    102 1503
    107 1504
    123 1505
    125 1506
    127 1507
     97 1508
    122 1509
    113 1510
    128 1511
    113 1512
     93 1513
    117 1514
    101 1515
    106 1516
    102 1517
    106 1518
    105 1519
    121 1520
    100 1521
    121 1522
    105 1523
     92 1524
    109 1525
    104 1526
    123 1527
    110 1528
    104 1529
    103 1530
    103 1531
    115 1532
    110 1533
    106 1534
    111 1535
    104 1536
     96 1537
     93 1538
     96 1539
    114 1540
    104 1541
    107 1542
    112 1543
    102 1544
    110 1545
    102 1546
    112 1547
    139 1548
    102 1549
     89 1550
     95 1551
     91 1552
    104 1553
    104 1554
    101 1555
    113 1556
     96 1557
     99 1558
    118 1559
    115 1560
     96 1561
     92 1562
    104 1563
    103 1564
    111 1565
     88 1566
    111 1567
    105 1568
    121 1569
     87 1570
     81 1571
    100 1572
     78 1573
     94 1574
    111 1575
    105 1576
    104 1577
    103 1578
     77 1579
    105 1580
     97 1581
     97 1582
     85 1583
     88 1584
     93 1585
     77 1586
    109 1587
    102 1588
     93 1589
     86 1590
     96 1591
     93 1592
     99 1593
     93 1594
     82 1595
     94 1596
     70 1597
     88 1598
     89 1599
    105 1600
     78 1601
     91 1602
    102 1603
    103 1604
    101 1605
    103 1606
     84 1607
     84 1608
     79 1609
    102 1610
     89 1611
    107 1612
     95 1613
    107 1614
     78 1615
     89 1616
     69 1617
     93 1618
    100 1619
     83 1620
     88 1621
     84 1622
     92 1623
     90 1624
     91 1625
     87 1626
     79 1627
    103 1628
    106 1629
    110 1630
     78 1631
     73 1632
     98 1633
    107 1634
     96 1635
     93 1636
     67 1637
     87 1638
     86 1639
    100 1640
     82 1641
     79 1642
     85 1643
     93 1644
     94 1645
     89 1646
     85 1647
     69 1648
     82 1649
    100 1650
     81 1651
     86 1652
     93 1653
     83 1654
     90 1655
     80 1656
     76 1657
     88 1658
     86 1659
     91 1660
     82 1661
     78 1662
     80 1663
     80 1664
     92 1665
     86 1666
     91 1667
     89 1668
     83 1669
     86 1670
     83 1671
     64 1672
     84 1673
     82 1674
     86 1675
    100 1676
     93 1677
     91 1678
     82 1679
     73 1680
     97 1681
     84 1682
    110 1683
     73 1684
    100 1685
     95 1686
     83 1687
     69 1688
     90 1689
     87 1690
     87 1691
     92 1692
    106 1693
     77 1694
     98 1695
     93 1696
    111 1697
     90 1698
     77 1699
     85 1700
     85 1701
     91 1702
     73 1703
     88 1704
     81 1705
     88 1706
     84 1707
     84 1708
     85 1709
     95 1710
     83 1711
     80 1712
     92 1713
     89 1714
     82 1715
     79 1716
     90 1717
     84 1718
     79 1719
     70 1720
     84 1721
    102 1722
     80 1723
     94 1724
     70 1725
     89 1726
     82 1727
     83 1728
     93 1729
     86 1730
     99 1731
     76 1732
     96 1733
     81 1734
    106 1735
     84 1736
     77 1737
     95 1738
     84 1739
     98 1740
     82 1741
     81 1742
     86 1743
     87 1744
     80 1745
     70 1746
     70 1747
     75 1748
     74 1749
     70 1750
     85 1751
     83 1752
     92 1753
     87 1754
     73 1755
     70 1756
     80 1757
     90 1758
     68 1759
     83 1760
     80 1761
     88 1762
     84 1763
     73 1764
     70 1765
     64 1766
     85 1767
     82 1768
     73 1769
     71 1770
     75 1771
     73 1772
     84 1773
     97 1774
     66 1775
     93 1776
     72 1777
     86 1778
     90 1779
     72 1780
     84 1781
     85 1782
     93 1783
     84 1784
     81 1785
     85 1786
     86 1787
     83 1788
     90 1789
     77 1790
     76 1791
     93 1792
     84 1793
     85 1794
     75 1795
     62 1796
     83 1797
     93 1798
     66 1799
     79 1800
     81 1801
     68 1802
     85 1803
     85 1804
     98 1805
     82 1806
     78 1807
     96 1808
     79 1809
     91 1810
     80 1811
     77 1812
     74 1813
     76 1814
     85 1815
     63 1816
     80 1817
     64 1818
     72 1819
     83 1820
     76 1821
     69 1822
     78 1823
    107 1824
     65 1825
     83 1826
     79 1827
     74 1828
     94 1829
     83 1830
     85 1831
     87 1832
     85 1833
     63 1834
     82 1835
     71 1836
     77 1837
     81 1838
     83 1839
     88 1840
     78 1841
     75 1842
     73 1843
     81 1844
     78 1845
     74 1846
     80 1847
     73 1848
     96 1849
     78 1850
     81 1851
     95 1852
     64 1853
     92 1854
     78 1855
     69 1856
     90 1857
     92 1858
     87 1859
     84 1860
     83 1861
     86 1862
     68 1863
     83 1864
     83 1865
     76 1866
     85 1867
     80 1868
     67 1869
     93 1870
     72 1871
     75 1872
     83 1873
     78 1874
     68 1875
     98 1876
     96 1877
     75 1878
     77 1879
     87 1880
     87 1881
     83 1882
     78 1883
     81 1884
     87 1885
     77 1886
     85 1887
     64 1888
     86 1889
     77 1890
     78 1891
     92 1892
    100 1893
     84 1894
     78 1895
     71 1896
     87 1897
     78 1898
     72 1899
     87 1900
     85 1901
     79 1902
    101 1903
     73 1904
     84 1905
     67 1906
     82 1907
     91 1908
     75 1909
     64 1910
     87 1911
     79 1912
     97 1913
     59 1914
     80 1915
     72 1916
     76 1917
     81 1918
     95 1919
     85 1920
     81 1921
     64 1922
     93 1923
     73 1924
     85 1925
     62 1926
     75 1927
     84 1928
     69 1929
     83 1930
     82 1931
     74 1932
     90 1933
     76 1934
     65 1935
     84 1936
     81 1937
     75 1938
     83 1939
    101 1940
     90 1941
     83 1942
     70 1943
     89 1944
     89 1945
     79 1946
     91 1947
     85 1948
     73 1949
     82 1950
     69 1951
     79 1952
     78 1953
     72 1954
     86 1955
     84 1956
     75 1957
     74 1958
     65 1959
     74 1960
     72 1961
     53 1962
     84 1963
     80 1964
     73 1965
     82 1966
     91 1967
     78 1968
     76 1969
     83 1970
     87 1971
     92 1972
     71 1973
     85 1974
     73 1975
     76 1976
     88 1977
     80 1978
     77 1979
     71 1980
     73 1981
     76 1982
     78 1983
     91 1984
     81 1985
     79 1986
     78 1987
     75 1988
     71 1989
     77 1990
     64 1991
    100 1992
     70 1993
     81 1994
     67 1995
     75 1996
     67 1997
     77 1998
     89 1999
     96 2000
     76 2001
     73 2002
     77 2003
     73 2004
     73 2005
     70 2006
     75 2007
     70 2008
     76 2009
     74 2010
     71 2011
     68 2012
     79 2013
     91 2014
     66 2015
     92 2016
     82 2017
     75 2018
     74 2019
     75 2020
     82 2021
     73 2022
     71 2023
     71 2024
     77 2025
     68 2026
     72 2027
     76 2028
     88 2029
     74 2030
     68 2031
     64 2032
     71 2033
     61 2034
     72 2035
     86 2036
     74 2037
     73 2038
     64 2039
     58 2040
     59 2041
     64 2042
     79 2043
     78 2044
     70 2045
     86 2046
     68 2047
     68 2048
     79 2049
     81 2050
     69 2051
     93 2052
     61 2053
     75 2054
     72 2055
     70 2056
     73 2057
     64 2058
     66 2059
     77 2060
     75 2061
     75 2062
     65 2063
     73 2064
     79 2065
     64 2066
     87 2067
     90 2068
     72 2069
     86 2070
     62 2071
     87 2072
     72 2073
     60 2074
     68 2075
     65 2076
     63 2077
     71 2078
     62 2079
     58 2080
     71 2081
     53 2082
     72 2083
     66 2084
     66 2085
     66 2086
     72 2087
     69 2088
     71 2089
     76 2090
     75 2091
     77 2092
     55 2093
     71 2094
     64 2095
     65 2096
     68 2097
     69 2098
     60 2099
     61 2100
     64 2101
     59 2102
     54 2103
     66 2104
     72 2105
     63 2106
     80 2107
     57 2108
     63 2109
     65 2110
     76 2111
     58 2112
     66 2113
     62 2114
     58 2115
     73 2116
     72 2117
     77 2118
     68 2119
     75 2120
     66 2121
     72 2122
     71 2123
     62 2124
     51 2125
     67 2126
     67 2127
     56 2128
     67 2129
     65 2130
     51 2131
     93 2132
     77 2133
     57 2134
     72 2135
     63 2136
     71 2137
     64 2138
     58 2139
     71 2140
     72 2141
     73 2142
     58 2143
     62 2144
     74 2145
     63 2146
     58 2147
     70 2148
     68 2149
     56 2150
     88 2151
     66 2152
     60 2153
     65 2154
     68 2155
     52 2156
     60 2157
     59 2158
     62 2159
     73 2160
     65 2161
     64 2162
     45 2163
     73 2164
     64 2165
     50 2166
     55 2167
     59 2168
     47 2169
     50 2170
     59 2171
     56 2172
     61 2173
     59 2174
     56 2175
     57 2176
     64 2177
     68 2178
     56 2179
     64 2180
     68 2181
     54 2182
     60 2183
     57 2184
     67 2185
     65 2186
     50 2187
     64 2188
     42 2189
     63 2190
     58 2191
     50 2192
     65 2193
     52 2194
     53 2195
     60 2196
     51 2197
     58 2198
     52 2199
     64 2200
     70 2201
     68 2202
     64 2203
     54 2204
     61 2205
     56 2206
     56 2207
     56 2208
     49 2209
     43 2210
     54 2211
     67 2212
     47 2213
     57 2214
     50 2215
     54 2216
     42 2217
     67 2218
     57 2219
     61 2220
     53 2221
     56 2222
     49 2223
     55 2224
     51 2225
     54 2226
     65 2227
     49 2228
     49 2229
     58 2230
     46 2231
     49 2232
     52 2233
     59 2234
     69 2235
     56 2236
     65 2237
     46 2238
     55 2239
     53 2240
     53 2241
     40 2242
     58 2243
     59 2244
     44 2245
     57 2246
     46 2247
     57 2248
     48 2249
     50 2250
     63 2251
     49 2252
     40 2253
     63 2254
     60 2255
     46 2256
     36 2257
     62 2258
     64 2259
     67 2260
     45 2261
     48 2262
     48 2263
     51 2264
     51 2265
     43 2266
     49 2267
     51 2268
     51 2269
     51 2270
     51 2271
     53 2272
     48 2273
     55 2274
     53 2275
     57 2276
     55 2277
     38 2278
     63 2279
     34 2280
     59 2281
     50 2282
     47 2283
     59 2284
     55 2285
     52 2286
     50 2287
     56 2288
     53 2289
     47 2290
     56 2291
     61 2292
     53 2293
     43 2294
     53 2295
     43 2296
     47 2297
     34 2298
     50 2299
     58 2300
     47 2301
     41 2302
     51 2303
     44 2304
     60 2305
     43 2306
     61 2307
     37 2308
     40 2309
     51 2310
     51 2311
     45 2312
     51 2313
     51 2314
     44 2315
     47 2316
     56 2317
     27 2318
     59 2319
     52 2320
     44 2321
     60 2322
     45 2323
     42 2324
     44 2325
     32 2326
     53 2327
     42 2328
     47 2329
     41 2330
     52 2331
     49 2332
     47 2333
     32 2334
     51 2335
     48 2336
     43 2337
     48 2338
     40 2339
     43 2340
     37 2341
     35 2342
     52 2343
     40 2344
     39 2345
     30 2346
     40 2347
     56 2348
     51 2349
     50 2350
     46 2351
     45 2352
     44 2353
     45 2354
     40 2355
     43 2356
     35 2357
     49 2358
     33 2359
     35 2360
     52 2361
     34 2362
     39 2363
     36 2364
     42 2365
     46 2366
     35 2367
     50 2368
     40 2369
     55 2370
     36 2371
     44 2372
     32 2373
     32 2374
     49 2375
     40 2376
     32 2377
     42 2378
     43 2379
     38 2380
     37 2381
     45 2382
     35 2383
     30 2384
     35 2385
     47 2386
     41 2387
     50 2388
     57 2389
     42 2390
     30 2391
     42 2392
     32 2393
     40 2394
     40 2395
     39 2396
     43 2397
     47 2398
     42 2399
     40 2400
     30 2401
     41 2402
     52 2403
     33 2404
     43 2405
     26 2406
     38 2407
     35 2408
     41 2409
     29 2410
     43 2411
     27 2412
     42 2413
     34 2414
     37 2415
     30 2416
     43 2417
     38 2418
     43 2419
     38 2420
     33 2421
     30 2422
     33 2423
     41 2424
     41 2425
     33 2426
     33 2427
     29 2428
     42 2429
     38 2430
     45 2431
     34 2432
     34 2433
     33 2434
     42 2435
     34 2436
     39 2437
     40 2438
     38 2439
     34 2440
     51 2441
     37 2442
     29 2443
     37 2444
     50 2445
     35 2446
     36 2447
     52 2448
     40 2449
     34 2450
     40 2451
     29 2452
     27 2453
     33 2454
     33 2455
     40 2456
     34 2457
     33 2458
     32 2459
     31 2460
     32 2461
     43 2462
     36 2463
     36 2464
     31 2465
     36 2466
     43 2467
     42 2468
     32 2469
     28 2470
     27 2471
     31 2472
     27 2473
     37 2474
     27 2475
     42 2476
     37 2477
     23 2478
     32 2479
     35 2480
     29 2481
     35 2482
     28 2483
     32 2484
     36 2485
     35 2486
     40 2487
     26 2488
     33 2489
     30 2490
     27 2491
     26 2492
     29 2493
     30 2494
     25 2495
     22 2496
     25 2497
     26 2498
     29 2499
     25 2500
     27 2501
     32 2502
     37 2503
     31 2504
     34 2505
     37 2506
     29 2507
     38 2508
     36 2509
     27 2510
     35 2511
     26 2512
     30 2513
     30 2514
     29 2515
     41 2516
     38 2517
     33 2518
     24 2519
     33 2520
     35 2521
     29 2522
     33 2523
     27 2524
     29 2525
     28 2526
     30 2527
     27 2528
     27 2529
     41 2530
     32 2531
     19 2532
     31 2533
     36 2534
     26 2535
     25 2536
     25 2537
     21 2538
     37 2539
     24 2540
     20 2541
     27 2542
     33 2543
     36 2544
     32 2545
     26 2546
     31 2547
     32 2548
     28 2549
     19 2550
     25 2551
     24 2552
     31 2553
     28 2554
     24 2555
     27 2556
     30 2557
     21 2558
     35 2559
     28 2560
     19 2561
     23 2562
     29 2563
     29 2564
     27 2565
     29 2566
     28 2567
     31 2568
     20 2569
     30 2570
     21 2571
     18 2572
     24 2573
     18 2574
     27 2575
     24 2576
     17 2577
     24 2578
     25 2579
     20 2580
     27 2581
     24 2582
     22 2583
     21 2584
     17 2585
     22 2586
     24 2587
     25 2588
     27 2589
     20 2590
     27 2591
     20 2592
     23 2593
     17 2594
     28 2595
     21 2596
     23 2597
     18 2598
     24 2599
     28 2600
     20 2601
     19 2602
     29 2603
     24 2604
     17 2605
     24 2606
     29 2607
     20 2608
     22 2609
     21 2610
     29 2611
     38 2612
     18 2613
     23 2614
     31 2615
     35 2616
     28 2617
     19 2618
     25 2619
     19 2620
     25 2621
     21 2622
     24 2623
     24 2624
     19 2625
     23 2626
     18 2627
     18 2628
     19 2629
     15 2630
     29 2631
     19 2632
     27 2633
     21 2634
     24 2635
     20 2636
     19 2637
     20 2638
     25 2639
     19 2640
     15 2641
     22 2642
     18 2643
     23 2644
     22 2645
     22 2646
     17 2647
     24 2648
     19 2649
     15 2650
     17 2651
     21 2652
     17 2653
     22 2654
     13 2655
     29 2656
     22 2657
     22 2658
     13 2659
     22 2660
     22 2661
     21 2662
     26 2663
     17 2664
     14 2665
     24 2666
     22 2667
     19 2668
     18 2669
     20 2670
     24 2671
     13 2672
     21 2673
     27 2674
     17 2675
     18 2676
     19 2677
     15 2678
     17 2679
     12 2680
     18 2681
     12 2682
     12 2683
     18 2684
     21 2685
     13 2686
     18 2687
     23 2688
     16 2689
     21 2690
     16 2691
     11 2692
     22 2693
     19 2694
     13 2695
     18 2696
     21 2697
     16 2698
     25 2699
     17 2700
     17 2701
     16 2702
     23 2703
     19 2704
     14 2705
     17 2706
     20 2707
     15 2708
     18 2709
     22 2710
     18 2711
     16 2712
     14 2713
     13 2714
     20 2715
     14 2716
     17 2717
     22 2718
     10 2719
     23 2720
     21 2721
     16 2722
     17 2723
     21 2724
     25 2725
     22 2726
     19 2727
     18 2728
     17 2729
      9 2730
     11 2731
     12 2732
     16 2733
     23 2734
     22 2735
     10 2736
     21 2737
     15 2738
      9 2739
     11 2740
     17 2741
     17 2742
     20 2743
     14 2744
     22 2745
     15 2746
     11 2747
     19 2748
     15 2749
     16 2750
     15 2751
     13 2752
     14 2753
     11 2754
     17 2755
     15 2756
     15 2757
     16 2758
     10 2759
     16 2760
     18 2761
     17 2762
     15 2763
     18 2764
     12 2765
      7 2766
     10 2767
     12 2768
     16 2769
     15 2770
     11 2771
     11 2772
     15 2773
      9 2774
     15 2775
     16 2776
     11 2777
     12 2778
     15 2779
     18 2780
     13 2781
     20 2782
     14 2783
      5 2784
     13 2785
     14 2786
     22 2787
     16 2788
      6 2789
     17 2790
     11 2791
     16 2792
     19 2793
      9 2794
      5 2795
     11 2796
     12 2797
     17 2798
     16 2799
     11 2800
     16 2801
     10 2802
     11 2803
      6 2804
     11 2805
     14 2806
     15 2807
     20 2808
     12 2809
     10 2810
      6 2811
     12 2812
     14 2813
      9 2814
     11 2815
     14 2816
     10 2817
     13 2818
      9 2819
      8 2820
      9 2821
     10 2822
     14 2823
     12 2824
     14 2825
      9 2826
     14 2827
      9 2828
      8 2829
     12 2830
     15 2831
      7 2832
     14 2833
     10 2834
     14 2835
     14 2836
     13 2837
      9 2838
     14 2839
     10 2840
     13 2841
     17 2842
     12 2843
     11 2844
     14 2845
     11 2846
     14 2847
     20 2848
      8 2849
     10 2850
     15 2851
     11 2852
     12 2853
      6 2854
      7 2855
     11 2856
     12 2857
     13 2858
      7 2859
     10 2860
     14 2861
     10 2862
      8 2863
     10 2864
     11 2865
     17 2866
      6 2867
      9 2868
      9 2869
     16 2870
      7 2871
     11 2872
      7 2873
     14 2874
      7 2875
      5 2876
     12 2877
     10 2878
      6 2879
      7 2880
      9 2881
     11 2882
     13 2883
     12 2884
     10 2885
     10 2886
     12 2887
     10 2888
     15 2889
      6 2890
     12 2891
      7 2892
     17 2893
      7 2894
     10 2895
      7 2896
     13 2897
      7 2898
     10 2899
      6 2900
      8 2901
      9 2902
      9 2903
      7 2904
     13 2905
      8 2906
     11 2907
     11 2908
      4 2909
      4 2910
      9 2911
      7 2912
     13 2913
     10 2914
      9 2915
      6 2916
      7 2917
      9 2918
      9 2919
      7 2920
      8 2921
      9 2922
     10 2923
     12 2924
      9 2925
      5 2926
      5 2927
     10 2928
     12 2929
      6 2930
     10 2931
      5 2932
      5 2933
      8 2934
      9 2935
      7 2936
     10 2937
      8 2938
     11 2939
      3 2940
      5 2941
     11 2942
      4 2943
      9 2944
     15 2945
      6 2946
      9 2947
     11 2948
      6 2949
      6 2950
      8 2951
     10 2952
      8 2953
      7 2954
      6 2955
      6 2956
      5 2957
     10 2958
      6 2959
      7 2960
      5 2961
      3 2962
      8 2963
     15 2964
      6 2965
      6 2966
      9 2967
     12 2968
      6 2969
      9 2970
      7 2971
      4 2972
     12 2973
      9 2974
     10 2975
      4 2976
     15 2977
      7 2978
      4 2979
     14 2980
      3 2981
      7 2982
     11 2983
      7 2984
      7 2985
      6 2986
     11 2987
     11 2988
      6 2989
      2 2990
     12 2991
      8 2992
      3 2993
      6 2994
      7 2995
     11 2996
      8 2997
      8 2998
      9 2999
     12 3000
      4 3001
     10 3002
      8 3003
      9 3004
      6 3005
      5 3006
      7 3007
      5 3008
      7 3009
      6 3010
      4 3011
      7 3012
      7 3013
      8 3014
      6 3015
      4 3016
      7 3017
      5 3018
      8 3019
      8 3020
      2 3021
     11 3022
      4 3023
      1 3024
     11 3025
      6 3026
      1 3027
      9 3028
      9 3029
      9 3030
      4 3031
      8 3032
      5 3033
     10 3034
      3 3035
     11 3036
      9 3037
      5 3038
      7 3039
      3 3040
      6 3041
      7 3042
     10 3043
      6 3044
      5 3045
     10 3046
      2 3047
      3 3048
      6 3049
      5 3050
      2 3051
      4 3052
     14 3053
      5 3054
      5 3055
      5 3056
      4 3057
      6 3058
      9 3059
      8 3060
      3 3061
      9 3062
      6 3063
     10 3064
      6 3065
      2 3066
      4 3067
      8 3068
      4 3069
      5 3070
      6 3071
      5 3072
      4 3073
      6 3074
      4 3075
      2 3076
      6 3077
      4 3078
      1 3079
      4 3080
      7 3081
      5 3082
      6 3083
      5 3084
      4 3085
      5 3086
      2 3087
      4 3088
      6 3089
      6 3090
      5 3091
      8 3092
      7 3093
      6 3094
      7 3095
      5 3096
      1 3097
      4 3098
      2 3099
      1 3100
      9 3101
      4 3102
      2 3103
      5 3104
      9 3106
      3 3107
      5 3108
      4 3109
      6 3110
      6 3111
      4 3112
      3 3113
      3 3114
      6 3115
      9 3116
      5 3117
      5 3118
      6 3119
      6 3120
     10 3121
      6 3122
      8 3123
      8 3124
      6 3125
      7 3126
      3 3127
      5 3128
      5 3129
      4 3130
      2 3131
      6 3132
      4 3133
      3 3134
      5 3135
      6 3136
      4 3137
      3 3138
      2 3139
      2 3140
      4 3141
     10 3142
      8 3143
      1 3144
      5 3145
      3 3146
      3 3147
      5 3148
      4 3149
      8 3150
      7 3151
      7 3152
      2 3153
      3 3154
      1 3155
      7 3156
      4 3157
      2 3158
      4 3159
      4 3160
      4 3161
      6 3162
      3 3163
      3 3165
      6 3166
      2 3167
      4 3168
      4 3169
      3 3170
      6 3171
      6 3172
      2 3173
      2 3174
      2 3175
      1 3176
      3 3177
      4 3178
      8 3179
      3 3180
      5 3181
      3 3182
      1 3183
      5 3184
      5 3185
      2 3186
      7 3187
      2 3188
      2 3189
      5 3190
      5 3191
      4 3192
      3 3193
      4 3194
      4 3195
      5 3196
      5 3197
      6 3198
      4 3200
      6 3201
      4 3202
      2 3203
      6 3204
      8 3206
      2 3207
      4 3208
      4 3209
      5 3210
      7 3211
      2 3212
      4 3213
      6 3214
      6 3215
      3 3216
      2 3217
      2 3218
      7 3219
      4 3220
      4 3221
      3 3222
      3 3223
      7 3224
      5 3225
      7 3226
      3 3227
      3 3228
      6 3229
      8 3230
      2 3231
      3 3232
      4 3233
      8 3234
      4 3235
      4 3236
      7 3237
      2 3238
      4 3239
      2 3240
      3 3241
      8 3242
      2 3243
      5 3244
      1 3245
      3 3246
      5 3247
      3 3248
      5 3249
      4 3250
      5 3251
      3 3252
      2 3253
      3 3254
      2 3255
      3 3256
      2 3257
      3 3258
      3 3259
      4 3260
      4 3261
      2 3262
      5 3263
      1 3264
      7 3265
      4 3266
      6 3267
      4 3268
      1 3269
      2 3270
      4 3271
      2 3272
      2 3273
      8 3274
      3 3275
      2 3276
      4 3277
      4 3278
      2 3279
      1 3280
      2 3281
      4 3283
      3 3284
      2 3285
      2 3286
      6 3287
      6 3288
      3 3289
      2 3290
      2 3291
      1 3292
      1 3293
      5 3294
      1 3295
      4 3296
      2 3297
      2 3298
      4 3299
      6 3300
      6 3301
      2 3302
      3 3303
      1 3304
      3 3305
      6 3306
      3 3307
      4 3308
      2 3310
      2 3312
      4 3313
      5 3314
      2 3315
      1 3316
      3 3317
      5 3318
      1 3319
      3 3320
      2 3321
      1 3322
      6 3323
      2 3324
      3 3325
      1 3326
      2 3327
      3 3328
      3 3329
      2 3330
      1 3331
      4 3332
      2 3333
      3 3334
      4 3335
      6 3336
      2 3337
      5 3338
      2 3339
      4 3340
      1 3341
      1 3342
      5 3343
      6 3344
      3 3345
      3 3346
      1 3348
      2 3349
      1 3350
      5 3351
      5 3352
      5 3353
      5 3355
      3 3356
      2 3357
      1 3358
      6 3360
      1 3362
      4 3363
      1 3364
      2 3365
      1 3366
      3 3367
      2 3368
      1 3370
      2 3371
      1 3372
      1 3373
      1 3374
      4 3375
      3 3376
      3 3377
      1 3378
      1 3380
      1 3381
      1 3382
      2 3383
      1 3385
      2 3386
      6 3387
      1 3388
      2 3389
      1 3390
      2 3391
      2 3392
      2 3393
      5 3394
      2 3395
      2 3396
      4 3397
      5 3398
      1 3399
      3 3400
      2 3401
      2 3402
      3 3403
      6 3404
      1 3406
      2 3407
      2 3408
      2 3409
      2 3410
      3 3412
      1 3413
      1 3415
      1 3416
      3 3417
      3 3418
      2 3419
      3 3420
      3 3421
      5 3422
      3 3423
      2 3424
      2 3425
      4 3427
      1 3428
      2 3429
      2 3430
      2 3431
      2 3432
      2 3433
      2 3434
      3 3435
      1 3436
      3 3437
      2 3438
      4 3439
      2 3441
      4 3442
      2 3443
      2 3444
      4 3445
      2 3448
      1 3449
      1 3451
      3 3452
      5 3453
      3 3454
      4 3455
      2 3456
      2 3457
      3 3458
      3 3461
      2 3463
      3 3464
      1 3465
      1 3466
      2 3467
      3 3468
      2 3469
      1 3470
      3 3471
      2 3472
      4 3473
      3 3474
      4 3475
      1 3476
      1 3477
      4 3478
      2 3479
      2 3480
      3 3481
      1 3482
      3 3483
      1 3484
      2 3485
      2 3486
      2 3488
      2 3489
      3 3490
      2 3491
      2 3492
      2 3493
      3 3494
      2 3495
      1 3498
      1 3499
      1 3500
      2 3501
      4 3502
      2 3503
      1 3504
      3 3505
      1 3506
      3 3507
      2 3509
      1 3511
      1 3512
      1 3513
      5 3514
      3 3515
      3 3517
      1 3518
      2 3519
      1 3520
      3 3521
      2 3522
      2 3524
      2 3525
      2 3526
      2 3527
      3 3529
      2 3531
      1 3533
      1 3534
      3 3535
      2 3537
      2 3538
      2 3540
      2 3541
      2 3542
      1 3543
      3 3545
      1 3546
      3 3547
      1 3548
      1 3549
      1 3550
      3 3552
      2 3553
      3 3554
      2 3555
      2 3556
      2 3557
      1 3558
      1 3559
      3 3561
      1 3562
      1 3564
      1 3565
      1 3566
      2 3567
      2 3568
      4 3569
      3 3570
      1 3571
      2 3572
      1 3573
      1 3574
      2 3575
      2 3576
      1 3577
      1 3578
      1 3580
      1 3581
      1 3582
      1 3583
      1 3584
      5 3585
      2 3586
      3 3587
      1 3588
      1 3589
      1 3590
      3 3591
      2 3592
      1 3593
      3 3594
      1 3595
      1 3596
      2 3599
      4 3600
      1 3601
      3 3602
      1 3603
      1 3604
      1 3605
      1 3606
      1 3607
      1 3608
      2 3609
      2 3611
      1 3612
      2 3613
      2 3614
      4 3615
      2 3617
      4 3618
      1 3619
      1 3621
      1 3622
      1 3624
      1 3625
      3 3628
      5 3631
      6 3632
      1 3633
      1 3635
      1 3637
      2 3638
      1 3639
      1 3640
      1 3641
      2 3642
      1 3644
      1 3645
      3 3646
      1 3650
      1 3651
      2 3654
      2 3655
      1 3656
      1 3657
      2 3660
      2 3661
      1 3663
      2 3664
      2 3665
      2 3668
      2 3669
      2 3670
      1 3671
      1 3672
      2 3673
      1 3677
      1 3678
      1 3680
      1 3682
      1 3683
      1 3684
      2 3685
      1 3686
      2 3688
      1 3690
      1 3691
      3 3692
      2 3693
      2 3695
      1 3697
      1 3698
      2 3700
      3 3701
      1 3702
      1 3703
      1 3705
      2 3709
      2 3711
      1 3713
      1 3715
      1 3719
      1 3720
      1 3725
      1 3726
      2 3727
      1 3728
      2 3730
      1 3731
      1 3733
      1 3735
      1 3736
      2 3737
      1 3740
      1 3742
      2 3744
      2 3746
      1 3748
      3 3749
      1 3750
      1 3751
      1 3752
      1 3755
      1 3756
      2 3757
      1 3758
      4 3759
      1 3760
      2 3761
      1 3762
      1 3763
      2 3765
      1 3766
      1 3767
      1 3768
      1 3769
      1 3770
      2 3771
      2 3772
      1 3773
      1 3776
      3 3777
      2 3778
      1 3779
      2 3780
      1 3781
      2 3782
      2 3783
      1 3785
      1 3786
      1 3790
      2 3791
      2 3792
      2 3793
      2 3795
      1 3797
      1 3798
      1 3801
      3 3804
      3 3806
      1 3807
      1 3808
      1 3809
      1 3810
      1 3811
      2 3812
      1 3813
      2 3815
      1 3817
      1 3819
      2 3820
      1 3822
      2 3823
      3 3825
      2 3826
      1 3827
      1 3829
      3 3833
      2 3835
      3 3836
      1 3841
      1 3842
      1 3843
      1 3846
      1 3847
      1 3848
      1 3849
      2 3850
      2 3852
      1 3857
      2 3858
      2 3861
      1 3863
      2 3864
      5 3865
      1 3867
      1 3868
      1 3869
      2 3870
      1 3871
      2 3874
      1 3875
      1 3876
      1 3877
      1 3878
      1 3879
      1 3880
      1 3883
      1 3884
      1 3886
      1 3887
      1 3889
      1 3890
      1 3891
      1 3893
      1 3894
      2 3896
      2 3899
      2 3900
      1 3901
      1 3902
      1 3903
      1 3904
      1 3905
      3 3909
      2 3910
      1 3912
      1 3913
      2 3914
      1 3915
      2 3916
      2 3918
      1 3921
      2 3922
      1 3923
      1 3926
      1 3929
      1 3931
      2 3932
      1 3935
      3 3937
      1 3938
      3 3940
      1 3941
      1 3942
      1 3943
      2 3946
      1 3947
      1 3948
      1 3949
      2 3950
      1 3957
      1 3959
      1 3960
      1 3961
      2 3964
      1 3965
      1 3966
      2 3967
      2 3968
      3 3969
      2 3973
      1 3977
      1 3978
      2 3979
      1 3980
      1 3981
      2 3983
      1 3984
      3 3985
      1 3992
      2 3993
      1 3994
      1 3995
      1 3997
      1 3998
      1 4003
      1 4004
      2 4005
      3 4006
      1 4010
      3 4012
      1 4013
      2 4014
      2 4015
      2 4017
      1 4021
      3 4022
      1 4023
      1 4025
      1 4026
      1 4027
      2 4028
      1 4029
      1 4034
      1 4035
      1 4039
      3 4043
      2 4045
      2 4046
      1 4047
      1 4050
      4 4051
      1 4053
      1 4055
      2 4057
      1 4059
      2 4060
      1 4061
      2 4062
      1 4067
      1 4068
      2 4069
      1 4070
      1 4073
      1 4075
      1 4083
      1 4085
      1 4087
      2 4088
      1 4090
      2 4092
      1 4095
      2 4097
      1 4098
      1 4103
      1 4106
      1 4115
      1 4117
      2 4120
      2 4121
      1 4122
      1 4124
      2 4125
      1 4126
      4 4132
      1 4136
      1 4137
      4 4140
      3 4141
      1 4145
      1 4151
      1 4152
      2 4153
      2 4154
      1 4156
      4 4157
      1 4158
      1 4162
      1 4164
      1 4165
      2 4166
      1 4167
      1 4168
      1 4171
      1 4173
      2 4175
      1 4177
      1 4179
      1 4182
      1 4184
      2 4185
      1 4188
      1 4189
      1 4190
      1 4191
      2 4192
      1 4199
      3 4201
      1 4202
      1 4203
      2 4205
      1 4206
      1 4208
      1 4210
      1 4211
      1 4212
      1 4215
      1 4217
      1 4218
      1 4219
      1 4224
      1 4226
      2 4230
      1 4232
      1 4234
      1 4237
      1 4239
      1 4243
      1 4244
      1 4246
      1 4247
      1 4248
      1 4250
      1 4252
      1 4255
      2 4259
      1 4266
      1 4272
      1 4276
      1 4279
      1 4280
      1 4284
      1 4286
      2 4287
      1 4290
      1 4294
      1 4295
      2 4297
      2 4300
      1 4301
      1 4303
      1 4305
      3 4307
      1 4309
      1 4310
      2 4311
      1 4314
      1 4316
      2 4317
      1 4319
      1 4320
      1 4322
      1 4323
      1 4325
      2 4330
      2 4335
      1 4336
      2 4338
      1 4347
      1 4348
      1 4351
      1 4356
      2 4357
      1 4359
      2 4361
      1 4363
      1 4365
      1 4368
      1 4373
      2 4375
      1 4377
      1 4378
      2 4379
      1 4381
      1 4383
      1 4389
      1 4390
      1 4391
      1 4395
      1 4396
      1 4398
      1 4399
      1 4400
      1 4405
      1 4410
      1 4413
      1 4415
      1 4417
      1 4421
      1 4422
      2 4425
      1 4426
      1 4429
      2 4430
      2 4432
      1 4433
      1 4436
      1 4437
      2 4439
      1 4441
      1 4449
      1 4452
      1 4456
      1 4458
      1 4459
      2 4460
      1 4465
      2 4467
      1 4470
      1 4471
      1 4472
      1 4474
      1 4476
      1 4480
      1 4483
      1 4490
      1 4495
      1 4498
      1 4501
      2 4504
      1 4507
      1 4510
      2 4512
      2 4513
      1 4514
      1 4518
      1 4519
      1 4520
      1 4529
      1 4536
      1 4538
      1 4539
      2 4540
      1 4541
      1 4556
      1 4559
      1 4568
      1 4572
      2 4574
      1 4578
      1 4588
      1 4592
      1 4601
      1 4603
      1 4604
      1 4607
      1 4610
      1 4619
      1 4622
      1 4625
      2 4632
      1 4634
      1 4637
      4 4639
      2 4643
      1 4644
      3 4647
      1 4648
      1 4650
      2 4654
      1 4656
      1 4658
      1 4664
      1 4668
      1 4670
      1 4674
      2 4675
      1 4676
      1 4684
      1 4685
      1 4687
      1 4700
      1 4706
      1 4708
      1 4717
      1 4718
      1 4739
      2 4740
      1 4744
      1 4745
      1 4749
      1 4753
      1 4755
      1 4759
      1 4762
      1 4763
      2 4766
      1 4768
      1 4774
      1 4778
      1 4779
      3 4780
      1 4781
      1 4784
      2 4787
      2 4789
      1 4792
      1 4793
      1 4795
      1 4796
      1 4797
      1 4800
      1 4804
      1 4806
      1 4809
      1 4814
      1 4816
      1 4819
      2 4822
      1 4824
      2 4828
      1 4832
      1 4833
      1 4836
      1 4840
      1 4844
      1 4846
      1 4849
      1 4855
      1 4860
      2 4863
      1 4868
      1 4873
      1 4881
      1 4882
      1 4883
      1 4892
      1 4894
      1 4903
      1 4918
      2 4922
      1 4923
      1 4928
      1 4931
      1 4932
      1 4938
      1 4943
      1 4944
      1 4950
      1 4951
      1 4953
      2 4961
      1 4966
      1 4968
      1 4975
      1 4977
      1 4978
      1 4980
      1 4983
      1 4985
      1 4987
      2 4999
      1 5001
      1 5009
      1 5017
      1 5026
      1 5033
      1 5037
      1 5040
      1 5041
      1 5055
      1 5057
      1 5062
      1 5063
      2 5065
      1 5071
      1 5072
      1 5073
      1 5075
      1 5077
      1 5079
      1 5092
      1 5097
      2 5104
      2 5106
      1 5109
      1 5111
      1 5115
      1 5117
      2 5118
      1 5120
      1 5121
      1 5124
      1 5128
      1 5132
      2 5137
      1 5149
      1 5151
      1 5157
      1 5165
      2 5173
      1 5179
      2 5180
      1 5185
      1 5197
      1 5198
      1 5202
      1 5203
      1 5206
      1 5211
      1 5218
      1 5230
      1 5242
      1 5244
      2 5247
      1 5249
      1 5253
      2 5254
      1 5262
      1 5270
      1 5278
      1 5290
      1 5291
      1 5292
      1 5294
      1 5297
      2 5303
      1 5317
      1 5319
      1 5324
      1 5328
      1 5345
      1 5349
      1 5358
      2 5362
      1 5365
      1 5373
      2 5378
      1 5383
      1 5389
      1 5392
      1 5395
      1 5400
      1 5406
      1 5412
      1 5413
      1 5418
      1 5438
      1 5448
      1 5465
      1 5474
      1 5482
      1 5486
      2 5487
      1 5493
      1 5502
      1 5509
      1 5512
      1 5514
      1 5524
      1 5526
      2 5531
      1 5537
      1 5541
      1 5546
      1 5550
      1 5551
      1 5557
      1 5562
      1 5569
      1 5578
      1 5580
      1 5594
      1 5601
      2 5605
      1 5606
      1 5611
      1 5614
      1 5636
      2 5651
      1 5660
      2 5663
      1 5666
      1 5682
      1 5685
      1 5688
      1 5690
      1 5702
      1 5708
      1 5714
      1 5715
      1 5726
      1 5729
      1 5740
      1 5746
      1 5755
      1 5766
      1 5792
      1 5805
      1 5806
      1 5818
      1 5845
      1 5847
      2 5849
      1 5854
      1 5864
      1 5871
      1 5877
      1 5883
      1 5911
      1 5915
      1 5930
      1 5935
      1 5957
      1 5961
      1 5989
      1 5993
      1 5997
      1 5998
      1 6001
      1 6010
      1 6017
      1 6054
      1 6059
      1 6062
      1 6065
      1 6066
      1 6079
      1 6091
      1 6119
      1 6124
      1 6148
      1 6164
      1 6165
      1 6166
      1 6182
      1 6202
      1 6212
      1 6225
      1 6242
      1 6260
      1 6278
      1 6292
      1 6300
      1 6312
      1 6331
      1 6341
      1 6347
      1 6352
      1 6360
      1 6383
      1 6396
      1 6416
      1 6449
      1 6453
      1 6486
      1 6518
      1 6531
      1 6544
      1 6597
      1 6602
      1 6609
      1 6623
      1 6638
      1 6679
      1 6720
      1 6731
      1 6765
      1 6788
      1 6791
      1 6804
      1 6822
      1 6848
      1 6859
      1 6863
      1 6905
      1 6931
      1 6935
      1 6979
      1 7019
      1 7022
      1 7055
      1 7150
      1 7195
      1 7211
      1 7266
      1 7370
      1 7522
      1 7561
      1 7623
      1 7661
      1 7683
      1 7684
      1 7869
      1 7897
      1 7905
      1 8082
      1 8175
      1 8189
      1 8239
      1 8310
      1 8427
      1 8448
      1 8610
      1 8614
      1 8678
      1 8899
      1 8998
      1 9093
      1 9336
      1 9519
      1 9892
      1 10158
      1 10275
      1 10292
      1 10867
      1 11036
      1 11253
      1 11669
      1 12060
      1 12254
      1 13044
      1 13352
      1 13478
      1 28718
      1 65633
---AAD-PGBENCH-LAG-US---
