pgbench (18.6 (Debian 18.6-1.pgdg13+2))
starting vacuum...end.
transaction type: <builtin: select only>
scaling factor: 1000
query mode: simple
number of clients: 128
number of threads: 16
maximum number of tries: 1
duration: 60 s
number of transactions actually processed: 10387999
number of failed transactions: 0 (0.000%)
latency average = 0.736 ms
initial connection time = 243.575 ms
tps = 173814.318269 (without initial connection time)
---AAD-PGBENCH-LATENCY-US---
rc=0
samples=208307
      1 224
      1 232
      3 239
      1 241
      1 242
      2 244
      1 245
      2 247
      2 248
      1 250
      2 251
      3 252
      2 253
      2 255
      2 256
     11 257
      5 258
     12 259
      7 260
     11 261
     12 262
      9 263
     11 264
     20 265
      8 266
     22 267
     18 268
     14 269
     21 270
     25 271
     22 272
     25 273
     22 274
     22 275
     28 276
     37 277
     38 278
     30 279
     34 280
     31 281
     40 282
     34 283
     38 284
     37 285
     26 286
     30 287
     32 288
     34 289
     38 290
     33 291
     30 292
     30 293
     40 294
     33 295
     27 296
     39 297
     34 298
     44 299
     35 300
     26 301
     40 302
     42 303
     35 304
     26 305
     39 306
     39 307
     42 308
     48 309
     45 310
     36 311
     36 312
     48 313
     48 314
     53 315
     49 316
     61 317
     52 318
     42 319
     56 320
     68 321
     57 322
     74 323
     69 324
     68 325
     80 326
     68 327
     81 328
     92 329
     98 330
    105 331
    121 332
    117 333
    115 334
    151 335
    158 336
    154 337
    151 338
    182 339
    197 340
    177 341
    217 342
    212 343
    230 344
    235 345
    207 346
    221 347
    216 348
    213 349
    165 350
    206 351
    181 352
    205 353
    178 354
    139 355
    157 356
    154 357
    152 358
    150 359
    147 360
    150 361
    112 362
    119 363
    129 364
    119 365
    104 366
    139 367
     95 368
    113 369
    119 370
    108 371
    122 372
    124 373
    114 374
    131 375
     97 376
    120 377
    107 378
    127 379
    126 380
    108 381
    107 382
    113 383
    110 384
    127 385
    131 386
    117 387
    141 388
    107 389
    138 390
    142 391
    153 392
    158 393
    147 394
    184 395
    171 396
    193 397
    213 398
    212 399
    239 400
    247 401
    295 402
    264 403
    283 404
    320 405
    334 406
    361 407
    355 408
    407 409
    376 410
    415 411
    415 412
    448 413
    453 414
    470 415
    430 416
    410 417
    405 418
    387 419
    398 420
    402 421
    348 422
    419 423
    343 424
    302 425
    332 426
    355 427
    280 428
    300 429
    261 430
    294 431
    272 432
    259 433
    254 434
    279 435
    236 436
    227 437
    232 438
    247 439
    240 440
    242 441
    250 442
    254 443
    213 444
    234 445
    210 446
    232 447
    233 448
    230 449
    253 450
    240 451
    216 452
    234 453
    230 454
    232 455
    233 456
    252 457
    242 458
    204 459
    257 460
    244 461
    234 462
    258 463
    280 464
    275 465
    277 466
    315 467
    286 468
    308 469
    363 470
    366 471
    406 472
    418 473
    428 474
    453 475
    439 476
    471 477
    434 478
    523 479
    528 480
    551 481
    544 482
    552 483
    517 484
    532 485
    490 486
    510 487
    511 488
    425 489
    462 490
    471 491
    463 492
    406 493
    372 494
    426 495
    389 496
    344 497
    336 498
    314 499
    300 500
    362 501
    283 502
    312 503
    251 504
    299 505
    271 506
    285 507
    263 508
    265 509
    238 510
    231 511
    239 512
    229 513
    224 514
    221 515
    244 516
    246 517
    235 518
    254 519
    214 520
    240 521
    213 522
    230 523
    242 524
    197 525
    232 526
    211 527
    260 528
    248 529
    279 530
    292 531
    269 532
    273 533
    286 534
    262 535
    276 536
    300 537
    267 538
    307 539
    337 540
    291 541
    355 542
    378 543
    414 544
    412 545
    430 546
    409 547
    413 548
    431 549
    406 550
    423 551
    441 552
    489 553
    404 554
    458 555
    431 556
    415 557
    412 558
    418 559
    391 560
    385 561
    395 562
    399 563
    370 564
    369 565
    349 566
    358 567
    342 568
    329 569
    290 570
    317 571
    318 572
    297 573
    299 574
    277 575
    289 576
    287 577
    269 578
    296 579
    255 580
    280 581
    285 582
    291 583
    252 584
    304 585
    269 586
    287 587
    278 588
    288 589
    280 590
    269 591
    286 592
    272 593
    269 594
    281 595
    262 596
    286 597
    276 598
    289 599
    275 600
    327 601
    299 602
    301 603
    333 604
    344 605
    351 606
    356 607
    345 608
    359 609
    367 610
    422 611
    424 612
    407 613
    409 614
    481 615
    501 616
    441 617
    460 618
    497 619
    490 620
    524 621
    496 622
    512 623
    512 624
    474 625
    517 626
    502 627
    471 628
    450 629
    439 630
    451 631
    426 632
    356 633
    395 634
    428 635
    374 636
    380 637
    390 638
    353 639
    370 640
    323 641
    350 642
    294 643
    313 644
    357 645
    305 646
    296 647
    277 648
    310 649
    316 650
    288 651
    305 652
    301 653
    291 654
    272 655
    297 656
    280 657
    272 658
    261 659
    256 660
    280 661
    300 662
    265 663
    269 664
    247 665
    244 666
    288 667
    276 668
    288 669
    294 670
    278 671
    266 672
    290 673
    339 674
    288 675
    333 676
    314 677
    330 678
    364 679
    347 680
    352 681
    341 682
    362 683
    372 684
    394 685
    407 686
    436 687
    417 688
    436 689
    376 690
    437 691
    411 692
    389 693
    375 694
    385 695
    374 696
    341 697
    388 698
    375 699
    356 700
    330 701
    337 702
    280 703
    322 704
    324 705
    317 706
    311 707
    252 708
    311 709
    241 710
    269 711
    268 712
    286 713
    280 714
    250 715
    220 716
    240 717
    220 718
    243 719
    227 720
    217 721
    196 722
    240 723
    251 724
    213 725
    217 726
    212 727
    202 728
    218 729
    186 730
    205 731
    172 732
    201 733
    200 734
    204 735
    203 736
    204 737
    232 738
    202 739
    221 740
    196 741
    213 742
    202 743
    236 744
    220 745
    244 746
    230 747
    228 748
    255 749
    255 750
    233 751
    263 752
    253 753
    245 754
    244 755
    289 756
    303 757
    257 758
    274 759
    276 760
    273 761
    271 762
    287 763
    241 764
    262 765
    276 766
    261 767
    232 768
    230 769
    254 770
    208 771
    224 772
    237 773
    220 774
    213 775
    192 776
    172 777
    199 778
    206 779
    214 780
    181 781
    189 782
    178 783
    192 784
    171 785
    159 786
    188 787
    160 788
    173 789
    164 790
    180 791
    164 792
    169 793
    159 794
    172 795
    141 796
    159 797
    160 798
    166 799
    153 800
    152 801
    156 802
    157 803
    167 804
    160 805
    152 806
    165 807
    155 808
    189 809
    155 810
    175 811
    171 812
    165 813
    180 814
    170 815
    191 816
    178 817
    198 818
    208 819
    202 820
    181 821
    201 822
    184 823
    216 824
    190 825
    201 826
    221 827
    215 828
    225 829
    164 830
    203 831
    213 832
    203 833
    207 834
    238 835
    187 836
    203 837
    185 838
    192 839
    176 840
    192 841
    167 842
    172 843
    181 844
    171 845
    175 846
    148 847
    176 848
    140 849
    159 850
    175 851
    154 852
    135 853
    157 854
    158 855
    167 856
    144 857
    155 858
    135 859
    145 860
    166 861
    147 862
    172 863
    145 864
    142 865
    140 866
    133 867
    177 868
    132 869
    127 870
    145 871
    169 872
    182 873
    151 874
    149 875
    158 876
    139 877
    149 878
    166 879
    174 880
    159 881
    161 882
    185 883
    165 884
    170 885
    164 886
    173 887
    179 888
    187 889
    196 890
    198 891
    177 892
    183 893
    203 894
    224 895
    218 896
    209 897
    206 898
    217 899
    221 900
    215 901
    219 902
    209 903
    220 904
    183 905
    227 906
    198 907
    211 908
    198 909
    181 910
    182 911
    204 912
    169 913
    205 914
    181 915
    186 916
    152 917
    174 918
    177 919
    167 920
    162 921
    142 922
    160 923
    164 924
    134 925
    152 926
    181 927
    161 928
    170 929
    158 930
    135 931
    135 932
    187 933
    140 934
    168 935
    153 936
    139 937
    148 938
    137 939
    147 940
    139 941
    145 942
    143 943
    162 944
    150 945
    163 946
    157 947
    167 948
    140 949
    161 950
    168 951
    155 952
    188 953
    180 954
    172 955
    181 956
    199 957
    194 958
    185 959
    196 960
    195 961
    218 962
    198 963
    196 964
    233 965
    195 966
    199 967
    189 968
    210 969
    222 970
    187 971
    193 972
    225 973
    209 974
    205 975
    197 976
    173 977
    192 978
    187 979
    169 980
    191 981
    198 982
    175 983
    165 984
    167 985
    146 986
    165 987
    181 988
    158 989
    165 990
    156 991
    152 992
    157 993
    143 994
    154 995
    145 996
    131 997
    137 998
    166 999
    137 1000
    142 1001
    133 1002
    137 1003
    122 1004
    125 1005
    129 1006
    151 1007
    122 1008
    139 1009
    116 1010
    127 1011
    128 1012
    132 1013
    136 1014
    152 1015
    137 1016
    142 1017
    141 1018
    144 1019
    130 1020
    138 1021
    135 1022
    151 1023
    140 1024
    155 1025
    186 1026
    167 1027
    161 1028
    169 1029
    190 1030
    150 1031
    149 1032
    154 1033
    167 1034
    183 1035
    155 1036
    187 1037
    146 1038
    188 1039
    188 1040
    181 1041
    151 1042
    162 1043
    166 1044
    165 1045
    135 1046
    143 1047
    167 1048
    150 1049
    145 1050
    176 1051
    146 1052
    142 1053
    124 1054
    132 1055
    129 1056
    133 1057
    123 1058
    127 1059
    120 1060
    125 1061
    119 1062
    113 1063
    120 1064
    120 1065
    115 1066
    109 1067
    106 1068
    114 1069
    111 1070
    106 1071
    101 1072
    110 1073
    113 1074
    100 1075
    108 1076
    108 1077
    119 1078
    114 1079
    103 1080
     98 1081
    104 1082
     99 1083
     88 1084
    101 1085
    117 1086
    116 1087
    114 1088
    105 1089
    111 1090
    106 1091
    114 1092
    114 1093
    124 1094
    116 1095
    104 1096
    141 1097
    126 1098
    105 1099
    119 1100
    136 1101
    107 1102
    133 1103
    118 1104
    127 1105
    143 1106
    134 1107
    123 1108
    109 1109
    147 1110
    117 1111
    114 1112
    114 1113
     98 1114
    112 1115
    120 1116
    103 1117
    108 1118
     86 1119
     93 1120
    122 1121
    122 1122
    104 1123
     87 1124
     89 1125
     93 1126
     88 1127
     90 1128
     98 1129
     76 1130
     85 1131
     83 1132
     80 1133
     78 1134
    104 1135
     79 1136
     86 1137
     83 1138
     79 1139
     81 1140
     85 1141
     72 1142
     79 1143
     73 1144
     89 1145
     82 1146
     84 1147
     73 1148
     79 1149
     83 1150
     78 1151
     80 1152
     86 1153
     65 1154
     82 1155
     82 1156
     58 1157
     74 1158
     85 1159
     75 1160
     73 1161
     81 1162
     77 1163
     87 1164
     89 1165
     89 1166
     87 1167
     82 1168
     93 1169
     77 1170
     82 1171
     79 1172
     98 1173
     82 1174
     86 1175
     84 1176
     80 1177
     75 1178
     96 1179
    101 1180
     77 1181
     91 1182
     71 1183
     75 1184
     81 1185
     68 1186
     65 1187
     80 1188
     70 1189
     78 1190
     77 1191
     65 1192
     65 1193
     72 1194
     68 1195
     75 1196
     61 1197
     59 1198
     69 1199
     47 1200
     65 1201
     82 1202
     68 1203
     62 1204
     45 1205
     58 1206
     53 1207
     55 1208
     57 1209
     54 1210
     62 1211
     56 1212
     57 1213
     49 1214
     57 1215
     65 1216
     50 1217
     59 1218
     59 1219
     51 1220
     54 1221
     58 1222
     68 1223
     72 1224
     58 1225
     70 1226
     69 1227
     63 1228
     56 1229
     55 1230
     59 1231
     65 1232
     59 1233
     57 1234
     48 1235
     68 1236
     71 1237
     64 1238
     59 1239
     59 1240
     60 1241
     79 1242
     63 1243
     48 1244
     68 1245
     57 1246
     55 1247
     61 1248
     67 1249
     58 1250
     58 1251
     53 1252
     50 1253
     45 1254
     47 1255
     47 1256
     51 1257
     55 1258
     45 1259
     55 1260
     61 1261
     66 1262
     45 1263
     61 1264
     59 1265
     43 1266
     55 1267
     44 1268
     55 1269
     44 1270
     43 1271
     50 1272
     46 1273
     51 1274
     40 1275
     40 1276
     57 1277
     45 1278
     45 1279
     40 1280
     40 1281
     36 1282
     45 1283
     43 1284
     36 1285
     35 1286
     34 1287
     54 1288
     48 1289
     31 1290
     40 1291
     48 1292
     39 1293
     38 1294
     39 1295
     51 1296
     39 1297
     33 1298
     38 1299
     45 1300
     44 1301
     46 1302
     65 1303
     46 1304
     52 1305
     45 1306
     43 1307
     50 1308
     46 1309
     45 1310
     50 1311
     52 1312
     54 1313
     41 1314
     48 1315
     48 1316
     43 1317
     53 1318
     49 1319
     50 1320
     46 1321
     44 1322
     52 1323
     44 1324
     42 1325
     42 1326
     37 1327
     40 1328
     40 1329
     39 1330
     47 1331
     46 1332
     40 1333
     44 1334
     47 1335
     38 1336
     36 1337
     24 1338
     30 1339
     33 1340
     36 1341
     38 1342
     23 1343
     38 1344
     26 1345
     30 1346
     29 1347
     30 1348
     31 1349
     39 1350
     32 1351
     31 1352
     49 1353
     32 1354
     29 1355
     27 1356
     23 1357
     19 1358
     28 1359
     27 1360
     29 1361
     29 1362
     28 1363
     26 1364
     29 1365
     33 1366
     23 1367
     21 1368
     32 1369
     30 1370
     33 1371
     31 1372
     23 1373
     32 1374
     27 1375
     27 1376
     28 1377
     45 1378
     33 1379
     31 1380
     33 1381
     30 1382
     24 1383
     28 1384
     30 1385
     28 1386
     32 1387
     33 1388
     35 1389
     25 1390
     39 1391
     25 1392
     26 1393
     28 1394
     32 1395
     22 1396
     26 1397
     33 1398
     26 1399
     19 1400
     24 1401
     27 1402
     28 1403
     17 1404
     25 1405
     20 1406
     31 1407
     25 1408
     24 1409
     20 1410
     24 1411
     26 1412
     19 1413
     19 1414
     29 1415
     26 1416
     26 1417
     21 1418
     16 1419
     19 1420
     20 1421
     22 1422
     16 1423
     29 1424
     22 1425
     13 1426
     25 1427
     22 1428
     17 1429
     28 1430
     20 1431
     34 1432
     23 1433
     29 1434
     25 1435
     17 1436
     24 1437
     25 1438
     31 1439
     23 1440
     22 1441
     25 1442
     18 1443
     23 1444
     17 1445
     18 1446
     32 1447
     35 1448
     20 1449
     19 1450
     26 1451
     28 1452
     27 1453
     20 1454
     25 1455
     19 1456
     25 1457
     20 1458
     21 1459
      9 1460
     24 1461
     15 1462
     21 1463
     20 1464
     15 1465
     16 1466
     19 1467
     14 1468
     19 1469
     21 1470
     15 1471
     15 1472
     12 1473
     19 1474
     12 1475
     12 1476
     15 1477
     25 1478
     17 1479
     15 1480
     19 1481
     22 1482
     18 1483
     24 1484
     20 1485
     16 1486
     14 1487
     17 1488
     14 1489
     10 1490
     10 1491
     13 1492
     15 1493
     11 1494
     22 1495
     21 1496
     15 1497
     17 1498
     17 1499
     14 1500
     19 1501
      5 1502
     16 1503
     10 1504
     21 1505
     17 1506
     15 1507
     17 1508
     11 1509
     16 1510
     13 1511
     16 1512
     10 1513
     13 1514
     24 1515
     23 1516
     13 1517
     13 1518
     15 1519
     17 1520
     15 1521
     16 1522
     14 1523
     19 1524
     14 1525
     16 1526
     16 1527
     14 1528
     14 1529
     10 1530
     13 1531
     16 1532
     11 1533
     11 1534
     10 1535
     12 1536
     12 1537
     19 1538
     12 1539
     14 1540
     16 1541
      9 1542
     11 1543
     17 1544
     10 1545
     11 1546
     11 1547
     15 1548
     15 1549
     12 1550
     10 1551
     13 1552
      7 1553
     17 1554
      8 1555
     11 1556
      9 1557
     12 1558
      9 1559
      9 1560
      4 1561
      8 1562
     12 1563
      4 1564
      6 1565
     11 1566
      4 1567
      5 1568
     13 1569
      6 1570
     12 1571
      8 1572
     10 1573
     12 1574
     11 1575
     11 1576
      7 1577
      9 1578
     11 1579
      9 1580
     10 1581
     11 1582
      7 1583
     11 1584
      7 1585
     11 1586
     14 1587
      6 1588
     12 1589
      9 1590
      7 1591
     10 1592
      7 1593
     10 1594
     13 1595
     13 1596
      9 1597
     12 1598
     10 1599
     14 1600
      7 1601
     10 1602
     10 1603
     13 1604
     12 1605
      4 1606
      7 1607
      7 1608
      7 1609
     10 1610
      5 1611
     12 1612
     10 1613
      4 1614
      9 1615
      9 1616
     11 1617
      6 1618
      7 1619
      5 1620
      6 1621
      5 1622
      7 1623
      6 1624
      4 1625
      7 1626
      4 1627
      7 1628
      5 1629
      9 1630
      5 1631
      7 1632
      9 1633
      7 1634
     14 1635
      2 1636
      3 1637
      8 1638
      5 1639
      7 1640
      6 1641
     12 1642
      3 1643
      9 1644
      6 1645
      5 1646
      2 1647
      6 1648
      5 1649
      8 1650
      6 1651
      6 1652
      2 1653
      8 1654
      8 1655
      9 1656
     12 1657
      5 1658
      6 1659
      6 1660
      6 1661
      5 1662
     11 1663
      2 1664
      5 1665
      5 1666
      6 1667
      9 1668
      8 1669
      5 1670
      2 1671
      6 1672
      3 1673
      4 1674
      5 1675
      6 1676
      4 1677
      8 1678
      2 1679
      6 1680
      8 1681
      6 1683
      2 1684
      4 1685
      4 1686
      6 1687
      3 1688
      2 1689
      5 1690
      6 1691
      3 1692
      4 1693
      1 1694
      7 1695
      6 1696
      2 1697
      6 1698
      4 1699
      5 1700
      5 1701
      2 1702
      3 1703
      4 1704
      4 1705
      4 1706
      5 1707
      2 1708
      2 1709
      3 1710
      5 1711
      5 1712
      6 1713
      7 1714
      1 1715
      8 1716
      6 1717
      3 1718
      6 1719
      3 1720
      5 1721
      4 1722
      1 1723
      1 1724
      5 1725
      5 1726
      5 1727
      1 1728
      2 1729
      4 1730
      6 1731
      2 1732
      4 1733
      1 1734
      4 1735
      2 1736
      5 1737
      1 1738
      2 1739
      1 1740
      4 1741
      3 1742
      3 1743
      3 1744
      4 1745
      4 1746
      4 1747
      2 1748
      3 1749
      3 1750
      3 1751
      5 1752
      3 1753
      5 1754
      2 1755
      2 1756
      5 1758
      3 1760
      1 1761
      2 1762
      4 1763
      3 1764
      1 1765
      5 1767
      4 1768
      1 1769
      6 1770
      1 1771
      7 1772
      3 1773
      1 1774
      2 1775
      2 1776
      1 1777
      6 1778
      1 1779
      2 1780
      3 1781
      1 1782
      1 1783
      2 1784
      4 1785
      5 1786
      3 1788
      1 1789
      2 1790
      6 1791
      3 1793
      4 1794
      2 1799
      2 1800
      2 1801
      1 1802
      3 1804
      2 1805
      2 1806
      3 1807
      3 1808
      4 1809
      2 1810
      2 1811
      1 1812
      3 1813
      5 1814
      6 1815
      2 1816
      1 1817
      2 1818
      4 1819
      2 1820
      1 1821
      1 1822
      2 1823
      2 1824
      3 1825
      5 1826
      2 1827
      2 1828
      3 1829
      2 1830
      1 1831
      2 1832
      2 1833
      1 1834
      2 1836
      1 1837
      2 1838
      3 1839
      1 1840
      1 1841
      2 1842
      1 1844
      3 1846
      2 1847
      2 1848
      1 1849
      1 1850
      3 1851
      3 1852
      1 1853
      2 1855
      1 1856
      1 1857
      2 1858
      2 1859
      1 1860
      1 1861
      2 1862
      1 1863
      1 1864
      2 1865
      1 1866
      4 1867
      3 1870
      3 1871
      1 1872
      3 1873
      4 1874
      2 1875
      2 1876
      2 1877
      2 1879
      3 1880
      1 1881
      1 1883
      1 1886
      2 1888
      2 1889
      2 1890
      1 1891
      1 1892
      3 1893
      2 1894
      3 1895
      1 1897
      1 1898
      1 1899
      1 1900
      3 1901
      3 1902
      1 1903
      2 1904
      2 1905
      2 1906
      3 1908
      1 1909
      3 1910
      1 1911
      3 1913
      1 1915
      1 1916
      1 1917
      2 1918
      2 1919
      1 1920
      1 1921
      1 1923
      2 1924
      2 1925
      3 1926
      3 1927
      1 1928
      2 1929
      2 1931
      1 1932
      1 1933
      3 1934
      4 1935
      2 1936
      1 1937
      2 1938
      1 1940
      5 1941
      1 1942
      3 1943
      2 1947
      1 1949
      1 1950
      2 1951
      1 1954
      1 1955
      1 1958
      4 1960
      2 1961
      2 1962
      1 1965
      2 1969
      1 1970
      1 1971
      1 1973
      1 1974
      1 1976
      2 1977
      2 1978
      2 1979
      1 1980
      1 1981
      1 1982
      2 1983
      2 1984
      3 1985
      1 1986
      1 1987
      2 1988
      1 1989
      2 1991
      1 1992
      1 1993
      1 1995
      1 1996
      1 1997
      3 2001
      2 2002
      3 2004
      2 2006
      2 2007
      1 2009
      3 2010
      1 2014
      3 2017
      2 2018
      1 2019
      1 2020
      1 2021
      2 2022
      1 2024
      1 2025
      1 2026
      2 2027
      1 2028
      1 2029
      2 2030
      2 2032
      4 2033
      2 2034
      2 2035
      1 2037
      2 2040
      1 2043
      3 2044
      1 2045
      3 2046
      1 2054
      1 2059
      1 2061
      1 2062
      2 2065
      2 2066
      2 2067
      1 2068
      2 2069
      2 2070
      3 2071
      1 2072
      2 2074
      1 2076
      1 2077
      2 2078
      2 2080
      2 2082
      1 2083
      1 2085
      1 2088
      1 2089
      2 2090
      1 2091
      1 2093
      1 2102
      1 2103
      1 2104
      2 2105
      1 2107
      1 2109
      1 2111
      1 2113
      1 2114
      1 2115
      3 2116
      1 2117
      1 2120
      2 2122
      1 2123
      1 2125
      1 2126
      1 2127
      1 2128
      1 2130
      1 2132
      2 2133
      2 2134
      1 2136
      1 2137
      1 2138
      1 2139
      1 2141
      1 2142
      2 2144
      1 2147
      2 2148
      1 2149
      1 2154
      1 2161
      1 2163
      2 2164
      1 2165
      2 2166
      1 2167
      3 2168
      1 2169
      2 2171
      1 2174
      1 2176
      1 2180
      1 2182
      2 2184
      1 2186
      1 2191
      2 2192
      1 2195
      2 2197
      1 2198
      1 2199
      1 2200
      3 2204
      2 2207
      1 2208
      1 2210
      2 2215
      1 2220
      2 2225
      2 2227
      1 2229
      1 2230
      1 2234
      1 2235
      1 2237
      1 2238
      1 2242
      1 2244
      1 2245
      1 2249
      1 2251
      2 2254
      1 2255
      1 2256
      1 2257
      1 2258
      2 2259
      1 2261
      2 2262
      2 2263
      1 2266
      1 2267
      1 2268
      1 2271
      1 2272
      1 2275
      1 2276
      1 2277
      2 2278
      1 2281
      2 2282
      1 2283
      1 2284
      1 2287
      2 2289
      1 2294
      2 2297
      1 2311
      2 2314
      2 2317
      1 2322
      2 2324
      2 2325
      1 2326
      2 2328
      1 2329
      1 2330
      1 2333
      1 2335
      1 2336
      1 2340
      1 2342
      3 2344
      2 2345
      1 2346
      3 2347
      2 2350
      2 2354
      1 2355
      2 2356
      1 2357
      1 2358
      1 2363
      1 2364
      1 2368
      3 2369
      1 2370
      1 2371
      1 2374
      1 2377
      2 2379
      2 2381
      1 2382
      1 2383
      2 2384
      1 2386
      1 2389
      2 2392
      1 2393
      1 2400
      2 2403
      1 2404
      1 2406
      1 2408
      1 2409
      1 2411
      1 2415
      1 2416
      1 2418
      1 2419
      2 2420
      2 2422
      1 2424
      1 2425
      1 2427
      2 2428
      1 2429
      1 2432
      2 2438
      2 2441
      1 2442
      1 2443
      2 2445
      1 2447
      1 2449
      2 2450
      1 2451
      1 2454
      1 2459
      1 2473
      1 2476
      1 2479
      1 2481
      1 2485
      1 2486
      1 2488
      1 2495
      1 2502
      1 2504
      1 2507
      1 2509
      2 2513
      1 2516
      1 2518
      1 2520
      1 2527
      1 2531
      1 2534
      1 2538
      1 2539
      1 2540
      1 2544
      1 2545
      2 2548
      1 2549
      1 2556
      1 2560
      2 2561
      1 2564
      1 2569
      1 2572
      2 2579
      2 2590
      1 2591
      1 2593
      1 2601
      1 2608
      1 2610
      1 2614
      1 2621
      1 2626
      1 2634
      1 2641
      1 2644
      1 2647
      2 2651
      4 2656
      1 2661
      1 2665
      1 2671
      1 2681
      1 2683
      1 2688
      1 2689
      2 2696
      1 2697
      2 2705
      1 2712
      3 2717
      1 2718
      1 2721
      1 2722
      1 2738
      1 2753
      1 2754
      1 2755
      1 2758
      1 2759
      1 2764
      1 2767
      1 2772
      1 2779
      1 2786
      2 2787
      1 2801
      1 2804
      1 2805
      1 2813
      1 2837
      1 2840
      1 2861
      1 2867
      1 2872
      1 2885
      1 2900
      1 2911
      1 2913
      1 2938
      1 2940
      1 2956
      1 2964
      1 2981
      1 3003
      1 3007
      1 3022
      1 3039
      1 3063
      2 3125
      1 3137
      1 3182
      1 3187
      1 3189
      1 3210
      1 3221
      1 3227
      1 3233
      1 3270
      1 3283
      1 3307
      1 3316
      1 3330
      1 3378
      1 3409
      1 3432
      1 3462
      1 3464
      1 3469
      1 3473
      1 3489
      1 3515
      1 3557
      1 3572
      1 3647
      1 3771
      1 3806
      1 3898
      1 3911
      1 3917
      1 3979
      1 3983
      1 4012
      1 4178
      2 4279
      1 4305
      1 4457
      1 4553
      1 4737
      1 5216
      1 5284
      1 5399
      1 5496
      1 5689
      1 5995
      1 6025
      1 6321
      1 6323
      1 6461
      1 6481
      1 7220
      1 7224
      1 7368
      1 8082
      1 8500
      1 9627
      1 10345
      1 10810
      1 10956
      1 11254
      1 12302
      1 12532
      1 15943
      1 17421
      1 18820
      1 21980
      1 21987
      1 22915
      1 24976
---AAD-PGBENCH-LAG-US---
