pgbench (18.6 (Debian 18.6-1.pgdg13+2))
starting vacuum...end.
transaction type: <builtin: select only>
scaling factor: 1000
query mode: simple
number of clients: 32
number of threads: 16
maximum number of tries: 1
duration: 60 s
number of transactions actually processed: 5931053
number of failed transactions: 0 (0.000%)
latency average = 0.324 ms
initial connection time = 10.632 ms
tps = 98867.483184 (without initial connection time)
---AAD-PGBENCH-LATENCY-US---
rc=0
samples=118882
      1 215
      3 219
      1 220
      2 221
      4 222
      5 223
      2 224
      7 225
      7 226
      7 227
     11 228
     16 229
     19 230
     20 231
     36 232
     30 233
     56 234
     61 235
     55 236
     69 237
     72 238
     96 239
    100 240
    144 241
    150 242
    163 243
    161 244
    192 245
    209 246
    231 247
    270 248
    298 249
    288 250
    316 251
    355 252
    369 253
    403 254
    422 255
    394 256
    439 257
    461 258
    501 259
    561 260
    558 261
    649 262
    657 263
    699 264
    735 265
    763 266
    839 267
    934 268
    980 269
    954 270
    958 271
   1073 272
   1067 273
   1152 274
   1264 275
   1295 276
   1298 277
   1177 278
   1161 279
   1109 280
   1106 281
   1095 282
   1035 283
   1046 284
    996 285
   1022 286
   1001 287
    928 288
    947 289
    920 290
    924 291
    905 292
    834 293
    860 294
    845 295
    847 296
    859 297
    789 298
    874 299
    864 300
    818 301
    873 302
    834 303
    865 304
    873 305
    828 306
    831 307
    796 308
    819 309
    866 310
    857 311
    805 312
    768 313
    829 314
    829 315
    920 316
    864 317
    806 318
    867 319
    850 320
    923 321
    913 322
    949 323
    976 324
    931 325
   1002 326
   1005 327
   1046 328
   1052 329
   1087 330
   1110 331
   1039 332
   1094 333
   1028 334
   1143 335
   1070 336
   1103 337
   1182 338
   1071 339
   1020 340
   1069 341
    971 342
    977 343
   1028 344
   1051 345
   1028 346
    917 347
    805 348
    845 349
    744 350
    730 351
    688 352
    659 353
    647 354
    625 355
    564 356
    560 357
    493 358
    490 359
    512 360
    432 361
    474 362
    411 363
    402 364
    386 365
    448 366
    367 367
    385 368
    348 369
    362 370
    320 371
    319 372
    322 373
    308 374
    289 375
    328 376
    255 377
    291 378
    299 379
    247 380
    281 381
    288 382
    278 383
    251 384
    236 385
    297 386
    233 387
    288 388
    251 389
    257 390
    247 391
    247 392
    224 393
    241 394
    220 395
    239 396
    267 397
    249 398
    259 399
    228 400
    230 401
    217 402
    214 403
    241 404
    225 405
    195 406
    207 407
    201 408
    188 409
    176 410
    165 411
    171 412
    146 413
    163 414
    164 415
    135 416
    120 417
    112 418
    117 419
    110 420
    123 421
    106 422
    126 423
    113 424
     86 425
     84 426
     90 427
     77 428
     77 429
     81 430
     69 431
     86 432
     77 433
     79 434
     86 435
     69 436
     70 437
     64 438
     62 439
     61 440
     41 441
     60 442
     70 443
     55 444
     59 445
     51 446
     57 447
     56 448
     72 449
     60 450
     54 451
     44 452
     44 453
     57 454
     45 455
     41 456
     48 457
     50 458
     55 459
     58 460
     47 461
     47 462
     44 463
     38 464
     40 465
     39 466
     38 467
     44 468
     36 469
     41 470
     37 471
     49 472
     35 473
     35 474
     29 475
     28 476
     32 477
     25 478
     29 479
     33 480
     40 481
     28 482
     34 483
     35 484
     42 485
     29 486
     22 487
     39 488
     29 489
     30 490
     31 491
     35 492
     34 493
     28 494
     31 495
     28 496
     24 497
     33 498
     25 499
     26 500
     30 501
     26 502
     17 503
     29 504
     19 505
     31 506
     19 507
     18 508
     20 509
     24 510
     21 511
     23 512
     13 513
     17 514
     22 515
     12 516
     14 517
     19 518
     18 519
     23 520
     16 521
     20 522
     15 523
     19 524
      8 525
     18 526
     15 527
     15 528
     17 529
     14 530
     11 531
     11 532
     15 533
     17 534
     16 535
     17 536
     16 537
     15 538
      6 539
     15 540
     15 541
     13 542
     12 543
     10 544
     13 545
     10 546
     11 547
      9 548
     10 549
      6 550
      9 551
      8 552
      5 553
     17 554
     11 555
     10 556
      6 557
      7 558
     10 559
      8 560
      8 561
      7 562
      3 563
      6 564
      7 565
      7 566
      9 567
      6 568
      3 569
      8 570
      4 571
      9 572
      8 573
      5 574
      2 575
      3 576
      4 577
      8 578
      4 579
      9 580
      3 581
      5 582
      5 583
      5 584
      7 585
      5 586
      7 587
      6 588
      7 589
      5 590
      6 591
      6 592
      6 593
      3 594
      2 595
      6 596
      6 597
      2 598
      3 599
      2 600
      3 601
      2 602
      4 605
      2 606
      2 607
      2 608
      3 609
      1 611
      4 612
      2 613
      1 614
      2 616
      1 617
      1 619
      2 620
      1 622
      1 623
      1 625
      1 626
      2 630
      1 632
      1 634
      1 635
      1 638
      2 640
      1 641
      1 645
      2 646
      1 647
      2 650
      1 653
      1 654
      1 655
      1 656
      2 657
      1 658
      2 659
      1 660
      1 664
      1 667
      1 668
      1 670
      1 672
      1 673
      1 675
      1 676
      1 683
      1 685
      1 688
      1 690
      1 693
      1 697
      1 709
      1 712
      1 730
      1 1059
      1 1597
---AAD-PGBENCH-LAG-US---
