pgbench (18.6 (Debian 18.6-1.pgdg13+2))
starting vacuum...end.
transaction type: <builtin: select only>
scaling factor: 1000
query mode: simple
number of clients: 64
number of threads: 16
maximum number of tries: 1
duration: 60 s
number of transactions actually processed: 10103893
number of failed transactions: 0 (0.000%)
latency average = 0.380 ms
initial connection time = 82.482 ms
tps = 168627.080150 (without initial connection time)
---AAD-PGBENCH-LATENCY-US---
rc=0
samples=202590
      1 221
      2 225
      2 226
      3 227
      1 228
      1 229
      1 230
      5 231
      4 232
      3 233
      6 234
      5 235
      4 236
      7 237
     13 238
     12 239
     16 240
      9 241
     16 242
     16 243
     29 244
     28 245
     31 246
     36 247
     22 248
     39 249
     42 250
     51 251
     52 252
     52 253
     49 254
     69 255
     90 256
     94 257
    101 258
    118 259
    141 260
    144 261
    137 262
    168 263
    184 264
    211 265
    197 266
    243 267
    247 268
    268 269
    295 270
    316 271
    340 272
    394 273
    391 274
    409 275
    437 276
    425 277
    454 278
    470 279
    469 280
    464 281
    461 282
    485 283
    478 284
    465 285
    439 286
    467 287
    507 288
    446 289
    467 290
    455 291
    446 292
    431 293
    461 294
    431 295
    446 296
    424 297
    430 298
    486 299
    506 300
    492 301
    448 302
    480 303
    462 304
    512 305
    445 306
    503 307
    514 308
    502 309
    531 310
    580 311
    514 312
    579 313
    574 314
    644 315
    617 316
    612 317
    671 318
    648 319
    772 320
    686 321
    783 322
    788 323
    828 324
    895 325
    926 326
   1030 327
   1019 328
   1111 329
   1202 330
   1237 331
   1364 332
   1377 333
   1478 334
   1622 335
   1694 336
   1847 337
   1919 338
   2010 339
   2177 340
   2219 341
   2274 342
   2393 343
   2516 344
   2773 345
   2660 346
   2558 347
   2292 348
   2274 349
   2230 350
   2129 351
   2063 352
   1908 353
   1861 354
   1750 355
   1710 356
   1699 357
   1557 358
   1485 359
   1456 360
   1362 361
   1311 362
   1308 363
   1193 364
   1197 365
   1206 366
   1136 367
   1093 368
   1090 369
   1045 370
   1062 371
   1041 372
   1036 373
   1013 374
    981 375
    969 376
    884 377
    898 378
    877 379
    955 380
    902 381
    857 382
    907 383
    836 384
    906 385
    871 386
    852 387
    856 388
    883 389
    901 390
    883 391
    934 392
    877 393
    936 394
    895 395
    916 396
    951 397
    935 398
   1025 399
   1069 400
   1074 401
   1074 402
   1146 403
   1181 404
   1216 405
   1218 406
   1202 407
   1151 408
   1292 409
   1315 410
   1297 411
   1328 412
   1341 413
   1286 414
   1278 415
   1278 416
   1209 417
   1170 418
   1105 419
   1082 420
   1036 421
    916 422
    924 423
    885 424
    901 425
    835 426
    742 427
    767 428
    697 429
    692 430
    641 431
    637 432
    583 433
    559 434
    536 435
    524 436
    549 437
    496 438
    507 439
    504 440
    438 441
    452 442
    469 443
    425 444
    412 445
    428 446
    410 447
    427 448
    422 449
    411 450
    429 451
    374 452
    393 453
    359 454
    357 455
    350 456
    366 457
    346 458
    351 459
    346 460
    366 461
    355 462
    372 463
    381 464
    361 465
    309 466
    354 467
    381 468
    335 469
    335 470
    346 471
    384 472
    368 473
    391 474
    365 475
    393 476
    374 477
    355 478
    388 479
    362 480
    381 481
    336 482
    369 483
    325 484
    366 485
    320 486
    295 487
    318 488
    293 489
    281 490
    282 491
    283 492
    249 493
    223 494
    236 495
    212 496
    237 497
    214 498
    212 499
    221 500
    175 501
    184 502
    161 503
    176 504
    164 505
    156 506
    139 507
    149 508
    148 509
    146 510
    129 511
    120 512
    132 513
    117 514
    116 515
    127 516
    115 517
    127 518
    108 519
    114 520
    100 521
    119 522
     90 523
     91 524
    100 525
     93 526
     96 527
     84 528
     87 529
     86 530
     84 531
    100 532
     83 533
     75 534
     90 535
     98 536
     75 537
     93 538
    112 539
     76 540
     75 541
     85 542
     89 543
     81 544
     77 545
     88 546
     56 547
     76 548
     64 549
     70 550
     67 551
     51 552
     67 553
     59 554
     54 555
     66 556
     64 557
     51 558
     68 559
     63 560
     38 561
     38 562
     38 563
     50 564
     35 565
     55 566
     44 567
     46 568
     38 569
     39 570
     39 571
     25 572
     40 573
     36 574
     24 575
     42 576
     28 577
     30 578
     27 579
     37 580
     28 581
     31 582
     32 583
     36 584
     14 585
     21 586
     30 587
     24 588
     24 589
     23 590
     34 591
     26 592
     20 593
     26 594
     25 595
     26 596
     25 597
     17 598
     18 599
     20 600
     20 601
     27 602
     28 603
     17 604
     17 605
     15 606
     17 607
     16 608
     19 609
     22 610
     12 611
     18 612
     14 613
     10 614
     16 615
     15 616
     11 617
     21 618
     10 619
     17 620
     11 621
     23 622
     16 623
     11 624
     13 625
     13 626
      5 627
      9 628
     12 629
      8 630
     14 631
     14 632
      9 633
     12 634
      8 635
      9 636
     12 637
      8 638
      8 639
      5 640
     10 641
      7 642
      7 643
      4 644
     11 645
     10 646
      9 647
      5 648
      3 649
      7 650
      3 651
      8 652
      5 653
      8 654
      5 655
      5 656
      8 657
      2 658
      1 659
      6 660
      5 661
     11 662
      5 663
      4 664
      5 665
      4 666
      6 667
      1 668
      2 669
      3 670
      4 671
      3 672
      6 673
      6 674
      3 675
      6 676
      3 677
      2 678
      1 679
      2 680
      1 681
      7 682
      4 683
      1 684
      1 685
      4 686
      3 687
      2 688
      2 689
      4 691
      3 692
      3 693
      4 695
      2 696
      2 697
      3 698
      3 699
      3 701
      4 702
      4 703
      1 704
      1 705
      4 706
      2 707
      2 708
      2 709
      3 711
      2 712
      2 713
      3 714
      2 715
      2 716
      3 718
      1 719
      1 720
      1 721
      3 724
      3 725
      2 726
      2 727
      2 728
      2 729
      1 731
      2 732
      1 733
      1 734
      3 735
      1 736
      1 737
      2 741
      1 743
      1 745
      1 747
      2 748
      1 749
      1 750
      1 754
      1 755
      1 756
      1 757
      1 758
      1 760
      1 761
      1 764
      1 767
      1 768
      2 770
      1 773
      1 776
      1 778
      1 780
      5 782
      1 783
      1 789
      1 792
      2 794
      1 795
      1 797
      1 798
      1 800
      1 805
      1 808
      1 819
      1 824
      2 851
      1 852
      1 853
      1 856
      1 859
      1 864
      1 866
      1 868
      1 869
      1 878
      1 893
      1 904
      1 907
      1 915
      1 916
      1 955
      1 976
      1 978
      1 1215
      1 1446
      1 1790
      1 1939
      1 2956
      1 3563
      1 3661
      1 9014
---AAD-PGBENCH-LAG-US---
