pgbench (18.6 (Debian 18.6-1.pgdg13+2))
starting vacuum...end.
transaction type: <builtin: select only>
scaling factor: 1000
query mode: simple
number of clients: 64
number of threads: 16
maximum number of tries: 1
duration: 60 s
number of transactions actually processed: 10137654
number of failed transactions: 0 (0.000%)
latency average = 0.378 ms
initial connection time = 128.991 ms
tps = 169322.219506 (without initial connection time)
---AAD-PGBENCH-LATENCY-US---
rc=0
samples=204075
      1 223
      1 225
      1 227
      4 229
      2 230
      4 232
      4 233
      2 234
      6 235
      6 236
      8 237
      6 238
      8 239
     16 240
     19 241
     12 242
     14 243
     13 244
     17 245
     21 246
     36 247
     30 248
     25 249
     35 250
     38 251
     51 252
     55 253
     57 254
     68 255
     80 256
     74 257
    100 258
     83 259
    118 260
    140 261
    132 262
    174 263
    217 264
    191 265
    223 266
    231 267
    244 268
    290 269
    306 270
    357 271
    373 272
    389 273
    398 274
    428 275
    472 276
    478 277
    452 278
    473 279
    507 280
    501 281
    474 282
    505 283
    531 284
    475 285
    439 286
    457 287
    506 288
    428 289
    422 290
    447 291
    472 292
    452 293
    424 294
    478 295
    440 296
    431 297
    462 298
    451 299
    430 300
    509 301
    468 302
    479 303
    486 304
    506 305
    488 306
    512 307
    518 308
    517 309
    529 310
    509 311
    528 312
    576 313
    582 314
    626 315
    660 316
    622 317
    666 318
    656 319
    672 320
    694 321
    768 322
    817 323
    857 324
    858 325
    937 326
    966 327
   1035 328
   1113 329
   1159 330
   1280 331
   1383 332
   1423 333
   1570 334
   1643 335
   1839 336
   1871 337
   1994 338
   2086 339
   2163 340
   2313 341
   2456 342
   2494 343
   2661 344
   2903 345
   2968 346
   2787 347
   2655 348
   2399 349
   2287 350
   2212 351
   2060 352
   2012 353
   1846 354
   1863 355
   1799 356
   1644 357
   1656 358
   1507 359
   1442 360
   1397 361
   1311 362
   1265 363
   1233 364
   1144 365
   1127 366
   1106 367
   1102 368
   1030 369
   1057 370
   1017 371
   1014 372
    985 373
   1011 374
    904 375
    914 376
    954 377
    860 378
    829 379
    827 380
    836 381
    873 382
    818 383
    785 384
    790 385
    829 386
    804 387
    829 388
    842 389
    800 390
    776 391
    846 392
    873 393
    877 394
    929 395
    887 396
    941 397
   1000 398
    981 399
   1000 400
   1110 401
   1091 402
   1117 403
   1197 404
   1251 405
   1266 406
   1309 407
   1346 408
   1326 409
   1339 410
   1388 411
   1475 412
   1494 413
   1443 414
   1480 415
   1416 416
   1331 417
   1299 418
   1246 419
   1067 420
   1147 421
   1026 422
    994 423
    896 424
    877 425
    833 426
    780 427
    782 428
    720 429
    695 430
    700 431
    628 432
    604 433
    611 434
    584 435
    533 436
    512 437
    496 438
    487 439
    448 440
    447 441
    413 442
    409 443
    383 444
    416 445
    398 446
    399 447
    387 448
    390 449
    362 450
    386 451
    351 452
    336 453
    327 454
    347 455
    326 456
    319 457
    320 458
    331 459
    308 460
    314 461
    321 462
    304 463
    320 464
    339 465
    333 466
    310 467
    338 468
    345 469
    363 470
    360 471
    354 472
    321 473
    364 474
    390 475
    382 476
    364 477
    402 478
    394 479
    354 480
    395 481
    417 482
    388 483
    416 484
    336 485
    342 486
    330 487
    305 488
    296 489
    273 490
    257 491
    267 492
    277 493
    233 494
    228 495
    202 496
    200 497
    183 498
    177 499
    183 500
    190 501
    174 502
    160 503
    138 504
    152 505
    133 506
    135 507
    108 508
    123 509
    121 510
    127 511
    123 512
    101 513
    100 514
    109 515
    106 516
     89 517
     90 518
     97 519
     98 520
     84 521
     77 522
     77 523
     96 524
     70 525
     77 526
     75 527
     82 528
     69 529
     72 530
     67 531
     65 532
     81 533
     80 534
     73 535
     69 536
     75 537
     63 538
     77 539
     68 540
     73 541
     67 542
     67 543
     84 544
     70 545
     68 546
     70 547
     65 548
     59 549
     77 550
     69 551
     63 552
     52 553
     61 554
     54 555
     59 556
     76 557
     63 558
     53 559
     41 560
     37 561
     50 562
     43 563
     44 564
     34 565
     39 566
     37 567
     25 568
     42 569
     32 570
     23 571
     32 572
     24 573
     38 574
     24 575
     35 576
     34 577
     25 578
     20 579
     28 580
     18 581
     28 582
     24 583
     21 584
     18 585
     17 586
     24 587
     24 588
     18 589
     21 590
     18 591
     17 592
     18 593
     13 594
     17 595
     17 596
     14 597
     18 598
     15 599
     14 600
     15 601
     17 602
     11 603
     13 604
     17 605
     15 606
      9 607
     14 608
      9 609
     19 610
     11 611
     10 612
     18 613
     16 614
      9 615
     11 616
     19 617
      7 618
     14 619
     18 620
      9 621
      9 622
     12 623
     18 624
     13 625
      9 626
      1 627
     10 628
      8 629
     11 630
      9 631
      6 632
      4 633
     12 634
      6 635
      6 636
     11 637
      6 638
      5 639
      6 640
      6 641
      7 642
      7 643
      5 644
      7 645
      4 646
     10 647
      5 648
      8 649
      3 650
      7 651
      4 652
      6 653
      4 654
      4 655
      4 656
      2 657
      4 658
      3 659
      2 660
      2 661
      1 662
      3 663
      4 664
      5 665
      1 666
      5 667
      2 668
      4 669
      5 670
      4 671
      2 672
      2 673
      1 674
      1 675
      4 676
      2 677
      2 678
      3 680
      1 681
      3 682
      3 684
      1 686
      5 687
      1 688
      1 689
      4 690
      2 691
      3 692
      4 693
      4 697
      1 698
      1 699
      1 700
      2 701
      2 702
      1 703
      3 704
      4 705
      1 706
      1 707
      2 708
      2 710
      1 711
      1 712
      1 713
      2 716
      1 717
      3 718
      1 719
      2 720
      2 722
      2 726
      1 727
      1 729
      3 730
      1 731
      1 733
      2 734
      1 735
      2 736
      1 738
      1 741
      1 742
      1 743
      1 744
      2 745
      1 751
      1 752
      1 753
      1 756
      1 757
      1 758
      2 759
      1 765
      1 769
      1 771
      3 772
      1 773
      2 783
      2 787
      1 789
      1 791
      1 794
      1 797
      1 800
      1 803
      1 805
      1 808
      1 813
      1 823
      1 824
      1 827
      1 828
      1 834
      1 835
      1 865
      1 883
      1 889
      1 890
      1 897
      1 902
      1 917
      1 924
      1 926
      1 927
      2 991
      1 1005
      1 1025
      1 1051
      1 1059
      1 1117
      1 1153
      1 1223
      1 1260
      1 1268
      1 1331
      1 1375
      1 1382
      1 1639
      1 1905
      1 1923
      1 2166
      1 2332
      1 3187
---AAD-PGBENCH-LAG-US---
