pgbench (18.6 (Debian 18.6-1.pgdg13+2))
starting vacuum...end.
transaction type: <builtin: select only>
scaling factor: 1000
query mode: simple
number of clients: 16
number of threads: 16
maximum number of tries: 1
duration: 60 s
number of transactions actually processed: 3269647
number of failed transactions: 0 (0.000%)
latency average = 0.294 ms
initial connection time = 7.168 ms
tps = 54499.934535 (without initial connection time)
---AAD-PGBENCH-LATENCY-US---
rc=0
samples=65621
      1 213
      1 215
      2 216
      5 218
     11 219
     11 220
     10 221
     16 222
     25 223
     25 224
     43 225
     63 226
     57 227
     81 228
    117 229
    129 230
    145 231
    159 232
    196 233
    227 234
    243 235
    314 236
    373 237
    423 238
    505 239
    564 240
    614 241
    672 242
    700 243
    707 244
    713 245
    759 246
    738 247
    786 248
    799 249
    791 250
    765 251
    755 252
    752 253
    725 254
    677 255
    722 256
    727 257
    726 258
    751 259
    734 260
    731 261
    701 262
    741 263
    718 264
    762 265
    743 266
    809 267
    875 268
    862 269
    758 270
    753 271
    821 272
    753 273
    787 274
    847 275
    950 276
    925 277
    728 278
    719 279
    752 280
    649 281
    598 282
    642 283
    595 284
    523 285
    548 286
    539 287
    585 288
    533 289
    500 290
    513 291
    505 292
    479 293
    460 294
    432 295
    470 296
    421 297
    432 298
    432 299
    416 300
    414 301
    403 302
    406 303
    392 304
    354 305
    385 306
    376 307
    327 308
    333 309
    318 310
    324 311
    326 312
    318 313
    320 314
    343 315
    317 316
    303 317
    319 318
    293 319
    304 320
    300 321
    325 322
    317 323
    320 324
    326 325
    298 326
    350 327
    377 328
    435 329
    494 330
    377 331
    299 332
    283 333
    257 334
    279 335
    262 336
    230 337
    223 338
    214 339
    219 340
    199 341
    208 342
    178 343
    165 344
    180 345
    185 346
    149 347
    140 348
    130 349
    139 350
    100 351
    109 352
     92 353
    101 354
    120 355
     94 356
     85 357
     76 358
     67 359
     88 360
     91 361
     86 362
     88 363
     72 364
     81 365
     75 366
     51 367
     67 368
     64 369
     70 370
     61 371
     60 372
     57 373
     42 374
     62 375
     69 376
     54 377
     50 378
     58 379
     59 380
     49 381
     60 382
     50 383
     63 384
     71 385
     54 386
     51 387
     59 388
     52 389
     49 390
     53 391
     51 392
     50 393
     48 394
     63 395
     60 396
     74 397
     61 398
     72 399
     66 400
     65 401
     46 402
     43 403
     48 404
     42 405
     56 406
     51 407
     42 408
     35 409
     45 410
     30 411
     35 412
     28 413
     27 414
     32 415
     28 416
     34 417
     32 418
     27 419
     28 420
     19 421
     26 422
     31 423
     23 424
     25 425
     35 426
     26 427
     20 428
     20 429
     31 430
     23 431
     16 432
     15 433
     18 434
     27 435
     18 436
     17 437
     14 438
     19 439
     12 440
     18 441
     17 442
     18 443
     15 444
     15 445
     12 446
     11 447
     15 448
     17 449
     28 450
     16 451
     25 452
     28 453
     18 454
     13 455
     16 456
     19 457
     19 458
     17 459
     14 460
     15 461
     12 462
     22 463
     18 464
     18 465
     10 466
     18 467
     16 468
     18 469
     26 470
     22 471
     22 472
     20 473
     12 474
     26 475
     15 476
     21 477
     17 478
     13 479
     21 480
     19 481
     19 482
     17 483
     20 484
     23 485
     20 486
     31 487
     13 488
     23 489
     18 490
     22 491
     15 492
     22 493
     30 494
     31 495
     21 496
     21 497
     17 498
     19 499
     23 500
     16 501
     17 502
     14 503
     15 504
     22 505
     25 506
     17 507
     24 508
     11 509
     20 510
     20 511
     23 512
     11 513
     13 514
     10 515
     12 516
      9 517
     10 518
     10 519
     12 520
     11 521
     13 522
     12 523
      9 524
      8 525
      9 526
      6 527
     12 528
      3 529
      7 530
     15 531
     13 532
     10 533
     11 534
     11 535
      9 536
     14 537
     13 538
     10 539
      6 540
     11 541
      4 542
      7 543
     13 544
      5 545
      9 546
      7 547
      4 548
      5 549
      9 550
      8 551
      7 552
      9 553
      3 554
      4 555
      7 556
      3 557
      5 558
      5 560
      6 561
      2 562
      6 563
      2 564
      2 565
      1 566
      2 567
      7 568
      2 569
      2 570
      3 571
      4 572
      3 573
      4 574
      3 575
      5 576
      2 577
      1 578
      4 579
      5 580
      3 581
      5 582
      1 583
      4 584
      1 585
      1 586
      1 587
      2 588
      1 589
      3 591
      1 592
      4 593
      5 594
      1 595
      1 598
      2 599
      3 601
      1 602
      1 603
      1 608
      2 610
      1 612
      1 614
      1 617
      1 618
      1 622
      1 623
      2 634
      1 635
      1 647
      3 655
      1 659
      1 661
      2 662
      1 671
      1 674
      1 678
      1 680
      1 718
      1 1142
---AAD-PGBENCH-LAG-US---
