pgbench (18.6 (Debian 18.6-1.pgdg13+2))
starting vacuum...end.
transaction type: <builtin: select only>
scaling factor: 1000
query mode: simple
number of clients: 8
number of threads: 8
maximum number of tries: 1
duration: 60 s
number of transactions actually processed: 1892439
number of failed transactions: 0 (0.000%)
latency average = 0.254 ms
initial connection time = 4.830 ms
tps = 31542.914781 (without initial connection time)
---AAD-PGBENCH-LATENCY-US---
rc=0
samples=37950
      1 211
      1 212
      2 213
      1 214
      5 215
      8 216
      3 217
     19 218
     10 219
     32 220
     20 221
     34 222
     58 223
     77 224
    107 225
    132 226
    176 227
    213 228
    248 229
    279 230
    328 231
    387 232
    418 233
    564 234
    673 235
    802 236
    958 237
   1144 238
   1153 239
   1297 240
   1492 241
   1568 242
   1540 243
   1534 244
   1537 245
   1482 246
   1326 247
   1229 248
   1131 249
   1025 250
    955 251
    810 252
    781 253
    774 254
    637 255
    603 256
    654 257
    608 258
    634 259
    654 260
    699 261
    574 262
    447 263
    370 264
    362 265
    324 266
    296 267
    317 268
    239 269
    236 270
    201 271
    202 272
    162 273
    195 274
    192 275
    240 276
    182 277
    140 278
     95 279
     95 280
     83 281
     90 282
     77 283
     64 284
     60 285
     57 286
     52 287
     61 288
     32 289
     45 290
     45 291
     38 292
     50 293
     32 294
     31 295
     28 296
     36 297
     31 298
     30 299
     31 300
     27 301
     35 302
     17 303
     23 304
     30 305
     35 306
     29 307
     18 308
     26 309
     20 310
     26 311
     16 312
     18 313
     17 314
     12 315
     14 316
     10 317
     22 318
     11 319
     11 320
     14 321
      4 322
     13 323
     18 324
      8 325
     12 326
     16 327
     14 328
     22 329
     21 330
     19 331
     12 332
      8 333
      9 334
     10 335
     13 336
      9 337
      7 338
     14 339
     14 340
      7 341
      5 342
      9 343
      7 344
     13 345
     11 346
      7 347
      8 348
      5 349
      7 350
      9 351
      5 352
      5 353
      5 354
      7 355
      4 356
      8 357
      8 358
      7 359
      6 360
      6 361
      7 362
      4 363
      7 364
      1 365
      6 366
      5 367
     10 368
      5 369
      4 371
      3 372
      5 373
      3 374
      1 375
      2 376
      2 377
      3 378
      5 379
      1 380
      4 381
      4 382
      2 383
      1 384
      3 385
      1 386
      4 387
      7 388
      8 389
      4 390
      5 391
      2 392
      4 393
      6 394
      2 395
      8 396
      2 397
      3 398
      1 399
      4 401
      4 402
      3 403
      1 404
      5 405
      3 406
      3 407
      8 408
     11 409
      1 410
      3 411
      1 412
      2 413
      2 414
      4 415
      1 416
      1 417
      3 418
      1 419
      3 420
      1 421
      4 422
      1 423
      1 424
      2 425
      1 426
      2 427
      4 428
      2 429
      6 430
      5 431
      1 432
      3 433
      5 434
      5 435
      2 436
      1 438
      2 439
      2 440
      1 441
      2 442
      1 443
      2 444
      1 445
      4 446
      1 447
      4 449
      3 450
      1 451
      2 452
      1 453
      1 454
      1 455
      3 456
      2 457
      1 458
      1 459
      1 460
      2 461
      1 462
      2 464
      1 465
      3 466
      4 468
      2 469
      5 470
      5 471
      5 472
      3 473
      3 474
      3 475
      3 476
      4 479
      5 480
      3 481
      3 482
      4 483
      2 484
      2 485
      1 486
      1 487
      3 488
      3 489
      4 490
      2 491
      5 492
      1 493
      3 494
      2 496
      1 499
      3 500
      3 501
      3 502
      6 503
      6 505
      1 506
      1 507
      3 508
      1 509
      2 510
      1 513
      2 514
      4 515
      2 520
      1 521
      2 523
      1 526
      3 530
      1 531
      1 532
      2 533
      1 534
      2 537
      1 549
      1 551
      1 552
      1 554
      1 555
      1 557
      1 558
      1 567
      2 568
      1 578
      1 585
      1 592
      1 597
      1 600
      1 608
      1 618
      1 619
      1 637
      1 643
      1 646
      1 658
      1 661
      1 663
      1 770
      1 852
      1 1050
---AAD-PGBENCH-LAG-US---
