pgbench (18.6 (Debian 18.6-1.pgdg13+2))
starting vacuum...end.
transaction type: <builtin: select only>
scaling factor: 1000
query mode: simple
number of clients: 16
number of threads: 16
maximum number of tries: 1
duration: 60 s
number of transactions actually processed: 4405187
number of failed transactions: 0 (0.000%)
latency average = 0.218 ms
initial connection time = 7.273 ms
tps = 73427.752692 (without initial connection time)
---AAD-PGBENCH-LATENCY-US---
rc=0
samples=88679
      2 138
      3 139
      1 140
      2 141
      1 142
      3 143
      9 144
      8 145
     24 146
     13 147
     21 148
     29 149
     27 150
     48 151
     54 152
     70 153
     54 154
     70 155
     82 156
    133 157
    150 158
    166 159
    190 160
    207 161
    210 162
    280 163
    306 164
    393 165
    425 166
    444 167
    469 168
    564 169
    566 170
    598 171
    647 172
    694 173
    682 174
    782 175
    799 176
    900 177
    837 178
    939 179
    927 180
    949 181
    971 182
   1035 183
   1069 184
   1054 185
   1097 186
   1065 187
   1126 188
   1121 189
   1070 190
   1157 191
   1128 192
   1089 193
   1198 194
   1222 195
   1257 196
   1271 197
   1352 198
   1385 199
   1361 200
   1264 201
   1294 202
   1340 203
   1334 204
   1306 205
   1424 206
   1506 207
   1482 208
   1198 209
   1176 210
   1141 211
   1035 212
    916 213
    970 214
    914 215
    834 216
    837 217
    865 218
    747 219
    745 220
    728 221
    724 222
    673 223
    615 224
    578 225
    654 226
    608 227
    550 228
    548 229
    528 230
    532 231
    466 232
    524 233
    500 234
    494 235
    438 236
    433 237
    392 238
    432 239
    420 240
    403 241
    408 242
    347 243
    388 244
    362 245
    372 246
    364 247
    354 248
    331 249
    340 250
    306 251
    300 252
    312 253
    319 254
    286 255
    304 256
    308 257
    334 258
    285 259
    324 260
    302 261
    305 262
    284 263
    277 264
    298 265
    269 266
    282 267
    289 268
    294 269
    283 270
    294 271
    266 272
    275 273
    280 274
    316 275
    281 276
    283 277
    270 278
    242 279
    224 280
    210 281
    190 282
    192 283
    174 284
    176 285
    163 286
    141 287
    156 288
    143 289
    138 290
    115 291
    129 292
    103 293
    130 294
    111 295
    127 296
     87 297
     96 298
     94 299
     98 300
     88 301
     88 302
     91 303
     81 304
     90 305
     99 306
     75 307
     70 308
     73 309
     77 310
     65 311
     66 312
     56 313
     80 314
     75 315
     72 316
     81 317
     78 318
     68 319
     60 320
     87 321
     64 322
     67 323
     71 324
     75 325
     72 326
     73 327
     77 328
     74 329
     72 330
     73 331
     61 332
     77 333
     56 334
     79 335
     58 336
     57 337
     49 338
     54 339
     55 340
     57 341
     47 342
     42 343
     43 344
     31 345
     35 346
     50 347
     44 348
     23 349
     34 350
     33 351
     32 352
     18 353
     28 354
     34 355
     25 356
     25 357
     26 358
     17 359
     24 360
     18 361
     17 362
     23 363
     25 364
     15 365
     20 366
     15 367
     30 368
     19 369
     21 370
     14 371
     20 372
     17 373
     15 374
     13 375
     14 376
     16 377
     12 378
     20 379
     13 380
      8 381
     16 382
      9 383
     24 384
     11 385
      7 386
     15 387
     14 388
     18 389
      9 390
      8 391
     12 392
      8 393
     15 394
      9 395
     16 396
      7 397
     12 398
     10 399
     14 400
     12 401
     12 402
      8 403
      9 404
      9 405
     11 406
     13 407
     16 408
     14 409
      8 410
     11 411
      9 412
      8 413
      8 414
      8 415
      7 416
      4 417
      7 418
      3 419
      8 420
      1 421
      6 422
      5 423
      4 424
      7 425
      3 426
      5 427
      7 428
      7 429
      6 430
      7 431
      8 432
      3 433
      2 434
      2 435
      3 436
      6 437
      3 438
      1 439
      1 440
      4 441
      2 442
      6 443
      3 445
      5 446
      1 447
      7 448
      1 449
      2 450
      2 451
      4 452
      4 453
      1 455
      2 456
      1 457
      5 459
      1 460
      1 461
      2 462
      4 463
      3 464
      1 465
      3 466
      2 467
      2 468
      2 469
      3 470
      4 471
      1 472
      2 473
      1 474
      1 475
      3 476
      3 477
      1 478
      2 479
      3 481
      3 482
      2 483
      2 484
      1 485
      4 488
      1 490
      1 491
      1 492
      2 498
      3 499
      2 503
      2 504
      1 506
      1 508
      2 510
      1 511
      1 515
      1 518
      1 521
      1 524
      1 525
      1 530
      1 531
      1 532
      1 535
      1 547
      2 553
      1 556
      1 562
      1 564
      1 573
      1 754
      1 856
      1 876
      1 935
      1 1074
      1 1132
      1 1146
      1 1154
      1 1156
      1 1169
      1 1172
---AAD-PGBENCH-LAG-US---
