pgbench (18.6 (Debian 18.6-1.pgdg13+2))
starting vacuum...end.
transaction type: <builtin: select only>
scaling factor: 1000
query mode: simple
number of clients: 16
number of threads: 16
maximum number of tries: 1
duration: 60 s
number of transactions actually processed: 4290944
number of failed transactions: 0 (0.000%)
latency average = 0.224 ms
initial connection time = 8.100 ms
tps = 71524.367517 (without initial connection time)
---AAD-PGBENCH-LATENCY-US---
rc=0
samples=86011
      1 143
      2 144
      3 145
      2 146
     14 147
     11 148
     12 149
     14 150
     27 151
     20 152
     29 153
     45 154
     65 155
     55 156
     60 157
     69 158
     94 159
    121 160
    111 161
    143 162
    173 163
    196 164
    271 165
    273 166
    334 167
    320 168
    345 169
    392 170
    442 171
    486 172
    530 173
    546 174
    570 175
    656 176
    694 177
    706 178
    774 179
    776 180
    767 181
    814 182
    880 183
    876 184
    817 185
    882 186
    904 187
    920 188
    895 189
    933 190
    912 191
    985 192
   1000 193
   1016 194
   1123 195
   1164 196
   1116 197
   1130 198
   1258 199
   1224 200
   1242 201
   1249 202
   1269 203
   1250 204
   1371 205
   1440 206
   1677 207
   1481 208
   1171 209
   1133 210
   1151 211
   1090 212
   1024 213
    939 214
    911 215
    872 216
    851 217
    796 218
    777 219
    758 220
    714 221
    744 222
    698 223
    707 224
    668 225
    649 226
    671 227
    627 228
    520 229
    566 230
    573 231
    546 232
    513 233
    549 234
    498 235
    477 236
    493 237
    441 238
    458 239
    411 240
    471 241
    449 242
    410 243
    394 244
    431 245
    409 246
    416 247
    410 248
    347 249
    397 250
    350 251
    369 252
    322 253
    343 254
    311 255
    367 256
    396 257
    364 258
    372 259
    336 260
    344 261
    324 262
    340 263
    321 264
    351 265
    331 266
    362 267
    369 268
    334 269
    321 270
    355 271
    321 272
    342 273
    375 274
    377 275
    395 276
    367 277
    314 278
    275 279
    228 280
    285 281
    207 282
    253 283
    208 284
    185 285
    199 286
    194 287
    192 288
    164 289
    164 290
    135 291
    127 292
    144 293
    137 294
    147 295
    129 296
    131 297
    131 298
    137 299
    121 300
    112 301
    105 302
    110 303
    111 304
    104 305
     96 306
     89 307
     96 308
    112 309
     79 310
     64 311
     79 312
     87 313
     87 314
     79 315
     81 316
     95 317
     84 318
    103 319
     90 320
     71 321
     92 322
     74 323
     90 324
     75 325
    102 326
     99 327
     94 328
     93 329
    105 330
     96 331
     61 332
     71 333
     69 334
     63 335
     63 336
     58 337
     57 338
     43 339
     46 340
     52 341
     53 342
     55 343
     52 344
     48 345
     55 346
     58 347
     32 348
     38 349
     35 350
     39 351
     46 352
     19 353
     31 354
     31 355
     33 356
     34 357
     24 358
     27 359
     27 360
     28 361
     19 362
     21 363
     26 364
     18 365
     15 366
     20 367
     20 368
     18 369
     12 370
     27 371
     21 372
     18 373
     19 374
     18 375
     27 376
     15 377
     16 378
     24 379
     17 380
     11 381
     12 382
     13 383
     10 384
     19 385
     16 386
     24 387
     12 388
     12 389
     12 390
     15 391
     14 392
     16 393
     23 394
     25 395
     15 396
      4 397
      8 398
     11 399
     17 400
      9 401
      9 402
     10 403
      8 404
      5 405
      4 406
     12 407
      5 408
     12 409
      5 410
      4 411
     11 412
      7 413
      9 414
      8 415
      7 416
      7 417
      8 418
      5 419
      6 420
     11 421
      4 422
      5 423
      4 424
      3 425
     10 426
      4 427
      4 428
      7 429
      3 430
      4 431
      7 432
      5 433
      3 434
      4 435
      3 436
      2 437
      3 438
      1 439
      2 440
      4 441
      1 442
      4 443
      4 444
      2 445
      3 448
      5 449
      7 450
      2 451
      4 452
      2 453
      1 454
      4 455
      2 456
      2 457
      1 458
      2 459
      3 461
      3 462
      2 463
      1 464
      4 465
      3 466
      1 467
      2 468
      4 469
      1 470
      2 471
      2 472
      1 473
      1 474
      3 475
      1 476
      3 477
      1 482
      1 483
      2 485
      1 489
      2 490
      3 491
      2 492
      1 496
      1 504
      1 507
      1 512
      1 514
      1 515
      1 518
      1 520
      1 521
      1 532
      1 537
      1 540
      3 552
      2 555
      1 557
      2 562
      1 578
      1 592
      1 596
      1 610
      1 628
      1 694
      1 717
      1 755
      1 842
      1 1033
      1 1080
      1 1127
      1 1180
      1 1257
      1 1282
      1 1299
      1 1381
---AAD-PGBENCH-LAG-US---
