pgbench (18.6 (Debian 18.6-1.pgdg13+2))
starting vacuum...end.
transaction type: <builtin: select only>
scaling factor: 1000
query mode: simple
number of clients: 8
number of threads: 8
maximum number of tries: 1
duration: 60 s
number of transactions actually processed: 2525379
number of failed transactions: 0 (0.000%)
latency average = 0.190 ms
initial connection time = 5.112 ms
tps = 42092.947281 (without initial connection time)
---AAD-PGBENCH-LATENCY-US---
rc=0
samples=50400
      1 139
      1 140
      1 141
      1 142
      1 143
      2 144
      4 145
      3 146
      6 147
     13 148
     10 149
     12 150
     22 151
     26 152
     20 153
     33 154
     29 155
     62 156
     72 157
     75 158
     98 159
    132 160
    129 161
    187 162
    173 163
    204 164
    257 165
    315 166
    333 167
    461 168
    469 169
    579 170
    647 171
    824 172
    909 173
   1021 174
   1201 175
   1311 176
   1444 177
   1651 178
   1836 179
   2011 180
   2104 181
   2018 182
   2091 183
   2147 184
   2005 185
   1747 186
   1702 187
   1618 188
   1349 189
   1268 190
   1091 191
   1082 192
    838 193
    840 194
    772 195
    679 196
    613 197
    600 198
    608 199
    536 200
    500 201
    460 202
    381 203
    389 204
    361 205
    340 206
    322 207
    315 208
    291 209
    256 210
    253 211
    220 212
    179 213
    186 214
    194 215
    155 216
    143 217
    152 218
    120 219
    122 220
    103 221
    104 222
     94 223
     74 224
     67 225
     72 226
     56 227
     72 228
     54 229
     45 230
     50 231
     42 232
     33 233
     31 234
     33 235
     38 236
     36 237
     22 238
     16 239
     23 240
     19 241
     25 242
     20 243
     11 244
     23 245
     22 246
     16 247
     14 248
     24 249
     22 250
     26 251
     30 252
     14 253
     24 254
     18 255
     16 256
     22 257
     25 258
     22 259
     37 260
     37 261
     39 262
     25 263
     23 264
     31 265
     29 266
     32 267
     30 268
     31 269
     30 270
     27 271
     28 272
     25 273
     32 274
     33 275
     27 276
     30 277
     19 278
     16 279
     18 280
     24 281
     16 282
     20 283
     14 284
     15 285
      9 286
     12 287
     12 288
      8 289
     11 290
     12 291
     12 292
      9 293
     10 294
     11 295
     15 296
      7 297
     14 298
      9 299
      7 300
      8 301
      2 302
      7 303
      7 304
      7 305
     12 306
      9 307
      3 308
      8 309
      6 310
      6 311
      6 312
      7 313
      7 314
      6 315
      3 316
      7 317
      4 318
      7 320
      5 321
      6 322
      4 323
      5 324
      7 325
      1 326
      8 327
      3 328
      7 329
      4 330
     11 331
      3 332
      6 333
      8 334
      2 335
      5 336
      6 337
      3 338
      6 339
      5 340
      3 341
      5 342
      4 343
      6 344
      3 345
      3 346
     10 348
      3 349
      6 350
     10 351
      2 352
      3 353
      7 354
      9 355
      4 356
      3 357
      2 358
      7 359
      6 360
      3 361
      4 363
      7 364
      7 365
      4 366
      6 367
      1 368
      2 369
      2 370
      1 371
      2 372
      5 373
      3 374
      1 375
      4 376
      2 377
      3 378
      1 379
      4 380
      1 381
      5 382
      2 383
      2 384
      2 385
      1 386
      2 387
      4 388
      4 390
      4 391
      2 392
      4 393
      2 394
      4 395
      1 396
      3 397
      4 398
      3 399
      1 400
      1 401
      2 402
      1 403
      2 405
      1 406
      3 407
      1 408
      1 409
      1 411
      1 412
      5 414
      1 416
      1 418
      2 419
      1 421
      1 425
      1 432
      1 452
---AAD-PGBENCH-LAG-US---
