pgbench (18.6 (Debian 18.6-1.pgdg13+2))
starting vacuum...end.
transaction type: <builtin: select only>
scaling factor: 1000
query mode: simple
number of clients: 64
number of threads: 16
maximum number of tries: 1
duration: 60 s
number of transactions actually processed: 8405259
number of failed transactions: 0 (0.000%)
latency average = 0.456 ms
initial connection time = 141.924 ms
tps = 140405.856473 (without initial connection time)
---AAD-PGBENCH-LATENCY-US---
rc=0
samples=168651
      1 146
      1 148
      1 150
      1 151
      1 154
      4 155
      2 156
      5 157
      3 158
      7 159
      4 160
      5 161
      7 162
      8 163
      6 164
      9 165
     11 166
     16 167
     13 168
     20 169
     22 170
     20 171
     21 172
     24 173
     31 174
     20 175
     22 176
     16 177
     30 178
     25 179
     43 180
     30 181
     20 182
     31 183
     33 184
     40 185
     40 186
     33 187
     42 188
     58 189
     66 190
     43 191
     60 192
     70 193
     71 194
     65 195
     76 196
    106 197
     99 198
    110 199
    107 200
    130 201
    148 202
    152 203
    173 204
    180 205
    178 206
    179 207
    187 208
    169 209
    178 210
    185 211
    167 212
    170 213
    189 214
    166 215
    163 216
    137 217
    147 218
    145 219
    142 220
    166 221
    128 222
    129 223
    134 224
    149 225
    130 226
    132 227
    135 228
    119 229
    145 230
    148 231
    144 232
    139 233
    158 234
    126 235
    134 236
    132 237
    143 238
    130 239
    139 240
    139 241
    137 242
    125 243
    137 244
    125 245
    137 246
    143 247
    151 248
    135 249
    182 250
    172 251
    185 252
    200 253
    237 254
    226 255
    235 256
    232 257
    266 258
    282 259
    261 260
    319 261
    354 262
    364 263
    418 264
    424 265
    482 266
    501 267
    505 268
    538 269
    596 270
    604 271
    610 272
    634 273
    662 274
    726 275
    727 276
    670 277
    697 278
    682 279
    690 280
    596 281
    599 282
    548 283
    541 284
    532 285
    571 286
    486 287
    487 288
    428 289
    422 290
    424 291
    403 292
    380 293
    383 294
    368 295
    384 296
    379 297
    370 298
    343 299
    355 300
    367 301
    307 302
    347 303
    356 304
    334 305
    361 306
    363 307
    357 308
    393 309
    383 310
    354 311
    353 312
    337 313
    384 314
    366 315
    391 316
    372 317
    422 318
    408 319
    405 320
    422 321
    438 322
    415 323
    456 324
    458 325
    459 326
    483 327
    492 328
    542 329
    541 330
    576 331
    590 332
    607 333
    670 334
    694 335
    720 336
    790 337
    764 338
    814 339
    767 340
    885 341
    868 342
    830 343
    909 344
    962 345
    948 346
    851 347
    864 348
    790 349
    744 350
    739 351
    741 352
    681 353
    666 354
    641 355
    602 356
    593 357
    539 358
    536 359
    523 360
    518 361
    467 362
    470 363
    458 364
    459 365
    447 366
    412 367
    397 368
    421 369
    386 370
    376 371
    388 372
    400 373
    374 374
    381 375
    380 376
    330 377
    351 378
    318 379
    350 380
    325 381
    345 382
    325 383
    327 384
    337 385
    342 386
    337 387
    344 388
    332 389
    323 390
    324 391
    392 392
    374 393
    370 394
    399 395
    389 396
    411 397
    403 398
    496 399
    442 400
    491 401
    471 402
    487 403
    495 404
    524 405
    544 406
    593 407
    587 408
    582 409
    555 410
    530 411
    609 412
    611 413
    621 414
    622 415
    595 416
    561 417
    504 418
    540 419
    550 420
    480 421
    435 422
    434 423
    406 424
    387 425
    359 426
    386 427
    348 428
    346 429
    315 430
    311 431
    329 432
    303 433
    299 434
    317 435
    284 436
    249 437
    272 438
    261 439
    293 440
    251 441
    270 442
    262 443
    271 444
    252 445
    257 446
    255 447
    241 448
    274 449
    241 450
    237 451
    239 452
    249 453
    247 454
    239 455
    258 456
    253 457
    268 458
    251 459
    287 460
    296 461
    277 462
    277 463
    305 464
    278 465
    288 466
    288 467
    316 468
    306 469
    326 470
    319 471
    331 472
    338 473
    387 474
    330 475
    360 476
    379 477
    367 478
    384 479
    421 480
    388 481
    418 482
    398 483
    408 484
    350 485
    398 486
    389 487
    332 488
    357 489
    310 490
    351 491
    305 492
    307 493
    320 494
    263 495
    244 496
    288 497
    258 498
    281 499
    257 500
    242 501
    233 502
    232 503
    251 504
    217 505
    220 506
    246 507
    219 508
    195 509
    217 510
    240 511
    215 512
    221 513
    208 514
    219 515
    213 516
    225 517
    221 518
    199 519
    181 520
    211 521
    221 522
    195 523
    194 524
    197 525
    215 526
    171 527
    209 528
    209 529
    217 530
    212 531
    207 532
    242 533
    232 534
    245 535
    215 536
    236 537
    225 538
    247 539
    234 540
    210 541
    247 542
    272 543
    279 544
    292 545
    318 546
    272 547
    312 548
    284 549
    286 550
    288 551
    305 552
    312 553
    312 554
    296 555
    302 556
    296 557
    260 558
    276 559
    235 560
    283 561
    230 562
    263 563
    232 564
    223 565
    209 566
    176 567
    249 568
    196 569
    211 570
    194 571
    198 572
    195 573
    170 574
    195 575
    164 576
    170 577
    180 578
    166 579
    202 580
    145 581
    158 582
    164 583
    165 584
    161 585
    169 586
    147 587
    159 588
    152 589
    141 590
    157 591
    157 592
    144 593
    150 594
    134 595
    170 596
    139 597
    164 598
    166 599
    151 600
    194 601
    158 602
    158 603
    173 604
    162 605
    170 606
    201 607
    166 608
    184 609
    176 610
    180 611
    179 612
    205 613
    204 614
    203 615
    195 616
    202 617
    193 618
    182 619
    218 620
    211 621
    243 622
    238 623
    176 624
    189 625
    174 626
    172 627
    182 628
    182 629
    173 630
    171 631
    161 632
    195 633
    159 634
    143 635
    134 636
    163 637
    131 638
    139 639
    133 640
    105 641
    120 642
    120 643
    110 644
    123 645
    111 646
    127 647
    125 648
    100 649
    116 650
    130 651
    101 652
    110 653
    113 654
    110 655
     92 656
     96 657
    101 658
    101 659
    100 660
    102 661
    116 662
     97 663
    111 664
     99 665
     94 666
     86 667
    101 668
     97 669
    104 670
     98 671
    115 672
    115 673
    114 674
    114 675
    109 676
    123 677
    126 678
    113 679
    118 680
    136 681
    124 682
    116 683
    130 684
    102 685
    116 686
    137 687
    128 688
    141 689
    134 690
    140 691
    145 692
    153 693
    134 694
    125 695
    128 696
    116 697
    132 698
    107 699
     88 700
    103 701
    116 702
    103 703
     99 704
    107 705
     97 706
     79 707
    100 708
     93 709
     77 710
     95 711
     80 712
     79 713
     84 714
     66 715
     67 716
     85 717
     80 718
     83 719
     83 720
     85 721
     81 722
     81 723
     78 724
     69 725
     60 726
     73 727
     69 728
     79 729
     55 730
     71 731
     72 732
     78 733
     62 734
     85 735
     81 736
     79 737
     82 738
     78 739
     70 740
     74 741
     55 742
     70 743
     81 744
     78 745
     74 746
     72 747
     88 748
     80 749
     74 750
     77 751
     87 752
     86 753
     75 754
     69 755
     71 756
     71 757
     84 758
     63 759
     95 760
     97 761
     75 762
     79 763
     75 764
     76 765
     93 766
     73 767
     71 768
     76 769
     64 770
     75 771
     63 772
     66 773
     54 774
     67 775
     64 776
     59 777
     55 778
     54 779
     45 780
     48 781
     54 782
     60 783
     35 784
     57 785
     49 786
     40 787
     50 788
     47 789
     50 790
     42 791
     47 792
     57 793
     43 794
     47 795
     33 796
     54 797
     51 798
     40 799
     46 800
     51 801
     39 802
     51 803
     44 804
     50 805
     41 806
     45 807
     47 808
     33 809
     46 810
     46 811
     44 812
     46 813
     43 814
     47 815
     43 816
     48 817
     39 818
     44 819
     46 820
     44 821
     61 822
     53 823
     59 824
     48 825
     40 826
     55 827
     48 828
     68 829
     51 830
     53 831
     56 832
     55 833
     46 834
     45 835
     56 836
     35 837
     45 838
     51 839
     42 840
     36 841
     33 842
     28 843
     36 844
     45 845
     51 846
     47 847
     42 848
     33 849
     40 850
     38 851
     39 852
     37 853
     43 854
     35 855
     39 856
     30 857
     31 858
     42 859
     34 860
     35 861
     33 862
     31 863
     29 864
     30 865
     38 866
     28 867
     27 868
     38 869
     25 870
     31 871
     39 872
     32 873
     23 874
     25 875
     30 876
     25 877
     37 878
     25 879
     37 880
     30 881
     39 882
     20 883
     32 884
     29 885
     27 886
     29 887
     39 888
     25 889
     35 890
     29 891
     25 892
     24 893
     26 894
     37 895
     34 896
     32 897
     38 898
     38 899
     25 900
     35 901
     35 902
     32 903
     24 904
     26 905
     40 906
     23 907
     37 908
     22 909
     29 910
     38 911
     23 912
     22 913
     26 914
     21 915
     19 916
     28 917
     22 918
     34 919
     21 920
     25 921
     23 922
     23 923
     30 924
     31 925
     21 926
     25 927
     18 928
     17 929
     17 930
     23 931
     21 932
     23 933
     22 934
     17 935
     16 936
     23 937
     18 938
     23 939
     22 940
     22 941
     20 942
     22 943
     29 944
     16 945
     16 946
     15 947
     18 948
     14 949
     21 950
     21 951
     25 952
     30 953
     15 954
     13 955
     15 956
     15 957
     23 958
     23 959
     16 960
     25 961
     23 962
     11 963
     11 964
     26 965
     24 966
     16 967
     21 968
     18 969
     24 970
     19 971
     21 972
     18 973
     20 974
     20 975
     24 976
     21 977
     14 978
     25 979
      9 980
     23 981
     21 982
     12 983
     18 984
     21 985
     21 986
     10 987
      9 988
     12 989
     16 990
     13 991
     20 992
      8 993
     14 994
     14 995
     11 996
     15 997
     11 998
     15 999
     10 1000
     14 1001
     12 1002
     17 1003
      8 1004
     11 1005
     22 1006
      5 1007
     13 1008
     14 1009
     14 1010
     22 1011
     10 1012
      7 1013
      5 1014
     11 1015
     10 1016
     23 1017
     10 1018
     13 1019
     13 1020
     10 1021
     15 1022
     11 1023
     18 1024
     14 1025
      8 1026
      9 1027
     14 1028
     13 1029
     14 1030
     10 1031
     16 1032
     12 1033
      9 1034
     15 1035
     15 1036
      8 1037
     16 1038
     10 1039
     10 1040
     11 1041
     12 1042
     16 1043
     12 1044
     13 1045
     10 1046
     16 1047
     16 1048
     12 1049
     14 1050
      3 1051
      8 1052
     11 1053
      7 1054
     12 1055
     11 1056
     15 1057
      8 1058
      8 1059
     15 1060
      9 1061
      6 1062
      7 1063
     11 1064
     10 1065
      2 1066
     10 1067
      9 1068
      5 1069
      4 1070
      8 1071
      4 1072
      5 1073
      9 1074
     10 1075
      5 1076
     11 1077
      8 1078
      7 1079
      8 1080
      7 1081
      9 1082
      7 1083
      5 1084
      4 1085
      6 1086
      5 1087
      7 1088
      8 1089
      6 1090
      7 1091
      7 1092
      8 1093
      7 1094
      7 1095
      9 1096
      9 1097
     10 1098
      3 1099
      6 1100
      6 1101
      8 1102
      8 1103
      6 1104
      9 1105
      7 1106
     10 1107
      8 1108
      5 1109
      9 1110
      9 1111
      4 1112
      6 1113
     11 1114
      6 1115
      8 1116
     10 1117
      9 1118
      4 1119
      3 1120
      8 1121
      3 1122
     11 1123
      4 1124
      5 1125
      7 1126
      6 1127
      9 1128
      3 1129
      5 1130
      6 1131
      4 1132
      7 1133
      8 1134
      9 1135
      4 1136
      3 1137
      9 1138
      3 1139
      4 1140
      6 1141
      5 1142
      4 1143
      1 1144
      3 1145
      6 1146
      6 1147
      2 1148
      2 1149
      5 1150
      3 1151
      4 1152
      8 1153
      4 1154
      5 1155
      5 1156
      6 1157
      5 1158
      4 1159
      4 1160
      5 1161
      8 1162
      2 1163
      5 1164
      1 1165
      2 1166
      5 1167
      4 1168
      6 1169
      4 1170
      5 1171
      1 1172
      6 1173
      8 1174
      5 1175
      4 1176
      5 1177
      9 1178
      3 1179
      3 1180
      8 1181
      8 1182
      3 1183
      3 1184
      5 1185
      3 1186
      5 1187
      6 1188
      4 1189
      4 1190
      6 1191
      5 1192
      5 1193
      3 1194
      3 1195
      7 1196
      3 1197
      6 1198
      4 1199
      2 1200
      2 1201
      1 1202
      3 1203
      4 1204
      2 1205
      3 1206
      7 1207
      5 1208
      2 1209
      1 1210
      3 1211
      7 1212
      3 1213
      6 1214
      3 1215
      2 1216
      4 1217
      4 1218
      2 1219
      3 1220
      4 1221
      2 1222
      4 1223
      4 1224
      4 1225
      8 1226
      5 1227
      2 1228
      2 1229
      2 1230
      4 1231
      4 1232
      2 1233
      9 1234
      3 1235
      1 1236
      6 1237
      3 1238
      2 1239
      2 1240
      1 1241
      6 1242
      2 1243
      4 1244
      3 1245
      2 1246
      2 1247
      3 1248
      3 1249
      9 1250
      5 1251
      8 1252
      4 1253
      5 1254
      6 1255
      4 1257
      4 1258
      4 1260
      1 1261
      1 1262
      1 1263
      3 1264
      4 1265
      1 1266
      1 1267
      1 1268
      2 1269
      3 1270
      1 1272
      3 1273
      2 1274
      5 1275
      1 1276
      4 1278
      2 1280
      6 1281
      4 1282
      1 1283
      1 1284
      1 1287
      1 1288
      2 1289
      4 1290
      3 1292
      3 1293
      2 1294
      4 1295
      4 1296
      3 1297
      4 1300
      3 1301
      4 1302
      3 1303
      3 1304
      3 1305
      4 1306
      3 1307
      4 1309
      4 1310
      4 1311
      2 1312
      2 1313
      1 1314
      4 1315
      2 1316
      1 1317
      1 1318
      1 1319
      3 1320
      1 1321
      1 1322
      5 1323
      2 1324
      3 1325
      2 1326
      4 1329
      3 1330
      1 1331
      1 1332
      1 1334
      2 1335
      2 1336
      2 1337
      2 1338
      3 1339
      1 1340
      1 1341
      2 1343
      3 1344
      2 1345
      2 1347
      3 1352
      1 1353
      2 1354
      1 1355
      2 1356
      1 1357
      2 1358
      3 1359
      4 1361
      4 1362
      3 1363
      1 1364
      3 1365
      2 1368
      2 1369
      2 1371
      2 1372
      1 1373
      2 1374
      1 1375
      4 1376
      3 1377
      3 1378
      4 1380
      3 1381
      1 1382
      3 1383
      1 1384
      4 1385
      1 1386
      6 1387
      3 1388
      2 1389
      3 1390
      4 1391
      1 1392
      2 1395
      1 1396
      1 1397
      1 1398
      2 1399
      1 1400
      5 1401
      2 1402
      2 1403
      1 1406
      1 1407
      3 1408
      3 1409
      3 1410
      3 1411
      3 1412
      2 1413
      1 1415
      2 1416
      2 1417
      4 1419
      4 1420
      4 1421
      1 1422
      3 1423
      2 1424
      1 1425
      1 1426
      1 1427
      1 1428
      1 1429
      1 1430
      2 1431
      3 1434
      2 1435
      3 1436
      2 1437
      2 1438
      1 1439
      1 1440
      4 1441
      1 1442
      2 1444
      4 1445
      1 1446
      3 1447
      3 1448
      1 1449
      2 1450
      1 1451
      3 1452
      2 1454
      4 1455
      2 1457
      3 1458
      1 1459
      3 1460
      3 1461
      3 1462
      2 1463
      2 1464
      2 1465
      3 1466
      2 1467
      2 1468
      2 1469
      1 1470
      4 1471
      4 1472
      2 1473
      1 1474
      1 1475
      3 1476
      2 1477
      4 1478
      2 1479
      2 1481
      2 1484
      3 1485
      3 1486
      2 1487
      3 1488
      2 1489
      2 1490
      1 1491
      1 1492
      1 1493
      3 1494
      1 1495
      3 1496
      5 1497
      1 1498
      5 1499
      1 1501
      1 1502
      4 1506
      5 1507
      1 1508
      3 1510
      3 1511
      2 1514
      2 1516
      1 1517
      2 1518
      2 1519
      4 1520
      4 1521
      2 1522
      1 1525
      2 1526
      2 1529
      2 1530
      2 1531
      2 1532
      2 1533
      2 1534
      3 1535
      3 1536
      2 1538
      3 1539
      1 1541
      2 1542
      2 1543
      3 1544
      1 1546
      2 1547
      1 1548
      2 1549
      2 1550
      3 1551
      2 1552
      3 1553
      2 1554
      1 1556
      2 1557
      1 1558
      1 1560
      1 1562
      3 1563
      1 1564
      2 1565
      3 1566
      1 1567
      1 1568
      1 1569
      1 1570
      2 1571
      1 1574
      2 1575
      1 1576
      1 1577
      1 1579
      2 1581
      1 1582
      1 1584
      2 1585
      1 1587
      1 1590
      1 1593
      4 1594
      1 1596
      1 1597
      1 1602
      2 1603
      1 1604
      3 1605
      2 1607
      3 1609
      1 1610
      1 1611
      2 1612
      1 1613
      1 1614
      2 1616
      1 1617
      1 1618
      1 1621
      1 1622
      1 1625
      1 1626
      1 1627
      4 1628
      1 1631
      1 1632
      2 1634
      3 1635
      4 1636
      1 1638
      2 1640
      1 1641
      1 1642
      3 1643
      1 1644
      3 1645
      2 1647
      1 1648
      1 1649
      2 1652
      1 1653
      1 1654
      4 1656
      2 1658
      3 1659
      1 1660
      2 1661
      2 1662
      2 1663
      2 1665
      4 1666
      1 1669
      1 1670
      3 1672
      1 1675
      1 1676
      2 1677
      2 1678
      2 1682
      2 1683
      1 1684
      1 1685
      1 1686
      1 1687
      2 1691
      1 1693
      2 1696
      1 1698
      1 1699
      1 1700
      1 1703
      1 1704
      2 1706
      1 1708
      1 1709
      1 1712
      1 1713
      1 1715
      2 1717
      1 1718
      1 1720
      2 1722
      1 1723
      1 1725
      1 1727
      2 1731
      1 1733
      2 1734
      1 1735
      1 1736
      1 1737
      1 1738
      1 1739
      1 1741
      2 1745
      3 1748
      1 1749
      1 1750
      2 1751
      2 1752
      1 1754
      2 1755
      1 1757
      1 1761
      1 1763
      1 1766
      1 1767
      2 1768
      3 1771
      1 1775
      1 1778
      1 1779
      1 1780
      2 1781
      2 1783
      1 1784
      2 1785
      1 1786
      1 1787
      1 1789
      1 1790
      1 1793
      1 1795
      1 1797
      2 1798
      1 1799
      2 1801
      1 1802
      1 1803
      1 1804
      1 1805
      2 1810
      1 1812
      1 1813
      1 1814
      3 1815
      1 1816
      1 1817
      2 1818
      1 1821
      1 1822
      1 1828
      1 1829
      1 1830
      1 1831
      1 1835
      2 1840
      1 1841
      1 1844
      1 1846
      1 1847
      1 1851
      1 1852
      1 1855
      3 1858
      1 1859
      1 1861
      1 1863
      3 1865
      1 1866
      1 1873
      1 1876
      1 1878
      1 1879
      3 1880
      1 1885
      2 1889
      1 1890
      1 1896
      1 1901
      1 1902
      1 1904
      1 1905
      1 1906
      1 1911
      1 1914
      1 1919
      1 1920
      2 1921
      1 1923
      1 1924
      2 1928
      1 1932
      1 1933
      1 1935
      1 1936
      2 1937
      1 1940
      1 1948
      2 1956
      1 1958
      1 1959
      3 1960
      1 1966
      1 1968
      1 1969
      1 1970
      1 1978
      1 1987
      1 1988
      1 1990
      1 1993
      1 1999
      3 2002
      2 2004
      1 2006
      1 2013
      2 2018
      1 2033
      1 2038
      1 2040
      1 2043
      1 2045
      1 2047
      1 2048
      1 2052
      1 2054
      1 2057
      1 2060
      1 2061
      1 2065
      1 2068
      1 2072
      1 2073
      1 2075
      2 2078
      1 2087
      1 2092
      1 2094
      1 2095
      1 2096
      1 2098
      1 2102
      2 2107
      1 2111
      1 2112
      1 2120
      1 2122
      1 2128
      1 2130
      1 2140
      1 2145
      1 2148
      1 2153
      2 2160
      1 2165
      1 2167
      2 2175
      2 2176
      1 2177
      2 2182
      1 2185
      1 2187
      1 2199
      1 2200
      1 2217
      1 2225
      1 2228
      1 2229
      1 2233
      1 2234
      1 2244
      1 2253
      1 2263
      1 2264
      1 2267
      1 2273
      3 2284
      1 2288
      1 2320
      1 2325
      1 2326
      1 2328
      2 2346
      1 2354
      1 2361
      1 2364
      1 2365
      1 2366
      1 2371
      1 2383
      1 2438
      1 2439
      1 2459
      1 2488
      1 2498
      1 2532
      1 2535
      1 2545
      1 2574
      1 2594
      1 2609
      1 2750
      1 2765
      1 2772
      1 2773
      1 2856
      1 2877
      1 2917
      1 3028
      1 3040
      1 3052
      1 3245
      1 3296
      1 3986
      1 4015
      1 4041
      1 4590
      1 4876
      1 5184
      1 6030
      1 7138
      1 7499
      1 7569
      1 9873
      1 16619
---AAD-PGBENCH-LAG-US---
