pgbench (18.6 (Debian 18.6-1.pgdg13+2))
starting vacuum...end.
transaction type: <builtin: select only>
scaling factor: 1000
query mode: simple
number of clients: 8
number of threads: 8
maximum number of tries: 1
duration: 60 s
number of transactions actually processed: 2544545
number of failed transactions: 0 (0.000%)
latency average = 0.189 ms
initial connection time = 5.234 ms
tps = 42412.462900 (without initial connection time)
---AAD-PGBENCH-LATENCY-US---
rc=0
samples=51074
      1 138
      1 141
      2 142
      2 143
      6 144
      7 145
      6 146
      8 147
     17 148
     10 149
     25 150
     32 151
     36 152
     45 153
     60 154
     74 155
     85 156
     95 157
    119 158
    156 159
    186 160
    209 161
    272 162
    274 163
    351 164
    374 165
    461 166
    523 167
    586 168
    716 169
    799 170
    892 171
   1018 172
   1074 173
   1190 174
   1362 175
   1508 176
   1626 177
   1723 178
   1783 179
   1935 180
   1946 181
   1895 182
   1876 183
   1914 184
   1701 185
   1611 186
   1501 187
   1354 188
   1253 189
   1086 190
   1003 191
    976 192
    882 193
    692 194
    752 195
    680 196
    629 197
    598 198
    604 199
    536 200
    447 201
    449 202
    377 203
    399 204
    365 205
    414 206
    478 207
    379 208
    285 209
    244 210
    223 211
    208 212
    196 213
    182 214
    170 215
    151 216
    162 217
    129 218
    112 219
    107 220
    108 221
     88 222
     88 223
     73 224
     64 225
     59 226
     59 227
     62 228
     47 229
     50 230
     46 231
     56 232
     46 233
     33 234
     35 235
     35 236
     30 237
     44 238
     34 239
     25 240
     41 241
     22 242
     21 243
     20 244
     27 245
     27 246
     26 247
     21 248
     20 249
     21 250
     21 251
     15 252
     22 253
     17 254
     10 255
     17 256
     24 257
     17 258
     14 259
     30 260
     33 261
     19 262
     16 263
     15 264
     15 265
     14 266
     19 267
     14 268
     16 269
     13 270
     18 271
     12 272
     14 273
     16 274
     13 275
     12 276
     12 277
     11 278
     12 279
     12 280
      9 281
      9 282
     12 283
      8 284
      6 285
      7 286
      6 287
      9 288
      5 289
      5 290
      3 291
     13 292
      5 293
      7 294
      8 295
      6 296
      6 297
      5 298
      7 299
      5 300
      2 301
      6 302
      4 303
      7 304
      6 305
      2 306
      7 307
      4 308
      9 309
      7 310
      2 311
      4 312
      5 313
      5 314
      5 315
      3 316
      6 317
      4 318
      6 319
      5 320
      8 321
      6 322
      8 323
      7 324
      2 325
     10 326
      5 327
      8 328
      5 329
      4 330
      9 331
      3 332
      9 333
      3 334
      2 335
      6 336
      3 337
     10 338
      6 339
     11 340
      5 341
      7 342
      3 343
      7 344
      4 345
      7 346
      8 347
      4 348
      7 349
      7 350
      9 351
      2 352
      4 353
      4 354
      7 355
      7 356
     10 357
      5 358
      8 359
      5 360
      8 361
      2 362
      7 363
      9 364
      8 365
      4 366
      8 367
      5 368
      4 369
      2 370
      8 371
      3 372
      4 373
      6 374
      4 375
      4 376
      3 377
      1 378
      3 379
      1 380
      1 381
      3 382
      3 384
      2 386
      1 387
      1 388
      2 389
      3 390
      1 391
      4 392
      1 393
      2 395
      2 396
      1 397
      2 400
      1 401
      1 402
      2 403
      1 405
      1 406
      1 407
      1 408
      1 409
      1 412
      2 414
      2 419
      1 421
      1 423
      2 424
      1 431
      1 438
      1 441
      1 446
      1 475
      1 495
      2 503
      1 532
      1 545
      1 553
      1 634
---AAD-PGBENCH-LAG-US---
