pgbench (18.6 (Debian 18.6-1.pgdg13+2))
starting vacuum...end.
transaction type: <builtin: select only>
scaling factor: 1000
query mode: simple
number of clients: 64
number of threads: 16
maximum number of tries: 1
duration: 60 s
number of transactions actually processed: 8356838
number of failed transactions: 0 (0.000%)
latency average = 0.459 ms
initial connection time = 125.117 ms
tps = 139544.868519 (without initial connection time)
---AAD-PGBENCH-LATENCY-US---
rc=0
samples=166825
      1 145
      1 147
      1 150
      1 151
      1 153
      2 155
      1 156
      1 157
      3 158
      1 160
      3 161
      5 162
      4 163
      5 164
      6 165
     10 166
      7 167
     15 168
     13 169
     10 170
     15 171
     18 172
     24 173
     13 174
     14 175
     16 176
     22 177
     20 178
     19 179
     24 180
     20 181
     21 182
     33 183
     25 184
     31 185
     39 186
     31 187
     40 188
     44 189
     40 190
     58 191
     61 192
     54 193
     64 194
     75 195
     86 196
     83 197
     73 198
     86 199
    112 200
    119 201
    152 202
    130 203
    146 204
    155 205
    142 206
    185 207
    164 208
    160 209
    167 210
    133 211
    155 212
    154 213
    160 214
    154 215
    132 216
    135 217
    138 218
    135 219
    148 220
    127 221
    162 222
    148 223
    131 224
    110 225
    163 226
    131 227
    124 228
    122 229
    123 230
    122 231
    124 232
    129 233
    128 234
    133 235
    130 236
    115 237
    140 238
    129 239
    115 240
    125 241
    125 242
    148 243
    149 244
    133 245
    162 246
    127 247
    147 248
    172 249
    169 250
    167 251
    186 252
    178 253
    200 254
    201 255
    223 256
    209 257
    241 258
    289 259
    268 260
    311 261
    343 262
    386 263
    370 264
    444 265
    447 266
    502 267
    486 268
    504 269
    545 270
    613 271
    601 272
    673 273
    694 274
    670 275
    729 276
    702 277
    677 278
    702 279
    612 280
    570 281
    577 282
    527 283
    518 284
    492 285
    484 286
    404 287
    429 288
    416 289
    406 290
    372 291
    351 292
    380 293
    378 294
    355 295
    329 296
    367 297
    366 298
    329 299
    328 300
    332 301
    359 302
    320 303
    343 304
    370 305
    367 306
    351 307
    356 308
    320 309
    339 310
    385 311
    350 312
    371 313
    361 314
    373 315
    398 316
    403 317
    404 318
    361 319
    421 320
    435 321
    418 322
    410 323
    450 324
    441 325
    453 326
    518 327
    505 328
    558 329
    522 330
    566 331
    560 332
    593 333
    644 334
    679 335
    706 336
    714 337
    753 338
    788 339
    743 340
    834 341
    839 342
    852 343
    903 344
    984 345
    924 346
    841 347
    855 348
    864 349
    767 350
    683 351
    711 352
    709 353
    615 354
    576 355
    629 356
    600 357
    521 358
    528 359
    520 360
    542 361
    469 362
    495 363
    419 364
    456 365
    422 366
    426 367
    407 368
    411 369
    427 370
    384 371
    407 372
    392 373
    403 374
    386 375
    378 376
    372 377
    349 378
    340 379
    350 380
    383 381
    329 382
    355 383
    373 384
    334 385
    385 386
    356 387
    351 388
    318 389
    362 390
    339 391
    363 392
    400 393
    379 394
    380 395
    401 396
    446 397
    428 398
    476 399
    415 400
    483 401
    467 402
    533 403
    511 404
    558 405
    555 406
    546 407
    568 408
    606 409
    581 410
    602 411
    612 412
    610 413
    687 414
    650 415
    600 416
    569 417
    533 418
    514 419
    515 420
    477 421
    465 422
    436 423
    423 424
    421 425
    407 426
    398 427
    353 428
    341 429
    347 430
    322 431
    318 432
    321 433
    292 434
    269 435
    285 436
    275 437
    272 438
    246 439
    281 440
    262 441
    285 442
    248 443
    269 444
    253 445
    249 446
    237 447
    250 448
    243 449
    252 450
    247 451
    262 452
    259 453
    265 454
    239 455
    268 456
    229 457
    236 458
    240 459
    280 460
    267 461
    263 462
    268 463
    293 464
    313 465
    273 466
    271 467
    295 468
    285 469
    299 470
    309 471
    303 472
    341 473
    331 474
    350 475
    354 476
    335 477
    376 478
    342 479
    359 480
    358 481
    416 482
    406 483
    394 484
    384 485
    337 486
    336 487
    331 488
    330 489
    328 490
    358 491
    308 492
    284 493
    278 494
    299 495
    238 496
    287 497
    256 498
    268 499
    230 500
    246 501
    271 502
    220 503
    205 504
    216 505
    239 506
    208 507
    197 508
    214 509
    197 510
    195 511
    192 512
    216 513
    204 514
    206 515
    208 516
    214 517
    184 518
    199 519
    175 520
    217 521
    220 522
    182 523
    216 524
    178 525
    203 526
    194 527
    200 528
    198 529
    193 530
    199 531
    199 532
    234 533
    194 534
    202 535
    221 536
    229 537
    201 538
    226 539
    235 540
    237 541
    235 542
    228 543
    267 544
    307 545
    253 546
    306 547
    306 548
    281 549
    326 550
    285 551
    319 552
    292 553
    275 554
    296 555
    281 556
    299 557
    268 558
    245 559
    208 560
    225 561
    234 562
    229 563
    199 564
    222 565
    196 566
    184 567
    212 568
    189 569
    181 570
    196 571
    200 572
    192 573
    174 574
    176 575
    175 576
    174 577
    173 578
    174 579
    177 580
    173 581
    155 582
    156 583
    150 584
    160 585
    176 586
    159 587
    131 588
    151 589
    153 590
    141 591
    146 592
    159 593
    124 594
    136 595
    141 596
    155 597
    142 598
    157 599
    158 600
    153 601
    162 602
    177 603
    161 604
    169 605
    172 606
    189 607
    153 608
    199 609
    177 610
    189 611
    178 612
    191 613
    197 614
    218 615
    212 616
    206 617
    207 618
    179 619
    209 620
    234 621
    204 622
    201 623
    223 624
    178 625
    206 626
    176 627
    175 628
    193 629
    172 630
    165 631
    169 632
    166 633
    159 634
    134 635
    171 636
    171 637
    136 638
    140 639
    139 640
    163 641
    132 642
    131 643
    122 644
    108 645
    136 646
    117 647
    110 648
    123 649
    113 650
    118 651
     92 652
    116 653
     87 654
    104 655
     94 656
     92 657
    102 658
    121 659
    123 660
    116 661
    102 662
     94 663
    111 664
    121 665
    138 666
    108 667
    112 668
    114 669
    101 670
    136 671
    103 672
    127 673
    113 674
     99 675
    109 676
    120 677
    113 678
    134 679
    104 680
    133 681
    101 682
    116 683
    109 684
    126 685
    117 686
    119 687
    133 688
    137 689
    142 690
    130 691
    131 692
    137 693
    133 694
    130 695
    129 696
    115 697
    133 698
    128 699
    123 700
    107 701
    103 702
    120 703
    109 704
    100 705
    115 706
     89 707
     91 708
     83 709
    103 710
     83 711
     83 712
     72 713
    106 714
     74 715
     92 716
     96 717
     77 718
     75 719
     92 720
     72 721
     83 722
     74 723
     73 724
     73 725
     49 726
     92 727
     64 728
     86 729
     58 730
     79 731
     68 732
     65 733
     69 734
     65 735
     65 736
     66 737
     77 738
     73 739
     82 740
     77 741
     72 742
     67 743
     76 744
     69 745
     73 746
     73 747
     65 748
     85 749
     76 750
     96 751
     84 752
     81 753
     77 754
     78 755
     92 756
     81 757
     93 758
     97 759
     79 760
     96 761
     77 762
    105 763
     84 764
     78 765
     67 766
     83 767
     83 768
     70 769
     64 770
     63 771
     61 772
     68 773
     54 774
     76 775
     59 776
     69 777
     63 778
     64 779
     54 780
     46 781
     41 782
     60 783
     49 784
     52 785
     66 786
     54 787
     65 788
     51 789
     53 790
     48 791
     63 792
     60 793
     43 794
     52 795
     40 796
     44 797
     49 798
     54 799
     41 800
     52 801
     53 802
     58 803
     40 804
     51 805
     46 806
     41 807
     39 808
     61 809
     37 810
     41 811
     54 812
     56 813
     43 814
     55 815
     51 816
     48 817
     52 818
     58 819
     56 820
     58 821
     43 822
     59 823
     59 824
     51 825
     62 826
     57 827
     70 828
     67 829
     57 830
     44 831
     48 832
     52 833
     44 834
     33 835
     53 836
     46 837
     55 838
     52 839
     45 840
     45 841
     42 842
     46 843
     44 844
     30 845
     43 846
     31 847
     29 848
     32 849
     35 850
     45 851
     33 852
     27 853
     33 854
     32 855
     40 856
     28 857
     27 858
     32 859
     41 860
     35 861
     28 862
     34 863
     47 864
     37 865
     30 866
     24 867
     43 868
     36 869
     31 870
     30 871
     35 872
     29 873
     32 874
     33 875
     39 876
     18 877
     29 878
     19 879
     31 880
     36 881
     26 882
     26 883
     33 884
     36 885
     29 886
     25 887
     37 888
     32 889
     31 890
     40 891
     29 892
     27 893
     27 894
     29 895
     31 896
     33 897
     36 898
     39 899
     36 900
     31 901
     34 902
     25 903
     28 904
     26 905
     41 906
     25 907
     27 908
     34 909
     27 910
     27 911
     34 912
     25 913
     31 914
     30 915
     31 916
     25 917
     34 918
     24 919
     21 920
     31 921
     19 922
     20 923
     27 924
     32 925
     19 926
     25 927
     18 928
     27 929
     25 930
     21 931
     20 932
     30 933
     21 934
     15 935
     23 936
     15 937
     26 938
     16 939
     13 940
     22 941
     13 942
     18 943
     23 944
     24 945
     18 946
     19 947
     22 948
     25 949
     26 950
     13 951
     20 952
     24 953
     16 954
     13 955
     27 956
     21 957
     25 958
     27 959
     25 960
     17 961
     31 962
     19 963
     19 964
     24 965
     31 966
     24 967
     13 968
     19 969
     21 970
     28 971
     29 972
     17 973
     18 974
     17 975
     23 976
     16 977
     29 978
     20 979
     15 980
     15 981
     20 982
     21 983
     18 984
     18 985
     17 986
     20 987
     14 988
     13 989
     13 990
     21 991
     14 992
     17 993
     18 994
     15 995
     15 996
     18 997
     17 998
     17 999
     10 1000
     15 1001
     15 1002
     12 1003
     13 1004
     17 1005
      9 1006
     20 1007
     14 1008
     16 1009
     12 1010
      8 1011
     15 1012
     16 1013
      7 1014
     11 1015
     19 1016
     23 1017
     14 1018
     15 1019
     10 1020
     16 1021
     13 1022
     13 1023
      9 1024
      9 1025
     16 1026
      8 1027
     12 1028
     12 1029
     12 1030
     13 1031
     12 1032
     16 1033
     10 1034
     12 1035
     12 1036
     17 1037
     17 1038
     14 1039
     12 1040
     18 1041
     15 1042
     14 1043
      7 1044
      8 1045
     11 1046
      7 1047
     14 1048
     10 1049
      5 1050
      8 1051
      9 1052
     10 1053
     13 1054
      6 1055
      8 1056
      7 1057
      8 1058
     18 1059
     11 1060
      5 1061
     13 1062
      7 1063
      8 1064
      7 1065
     10 1066
     12 1067
     14 1068
     14 1069
      6 1070
     11 1071
      7 1072
     11 1073
      5 1074
      8 1075
      4 1076
      6 1077
     16 1078
      6 1079
      4 1080
      8 1081
      7 1082
      6 1083
      8 1084
      9 1085
     13 1086
     13 1087
      8 1088
      8 1089
      4 1090
      9 1091
      7 1092
      8 1093
      8 1094
     10 1095
      2 1096
      9 1097
      9 1098
      8 1099
     10 1100
     13 1101
      4 1102
      6 1103
      5 1104
     15 1105
      6 1106
      8 1107
      8 1108
      9 1109
      8 1110
      5 1111
      6 1112
      7 1113
      6 1114
      7 1115
      6 1116
      4 1117
     10 1118
      7 1119
      8 1120
      5 1121
      5 1122
      6 1123
      3 1124
      4 1125
      3 1126
      7 1127
      5 1128
      4 1129
      8 1130
      4 1131
      8 1132
      5 1133
      3 1134
      5 1135
      4 1136
      6 1137
      8 1138
      3 1139
      2 1140
      6 1141
      8 1142
      4 1143
      4 1144
      8 1145
      3 1146
      4 1147
      6 1148
      4 1149
      8 1150
      2 1151
      3 1152
      1 1153
     11 1154
      7 1155
      2 1156
      6 1157
      7 1158
      3 1159
      3 1160
      7 1161
      2 1162
      4 1163
      2 1164
      5 1165
      1 1166
      3 1167
      3 1168
      4 1169
      2 1170
      9 1171
      9 1172
      4 1173
      7 1174
      5 1175
      4 1176
      6 1177
      6 1178
      5 1179
     11 1180
      4 1181
      3 1182
      7 1183
      5 1184
      4 1185
      3 1186
      4 1187
      2 1188
      5 1189
      4 1190
      3 1191
      3 1192
      4 1193
      4 1194
      5 1195
      4 1196
      2 1197
      1 1198
      2 1199
      5 1200
      5 1201
      5 1202
      3 1203
      2 1204
      7 1205
      3 1206
      3 1207
      2 1208
      6 1209
      3 1210
      4 1211
      1 1212
      4 1215
      3 1216
      1 1217
      2 1218
      1 1219
      3 1220
      6 1221
      2 1222
      2 1223
      2 1224
      1 1225
      4 1226
      6 1227
      3 1228
      1 1229
      2 1230
      2 1231
      5 1232
      3 1233
      1 1234
      4 1235
      2 1236
      4 1237
      3 1238
     10 1239
      5 1240
      7 1241
      4 1242
      5 1243
      5 1244
      5 1245
      2 1246
      2 1247
      1 1248
      3 1249
      6 1250
      2 1251
      1 1252
      2 1253
      4 1254
      3 1255
      4 1256
      5 1257
      5 1258
      1 1259
      5 1260
      2 1261
      3 1262
      5 1263
      6 1264
      1 1265
      5 1266
      6 1267
      3 1268
      2 1269
      4 1270
      3 1271
      1 1272
      3 1273
      4 1274
      4 1275
      2 1276
      2 1277
      2 1278
      3 1279
      2 1280
      2 1281
      1 1282
      5 1283
      4 1284
      4 1285
      1 1286
      2 1288
      5 1289
      1 1290
      2 1291
      6 1292
      2 1295
      5 1296
      3 1297
      3 1298
      1 1299
      1 1301
      4 1302
      1 1303
      1 1304
      2 1305
      4 1306
      2 1307
      2 1308
      1 1309
      2 1310
      3 1311
      1 1312
      4 1313
      3 1314
      1 1315
      4 1316
      6 1317
      3 1318
      5 1319
      1 1320
      3 1321
      2 1323
      1 1324
      3 1325
      3 1326
      5 1327
      2 1328
      1 1329
      4 1330
      3 1331
      2 1332
      3 1333
      4 1334
      3 1335
      4 1336
      3 1337
      2 1338
      5 1339
      4 1340
      2 1341
      3 1342
      2 1343
      3 1344
      2 1345
      3 1346
      3 1347
      3 1349
      3 1350
      2 1351
      3 1352
      4 1353
      1 1355
      3 1356
      1 1358
      4 1359
      4 1360
      3 1361
      1 1362
      5 1363
      1 1364
      3 1365
      3 1366
      1 1367
      4 1368
      3 1369
      4 1370
      3 1371
      3 1373
      4 1374
      2 1376
      2 1377
      1 1378
      3 1379
      1 1381
      1 1382
      4 1383
      2 1384
      1 1385
      4 1386
      1 1387
      1 1388
      6 1389
      6 1390
      2 1391
      2 1392
      2 1394
      3 1395
      2 1397
      1 1398
      2 1399
      1 1400
      3 1401
      5 1402
      1 1404
      1 1405
      4 1406
      2 1407
      4 1408
      3 1409
      3 1410
      5 1411
      2 1412
      1 1413
      3 1414
      3 1415
      3 1417
      3 1421
      4 1422
      2 1423
      1 1424
      2 1425
      5 1426
      2 1427
      2 1428
      2 1429
      6 1430
      1 1431
      1 1432
      5 1434
      3 1437
      2 1438
      5 1439
      2 1441
      2 1442
      4 1443
      4 1444
      3 1445
      1 1446
      2 1448
      3 1450
      1 1451
      1 1453
      3 1456
      1 1457
      2 1458
      4 1459
      2 1460
      2 1461
      2 1462
      1 1463
      4 1464
      2 1465
      1 1467
      1 1468
      3 1469
      6 1470
      1 1471
      1 1472
      3 1474
      2 1475
      1 1476
      3 1477
      1 1478
      1 1480
      2 1481
      5 1482
      2 1484
      1 1487
      1 1488
      3 1489
      1 1491
      5 1492
      1 1493
      4 1494
      1 1495
      1 1496
      2 1497
      2 1498
      1 1499
      1 1500
      2 1501
      4 1502
      2 1503
      3 1504
      3 1505
      1 1506
      2 1507
      2 1510
      1 1511
      1 1512
      3 1513
      2 1514
      2 1515
      1 1516
      4 1517
      2 1519
      3 1520
      1 1521
      1 1522
      2 1523
      2 1525
      2 1526
      4 1527
      3 1530
      2 1531
      4 1532
      1 1533
      1 1534
      2 1535
      3 1537
      2 1538
      1 1539
      2 1540
      1 1541
      5 1542
      1 1543
      3 1544
      1 1545
      2 1546
      3 1549
      1 1551
      1 1552
      1 1554
      1 1555
      3 1556
      4 1557
      2 1560
      2 1561
      2 1562
      2 1563
      2 1566
      2 1567
      1 1568
      1 1569
      1 1570
      1 1571
      3 1572
      1 1573
      1 1574
      1 1575
      4 1576
      4 1577
      1 1578
      4 1580
      4 1581
      1 1584
      2 1586
      2 1587
      1 1588
      3 1590
      2 1591
      1 1592
      1 1593
      4 1595
      2 1596
      3 1597
      2 1599
      2 1600
      2 1601
      1 1602
      1 1603
      2 1604
      1 1606
      1 1607
      5 1608
      1 1609
      4 1610
      2 1612
      1 1613
      2 1615
      2 1616
      1 1618
      1 1619
      2 1622
      1 1624
      1 1625
      2 1626
      1 1627
      1 1628
      1 1629
      3 1630
      2 1631
      4 1634
      1 1636
      1 1640
      3 1641
      2 1642
      1 1643
      1 1644
      1 1645
      1 1646
      1 1647
      1 1648
      1 1649
      2 1651
      3 1652
      4 1653
      1 1654
      2 1655
      1 1656
      1 1658
      3 1660
      2 1661
      2 1662
      1 1663
      1 1664
      2 1666
      1 1667
      1 1668
      1 1669
      1 1672
      1 1673
      1 1676
      4 1677
      4 1678
      2 1679
      1 1681
      2 1682
      1 1683
      1 1684
      1 1689
      1 1690
      1 1693
      2 1694
      1 1696
      1 1697
      1 1698
      1 1699
      2 1700
      1 1702
      1 1703
      1 1704
      1 1707
      3 1713
      1 1714
      2 1715
      2 1722
      1 1724
      2 1725
      2 1726
      4 1727
      1 1728
      1 1735
      2 1736
      2 1737
      1 1739
      1 1740
      1 1742
      3 1743
      1 1746
      1 1750
      1 1752
      1 1753
      1 1757
      3 1758
      1 1759
      1 1762
      3 1763
      3 1765
      3 1766
      1 1769
      1 1770
      2 1771
      1 1772
      1 1773
      1 1774
      1 1775
      1 1778
      1 1779
      1 1780
      2 1781
      1 1782
      1 1783
      1 1784
      1 1785
      1 1788
      1 1789
      1 1790
      1 1791
      1 1796
      2 1797
      1 1800
      3 1801
      1 1804
      2 1805
      2 1806
      1 1808
      1 1810
      1 1813
      2 1814
      1 1816
      1 1820
      1 1822
      1 1823
      2 1824
      1 1830
      5 1831
      1 1833
      1 1836
      1 1838
      3 1839
      1 1840
      1 1842
      1 1844
      1 1847
      1 1850
      2 1853
      1 1854
      2 1855
      1 1856
      2 1859
      1 1860
      1 1861
      2 1864
      2 1866
      2 1867
      1 1868
      2 1876
      2 1877
      1 1878
      1 1879
      1 1880
      1 1881
      1 1882
      2 1885
      2 1886
      1 1887
      1 1888
      2 1894
      1 1897
      1 1909
      4 1910
      1 1912
      2 1919
      1 1922
      2 1923
      1 1924
      1 1926
      1 1930
      2 1934
      1 1937
      1 1939
      3 1940
      2 1941
      1 1942
      1 1945
      1 1947
      2 1948
      2 1958
      3 1960
      1 1961
      1 1964
      1 1967
      1 1970
      1 1972
      2 1973
      1 1975
      1 1980
      1 1982
      1 2000
      1 2001
      1 2004
      1 2006
      1 2008
      1 2011
      1 2013
      2 2015
      1 2021
      1 2023
      1 2028
      1 2031
      1 2032
      2 2036
      1 2042
      1 2044
      1 2053
      1 2059
      1 2060
      1 2061
      1 2067
      1 2076
      1 2077
      1 2080
      1 2084
      1 2085
      1 2089
      1 2090
      1 2091
      1 2094
      1 2096
      1 2099
      1 2104
      1 2108
      1 2109
      2 2111
      1 2119
      1 2130
      1 2133
      1 2135
      1 2142
      1 2146
      2 2154
      1 2159
      1 2163
      1 2170
      2 2171
      1 2179
      1 2184
      1 2186
      1 2191
      1 2195
      1 2201
      1 2220
      1 2229
      2 2238
      1 2245
      1 2249
      1 2251
      1 2255
      1 2267
      1 2283
      1 2284
      1 2299
      1 2307
      1 2308
      1 2314
      1 2334
      1 2346
      1 2348
      1 2349
      1 2355
      1 2361
      1 2363
      1 2367
      1 2370
      1 2372
      1 2391
      1 2393
      1 2405
      1 2415
      1 2428
      1 2444
      1 2474
      1 2480
      1 2482
      1 2493
      1 2533
      1 2534
      1 2568
      1 2582
      1 2602
      1 2606
      1 2616
      1 2631
      1 2684
      1 2691
      1 2762
      1 2836
      2 2881
      1 2907
      1 2958
      1 3006
      1 3118
      1 3135
      1 3161
      1 3259
      1 3303
      1 3322
      1 3370
      1 3491
      1 7409
      1 8811
---AAD-PGBENCH-LAG-US---
