pgbench (18.6 (Debian 18.6-1.pgdg13+2))
starting vacuum...end.
transaction type: <builtin: select only>
scaling factor: 1000
query mode: simple
number of clients: 128
number of threads: 16
maximum number of tries: 1
duration: 480 s
number of transactions actually processed: 116062859
number of failed transactions: 0 (0.000%)
latency average = 0.441 ms
latency stddev = 0.212 ms
rate limit schedule lag: avg 0.067 (max 26.006) ms
initial connection time = 233.461 ms
tps = 241909.578670 (without initial connection time)
---AAD-PGBENCH-LATENCY-US---
rc=0
samples=2322020
      1 232
      4 234
      3 236
      8 237
      4 238
     12 239
      8 240
     12 241
     22 242
     30 243
     30 244
     37 245
     45 246
     71 247
     81 248
     85 249
    100 250
    147 251
    166 252
    211 253
    204 254
    243 255
    294 256
    350 257
    382 258
    428 259
    520 260
    590 261
    639 262
    772 263
    863 264
    950 265
   1069 266
   1168 267
   1346 268
   1426 269
   1586 270
   1746 271
   1890 272
   1990 273
   2182 274
   2297 275
   2551 276
   2761 277
   2891 278
   3014 279
   3208 280
   3284 281
   3542 282
   3531 283
   3766 284
   3881 285
   4016 286
   4061 287
   4259 288
   4390 289
   4427 290
   4616 291
   4817 292
   4928 293
   4988 294
   5067 295
   5292 296
   5377 297
   5419 298
   5747 299
   5953 300
   6087 301
   6285 302
   6547 303
   6709 304
   6764 305
   7231 306
   7432 307
   7543 308
   7880 309
   8161 310
   8605 311
   8690 312
   9000 313
   9193 314
   9642 315
  10005 316
  10214 317
  10555 318
  11093 319
  11374 320
  11591 321
  11834 322
  12499 323
  12850 324
  13412 325
  13961 326
  14430 327
  14876 328
  15300 329
  15999 330
  16441 331
  17062 332
  17568 333
  18354 334
  18816 335
  19568 336
  20112 337
  20814 338
  21620 339
  21937 340
  22525 341
  23305 342
  23405 343
  23786 344
  24144 345
  24157 346
  24347 347
  24307 348
  24279 349
  23903 350
  23105 351
  23068 352
  22484 353
  22191 354
  21419 355
  21034 356
  20617 357
  20022 358
  19585 359
  19463 360
  18725 361
  18460 362
  17957 363
  17339 364
  17246 365
  16700 366
  16483 367
  16007 368
  15693 369
  15484 370
  15554 371
  15038 372
  14699 373
  14837 374
  14506 375
  14318 376
  14053 377
  14075 378
  14005 379
  13551 380
  13395 381
  13561 382
  13312 383
  13137 384
  12978 385
  12972 386
  12949 387
  12736 388
  12761 389
  12723 390
  12597 391
  12705 392
  12656 393
  12648 394
  12668 395
  12760 396
  12481 397
  12887 398
  12852 399
  12821 400
  13097 401
  13288 402
  13058 403
  13434 404
  13344 405
  13376 406
  13520 407
  13560 408
  13558 409
  13678 410
  13794 411
  13553 412
  13644 413
  13489 414
  13313 415
  13003 416
  12758 417
  12327 418
  11902 419
  11612 420
  11009 421
  10772 422
  10458 423
   9904 424
   9796 425
   9313 426
   8936 427
   8483 428
   8286 429
   7914 430
   7669 431
   7103 432
   7137 433
   6761 434
   6666 435
   6396 436
   6139 437
   5952 438
   5907 439
   5569 440
   5380 441
   5209 442
   4972 443
   5041 444
   4787 445
   4718 446
   4739 447
   4378 448
   4468 449
   4355 450
   4139 451
   4069 452
   3967 453
   3917 454
   3905 455
   3862 456
   3756 457
   3590 458
   3708 459
   3691 460
   3482 461
   3362 462
   3373 463
   3336 464
   3327 465
   3320 466
   3391 467
   3293 468
   3327 469
   3225 470
   3231 471
   3263 472
   3283 473
   3276 474
   3205 475
   3132 476
   3137 477
   3171 478
   3134 479
   3027 480
   3060 481
   2933 482
   2972 483
   2840 484
   2743 485
   2644 486
   2565 487
   2524 488
   2471 489
   2292 490
   2190 491
   2126 492
   2153 493
   2023 494
   1818 495
   1911 496
   1710 497
   1567 498
   1560 499
   1449 500
   1365 501
   1409 502
   1288 503
   1236 504
   1169 505
   1108 506
   1135 507
   1073 508
   1032 509
    974 510
    950 511
    855 512
    852 513
    889 514
    833 515
    806 516
    770 517
    764 518
    729 519
    769 520
    687 521
    671 522
    657 523
    641 524
    610 525
    653 526
    620 527
    608 528
    574 529
    578 530
    555 531
    537 532
    529 533
    529 534
    517 535
    527 536
    507 537
    504 538
    489 539
    496 540
    511 541
    498 542
    459 543
    477 544
    450 545
    459 546
    458 547
    410 548
    429 549
    451 550
    409 551
    404 552
    391 553
    381 554
    362 555
    354 556
    376 557
    319 558
    322 559
    290 560
    297 561
    316 562
    276 563
    275 564
    239 565
    246 566
    245 567
    193 568
    214 569
    206 570
    196 571
    209 572
    189 573
    175 574
    187 575
    158 576
    180 577
    147 578
    151 579
    172 580
    155 581
    140 582
    137 583
    161 584
    111 585
    116 586
    132 587
    103 588
     99 589
    109 590
    110 591
     96 592
     98 593
     96 594
     88 595
    100 596
     86 597
     88 598
    101 599
     89 600
     90 601
     79 602
     68 603
     91 604
     73 605
     84 606
     74 607
     66 608
     71 609
     86 610
     65 611
     85 612
     78 613
     71 614
     54 615
     57 616
     58 617
     59 618
     67 619
     64 620
     59 621
     55 622
     68 623
     54 624
     54 625
     40 626
     61 627
     50 628
     42 629
     52 630
     54 631
     44 632
     37 633
     41 634
     28 635
     38 636
     34 637
     29 638
     32 639
     30 640
     27 641
     29 642
     26 643
     36 644
     25 645
     16 646
     19 647
     30 648
     17 649
     26 650
     21 651
     25 652
     25 653
     21 654
     16 655
     10 656
     21 657
     11 658
     18 659
     21 660
     23 661
     17 662
     16 663
     15 664
     15 665
     11 666
     11 667
     16 668
     15 669
      9 670
     15 671
     10 672
     13 673
      8 674
     10 675
     13 676
      8 677
     16 678
      9 679
     13 680
     12 681
      8 682
      3 683
      7 684
      7 685
     13 686
      6 687
      8 688
      9 689
      7 690
      5 691
     11 692
     10 693
      5 694
     11 695
      6 696
      9 697
      8 698
      7 699
     10 700
      7 701
      9 702
      6 703
      4 704
      5 705
      1 706
      1 707
      4 708
      9 709
      3 710
      8 711
      5 712
      5 713
      5 714
      5 716
      1 717
      1 718
      2 719
      1 720
      2 721
      3 722
      2 723
      5 724
      3 725
      3 726
      3 727
      4 728
      5 729
      1 731
      2 732
      1 733
      2 734
      2 735
      3 736
      2 737
      5 739
      2 740
      2 742
      3 744
      1 745
      5 746
      2 748
      1 749
      1 750
      2 751
      5 753
      4 754
      3 755
      2 756
      4 758
      1 759
      2 760
      4 761
      2 762
      2 763
      2 764
      1 765
      3 766
      1 768
      3 769
      1 770
      1 771
      2 773
      2 776
      1 777
      1 782
      1 785
      1 786
      2 790
      1 793
      1 794
      1 797
      1 799
      1 800
      3 802
      2 806
      1 807
      2 810
      1 812
      2 813
      1 814
      2 815
      1 817
      1 818
      2 819
      1 821
      1 824
      1 826
      2 827
      1 831
      1 832
      1 833
      1 835
      1 836
      3 837
      1 840
      1 841
      1 842
      1 843
      1 845
      1 848
      1 851
      1 852
      2 856
      2 860
      1 865
      1 868
      2 870
      1 872
      1 879
      2 883
      1 886
      1 902
      2 903
      1 907
      1 909
      1 913
      1 919
      1 924
      1 935
      1 937
      1 939
      1 954
      1 958
      1 960
      1 961
      1 967
      1 983
      1 985
      1 987
      1 995
      1 1009
      1 1011
      1 1033
      1 1049
      1 1051
      1 1060
      1 1063
      1 1104
      1 1107
      1 1167
      1 1175
      1 1176
      1 1228
      1 1231
      1 1313
      1 1314
      1 1416
      1 1540
      1 1604
      1 1646
      1 1664
      1 1705
      1 1721
      1 1770
      2 1998
      1 2034
      1 2090
      1 2373
      1 2468
      1 2504
      1 2635
      1 3436
      1 3440
      1 3827
      1 4156
      1 4174
      1 4474
      1 18759
      1 19818
      1 20364
      1 20509
      1 20987
---AAD-PGBENCH-LAG-US---
  38269 0
  33057 1
  29234 2
  27637 3
  26971 4
  26327 5
  25726 6
  24878 7
  24000 8
  23421 9
  23051 10
  22656 11
  22734 12
  22365 13
  22214 14
  22173 15
  21922 16
  21966 17
  21675 18
  21819 19
  21786 20
  21926 21
  21981 22
  21699 23
  21832 24
  21544 25
  21752 26
  21639 27
  21346 28
  21488 29
  21526 30
  21490 31
  21349 32
  21203 33
  21365 34
  20667 35
  20389 36
  20521 37
  20021 38
  19783 39
  19865 40
  19386 41
  19376 42
  19202 43
  18942 44
  18604 45
  18744 46
  18610 47
  18377 48
  18062 49
  17566 50
  16808 51
  15971 52
  14905 53
  14716 54
  23132 55
  40512 56
  25781 57
  20656 58
  19818 59
  18582 60
  21893 61
  39580 62
  50237 63
  55018 64
  53678 65
  31796 66
  24900 67
  26798 68
  25552 69
  25369 70
  25006 71
  24206 72
  21384 73
  15911 74
  13702 75
  12117 76
  11238 77
  10854 78
  10675 79
   9405 80
   8388 81
   7585 82
   6906 83
   6670 84
   6176 85
   5757 86
   5499 87
   5336 88
   4980 89
   4717 90
   4712 91
   4408 92
   4295 93
   4251 94
   4186 95
   4002 96
   4041 97
   3758 98
   3792 99
   3736 100
   3680 101
   3532 102
   3423 103
   3384 104
   3541 105
   3449 106
   3411 107
   3451 108
   3427 109
   3250 110
   3346 111
   3352 112
   3354 113
   3310 114
   3282 115
   3228 116
   3219 117
   3197 118
   3108 119
   3041 120
   3060 121
   2948 122
   3012 123
   3107 124
   3011 125
   2924 126
   2949 127
   2980 128
   2913 129
   2819 130
   2861 131
   2930 132
   2787 133
   2777 134
   2691 135
   2830 136
   2687 137
   2634 138
   2690 139
   2555 140
   2660 141
   2734 142
   2586 143
   2612 144
   2530 145
   2526 146
   2490 147
   2521 148
   2318 149
   2497 150
   2435 151
   2445 152
   2440 153
   2360 154
   2376 155
   2305 156
   2291 157
   2194 158
   2224 159
   2220 160
   2262 161
   2162 162
   2236 163
   2125 164
   2160 165
   2150 166
   2094 167
   2074 168
   2018 169
   2044 170
   2017 171
   2127 172
   1984 173
   1949 174
   1917 175
   1943 176
   1940 177
   1872 178
   1850 179
   1836 180
   1749 181
   1892 182
   1851 183
   1744 184
   1673 185
   1710 186
   1695 187
   1686 188
   1710 189
   1681 190
   1618 191
   1702 192
   1646 193
   1584 194
   1617 195
   1568 196
   1625 197
   1488 198
   1508 199
   1451 200
   1459 201
   1502 202
   1436 203
   1377 204
   1381 205
   1457 206
   1414 207
   1345 208
   1360 209
   1412 210
   1295 211
   1299 212
   1252 213
   1188 214
   1191 215
   1170 216
   1209 217
   1257 218
   1188 219
   1185 220
   1154 221
   1138 222
   1159 223
   1078 224
   1105 225
   1133 226
   1109 227
   1048 228
   1034 229
   1068 230
   1001 231
   1010 232
    995 233
    959 234
    944 235
   1040 236
    963 237
    961 238
    911 239
    883 240
    841 241
    866 242
    874 243
    896 244
    837 245
    819 246
    799 247
    842 248
    803 249
    746 250
    752 251
    806 252
    778 253
    809 254
    728 255
    792 256
    728 257
    734 258
    744 259
    699 260
    706 261
    667 262
    620 263
    698 264
    674 265
    654 266
    593 267
    606 268
    631 269
    625 270
    579 271
    577 272
    612 273
    548 274
    574 275
    569 276
    558 277
    493 278
    573 279
    531 280
    527 281
    548 282
    519 283
    467 284
    491 285
    493 286
    479 287
    478 288
    464 289
    475 290
    454 291
    465 292
    468 293
    423 294
    441 295
    426 296
    446 297
    440 298
    390 299
    424 300
    434 301
    389 302
    396 303
    345 304
    376 305
    359 306
    410 307
    366 308
    342 309
    349 310
    325 311
    378 312
    347 313
    333 314
    313 315
    336 316
    302 317
    335 318
    331 319
    329 320
    330 321
    292 322
    283 323
    315 324
    283 325
    279 326
    273 327
    281 328
    281 329
    289 330
    269 331
    289 332
    245 333
    249 334
    246 335
    275 336
    242 337
    219 338
    244 339
    246 340
    227 341
    231 342
    228 343
    221 344
    226 345
    243 346
    195 347
    203 348
    222 349
    201 350
    209 351
    217 352
    216 353
    198 354
    217 355
    223 356
    206 357
    224 358
    194 359
    202 360
    165 361
    174 362
    193 363
    175 364
    197 365
    171 366
    144 367
    159 368
    171 369
    158 370
    146 371
    159 372
    167 373
    159 374
    154 375
    157 376
    136 377
    156 378
    146 379
    153 380
    155 381
    142 382
    152 383
    136 384
    135 385
    133 386
    136 387
    138 388
    116 389
    133 390
    122 391
    116 392
    122 393
    132 394
    116 395
    129 396
    135 397
    122 398
    123 399
    111 400
    111 401
    105 402
    111 403
     95 404
    113 405
    101 406
    101 407
    106 408
     93 409
    110 410
     93 411
    110 412
    114 413
     95 414
    113 415
     79 416
     96 417
     94 418
     85 419
     77 420
     86 421
     73 422
     80 423
     92 424
    110 425
     84 426
     81 427
     85 428
     86 429
     69 430
     97 431
     71 432
     79 433
     78 434
     78 435
     88 436
     59 437
     84 438
     70 439
     65 440
     75 441
     69 442
     80 443
     69 444
     70 445
     66 446
     75 447
     75 448
     76 449
     65 450
     68 451
     72 452
     62 453
     62 454
     37 455
     65 456
     58 457
     37 458
     56 459
     57 460
     56 461
     62 462
     56 463
     41 464
     42 465
     39 466
     56 467
     49 468
     48 469
     54 470
     47 471
     55 472
     53 473
     43 474
     47 475
     40 476
     56 477
     54 478
     31 479
     51 480
     41 481
     34 482
     33 483
     51 484
     41 485
     42 486
     29 487
     37 488
     40 489
     57 490
     43 491
     40 492
     33 493
     44 494
     34 495
     41 496
     48 497
     45 498
     24 499
     39 500
     28 501
     24 502
     40 503
     38 504
     34 505
     35 506
     21 507
     32 508
     25 509
     27 510
     24 511
     24 512
     29 513
     35 514
     33 515
     29 516
     25 517
     28 518
     39 519
     35 520
     21 521
     17 522
     28 523
     26 524
     23 525
     28 526
     24 527
     26 528
     27 529
     33 530
     23 531
     29 532
     35 533
     30 534
     21 535
     30 536
     17 537
     14 538
     23 539
     25 540
     28 541
     24 542
     24 543
     19 544
     26 545
     15 546
     26 547
     19 548
     17 549
     31 550
     27 551
     17 552
     14 553
     19 554
     17 555
     19 556
     12 557
     19 558
     26 559
     15 560
     20 561
     14 562
     20 563
     15 564
     28 565
     14 566
     15 567
     17 568
     21 569
     15 570
     13 571
     15 572
     20 573
     19 574
     22 575
     17 576
     18 577
     14 578
     17 579
     11 580
      9 581
      9 582
     14 583
     13 584
     12 585
     14 586
     14 587
     15 588
     12 589
     14 590
     14 591
     10 592
     13 593
     10 594
     18 595
     14 596
     15 597
     16 598
     16 599
     12 600
     15 601
     10 602
      8 603
     17 604
     17 605
     14 606
     14 607
     10 608
      6 609
     17 610
      5 611
      5 612
      8 613
      9 614
     10 615
      8 616
     12 617
      7 618
      9 619
      9 620
     15 621
     11 622
      6 623
      9 624
     12 625
      4 626
      8 627
     17 628
     14 629
     12 630
      9 631
     12 632
     10 633
      5 634
     10 635
      7 636
      9 637
      7 638
      9 639
      2 640
      4 641
      7 642
     12 643
      8 644
      7 645
      6 646
      9 647
      8 648
      9 649
      6 650
      9 651
      4 652
     17 653
      7 654
      9 655
      5 656
     11 657
      2 658
      6 659
      7 660
      6 661
      5 662
      5 663
      4 664
     10 665
      3 666
      2 667
      8 668
      5 669
      3 670
      3 671
      4 672
      6 673
     10 674
      3 675
      5 676
      3 677
      4 678
      2 679
      2 680
      6 681
      4 682
      7 683
      3 684
      4 685
      4 686
      2 687
      8 688
      3 689
      4 690
      7 691
      6 692
      2 693
      3 694
      3 695
      2 696
      4 697
      6 698
      2 699
      5 700
      2 701
      1 702
      3 703
      2 704
      2 705
      1 706
      2 707
      3 709
      3 710
      4 711
      2 712
      5 713
      4 714
      4 715
      4 716
      5 717
      2 718
      6 719
      3 720
      4 721
      5 722
      5 723
      2 724
      3 725
      5 726
      2 727
      5 728
      6 729
      4 730
      2 731
      2 732
      7 733
      2 734
      3 735
      3 736
      4 737
      4 738
      2 739
      3 740
      1 741
      3 742
      1 743
      3 744
      1 745
      2 747
      4 748
      1 749
      1 750
      3 751
      2 752
      2 753
      1 754
      2 755
      4 756
      3 758
      2 759
      5 760
      3 761
      3 762
      3 763
      2 764
      1 767
      3 768
      1 769
      2 770
      2 771
      1 773
      5 775
      1 776
      2 777
      4 778
      2 780
      1 782
      1 784
      1 785
      4 786
      1 787
      1 788
      2 789
      1 790
      2 791
      3 792
      2 793
      3 794
      1 795
      4 796
      1 797
      2 798
      3 800
      4 801
      3 802
      1 803
      4 804
      1 805
      1 806
      1 807
      1 808
      1 809
      3 810
      4 811
      4 813
      1 814
      1 815
      2 816
      5 817
      2 818
      1 819
      3 820
      2 821
      1 823
      3 824
      3 826
      1 827
      2 829
      3 830
      1 831
      1 832
      1 834
      2 836
      2 837
      1 841
      1 844
      1 845
      3 847
      4 848
      1 849
      2 851
      1 852
      1 853
      1 856
      2 857
      1 860
      2 862
      2 863
      2 865
      1 867
      1 868
      1 870
      2 872
      1 873
      1 874
      1 875
      1 877
      1 879
      2 881
      1 882
      2 883
      2 891
      2 893
      1 894
      2 896
      2 898
      1 899
      1 905
      2 908
      1 909
      2 910
      2 911
      1 912
      3 913
      1 914
      1 915
      1 917
      2 922
      2 925
      1 926
      1 929
      1 930
      1 931
      1 938
      1 939
      1 940
      1 941
      1 942
      1 943
      1 945
      1 946
      1 948
      1 949
      1 950
      1 951
      1 952
      1 953
      2 955
      1 956
      1 957
      1 958
      2 960
      1 963
      1 965
      4 966
      2 968
      1 971
      1 972
      2 974
      1 977
      1 981
      1 984
      1 987
      1 988
      1 990
      1 995
      1 996
      2 997
      1 998
      1 999
      1 1000
      1 1005
      1 1006
      1 1008
      1 1011
      1 1012
      1 1019
      1 1021
      4 1022
      1 1023
      1 1025
      1 1026
      1 1034
      1 1037
      2 1038
      1 1044
      1 1046
      1 1049
      1 1055
      1 1056
      2 1057
      1 1063
      1 1067
      2 1070
      1 1072
      1 1077
      1 1081
      1 1084
      1 1088
      1 1094
      1 1096
      1 1100
      1 1118
      1 1126
      1 1128
      2 1138
      1 1139
      1 1154
      2 1163
      1 1166
      1 1173
      1 1182
      1 1184
      1 1187
      1 1190
      1 1200
      1 1211
      1 1215
      1 1217
      1 1227
      1 1231
      1 1237
      1 1242
      1 1245
      1 1249
      1 1259
      1 1264
      2 1265
      1 1266
      1 1271
      1 1276
      1 1288
      1 1289
      1 1291
      1 1298
      1 1303
      1 1308
      1 1313
      1 1336
      1 1341
      1 1348
      1 1350
      1 1357
      1 1359
      1 1364
      1 1372
      1 1375
      1 1381
      1 1390
      1 1393
      1 1407
      1 1420
      1 1432
      1 1456
      1 1488
      1 1492
      1 1493
      1 1523
      1 1543
      1 1546
      1 1605
      2 1629
      1 1655
      1 1668
      1 1689
      1 1701
      1 1722
      2 1729
      1 1741
      2 1744
      1 1747
      1 1791
      1 1807
      1 1808
      1 1811
      1 1816
      1 1818
      1 1829
      1 1834
      1 1878
      1 1891
      1 1906
      1 1946
      1 1986
      1 2014
      1 2025
      1 2049
      1 2064
      1 2081
      1 2099
      1 2110
      1 2133
      2 2140
      1 2146
      1 2149
      1 2155
      1 2157
      1 2166
      1 2169
      1 2178
      1 2187
      1 2235
      1 2238
      1 2296
      1 2320
      1 2326
      1 2358
      1 2362
      1 2378
      1 2384
      1 2423
      1 2443
      1 2468
      1 2469
      1 2489
      2 2510
      1 2541
      1 2564
      1 2601
      1 2625
      1 2626
      1 2628
      1 2632
      1 2646
      1 2659
      1 2661
      1 2665
      1 2666
      1 2671
      1 2676
      1 2684
      1 2697
      1 2729
      1 2730
      1 2731
      1 2740
      1 2748
      2 2755
      1 2775
      1 2781
      1 2788
      1 2822
      1 2828
      1 2832
      1 2839
      1 2844
      1 2849
      1 2867
      1 2877
      1 2881
      1 2892
      2 2903
      1 2921
      1 2925
      1 2929
      1 2945
      1 2950
      1 2971
      1 3003
      1 3010
      1 3027
      1 3041
      1 3063
      1 3076
      1 3138
      1 3143
      1 3153
      1 3163
      1 3168
      1 3191
      1 3199
      1 3203
      1 3220
      1 3252
      1 3255
      1 3275
      1 3285
      1 3383
      1 3384
      1 3410
      1 3416
      1 3421
      1 3423
      1 3437
      1 3439
      1 3454
      1 3528
      1 3552
      1 3586
      1 3661
      1 3672
      1 3716
      1 3721
      1 3740
      2 3793
      1 3798
      1 3839
      1 3879
      1 3966
      1 4166
      1 4189
      1 4226
      1 4228
      1 4245
      1 4246
      1 4287
      1 4316
      1 4425
      1 4427
      1 4448
      1 4507
      1 4574
      1 4583
      1 4641
      1 4699
      1 4762
      1 4813
      1 4845
      1 4898
      1 5000
      1 5003
      1 5041
      1 5056
      1 5070
      1 5106
      1 5113
      1 5142
      1 5151
      1 5211
      1 5298
      1 5413
      1 5455
      1 5460
      1 5630
      1 5638
      2 5658
      1 5711
      1 5758
      1 5779
      1 5962
      1 5991
      1 6067
      1 6104
      1 6142
      1 6170
      1 6183
      1 6212
      1 6249
      1 6312
      1 6314
      1 6386
      1 6396
      1 6548
      1 6682
      1 6736
      1 6869
      1 6920
      1 7186
      1 7196
      1 7202
      1 7318
      1 7338
      1 7552
      1 7596
      1 7625
      1 7668
      1 7701
      1 7720
      1 7750
      1 7819
      1 7847
      1 7864
      1 7902
      1 7949
      1 8168
      1 8179
      1 8199
      1 8209
      1 8224
      1 8232
      1 8247
      1 8268
      1 8396
      1 8404
      1 8451
      1 8469
      1 8524
      1 8555
      2 8786
      1 8904
      1 8967
      1 8981
      1 9018
      1 9063
      1 9118
      1 9230
      1 9320
      1 9325
      1 9469
      1 9474
      1 9511
      1 9546
      1 9611
      1 9685
      1 9708
      1 9724
      1 9994
      1 10080
      1 10100
      1 10154
      2 10160
      1 10294
      1 10376
      1 10420
      1 10447
      1 10552
      1 10564
      1 10695
      1 10801
      1 10818
      1 10934
      1 10977
      1 10985
      1 11070
      1 11079
      1 11086
      1 11111
      1 11165
      1 11185
      1 11210
      1 11277
      1 11304
      1 11433
      1 11434
      1 11471
      1 11485
      1 11542
      1 11548
      1 11562
      1 11627
      1 11657
      1 11661
      1 11750
      1 12094
      1 12112
      1 12329
      1 12362
      1 12363
      1 12441
      1 12519
      1 12524
      1 12540
      1 12545
      1 12590
      1 12667
      1 12675
      1 12831
      1 12891
      1 13059
      1 13103
      1 13135
      1 13194
      1 13200
      1 13234
      1 13238
      1 13254
      1 13261
      1 13264
      1 13309
      1 13471
      1 13478
      1 13567
      1 13647
      1 13757
      1 13768
      1 13790
      1 13846
      1 13876
      1 13906
      1 13961
      1 13994
      1 14027
      1 14036
      1 14037
      1 14146
      1 14281
      1 14330
      1 14389
      1 14398
      1 14420
      1 14424
      1 14603
      1 14691
      1 14833
      1 14837
      1 14901
      1 14975
      1 14990
      1 15038
      1 15134
      1 15145
      1 15234
      1 15239
      1 15256
      1 15375
      1 15427
      1 15473
      1 15521
      1 15563
      1 15644
      1 15707
      1 15777
      1 15780
      1 15813
      1 15816
      1 15910
      1 16164
      1 16192
      1 16351
      1 16364
      1 16389
      1 16393
      1 16395
      1 16403
      1 16405
      1 16467
      1 16496
      1 16551
      1 16615
      1 16720
      1 16783
      2 16789
      1 16805
      1 16887
      1 16973
      1 17143
      1 17254
      1 17267
      1 17319
      1 17678
      1 17801
      1 17846
      1 17999
      1 18012
      1 18051
      1 18117
      1 18145
      1 18213
      1 18216
      1 18314
      1 18315
      1 18337
      1 18361
      1 18367
      1 18370
      1 18441
      1 18490
      1 18509
      1 18712
      1 18773
      1 18805
      1 18810
      1 18813
      1 18825
      1 18924
      1 19018
      1 19050
      1 19060
      1 19079
      1 19123
      1 19152
      1 19155
      1 19175
      1 19203
      1 19211
      1 19279
      1 19300
      1 19364
      1 19410
      1 19462
      1 19594
      1 19650
      1 19653
      1 19678
      1 19708
      1 19760
      1 19767
      1 19775
      1 19814
      1 19963
      1 19964
      1 20049
      1 20195
      1 20223
      1 20241
      1 20259
      1 20304
      1 20306
      2 20369
      1 20410
      1 20462
      1 20509
      1 20677
      1 20819
      1 20992
      1 21026
      1 21166
      1 21275
      1 21402
      1 21407
      1 21425
      1 21428
      1 21437
      1 21510
      1 21558
      1 21599
      1 21617
      1 21651
      1 21715
      1 21741
      1 21891
      1 21908
      1 22114
      1 22259
      1 22425
      1 22487
      1 22609
      1 22673
      1 22686
      1 22746
      1 22777
      1 22814
      1 22838
      1 23077
      1 23128
      1 23157
      1 23189
      1 23474
      1 23528
      1 23610
      1 23674
      1 23693
      1 23838
      1 23900
      1 23950
      1 24029
      1 24062
      1 24135
      1 24546
      1 24575
      1 24621
      1 24651
      1 24762
      1 24779
      1 24796
      1 24931
      1 25940
