pgbench (18.6 (Debian 18.6-1.pgdg13+2))
starting vacuum...end.
transaction type: <builtin: select only>
scaling factor: 1000
query mode: simple
number of clients: 64
number of threads: 16
maximum number of tries: 1
duration: 60 s
number of transactions actually processed: 8322406
number of failed transactions: 0 (0.000%)
latency average = 0.461 ms
initial connection time = 113.896 ms
tps = 138930.947960 (without initial connection time)
---AAD-PGBENCH-LATENCY-US---
rc=0
samples=166644
      1 235
      1 237
      1 239
      1 240
      1 241
      5 242
      6 243
      4 244
      1 245
      3 246
      5 247
      8 248
      8 249
      9 250
     12 251
     15 252
     22 253
     20 254
     15 255
     29 256
     34 257
     37 258
     33 259
     45 260
     52 261
     57 262
     44 263
     67 264
     70 265
     87 266
     92 267
     97 268
     76 269
    116 270
    124 271
    148 272
    142 273
    143 274
    159 275
    180 276
    167 277
    164 278
    148 279
    180 280
    156 281
    167 282
    149 283
    164 284
    158 285
    172 286
    163 287
    150 288
    158 289
    148 290
    128 291
    137 292
    133 293
    132 294
    150 295
    154 296
    147 297
    155 298
    135 299
    154 300
    154 301
    155 302
    189 303
    185 304
    189 305
    186 306
    204 307
    192 308
    196 309
    213 310
    209 311
    193 312
    241 313
    233 314
    221 315
    240 316
    248 317
    241 318
    274 319
    286 320
    327 321
    352 322
    331 323
    365 324
    368 325
    404 326
    409 327
    420 328
    475 329
    501 330
    522 331
    535 332
    595 333
    645 334
    691 335
    714 336
    826 337
    775 338
    865 339
    905 340
    904 341
    989 342
   1013 343
   1114 344
   1220 345
   1170 346
   1112 347
   1022 348
   1002 349
   1018 350
    970 351
    906 352
    880 353
    845 354
    830 355
    822 356
    774 357
    725 358
    757 359
    727 360
    715 361
    677 362
    690 363
    689 364
    621 365
    656 366
    634 367
    658 368
    630 369
    655 370
    643 371
    665 372
    622 373
    588 374
    685 375
    611 376
    645 377
    575 378
    602 379
    633 380
    619 381
    600 382
    603 383
    610 384
    634 385
    573 386
    632 387
    616 388
    637 389
    630 390
    662 391
    601 392
    630 393
    693 394
    659 395
    683 396
    706 397
    752 398
    762 399
    821 400
    812 401
    816 402
    828 403
    870 404
    894 405
    960 406
    952 407
   1023 408
    995 409
   1048 410
   1085 411
   1015 412
   1059 413
   1130 414
   1072 415
   1042 416
    992 417
    888 418
    918 419
    832 420
    767 421
    728 422
    778 423
    726 424
    646 425
    668 426
    660 427
    590 428
    603 429
    547 430
    586 431
    495 432
    472 433
    501 434
    467 435
    451 436
    450 437
    450 438
    427 439
    431 440
    398 441
    373 442
    373 443
    388 444
    383 445
    349 446
    350 447
    364 448
    350 449
    346 450
    314 451
    320 452
    357 453
    349 454
    300 455
    349 456
    327 457
    367 458
    332 459
    348 460
    365 461
    355 462
    330 463
    363 464
    325 465
    384 466
    398 467
    340 468
    390 469
    368 470
    413 471
    417 472
    428 473
    419 474
    429 475
    395 476
    428 477
    399 478
    445 479
    436 480
    436 481
    461 482
    512 483
    430 484
    514 485
    438 486
    440 487
    412 488
    431 489
    363 490
    376 491
    336 492
    338 493
    364 494
    344 495
    340 496
    314 497
    314 498
    333 499
    311 500
    294 501
    264 502
    292 503
    249 504
    278 505
    263 506
    260 507
    243 508
    255 509
    262 510
    277 511
    217 512
    209 513
    253 514
    283 515
    251 516
    224 517
    244 518
    255 519
    257 520
    232 521
    246 522
    243 523
    270 524
    268 525
    257 526
    244 527
    238 528
    242 529
    230 530
    216 531
    246 532
    255 533
    267 534
    262 535
    264 536
    256 537
    260 538
    278 539
    266 540
    303 541
    287 542
    304 543
    312 544
    288 545
    321 546
    348 547
    346 548
    325 549
    333 550
    289 551
    354 552
    364 553
    326 554
    313 555
    303 556
    298 557
    300 558
    270 559
    274 560
    293 561
    240 562
    280 563
    249 564
    266 565
    261 566
    244 567
    270 568
    236 569
    221 570
    210 571
    223 572
    225 573
    220 574
    191 575
    224 576
    198 577
    200 578
    180 579
    201 580
    200 581
    170 582
    182 583
    198 584
    219 585
    180 586
    185 587
    184 588
    164 589
    181 590
    178 591
    167 592
    174 593
    159 594
    191 595
    169 596
    198 597
    179 598
    185 599
    178 600
    184 601
    179 602
    197 603
    197 604
    191 605
    155 606
    168 607
    187 608
    207 609
    191 610
    166 611
    169 612
    213 613
    199 614
    210 615
    175 616
    182 617
    204 618
    208 619
    209 620
    196 621
    213 622
    211 623
    177 624
    173 625
    238 626
    184 627
    173 628
    186 629
    167 630
    165 631
    167 632
    161 633
    132 634
    133 635
    136 636
    150 637
    136 638
    150 639
    151 640
    144 641
    124 642
    145 643
    126 644
    128 645
    127 646
    111 647
    127 648
    129 649
    106 650
    120 651
    106 652
    115 653
    135 654
    120 655
    128 656
    127 657
    112 658
     99 659
     96 660
    126 661
    108 662
    104 663
    102 664
    115 665
    127 666
    112 667
    103 668
    105 669
    105 670
    103 671
    115 672
     87 673
    101 674
    114 675
    109 676
     87 677
     96 678
    105 679
    118 680
     96 681
    116 682
    111 683
    125 684
    113 685
    111 686
    110 687
    103 688
    115 689
    126 690
    107 691
    102 692
     98 693
    117 694
    100 695
    116 696
    105 697
     97 698
     80 699
     95 700
     92 701
     96 702
     92 703
     87 704
     89 705
     99 706
     78 707
     80 708
     83 709
     72 710
     71 711
     83 712
     84 713
     70 714
     88 715
     78 716
     75 717
     68 718
     64 719
     63 720
     66 721
     68 722
     62 723
     50 724
     62 725
     69 726
     85 727
     62 728
     62 729
     58 730
     55 731
     55 732
     59 733
     63 734
     52 735
     65 736
     58 737
     59 738
     58 739
     60 740
     65 741
     53 742
     37 743
     50 744
     66 745
     57 746
     54 747
     76 748
     64 749
     57 750
     66 751
     56 752
     49 753
     62 754
     61 755
     64 756
     60 757
     56 758
     66 759
     56 760
     58 761
     63 762
     45 763
     53 764
     61 765
     48 766
     52 767
     47 768
     41 769
     42 770
     44 771
     54 772
     51 773
     45 774
     49 775
     46 776
     32 777
     32 778
     43 779
     42 780
     28 781
     32 782
     32 783
     33 784
     32 785
     30 786
     40 787
     44 788
     37 789
     29 790
     32 791
     17 792
     29 793
     21 794
     30 795
     31 796
     30 797
     26 798
     32 799
     33 800
     29 801
     34 802
     27 803
     26 804
     25 805
     21 806
     36 807
     30 808
     26 809
     29 810
     21 811
     24 812
     24 813
     26 814
     20 815
     21 816
     22 817
     28 818
     21 819
     27 820
     15 821
     21 822
     18 823
     24 824
     17 825
     28 826
     26 827
     27 828
     36 829
     28 830
     27 831
     22 832
     27 833
     22 834
     17 835
     11 836
     20 837
     11 838
     17 839
     19 840
     27 841
     19 842
     14 843
     17 844
     17 845
     14 846
     10 847
     15 848
     16 849
     31 850
     20 851
     20 852
     10 853
     11 854
     15 855
     10 856
     15 857
     16 858
     16 859
     21 860
     11 861
      6 862
     19 863
     14 864
     11 865
     13 866
     11 867
     15 868
     11 869
     13 870
     14 871
     11 872
     13 873
     11 874
     10 875
     10 876
     13 877
      4 878
     16 879
      8 880
      8 881
      5 882
     11 883
     10 884
     14 885
     16 886
     14 887
     12 888
      7 889
     19 890
     10 891
     11 892
     14 893
     10 894
     12 895
     12 896
      6 897
      5 898
     12 899
      3 900
      2 901
      7 902
     10 903
      9 904
     10 905
      8 906
     11 907
     14 908
      5 909
      4 910
     11 911
      8 912
      8 913
      7 914
      8 915
      8 916
      7 917
     14 918
      7 919
      9 920
     11 921
     10 922
     12 923
      3 924
      6 925
      4 926
      2 927
      5 928
      7 929
      7 930
     11 931
      3 932
      6 933
      5 934
      5 935
      4 936
     10 937
      8 938
      2 939
      5 940
      5 941
      4 942
      7 943
      7 944
      9 945
      5 946
      9 947
      6 948
      5 949
      3 950
      8 951
      3 952
      3 953
      3 954
      8 955
      3 956
      5 957
      3 958
      7 959
      2 960
      7 961
      5 962
      5 963
      5 964
      4 965
      6 966
      6 967
      3 968
     10 969
      6 971
      4 972
      4 973
      5 974
      2 975
      3 976
      6 977
      8 978
      3 979
      3 980
      4 981
      2 982
      5 983
      2 984
      4 985
      5 986
      4 987
      5 988
      4 989
      3 990
      8 991
      5 992
      2 993
      4 994
      4 995
      4 996
      4 997
      2 998
      4 999
      2 1000
      6 1001
      2 1002
      5 1003
      4 1004
      3 1005
      4 1007
      2 1008
      7 1009
      2 1010
      1 1011
      2 1012
      4 1013
      4 1014
      4 1015
      1 1016
      4 1017
      4 1018
      7 1020
      2 1022
      1 1023
      5 1024
      1 1025
      2 1026
      2 1027
      5 1028
      2 1029
      4 1030
      1 1031
      1 1032
      1 1033
      1 1034
      2 1035
      2 1036
      1 1037
      3 1038
      2 1039
      3 1040
      2 1041
      2 1042
      2 1043
      3 1044
      5 1045
      6 1046
      5 1047
      3 1048
      1 1049
      4 1050
      2 1051
      5 1052
      1 1053
      2 1054
      2 1055
      4 1056
      2 1057
      2 1058
      4 1059
      3 1060
      5 1061
      3 1062
      2 1063
      3 1064
      2 1065
      1 1067
      3 1068
      1 1069
      4 1070
      1 1071
      2 1072
      1 1073
      3 1074
      2 1076
      2 1077
      1 1078
      2 1079
      2 1080
      3 1081
      2 1082
      4 1083
      2 1084
      2 1085
      2 1086
      1 1087
      1 1088
      1 1089
      1 1091
      3 1092
      3 1093
      1 1094
      4 1095
      1 1096
      2 1097
      2 1098
      1 1099
      3 1100
      1 1101
      2 1102
      3 1103
      1 1105
      2 1106
      3 1107
      2 1108
      2 1109
      2 1110
      1 1112
      1 1113
      2 1115
      2 1116
      4 1118
      3 1119
      1 1120
      2 1121
      2 1124
      1 1125
      3 1126
      4 1127
      2 1128
      2 1130
      4 1131
      5 1133
      1 1134
      2 1136
      4 1138
      2 1140
      1 1141
      3 1143
      2 1145
      2 1146
      1 1147
      1 1148
      3 1149
      3 1150
      2 1151
      1 1152
      1 1153
      1 1154
      1 1155
      3 1156
      1 1157
      2 1158
      3 1159
      1 1160
      2 1161
      1 1162
      3 1163
      1 1164
      3 1166
      1 1168
      3 1169
      3 1171
      3 1172
      1 1173
      4 1175
      1 1176
      6 1180
      2 1181
      2 1182
      1 1183
      2 1184
      1 1186
      2 1188
      1 1190
      1 1191
      1 1192
      2 1194
      1 1195
      1 1196
      2 1198
      1 1200
      2 1201
      2 1202
      2 1205
      2 1206
      2 1207
      4 1209
      2 1210
      3 1211
      1 1212
      2 1213
      1 1214
      2 1215
      1 1216
      2 1219
      2 1220
      1 1221
      2 1222
      1 1223
      2 1225
      3 1227
      1 1228
      1 1229
      1 1230
      1 1231
      2 1233
      1 1234
      1 1238
      2 1239
      2 1240
      1 1241
      3 1242
      1 1243
      2 1245
      1 1246
      2 1247
      1 1249
      2 1250
      1 1251
      2 1253
      1 1255
      3 1256
      2 1259
      1 1260
      1 1262
      1 1263
      3 1264
      2 1266
      1 1267
      1 1269
      1 1270
      3 1272
      1 1273
      2 1275
      1 1276
      1 1277
      2 1279
      1 1280
      2 1282
      1 1284
      2 1285
      2 1287
      1 1288
      2 1290
      1 1292
      1 1293
      2 1294
      2 1296
      1 1297
      1 1298
      1 1300
      1 1301
      2 1302
      1 1303
      2 1304
      1 1306
      1 1308
      1 1311
      1 1312
      1 1313
      1 1314
      1 1315
      1 1316
      1 1317
      1 1320
      1 1322
      1 1323
      2 1324
      1 1325
      2 1326
      3 1327
      4 1328
      3 1330
      1 1331
      1 1332
      3 1334
      1 1335
      1 1336
      2 1338
      3 1339
      1 1340
      2 1341
      2 1344
      1 1345
      1 1346
      2 1347
      3 1349
      1 1350
      1 1352
      2 1353
      1 1354
      1 1355
      1 1357
      2 1358
      2 1361
      2 1362
      2 1363
      1 1364
      1 1365
      3 1367
      1 1368
      3 1369
      2 1373
      3 1374
      2 1375
      2 1376
      1 1377
      2 1378
      1 1379
      2 1381
      1 1382
      2 1383
      1 1385
      1 1386
      5 1389
      2 1390
      1 1391
      1 1395
      5 1396
      2 1397
      3 1398
      2 1399
      3 1400
      3 1401
      3 1402
      1 1403
      5 1406
      3 1407
      1 1408
      1 1409
      1 1410
      2 1411
      2 1412
      2 1413
      2 1414
      1 1415
      1 1416
      1 1418
      4 1419
      3 1420
      2 1421
      2 1422
      1 1423
      1 1424
      1 1425
      2 1426
      2 1428
      1 1430
      1 1432
      1 1434
      1 1436
      2 1437
      1 1438
      2 1439
      5 1442
      2 1443
      2 1446
      1 1447
      1 1448
      1 1449
      4 1450
      3 1451
      1 1452
      3 1453
      1 1454
      1 1456
      1 1457
      2 1458
      3 1459
      2 1461
      1 1462
      4 1463
      2 1464
      1 1465
      2 1466
      3 1467
      1 1468
      2 1469
      1 1470
      3 1471
      2 1473
      3 1474
      2 1475
      3 1478
      2 1479
      3 1481
      2 1482
      2 1484
      1 1485
      1 1486
      1 1487
      1 1488
      2 1489
      1 1490
      1 1491
      7 1492
      1 1493
      1 1495
      1 1496
      1 1497
      2 1498
      1 1499
      3 1501
      1 1502
      1 1503
      1 1504
      1 1506
      3 1508
      3 1510
      5 1511
      2 1512
      4 1513
      1 1514
      4 1515
      2 1516
      2 1517
      1 1518
      1 1519
      1 1522
      1 1524
      2 1525
      1 1527
      3 1529
      3 1530
      1 1532
      2 1533
      1 1534
      2 1538
      2 1539
      2 1540
      4 1542
      4 1544
      2 1545
      1 1546
      1 1547
      1 1548
      1 1549
      1 1551
      1 1552
      1 1553
      2 1554
      1 1555
      1 1556
      1 1557
      2 1560
      1 1561
      2 1562
      1 1564
      1 1565
      2 1566
      1 1567
      2 1569
      3 1570
      2 1571
      1 1573
      1 1574
      2 1576
      2 1578
      3 1579
      3 1580
      1 1583
      4 1586
      1 1588
      1 1589
      1 1590
      2 1591
      2 1593
      1 1594
      1 1596
      1 1598
      1 1599
      1 1600
      5 1602
      1 1604
      1 1605
      2 1606
      1 1609
      2 1610
      1 1611
      2 1615
      2 1616
      1 1618
      2 1619
      2 1621
      2 1623
      2 1624
      4 1625
      2 1626
      2 1627
      2 1629
      1 1631
      1 1632
      1 1636
      1 1639
      1 1641
      1 1646
      1 1647
      2 1650
      2 1651
      1 1654
      1 1656
      1 1657
      1 1662
      1 1667
      1 1668
      2 1670
      1 1671
      1 1672
      1 1674
      1 1676
      1 1677
      1 1678
      1 1680
      1 1681
      1 1685
      1 1686
      1 1689
      1 1690
      1 1694
      1 1698
      1 1702
      2 1707
      3 1708
      1 1709
      1 1710
      2 1712
      3 1714
      2 1717
      1 1720
      2 1727
      1 1728
      1 1733
      1 1734
      1 1739
      1 1744
      2 1748
      2 1750
      2 1751
      3 1752
      1 1753
      2 1758
      1 1759
      1 1760
      1 1765
      2 1768
      1 1769
      1 1770
      2 1771
      1 1772
      1 1776
      2 1777
      1 1778
      1 1781
      1 1783
      1 1790
      1 1797
      1 1799
      1 1807
      1 1817
      1 1822
      1 1839
      1 1842
      1 1843
      1 1845
      2 1846
      1 1850
      1 1852
      1 1865
      1 1866
      1 1867
      1 1870
      1 1878
      2 1882
      1 1888
      1 1900
      1 1901
      2 1903
      1 1908
      1 1909
      1 1913
      1 1921
      1 1922
      1 1925
      1 1941
      1 1944
      1 1946
      1 1956
      1 1963
      1 1975
      1 1984
      1 1990
      1 1991
      1 2005
      1 2030
      1 2059
      1 2062
      1 2078
      1 2097
      1 2116
      1 2118
      1 2144
      1 2180
      1 2196
      1 2259
      1 2555
      1 2564
      1 2630
      1 2665
      1 3104
      1 3481
---AAD-PGBENCH-LAG-US---
