pgbench (18.6 (Debian 18.6-1.pgdg13+2))
starting vacuum...end.
transaction type: <builtin: select only>
scaling factor: 1000
query mode: simple
number of clients: 256
number of threads: 16
maximum number of tries: 1
duration: 60 s
number of transactions actually processed: 6490457
number of failed transactions: 0 (0.000%)
latency average = 2.341 ms
initial connection time = 717.996 ms
tps = 109354.497212 (without initial connection time)
---AAD-PGBENCH-LATENCY-US---
rc=0
samples=129649
      1 264
      1 266
      2 269
      1 275
      1 276
      3 277
      2 281
      1 283
      1 284
      1 285
      3 288
      1 289
      2 291
      3 292
      1 293
      1 297
      1 298
      1 299
      1 300
      3 301
      3 302
      2 304
      1 307
      3 308
      1 309
      3 310
      1 311
      1 312
      3 313
      1 314
      7 315
      1 316
      3 317
      3 320
      2 321
      3 322
      7 323
      4 324
      2 325
      5 326
      4 327
      5 328
      6 329
      5 330
      4 331
      6 332
      4 333
      5 334
      3 335
      2 336
      3 337
      2 338
      4 339
      4 340
      5 341
      5 342
      4 343
      4 344
      3 345
      1 346
      5 347
      7 348
      1 349
      5 350
      2 351
      3 352
      1 353
      8 354
      3 355
      6 356
      3 357
      5 359
      5 360
      5 361
      2 362
      6 363
      2 364
      2 365
      4 366
      2 367
      4 369
      2 370
      5 371
      2 372
      1 373
      3 374
      6 375
      4 376
      5 377
      3 378
      1 379
      7 380
      4 381
      3 382
      4 383
      2 384
      3 385
      7 386
      4 387
      4 388
      3 389
      1 390
      6 391
      3 392
      3 393
      1 394
      4 396
      1 397
      5 398
      1 399
      5 400
      2 401
      3 402
      4 403
      2 404
      7 405
      3 406
      4 407
      4 408
      5 409
      4 410
      4 411
      3 412
      5 413
      9 414
     11 415
      4 416
      7 417
      5 418
      6 419
      4 420
      4 421
      3 422
      6 423
      6 424
      4 425
      3 426
      7 427
      6 428
      4 429
      5 430
      6 431
      7 433
      6 434
      2 435
      6 436
      5 437
      5 438
      9 439
      8 440
      6 441
      6 442
      5 443
      5 444
      2 445
      5 446
      3 447
      1 448
      5 449
      7 450
      3 451
      4 452
      9 453
      3 454
      5 455
      5 456
      3 457
      5 458
      2 459
      7 460
      8 461
      7 462
      2 463
      3 464
      9 465
      7 466
      6 467
      7 468
      3 469
      7 470
      3 471
      9 472
      6 473
      6 474
      2 475
      8 476
      8 477
      7 478
     10 479
      9 480
      7 481
      5 482
     13 483
      5 484
      8 485
     11 486
     11 487
      5 488
      6 489
      4 490
     10 491
      6 492
      4 493
      5 494
      7 495
      5 496
      7 497
      4 498
      6 499
      4 500
      6 501
      4 502
      6 503
      6 504
      5 505
      4 506
      3 507
      8 508
      7 509
      8 510
      7 511
      6 512
      5 513
     12 514
      3 515
      7 516
      5 517
      7 518
      3 519
      3 520
      5 521
      6 522
      6 523
      8 524
      9 525
      5 526
      8 527
      6 528
      4 529
      7 530
      9 531
      9 532
      9 533
      8 534
      8 535
      4 536
      9 537
     15 538
     11 539
      6 540
     12 541
      8 542
     16 543
     11 544
     14 545
     11 546
      5 547
     10 548
      5 549
     12 550
     14 551
      9 552
     13 553
     12 554
      8 555
     22 556
     10 557
     12 558
     15 559
      8 560
     17 561
      8 562
      8 563
     11 564
     11 565
     11 566
     10 567
     12 568
      7 569
      9 570
     13 571
      6 572
      7 573
     10 574
     14 575
      8 576
     14 577
     10 578
     14 579
     13 580
     16 581
      8 582
     10 583
     13 584
     15 585
      9 586
     12 587
     11 588
     11 589
     16 590
     10 591
     11 592
     11 593
     10 594
     10 595
     16 596
     14 597
     21 598
      8 599
     13 600
     15 601
     15 602
      7 603
      9 604
     10 605
     11 606
     19 607
     14 608
     21 609
     12 610
     14 611
     10 612
     20 613
     24 614
     19 615
     15 616
     20 617
     19 618
     12 619
     19 620
     16 621
     21 622
     21 623
     18 624
     15 625
     18 626
     15 627
     20 628
     14 629
     10 630
     20 631
     18 632
     18 633
     13 634
     20 635
     15 636
     18 637
     20 638
     19 639
     11 640
      9 641
     19 642
     22 643
     14 644
      7 645
      8 646
     15 647
     17 648
     14 649
     18 650
      9 651
     14 652
     17 653
     10 654
     17 655
     17 656
     20 657
     16 658
     24 659
     18 660
     19 661
     14 662
     20 663
     15 664
     20 665
     18 666
     15 667
     21 668
      8 669
     15 670
     20 671
     21 672
     27 673
     19 674
     16 675
     15 676
     24 677
     18 678
     18 679
     11 680
     15 681
     16 682
     28 683
     20 684
     23 685
     22 686
     21 687
     27 688
     13 689
     15 690
     15 691
     21 692
     14 693
     24 694
     19 695
     17 696
     15 697
     22 698
     18 699
     21 700
     18 701
     17 702
     19 703
     12 704
     16 705
     20 706
     13 707
     12 708
      9 709
     11 710
     13 711
     22 712
     12 713
     21 714
     16 715
     11 716
     11 717
     16 718
     20 719
     11 720
     11 721
     15 722
     19 723
     19 724
     15 725
     19 726
     14 727
     19 728
     16 729
     18 730
     12 731
     11 732
     10 733
     19 734
     13 735
     13 736
     15 737
     13 738
     16 739
     12 740
     10 741
     11 742
     14 743
      7 744
      9 745
     10 746
     12 747
      7 748
     17 749
     16 750
     14 751
      8 752
     14 753
     22 754
     16 755
     12 756
     17 757
     22 758
      8 759
     11 760
     18 761
     19 762
     16 763
      8 764
      9 765
     14 766
      9 767
     15 768
      9 769
      7 770
     23 771
      8 772
     11 773
     14 774
     14 775
     13 776
     18 777
     13 778
     14 779
     12 780
     15 781
      8 782
     21 783
     14 784
     14 785
     12 786
     11 787
     10 788
     10 789
      9 790
     12 791
     10 792
     13 793
     10 794
     10 795
     10 796
     16 797
     13 798
      3 799
      8 800
      8 801
      9 802
      6 803
     12 804
     13 805
     18 806
     16 807
     11 808
     12 809
      7 810
     16 811
      9 812
     12 813
     20 814
     11 815
     10 816
     18 817
      5 818
     10 819
     12 820
     12 821
     18 822
     12 823
     22 824
     14 825
     14 826
      8 827
     21 828
     11 829
     21 830
     22 831
     19 832
     17 833
     13 834
     17 835
     13 836
     11 837
     16 838
      9 839
     21 840
     12 841
     11 842
     16 843
     15 844
     11 845
     12 846
      7 847
     11 848
     16 849
     12 850
     13 851
     13 852
      7 853
      9 854
     10 855
      9 856
      6 857
     14 858
     10 859
     10 860
     14 861
     15 862
     11 863
     11 864
      7 865
     21 866
     23 867
     14 868
     18 869
     11 870
     11 871
     12 872
      7 873
     13 874
      9 875
     15 876
      5 877
     17 878
     12 879
     11 880
     14 881
     15 882
      9 883
     18 884
      8 885
     12 886
     11 887
     13 888
     11 889
     10 890
     14 891
     14 892
     13 893
     16 894
     19 895
     17 896
     21 897
     15 898
      8 899
     19 900
     10 901
      8 902
     13 903
     19 904
     14 905
     19 906
     12 907
     16 908
     13 909
     11 910
     17 911
     11 912
     15 913
     19 914
     10 915
      9 916
      8 917
     14 918
      8 919
     19 920
     19 921
     12 922
     10 923
     18 924
     10 925
     17 926
     12 927
     17 928
     21 929
     15 930
     14 931
     11 932
     13 933
     15 934
     10 935
     12 936
     15 937
     14 938
     13 939
     11 940
     15 941
     14 942
     11 943
     18 944
     14 945
      8 946
     13 947
     10 948
     19 949
     21 950
     21 951
     11 952
     11 953
     24 954
     13 955
     14 956
     13 957
     13 958
     20 959
     18 960
     11 961
     13 962
     16 963
     16 964
     10 965
     18 966
     18 967
     14 968
     21 969
     15 970
     12 971
     11 972
     11 973
     19 974
     13 975
     17 976
     12 977
     14 978
     19 979
     15 980
     14 981
     14 982
     23 983
     19 984
     11 985
     17 986
     15 987
     20 988
     20 989
     17 990
     15 991
     14 992
     17 993
     11 994
     17 995
     15 996
     16 997
     13 998
     12 999
     13 1000
     14 1001
     11 1002
     14 1003
     12 1004
     15 1005
     22 1006
     22 1007
      9 1008
     16 1009
     22 1010
     18 1011
     11 1012
     13 1013
     15 1014
     14 1015
     21 1016
     17 1017
     16 1018
     21 1019
     18 1020
      9 1021
     14 1022
     15 1023
      8 1024
     12 1025
     13 1026
     13 1027
     17 1028
     10 1029
     16 1030
     14 1031
     10 1032
     18 1033
     20 1034
     19 1035
     10 1036
     22 1037
     18 1038
     22 1039
     11 1040
     26 1041
     21 1042
     20 1043
     16 1044
     16 1045
     21 1046
     18 1047
     18 1048
     25 1049
     18 1050
     13 1051
     18 1052
     18 1053
     19 1054
     23 1055
     17 1056
     11 1057
     16 1058
     15 1059
     14 1060
     12 1061
     19 1062
     20 1063
     22 1064
     14 1065
     11 1066
     15 1067
     26 1068
     25 1069
     11 1070
     19 1071
     18 1072
     16 1073
     12 1074
     21 1075
     12 1076
     16 1077
     13 1078
     15 1079
     15 1080
      8 1081
     25 1082
     15 1083
     22 1084
     16 1085
     17 1086
     15 1087
     17 1088
     23 1089
     16 1090
     19 1091
     24 1092
     28 1093
     15 1094
     16 1095
     13 1096
     11 1097
     18 1098
     19 1099
     21 1100
     20 1101
     17 1102
     21 1103
     20 1104
     14 1105
     15 1106
     24 1107
     19 1108
     16 1109
     25 1110
     22 1111
     23 1112
     20 1113
     10 1114
     16 1115
     23 1116
     23 1117
     27 1118
     16 1119
     25 1120
     18 1121
     24 1122
     22 1123
     24 1124
     22 1125
     23 1126
     19 1127
     24 1128
     22 1129
     15 1130
     19 1131
     17 1132
     16 1133
     12 1134
     26 1135
     12 1136
     22 1137
     17 1138
     17 1139
     18 1140
     29 1141
     23 1142
     18 1143
     22 1144
     30 1145
     15 1146
     14 1147
     19 1148
     25 1149
     18 1150
     27 1151
     25 1152
     19 1153
     19 1154
     23 1155
     22 1156
     30 1157
     11 1158
     16 1159
     22 1160
     20 1161
     27 1162
     23 1163
     13 1164
     19 1165
     21 1166
     23 1167
     21 1168
     15 1169
     13 1170
     25 1171
      9 1172
     23 1173
     20 1174
     12 1175
     25 1176
     21 1177
     25 1178
     26 1179
     37 1180
     18 1181
     19 1182
     26 1183
     22 1184
     19 1185
     17 1186
     22 1187
     15 1188
     32 1189
     21 1190
     25 1191
     28 1192
     27 1193
     26 1194
     21 1195
     19 1196
     21 1197
     26 1198
     23 1199
     30 1200
     30 1201
     20 1202
     24 1203
     27 1204
     30 1205
     21 1206
     24 1207
     26 1208
     22 1209
     21 1210
     26 1211
     28 1212
     26 1213
     19 1214
     26 1215
     27 1216
     33 1217
     16 1218
     22 1219
     36 1220
     19 1221
     21 1222
     17 1223
     34 1224
     23 1225
     24 1226
     20 1227
     27 1228
     28 1229
     18 1230
     23 1231
     27 1232
     35 1233
     24 1234
     28 1235
     31 1236
     27 1237
     25 1238
     26 1239
     13 1240
     23 1241
     33 1242
     24 1243
     38 1244
     30 1245
     31 1246
     32 1247
     28 1248
     36 1249
     20 1250
     26 1251
     36 1252
     27 1253
     29 1254
     32 1255
     22 1256
     30 1257
     35 1258
     30 1259
     14 1260
     32 1261
     36 1262
     41 1263
     24 1264
     28 1265
     28 1266
     27 1267
     31 1268
     21 1269
     34 1270
     29 1271
     26 1272
     33 1273
     27 1274
     35 1275
     30 1276
     28 1277
     36 1278
     24 1279
     32 1280
     24 1281
     35 1282
     33 1283
     30 1284
     35 1285
     31 1286
     27 1287
     34 1288
     24 1289
     33 1290
     29 1291
     40 1292
     41 1293
     35 1294
     32 1295
     23 1296
     42 1297
     36 1298
     34 1299
     43 1300
     41 1301
     36 1302
     46 1303
     37 1304
     34 1305
     28 1306
     31 1307
     24 1308
     32 1309
     42 1310
     30 1311
     32 1312
     31 1313
     24 1314
     36 1315
     32 1316
     31 1317
     38 1318
     38 1319
     32 1320
     32 1321
     37 1322
     35 1323
     44 1324
     37 1325
     40 1326
     42 1327
     37 1328
     31 1329
     40 1330
     35 1331
     25 1332
     44 1333
     48 1334
     33 1335
     32 1336
     33 1337
     37 1338
     37 1339
     39 1340
     42 1341
     37 1342
     31 1343
     39 1344
     32 1345
     32 1346
     26 1347
     31 1348
     52 1349
     50 1350
     34 1351
     34 1352
     46 1353
     40 1354
     40 1355
     28 1356
     39 1357
     36 1358
     45 1359
     45 1360
     33 1361
     46 1362
     47 1363
     49 1364
     38 1365
     37 1366
     53 1367
     50 1368
     50 1369
     38 1370
     40 1371
     39 1372
     48 1373
     58 1374
     51 1375
     44 1376
     51 1377
     45 1378
     45 1379
     38 1380
     51 1381
     35 1382
     50 1383
     37 1384
     44 1385
     44 1386
     43 1387
     45 1388
     47 1389
     42 1390
     52 1391
     47 1392
     35 1393
     50 1394
     47 1395
     45 1396
     44 1397
     48 1398
     37 1399
     47 1400
     56 1401
     43 1402
     47 1403
     51 1404
     52 1405
     49 1406
     42 1407
     52 1408
     42 1409
     45 1410
     61 1411
     45 1412
     39 1413
     48 1414
     47 1415
     56 1416
     47 1417
     53 1418
     57 1419
     60 1420
     45 1421
     57 1422
     41 1423
     43 1424
     48 1425
     42 1426
     51 1427
     53 1428
     56 1429
     52 1430
     42 1431
     52 1432
     40 1433
     71 1434
     48 1435
     47 1436
     47 1437
     49 1438
     53 1439
     67 1440
     63 1441
     50 1442
     47 1443
     53 1444
     58 1445
     44 1446
     52 1447
     54 1448
     53 1449
     63 1450
     51 1451
     54 1452
     64 1453
     57 1454
     57 1455
     64 1456
     62 1457
     49 1458
     56 1459
     65 1460
     49 1461
     47 1462
     55 1463
     50 1464
     63 1465
     46 1466
     53 1467
     61 1468
     66 1469
     67 1470
     59 1471
     62 1472
     71 1473
     61 1474
     57 1475
     61 1476
     75 1477
     64 1478
     66 1479
     57 1480
     60 1481
     61 1482
     59 1483
     57 1484
     71 1485
     72 1486
     53 1487
     76 1488
     61 1489
     57 1490
     68 1491
     61 1492
     58 1493
     56 1494
     68 1495
     67 1496
     77 1497
     60 1498
     62 1499
     53 1500
     86 1501
     63 1502
     65 1503
     51 1504
     61 1505
     61 1506
     70 1507
     56 1508
     53 1509
     66 1510
     72 1511
     71 1512
     52 1513
     62 1514
     70 1515
     64 1516
     58 1517
     56 1518
     65 1519
     66 1520
     69 1521
     58 1522
     79 1523
     59 1524
     72 1525
     61 1526
     63 1527
     67 1528
     76 1529
     70 1530
     64 1531
     73 1532
     65 1533
     75 1534
     70 1535
     65 1536
     84 1537
     74 1538
     70 1539
     57 1540
     66 1541
     68 1542
     83 1543
     84 1544
     75 1545
     74 1546
     73 1547
     76 1548
     91 1549
     82 1550
     87 1551
     68 1552
     81 1553
     55 1554
     82 1555
     71 1556
     85 1557
     58 1558
     81 1559
     65 1560
     64 1561
     82 1562
    106 1563
     73 1564
     75 1565
     83 1566
     72 1567
     60 1568
     83 1569
     92 1570
     57 1571
     75 1572
     77 1573
     64 1574
     96 1575
     82 1576
     59 1577
     92 1578
     95 1579
     67 1580
     80 1581
     83 1582
     69 1583
     77 1584
     77 1585
     79 1586
     86 1587
     74 1588
     75 1589
     79 1590
     87 1591
     79 1592
     63 1593
     76 1594
     76 1595
     69 1596
     61 1597
     80 1598
     70 1599
     65 1600
     69 1601
     83 1602
     96 1603
     67 1604
     81 1605
     76 1606
     82 1607
     89 1608
     84 1609
     77 1610
     87 1611
     69 1612
     70 1613
     78 1614
     95 1615
     78 1616
     82 1617
     90 1618
     85 1619
     71 1620
     85 1621
     76 1622
     90 1623
     82 1624
     79 1625
     86 1626
     72 1627
     87 1628
     77 1629
     79 1630
     94 1631
     77 1632
     72 1633
     95 1634
     89 1635
     85 1636
     89 1637
     92 1638
     86 1639
     66 1640
     82 1641
     88 1642
     82 1643
     89 1644
     86 1645
     91 1646
     71 1647
     78 1648
     83 1649
     65 1650
     82 1651
    112 1652
     79 1653
     78 1654
     71 1655
     79 1656
     85 1657
     68 1658
     79 1659
     77 1660
     74 1661
     81 1662
     90 1663
     62 1664
     87 1665
     78 1666
     69 1667
     77 1668
     82 1669
     84 1670
     84 1671
     75 1672
     71 1673
     74 1674
     90 1675
     79 1676
     71 1677
     98 1678
     89 1679
     81 1680
     84 1681
     91 1682
     86 1683
     65 1684
     63 1685
     75 1686
     78 1687
     68 1688
     90 1689
     79 1690
     74 1691
     79 1692
     89 1693
     72 1694
     96 1695
     77 1696
     89 1697
     79 1698
     85 1699
     80 1700
     86 1701
     91 1702
     84 1703
     91 1704
     72 1705
     75 1706
     81 1707
     77 1708
    106 1709
     91 1710
     72 1711
     80 1712
     79 1713
     82 1714
     64 1715
     87 1716
     87 1717
     66 1718
     75 1719
     86 1720
     82 1721
     78 1722
     82 1723
     73 1724
     83 1725
     85 1726
     78 1727
     84 1728
     90 1729
     70 1730
     81 1731
     68 1732
     71 1733
     71 1734
     66 1735
     68 1736
     69 1737
     70 1738
     82 1739
     79 1740
     79 1741
     96 1742
     84 1743
     80 1744
     66 1745
     83 1746
     86 1747
     73 1748
     90 1749
     82 1750
     94 1751
     85 1752
     94 1753
     73 1754
     67 1755
     82 1756
     78 1757
     83 1758
     72 1759
     72 1760
     87 1761
     75 1762
     82 1763
     76 1764
     86 1765
     67 1766
     83 1767
     73 1768
     69 1769
     79 1770
     81 1771
     83 1772
     79 1773
     80 1774
     71 1775
     95 1776
     92 1777
     81 1778
     61 1779
     73 1780
     81 1781
     75 1782
     80 1783
     68 1784
     85 1785
     70 1786
     78 1787
     92 1788
     80 1789
     74 1790
     69 1791
     71 1792
     63 1793
     67 1794
     76 1795
     91 1796
     64 1797
     80 1798
     76 1799
     70 1800
     76 1801
     77 1802
     73 1803
     93 1804
     84 1805
     77 1806
     82 1807
     98 1808
     81 1809
     73 1810
     62 1811
     73 1812
     77 1813
     77 1814
     87 1815
     83 1816
     79 1817
     85 1818
     77 1819
     73 1820
     69 1821
     78 1822
     93 1823
     97 1824
     69 1825
     77 1826
     92 1827
     82 1828
     80 1829
     68 1830
     70 1831
     70 1832
     75 1833
     76 1834
     71 1835
     91 1836
     81 1837
     76 1838
     66 1839
     75 1840
     78 1841
     78 1842
     91 1843
     68 1844
     91 1845
     96 1846
     69 1847
     74 1848
     72 1849
     75 1850
     67 1851
     89 1852
     79 1853
     90 1854
     77 1855
     73 1856
     86 1857
     73 1858
     65 1859
     79 1860
     69 1861
     79 1862
     79 1863
     90 1864
     88 1865
     88 1866
     71 1867
     77 1868
     69 1869
     86 1870
     81 1871
     84 1872
     83 1873
     65 1874
     78 1875
     83 1876
     57 1877
     74 1878
     81 1879
     55 1880
     77 1881
     62 1882
     65 1883
     66 1884
     83 1885
     58 1886
     58 1887
     58 1888
     72 1889
     77 1890
     68 1891
     71 1892
     80 1893
     81 1894
     86 1895
     68 1896
     83 1897
     69 1898
     80 1899
     76 1900
     72 1901
     66 1902
     73 1903
     72 1904
     66 1905
     68 1906
     72 1907
     71 1908
     65 1909
     75 1910
     66 1911
     77 1912
     72 1913
     71 1914
     69 1915
     64 1916
     59 1917
     81 1918
     86 1919
     74 1920
     69 1921
     71 1922
     78 1923
     79 1924
     71 1925
     81 1926
     57 1927
     62 1928
     66 1929
     85 1930
     74 1931
     74 1932
     89 1933
     67 1934
     63 1935
     64 1936
     65 1937
     82 1938
     62 1939
     68 1940
     61 1941
     73 1942
     54 1943
     69 1944
     58 1945
     72 1946
     56 1947
     75 1948
     65 1949
     70 1950
     70 1951
     69 1952
     64 1953
     59 1954
     77 1955
     69 1956
     72 1957
     64 1958
     56 1959
     56 1960
     56 1961
     62 1962
     69 1963
     59 1964
     55 1965
     73 1966
     50 1967
     74 1968
     74 1969
     61 1970
     67 1971
     66 1972
     75 1973
     66 1974
     67 1975
     69 1976
     66 1977
     72 1978
     60 1979
     77 1980
     64 1981
     59 1982
     56 1983
     83 1984
     67 1985
     82 1986
     68 1987
     60 1988
     54 1989
     64 1990
     54 1991
     73 1992
     72 1993
     66 1994
     68 1995
     73 1996
     65 1997
     66 1998
     59 1999
     68 2000
     59 2001
     60 2002
     62 2003
     60 2004
     60 2005
     60 2006
     64 2007
     70 2008
     51 2009
     56 2010
     70 2011
     61 2012
     67 2013
     67 2014
     76 2015
     65 2016
     65 2017
     68 2018
     58 2019
     73 2020
     64 2021
     62 2022
     71 2023
     59 2024
     48 2025
     60 2026
     65 2027
     63 2028
     67 2029
     64 2030
     50 2031
     43 2032
     54 2033
     54 2034
     55 2035
     51 2036
     72 2037
     59 2038
     60 2039
     61 2040
     71 2041
     61 2042
     54 2043
     57 2044
     52 2045
     54 2046
     73 2047
     57 2048
     44 2049
     57 2050
     68 2051
     59 2052
     60 2053
     62 2054
     53 2055
     58 2056
     60 2057
     60 2058
     63 2059
     60 2060
     68 2061
     69 2062
     64 2063
     65 2064
     62 2065
     51 2066
     52 2067
     62 2068
     67 2069
     66 2070
     52 2071
     62 2072
     59 2073
     58 2074
     61 2075
     59 2076
     65 2077
     59 2078
     50 2079
     59 2080
     69 2081
     51 2082
     44 2083
     59 2084
     57 2085
     61 2086
     57 2087
     54 2088
     67 2089
     53 2090
     75 2091
     72 2092
     71 2093
     55 2094
     50 2095
     43 2096
     57 2097
     63 2098
     65 2099
     65 2100
     54 2101
     57 2102
     55 2103
     54 2104
     56 2105
     55 2106
     73 2107
     50 2108
     62 2109
     59 2110
     50 2111
     53 2112
     50 2113
     55 2114
     49 2115
     67 2116
     59 2117
     54 2118
     54 2119
     58 2120
     61 2121
     60 2122
     60 2123
     55 2124
     61 2125
     55 2126
     51 2127
     51 2128
     57 2129
     52 2130
     56 2131
     64 2132
     59 2133
     56 2134
     51 2135
     62 2136
     63 2137
     58 2138
     70 2139
     59 2140
     50 2141
     49 2142
     60 2143
     63 2144
     46 2145
     72 2146
     57 2147
     63 2148
     52 2149
     56 2150
     66 2151
     50 2152
     65 2153
     56 2154
     70 2155
     52 2156
     59 2157
     56 2158
     50 2159
     53 2160
     52 2161
     52 2162
     65 2163
     46 2164
     64 2165
     65 2166
     49 2167
     58 2168
     55 2169
     48 2170
     43 2171
     46 2172
     59 2173
     54 2174
     51 2175
     58 2176
     50 2177
     51 2178
     52 2179
     51 2180
     40 2181
     65 2182
     45 2183
     62 2184
     57 2185
     63 2186
     44 2187
     63 2188
     52 2189
     50 2190
     56 2191
     55 2192
     52 2193
     49 2194
     49 2195
     56 2196
     60 2197
     58 2198
     50 2199
     58 2200
     51 2201
     60 2202
     46 2203
     45 2204
     53 2205
     61 2206
     54 2207
     50 2208
     46 2209
     68 2210
     37 2211
     50 2212
     51 2213
     54 2214
     63 2215
     47 2216
     63 2217
     58 2218
     44 2219
     49 2220
     53 2221
     46 2222
     63 2223
     53 2224
     55 2225
     62 2226
     44 2227
     42 2228
     49 2229
     54 2230
     49 2231
     71 2232
     50 2233
     42 2234
     61 2235
     56 2236
     62 2237
     52 2238
     50 2239
     52 2240
     50 2241
     54 2242
     56 2243
     52 2244
     49 2245
     64 2246
     47 2247
     54 2248
     59 2249
     47 2250
     51 2251
     47 2252
     55 2253
     49 2254
     57 2255
     53 2256
     41 2257
     56 2258
     41 2259
     61 2260
     63 2261
     51 2262
     33 2263
     54 2264
     62 2265
     55 2266
     43 2267
     59 2268
     55 2269
     54 2270
     59 2271
     56 2272
     53 2273
     66 2274
     63 2275
     54 2276
     53 2277
     59 2278
     49 2279
     51 2280
     45 2281
     45 2282
     49 2283
     50 2284
     50 2285
     50 2286
     45 2287
     57 2288
     53 2289
     53 2290
     49 2291
     66 2292
     49 2293
     47 2294
     54 2295
     41 2296
     41 2297
     57 2298
     55 2299
     62 2300
     42 2301
     55 2302
     44 2303
     46 2304
     39 2305
     47 2306
     45 2307
     45 2308
     53 2309
     60 2310
     50 2311
     43 2312
     65 2313
     61 2314
     62 2315
     50 2316
     45 2317
     54 2318
     48 2319
     48 2320
     46 2321
     48 2322
     45 2323
     51 2324
     70 2325
     47 2326
     52 2327
     60 2328
     54 2329
     54 2330
     50 2331
     61 2332
     50 2333
     62 2334
     43 2335
     45 2336
     53 2337
     54 2338
     47 2339
     47 2340
     53 2341
     57 2342
     46 2343
     50 2344
     41 2345
     59 2346
     43 2347
     36 2348
     48 2349
     60 2350
     52 2351
     53 2352
     62 2353
     48 2354
     54 2355
     68 2356
     54 2357
     51 2358
     48 2359
     63 2360
     47 2361
     48 2362
     62 2363
     54 2364
     43 2365
     58 2366
     46 2367
     49 2368
     40 2369
     50 2370
     50 2371
     51 2372
     49 2373
     47 2374
     53 2375
     41 2376
     49 2377
     54 2378
     49 2379
     35 2380
     57 2381
     49 2382
     48 2383
     43 2384
     58 2385
     52 2386
     44 2387
     63 2388
     40 2389
     37 2390
     43 2391
     40 2392
     50 2393
     56 2394
     48 2395
     44 2396
     41 2397
     57 2398
     51 2399
     54 2400
     38 2401
     66 2402
     48 2403
     45 2404
     56 2405
     43 2406
     41 2407
     67 2408
     54 2409
     56 2410
     52 2411
     49 2412
     49 2413
     55 2414
     54 2415
     61 2416
     49 2417
     50 2418
     48 2419
     53 2420
     46 2421
     46 2422
     57 2423
     63 2424
     44 2425
     51 2426
     52 2427
     58 2428
     47 2429
     63 2430
     50 2431
     50 2432
     40 2433
     44 2434
     46 2435
     51 2436
     53 2437
     59 2438
     49 2439
     50 2440
     50 2441
     55 2442
     49 2443
     50 2444
     46 2445
     54 2446
     57 2447
     52 2448
     55 2449
     45 2450
     49 2451
     65 2452
     42 2453
     62 2454
     39 2455
     57 2456
     46 2457
     44 2458
     51 2459
     52 2460
     54 2461
     59 2462
     41 2463
     44 2464
     44 2465
     40 2466
     55 2467
     49 2468
     60 2469
     43 2470
     38 2471
     48 2472
     62 2473
     46 2474
     51 2475
     48 2476
     55 2477
     40 2478
     46 2479
     45 2480
     44 2481
     57 2482
     46 2483
     54 2484
     65 2485
     36 2486
     55 2487
     65 2488
     54 2489
     45 2490
     49 2491
     56 2492
     52 2493
     40 2494
     51 2495
     51 2496
     52 2497
     47 2498
     48 2499
     61 2500
     53 2501
     44 2502
     47 2503
     43 2504
     52 2505
     52 2506
     45 2507
     45 2508
     47 2509
     47 2510
     50 2511
     38 2512
     44 2513
     55 2514
     49 2515
     40 2516
     47 2517
     53 2518
     47 2519
     57 2520
     52 2521
     38 2522
     47 2523
     53 2524
     40 2525
     51 2526
     54 2527
     47 2528
     50 2529
     43 2530
     50 2531
     64 2532
     58 2533
     55 2534
     53 2535
     65 2536
     54 2537
     50 2538
     58 2539
     47 2540
     39 2541
     59 2542
     56 2543
     38 2544
     33 2545
     51 2546
     51 2547
     65 2548
     46 2549
     46 2550
     42 2551
     48 2552
     29 2553
     48 2554
     53 2555
     48 2556
     52 2557
     58 2558
     47 2559
     44 2560
     61 2561
     42 2562
     48 2563
     54 2564
     54 2565
     55 2566
     48 2567
     45 2568
     36 2569
     35 2570
     52 2571
     51 2572
     36 2573
     58 2574
     47 2575
     55 2576
     49 2577
     61 2578
     51 2579
     35 2580
     41 2581
     43 2582
     44 2583
     51 2584
     41 2585
     52 2586
     60 2587
     52 2588
     52 2589
     57 2590
     50 2591
     51 2592
     58 2593
     55 2594
     42 2595
     57 2596
     54 2597
     42 2598
     55 2599
     33 2600
     42 2601
     47 2602
     55 2603
     41 2604
     51 2605
     45 2606
     42 2607
     58 2608
     39 2609
     45 2610
     43 2611
     44 2612
     52 2613
     48 2614
     41 2615
     51 2616
     53 2617
     58 2618
     39 2619
     46 2620
     44 2621
     42 2622
     46 2623
     47 2624
     36 2625
     44 2626
     61 2627
     42 2628
     49 2629
     58 2630
     63 2631
     47 2632
     52 2633
     44 2634
     39 2635
     52 2636
     30 2637
     47 2638
     62 2639
     51 2640
     49 2641
     30 2642
     58 2643
     45 2644
     42 2645
     41 2646
     46 2647
     46 2648
     51 2649
     41 2650
     51 2651
     56 2652
     39 2653
     43 2654
     50 2655
     53 2656
     52 2657
     42 2658
     43 2659
     43 2660
     44 2661
     59 2662
     36 2663
     54 2664
     57 2665
     39 2666
     49 2667
     45 2668
     37 2669
     46 2670
     51 2671
     36 2672
     49 2673
     45 2674
     44 2675
     48 2676
     50 2677
     42 2678
     48 2679
     45 2680
     44 2681
     51 2682
     48 2683
     50 2684
     50 2685
     46 2686
     37 2687
     55 2688
     48 2689
     35 2690
     34 2691
     59 2692
     50 2693
     41 2694
     56 2695
     53 2696
     47 2697
     41 2698
     42 2699
     58 2700
     41 2701
     54 2702
     51 2703
     48 2704
     32 2705
     58 2706
     36 2707
     37 2708
     36 2709
     51 2710
     37 2711
     49 2712
     41 2713
     47 2714
     39 2715
     45 2716
     59 2717
     46 2718
     55 2719
     40 2720
     39 2721
     40 2722
     51 2723
     47 2724
     40 2725
     48 2726
     43 2727
     43 2728
     46 2729
     51 2730
     40 2731
     30 2732
     50 2733
     44 2734
     41 2735
     45 2736
     43 2737
     51 2738
     43 2739
     42 2740
     38 2741
     59 2742
     60 2743
     32 2744
     48 2745
     50 2746
     40 2747
     44 2748
     49 2749
     44 2750
     42 2751
     37 2752
     45 2753
     53 2754
     51 2755
     46 2756
     46 2757
     54 2758
     51 2759
     52 2760
     36 2761
     39 2762
     34 2763
     43 2764
     46 2765
     46 2766
     48 2767
     41 2768
     41 2769
     42 2770
     32 2771
     37 2772
     41 2773
     40 2774
     40 2775
     45 2776
     49 2777
     44 2778
     38 2779
     35 2780
     50 2781
     50 2782
     46 2783
     45 2784
     43 2785
     42 2786
     33 2787
     56 2788
     47 2789
     33 2790
     57 2791
     42 2792
     40 2793
     39 2794
     31 2795
     46 2796
     40 2797
     40 2798
     40 2799
     35 2800
     40 2801
     42 2802
     51 2803
     45 2804
     38 2805
     44 2806
     46 2807
     37 2808
     41 2809
     44 2810
     34 2811
     50 2812
     40 2813
     34 2814
     38 2815
     35 2816
     42 2817
     42 2818
     47 2819
     37 2820
     38 2821
     44 2822
     42 2823
     35 2824
     38 2825
     53 2826
     31 2827
     43 2828
     43 2829
     37 2830
     53 2831
     39 2832
     39 2833
     36 2834
     37 2835
     48 2836
     35 2837
     46 2838
     34 2839
     33 2840
     44 2841
     41 2842
     40 2843
     37 2844
     34 2845
     42 2846
     42 2847
     47 2848
     31 2849
     41 2850
     27 2851
     38 2852
     26 2853
     41 2854
     42 2855
     49 2856
     29 2857
     44 2858
     20 2859
     41 2860
     29 2861
     34 2862
     36 2863
     42 2864
     39 2865
     44 2866
     43 2867
     47 2868
     45 2869
     36 2870
     43 2871
     32 2872
     35 2873
     37 2874
     44 2875
     50 2876
     40 2877
     39 2878
     35 2879
     41 2880
     34 2881
     34 2882
     43 2883
     38 2884
     31 2885
     44 2886
     44 2887
     45 2888
     51 2889
     35 2890
     34 2891
     47 2892
     41 2893
     28 2894
     29 2895
     44 2896
     39 2897
     24 2898
     31 2899
     44 2900
     33 2901
     34 2902
     30 2903
     39 2904
     37 2905
     37 2906
     36 2907
     40 2908
     32 2909
     44 2910
     33 2911
     38 2912
     45 2913
     31 2914
     41 2915
     42 2916
     37 2917
     35 2918
     34 2919
     50 2920
     34 2921
     40 2922
     40 2923
     28 2924
     39 2925
     28 2926
     49 2927
     28 2928
     39 2929
     38 2930
     27 2931
     30 2932
     31 2933
     37 2934
     33 2935
     26 2936
     35 2937
     36 2938
     35 2939
     33 2940
     29 2941
     29 2942
     34 2943
     33 2944
     34 2945
     44 2946
     36 2947
     34 2948
     33 2949
     40 2950
     37 2951
     30 2952
     31 2953
     43 2954
     30 2955
     32 2956
     35 2957
     32 2958
     36 2959
     25 2960
     39 2961
     31 2962
     38 2963
     35 2964
     35 2965
     45 2966
     35 2967
     31 2968
     32 2969
     36 2970
     38 2971
     49 2972
     35 2973
     27 2974
     33 2975
     26 2976
     29 2977
     23 2978
     33 2979
     28 2980
     32 2981
     32 2982
     30 2983
     32 2984
     21 2985
     37 2986
     29 2987
     20 2988
     38 2989
     28 2990
     33 2991
     33 2992
     32 2993
     31 2994
     30 2995
     32 2996
     20 2997
     31 2998
     27 2999
     29 3000
     34 3001
     39 3002
     30 3003
     24 3004
     22 3005
     34 3006
     25 3007
     40 3008
     26 3009
     22 3010
     33 3011
     24 3012
     27 3013
     33 3014
     24 3015
     29 3016
     26 3017
     32 3018
     28 3019
     30 3020
     30 3021
     29 3022
     25 3023
     34 3024
     27 3025
     31 3026
     35 3027
     33 3028
     28 3029
     34 3030
     34 3031
     39 3032
     19 3033
     38 3034
     24 3035
     29 3036
     26 3037
     31 3038
     28 3039
     31 3040
     26 3041
     27 3042
     20 3043
     29 3044
     28 3045
     33 3046
     37 3047
     28 3048
     30 3049
     38 3050
     28 3051
     34 3052
     33 3053
     26 3054
     35 3055
     18 3056
     29 3057
     28 3058
     32 3059
     34 3060
     23 3061
     35 3062
     23 3063
     25 3064
     24 3065
     31 3066
     40 3067
     18 3068
     27 3069
     27 3070
     29 3071
     33 3072
     28 3073
     30 3074
     21 3075
     24 3076
     26 3077
     32 3078
     26 3079
     32 3080
     29 3081
     30 3082
     36 3083
     30 3084
     32 3085
     25 3086
     26 3087
     25 3088
     29 3089
     30 3090
     27 3091
     33 3092
     26 3093
     31 3094
     25 3095
     31 3096
     30 3097
     23 3098
     20 3099
     35 3100
     21 3101
     34 3102
     29 3103
     22 3104
     30 3105
     23 3106
     24 3107
     26 3108
     27 3109
     35 3110
     27 3111
     25 3112
     26 3113
     37 3114
     27 3115
     28 3116
     32 3117
     25 3118
     40 3119
     23 3120
     21 3121
     27 3122
     14 3123
     22 3124
     38 3125
     29 3126
     28 3127
     25 3128
     22 3129
     25 3130
     28 3131
     23 3132
     22 3133
     23 3134
     23 3135
     29 3136
     30 3137
     26 3138
     30 3139
     26 3140
     26 3141
     19 3142
     23 3143
     20 3144
     32 3145
     22 3146
     18 3147
     21 3148
     24 3149
     29 3150
     34 3151
     28 3152
     18 3153
     34 3154
     31 3155
     25 3156
     24 3157
     22 3158
     29 3159
     22 3160
     20 3161
     14 3162
     18 3163
     15 3164
     24 3165
     17 3166
     26 3167
     17 3168
     18 3169
     21 3170
     16 3171
     16 3172
     24 3173
     16 3174
     14 3175
     17 3176
     30 3177
     26 3178
     25 3179
     16 3180
     22 3181
     40 3182
     16 3183
     23 3184
     22 3185
     26 3186
     31 3187
     21 3188
     19 3189
     26 3190
     25 3191
     19 3192
     24 3193
     20 3194
     19 3195
     17 3196
     24 3197
     21 3198
     38 3199
     16 3200
     29 3201
     23 3202
     23 3203
     23 3204
     25 3205
     20 3206
     18 3207
     17 3208
     16 3209
     20 3210
     19 3211
     33 3212
     22 3213
     20 3214
     25 3215
     24 3216
     28 3217
     19 3218
     19 3219
     25 3220
     15 3221
     15 3222
     12 3223
     20 3224
     13 3225
     21 3226
     26 3227
     21 3228
     17 3229
     20 3230
     19 3231
     28 3232
     16 3233
     20 3234
     31 3235
     22 3236
     30 3237
     22 3238
     20 3239
     18 3240
     23 3241
     25 3242
     18 3243
     21 3244
     30 3245
     30 3246
     18 3247
     19 3248
     21 3249
     17 3250
     12 3251
     16 3252
     19 3253
     28 3254
     22 3255
     22 3256
     30 3257
     18 3258
     28 3259
     24 3260
     16 3261
     16 3262
     28 3263
     18 3264
     22 3265
     27 3266
     17 3267
     16 3268
     19 3269
     18 3270
     14 3271
     20 3272
     18 3273
     18 3274
     21 3275
     21 3276
     18 3277
     22 3278
     14 3279
     13 3280
     24 3281
     14 3282
     24 3283
     17 3284
     24 3285
     28 3286
     17 3287
     20 3288
     27 3289
     18 3290
     17 3291
     17 3292
     25 3293
     21 3294
     21 3295
     20 3296
     15 3297
     19 3298
     17 3299
     24 3300
     20 3301
     17 3302
     20 3303
     24 3304
     14 3305
     17 3306
     21 3307
     20 3308
     14 3309
     22 3310
     19 3311
     16 3312
     20 3313
     16 3314
      7 3315
     23 3316
     13 3317
     18 3318
     18 3319
     25 3320
     16 3321
     18 3322
     18 3323
     26 3324
     19 3325
     17 3326
     24 3327
     19 3328
     16 3329
     19 3330
     23 3331
     25 3332
     14 3333
     16 3334
     15 3335
     25 3336
     23 3337
     14 3338
     18 3339
     20 3340
     19 3341
     20 3342
     12 3343
     18 3344
     18 3345
     15 3346
     24 3347
     12 3348
     17 3349
     12 3350
     14 3351
     21 3352
     17 3353
     19 3354
     17 3355
     14 3356
     25 3357
     16 3358
     18 3359
     17 3360
     19 3361
     19 3362
     12 3363
     20 3364
     12 3365
     13 3366
     18 3367
     13 3368
      9 3369
     19 3370
     20 3371
     20 3372
     15 3373
     11 3374
     16 3375
     14 3376
     11 3377
     12 3378
     16 3379
     19 3380
     21 3381
     21 3382
     17 3383
     23 3384
     12 3385
     18 3386
     17 3387
     13 3388
     17 3389
     14 3390
     17 3391
     16 3392
     15 3393
     17 3394
     16 3395
     21 3396
     15 3397
     16 3398
     12 3399
     13 3400
     13 3401
     20 3402
     18 3403
     18 3404
      9 3405
     10 3406
      8 3407
     18 3408
     13 3409
     15 3410
     15 3411
     13 3412
     21 3413
     17 3414
     14 3415
     15 3416
      8 3417
     21 3418
     11 3419
     23 3420
     13 3421
     17 3422
     14 3423
     16 3424
     11 3425
     13 3426
     19 3427
     11 3428
     17 3429
     11 3430
     18 3431
      5 3432
     14 3433
     14 3434
     18 3435
     11 3436
     13 3437
     11 3438
     12 3439
     16 3440
     17 3441
     22 3442
     16 3443
     16 3444
     14 3445
     20 3446
     16 3447
     17 3448
     21 3449
     14 3450
     11 3451
     15 3452
     29 3453
      7 3454
     13 3455
     16 3456
     16 3457
     17 3458
     15 3459
     15 3460
     11 3461
      7 3462
     10 3463
     10 3464
     19 3465
      7 3466
     12 3467
     15 3468
     18 3469
     13 3470
     16 3471
     10 3472
     16 3473
     14 3474
     15 3475
     17 3476
     24 3477
     11 3478
      7 3479
     11 3480
     12 3481
     19 3482
     11 3483
     11 3484
      7 3485
      7 3486
     13 3487
     11 3488
     11 3489
     13 3490
      7 3491
     15 3492
     15 3493
     12 3494
     16 3495
     12 3496
      7 3497
     16 3498
      9 3499
     13 3500
     19 3501
     10 3502
     10 3503
     12 3504
      8 3505
     11 3506
     14 3507
     18 3508
     12 3509
     13 3510
     14 3511
     17 3512
     15 3513
     11 3514
     11 3515
     11 3516
     11 3517
     12 3518
      8 3519
     16 3520
     21 3521
     11 3522
     15 3523
      8 3524
     11 3525
     10 3526
     13 3527
     10 3528
     10 3529
     17 3530
      9 3531
     20 3532
      8 3533
      9 3534
     17 3535
      9 3536
     15 3537
     10 3538
     17 3539
     16 3540
      9 3541
     14 3542
      8 3543
     10 3544
      9 3545
     19 3546
     14 3547
     10 3548
     14 3549
     18 3550
     14 3551
     11 3552
     13 3553
      6 3554
     10 3555
     10 3556
      9 3557
     11 3558
     13 3559
     12 3560
     10 3561
      2 3562
     12 3563
      9 3564
      7 3565
     10 3566
      6 3567
     11 3568
     10 3569
     13 3570
     12 3571
      8 3572
      8 3573
     16 3574
      8 3575
     13 3576
     16 3577
     11 3578
     10 3579
     10 3580
     12 3581
     11 3582
      9 3583
     13 3584
     15 3585
     10 3586
     11 3587
      7 3588
      8 3589
     11 3590
      9 3591
      8 3592
      8 3593
     13 3594
     12 3595
      7 3596
     10 3597
     10 3598
     12 3599
     13 3600
     11 3601
      7 3602
      3 3603
      6 3604
     16 3605
      8 3606
      9 3607
      8 3608
      9 3609
      8 3610
      6 3611
     11 3612
      9 3613
     14 3614
     10 3615
     13 3616
      7 3617
     15 3618
      4 3619
      6 3620
     11 3621
     12 3622
     12 3623
     17 3624
     10 3625
      5 3626
     11 3627
     13 3628
     11 3629
     14 3630
      9 3631
     12 3632
     12 3633
     10 3634
      6 3635
      4 3636
      9 3637
      6 3638
      9 3639
      6 3640
     17 3641
      5 3642
      7 3643
     10 3644
      8 3645
     10 3646
     12 3647
     12 3648
     14 3649
      9 3650
     12 3651
      8 3652
      7 3653
      7 3654
     10 3655
      4 3656
      4 3657
      1 3658
     15 3659
      7 3660
      7 3661
      9 3662
     13 3663
     12 3664
      6 3665
      6 3666
     14 3667
     13 3668
     15 3669
     12 3670
     11 3671
     10 3672
      7 3673
      6 3674
      9 3675
      7 3676
     10 3677
     10 3678
      9 3679
     12 3680
      9 3681
      5 3682
     11 3683
      5 3684
      7 3685
      8 3686
      9 3687
     10 3688
      5 3689
     10 3690
     13 3691
     13 3692
     13 3693
     12 3694
     15 3695
      3 3696
      4 3697
     10 3698
      8 3699
     11 3700
     12 3701
      9 3702
      7 3703
      9 3704
      5 3705
      8 3706
      8 3707
      4 3708
     13 3709
      6 3710
      4 3711
     12 3712
      9 3713
      7 3714
      8 3715
     10 3716
      8 3717
      9 3718
      7 3719
      6 3720
     10 3721
     12 3722
      5 3723
      7 3724
      6 3725
      4 3726
     12 3727
     10 3728
     12 3729
     12 3730
     10 3731
      8 3732
      8 3733
      5 3734
     12 3735
      2 3736
      3 3737
      8 3738
      9 3739
      9 3740
     12 3741
      5 3742
     11 3743
      8 3744
      7 3745
     10 3746
      6 3747
      3 3748
     11 3749
      8 3750
      6 3751
     10 3752
     14 3753
      4 3754
     11 3755
      5 3756
      6 3757
      9 3758
      8 3759
      4 3760
      6 3761
      8 3762
     11 3763
      7 3764
      5 3765
      6 3766
      8 3767
     10 3768
      5 3769
      3 3770
      5 3771
      8 3772
     11 3773
      7 3774
     10 3775
      4 3776
      4 3777
      9 3778
      6 3779
     11 3780
      6 3781
      7 3782
     10 3783
      7 3784
      8 3785
      6 3786
      7 3787
      6 3788
      5 3789
      5 3790
      7 3791
      8 3792
      6 3793
      4 3794
      7 3795
      6 3796
      9 3797
      8 3798
      9 3799
     11 3800
      4 3801
      4 3802
      6 3803
      7 3804
      3 3805
     10 3806
      9 3807
      8 3808
      6 3809
      3 3810
      5 3811
      2 3812
      7 3813
      6 3814
     12 3815
     11 3816
      6 3817
      2 3818
      4 3819
     10 3820
      6 3821
      8 3822
      8 3823
      9 3824
      5 3825
     12 3826
      4 3827
      8 3828
      7 3829
      2 3830
      4 3831
      7 3832
      6 3833
      4 3834
      9 3835
      5 3836
     10 3837
      4 3838
     10 3839
      4 3840
      4 3841
      6 3842
      6 3843
      9 3844
      8 3845
      3 3846
      8 3847
      7 3848
      3 3849
      2 3850
     10 3851
      6 3852
     10 3853
     11 3854
      5 3855
      6 3856
      6 3857
      2 3858
      6 3859
      6 3860
      4 3861
      5 3862
     10 3863
     11 3864
      9 3865
      3 3866
      4 3867
     11 3868
      4 3869
      6 3870
      6 3871
     10 3872
      8 3873
      8 3874
     13 3875
      7 3876
      5 3877
      3 3878
      3 3879
      2 3880
      5 3881
      5 3882
      5 3883
      7 3884
      7 3885
      7 3886
      6 3887
      7 3888
      5 3889
      7 3890
      7 3891
      7 3892
      5 3893
      4 3894
      5 3895
      4 3896
      6 3897
      3 3898
      7 3899
      6 3900
      7 3901
      3 3902
      3 3903
      3 3904
      6 3905
      3 3906
      7 3907
     10 3908
      9 3909
      8 3910
      5 3911
      4 3912
      8 3913
      1 3914
      6 3915
      9 3916
      7 3917
      2 3918
      8 3919
      5 3920
      9 3921
      7 3922
      4 3923
     12 3924
     11 3925
      3 3926
      4 3927
      2 3928
     10 3929
      7 3930
      8 3931
      2 3932
      4 3933
      6 3934
      3 3935
      7 3936
      8 3937
      4 3938
      6 3939
      9 3940
      5 3941
      5 3942
      3 3943
      3 3944
      7 3945
      4 3946
      3 3947
      6 3948
      9 3949
      7 3950
      7 3951
      2 3952
      5 3953
      4 3954
      6 3955
      2 3956
      4 3957
      6 3958
      2 3959
      4 3960
      6 3961
      5 3962
      5 3963
      7 3964
      5 3965
      3 3967
      4 3968
      6 3969
      6 3970
      4 3971
      9 3972
      6 3973
      6 3974
      5 3975
     10 3976
      7 3977
      1 3978
      8 3979
      6 3980
      6 3981
      6 3982
      8 3983
      4 3984
      3 3985
      5 3986
      8 3987
      1 3988
      5 3989
     10 3990
      5 3991
     10 3992
      2 3993
      3 3994
      9 3995
      4 3996
      3 3997
      6 3998
      5 3999
      3 4000
      2 4001
      2 4002
      7 4003
      2 4004
      3 4005
      6 4006
      3 4007
      5 4008
      3 4009
      3 4010
      5 4011
      3 4012
      5 4013
      4 4014
      4 4015
      6 4016
      7 4017
      9 4018
      2 4019
      7 4020
      4 4021
      7 4022
      1 4023
      4 4024
      2 4025
      2 4026
      6 4027
      3 4028
      4 4029
      2 4030
      3 4031
      6 4032
      3 4033
      6 4034
      5 4035
      2 4036
      1 4037
      6 4038
      3 4039
      3 4040
     10 4041
      6 4042
      3 4043
      4 4044
      4 4045
      7 4046
      2 4047
      8 4048
      5 4049
      2 4050
      6 4051
      6 4052
      4 4053
      5 4054
      4 4055
      4 4056
      6 4057
      5 4058
      1 4059
      1 4060
      3 4061
      3 4062
      9 4063
      6 4064
      6 4065
      5 4066
      2 4067
      3 4068
      4 4069
      2 4070
      4 4071
      9 4072
      6 4073
      3 4075
      1 4076
     13 4077
      4 4078
      6 4079
      8 4080
      3 4081
      1 4082
      7 4083
      6 4084
      3 4085
      3 4086
      8 4087
      2 4088
      4 4089
      4 4090
      3 4091
      1 4092
      3 4093
      1 4094
      2 4095
      2 4096
      2 4097
      2 4098
      4 4099
      5 4100
      6 4101
      8 4102
      5 4103
      1 4104
      2 4105
      5 4106
      1 4107
      5 4108
      3 4110
      5 4111
      3 4112
      6 4113
      8 4114
      4 4115
      6 4116
      5 4117
      7 4118
      2 4119
      5 4120
      3 4121
      6 4122
      3 4123
      2 4124
      3 4125
      1 4126
      2 4127
      4 4128
      4 4129
      3 4130
      6 4131
      2 4132
      3 4133
      6 4134
      6 4135
      6 4136
      4 4137
      4 4138
      2 4139
      6 4140
      6 4141
      2 4142
      4 4143
      1 4144
      6 4145
      8 4146
      3 4147
      2 4148
      4 4149
      3 4150
      3 4151
      2 4152
      3 4153
      2 4154
      4 4155
      4 4156
      1 4157
      3 4158
      5 4159
      5 4160
      3 4161
      4 4162
      2 4163
      3 4164
      5 4165
      2 4166
      4 4167
      5 4168
      1 4169
      5 4170
      6 4171
      5 4172
      4 4173
      6 4174
      4 4175
      3 4176
      5 4177
      5 4178
      2 4179
      6 4180
      4 4181
      2 4182
      5 4183
      2 4184
      4 4185
      4 4186
      1 4187
     10 4188
      2 4189
      7 4190
      3 4191
      5 4192
      3 4193
      3 4194
      5 4195
      4 4197
      3 4198
      4 4199
      3 4200
      6 4201
      5 4202
      1 4203
      4 4204
      2 4205
      3 4206
      5 4207
      2 4208
      3 4209
      2 4210
      4 4211
      4 4212
      2 4213
      9 4214
      4 4215
      3 4216
      1 4217
      3 4218
      7 4219
      4 4220
      3 4221
      6 4222
      1 4223
      1 4224
      3 4225
      3 4226
      5 4227
      4 4228
      5 4229
      6 4230
      2 4231
      7 4232
      7 4233
      2 4234
      2 4235
      3 4236
      5 4237
      2 4238
      3 4239
      5 4240
      2 4241
      4 4242
      2 4243
      4 4244
      4 4245
      5 4246
      5 4247
      3 4248
      2 4249
      2 4250
      3 4251
      1 4252
      4 4253
      3 4254
      2 4255
      4 4256
      1 4257
      3 4258
      2 4259
      3 4260
      3 4261
      2 4262
      4 4263
      3 4264
      3 4265
      2 4266
      5 4267
      1 4268
      4 4269
      4 4270
      3 4271
      7 4272
      1 4273
      2 4274
      3 4275
      3 4276
      1 4277
      2 4278
      4 4279
      3 4280
      4 4281
      6 4282
      3 4283
      1 4284
      5 4285
      1 4286
      1 4287
      5 4288
      1 4289
      3 4290
      6 4291
      2 4292
      5 4293
      3 4294
      2 4295
      2 4296
      1 4297
      2 4298
      3 4299
      4 4300
      4 4301
      3 4302
      2 4303
      3 4304
      3 4305
      1 4306
      5 4307
      2 4308
      7 4309
      3 4310
      2 4311
      4 4312
      6 4313
      6 4315
      4 4316
      5 4317
      2 4318
      3 4319
      5 4320
      6 4321
      7 4322
      1 4323
      2 4324
      2 4325
      5 4327
      2 4328
      6 4329
      2 4330
      2 4332
      2 4333
      1 4334
      6 4335
      4 4336
      6 4337
      2 4338
      2 4339
      4 4340
      3 4341
      2 4342
      2 4343
      6 4344
      3 4345
      3 4346
      1 4347
      1 4349
      2 4350
      5 4351
      6 4352
      3 4353
      2 4354
      5 4355
      3 4357
      1 4358
      5 4359
      1 4360
      2 4361
      3 4362
      5 4363
      3 4364
      5 4365
      3 4366
      2 4367
      3 4369
      2 4370
      4 4371
      1 4372
      1 4373
      5 4374
      3 4375
      3 4376
      1 4377
      5 4378
      3 4379
      3 4380
      3 4381
      2 4382
      2 4383
      2 4384
      2 4385
      2 4386
      1 4387
      1 4388
      6 4389
      5 4390
      3 4393
      3 4394
      5 4395
      3 4396
      5 4397
      5 4398
      2 4399
      3 4400
      4 4401
      4 4402
      2 4403
      4 4404
      2 4405
      4 4406
      4 4407
      3 4409
      2 4410
      2 4411
      1 4412
      5 4413
      1 4414
      6 4415
      1 4416
      4 4417
      2 4418
      3 4419
      3 4420
      2 4421
      4 4422
      2 4423
      5 4424
      4 4425
      4 4426
      2 4428
      1 4429
      1 4430
      1 4431
      1 4432
      6 4433
      2 4434
      4 4436
      1 4437
      2 4438
      5 4439
      5 4440
      1 4441
      2 4442
      6 4443
      2 4444
      1 4445
      1 4446
      3 4447
      4 4448
      3 4449
      3 4450
      6 4451
      3 4452
      3 4453
      3 4454
      2 4455
      2 4456
      3 4457
      2 4458
      2 4460
      5 4461
      4 4462
      1 4463
      1 4465
      1 4466
      2 4467
      4 4468
      3 4469
      2 4470
      3 4471
      4 4472
      3 4474
      5 4475
      2 4476
      1 4477
      5 4478
      2 4479
      2 4480
      1 4481
      1 4482
      2 4483
      1 4484
      2 4485
      3 4486
      1 4487
      1 4488
      2 4489
      1 4490
      3 4491
      3 4492
      3 4494
      4 4495
      2 4496
      1 4498
      6 4499
      1 4500
      3 4501
      6 4502
      5 4503
      1 4504
      2 4505
      2 4507
      3 4508
      3 4509
      4 4510
      8 4512
      1 4513
      5 4514
      2 4515
      3 4517
      5 4518
      2 4519
      2 4520
      2 4521
      2 4522
      3 4523
      3 4524
      1 4525
      1 4526
      1 4527
      1 4528
      1 4529
      1 4530
      1 4531
      6 4532
      2 4533
      3 4534
      2 4535
      3 4537
      4 4538
      2 4539
      4 4540
      2 4541
      1 4543
      3 4544
      1 4545
      1 4547
      1 4548
      1 4549
      2 4550
      2 4551
      1 4552
      1 4553
      2 4554
      2 4555
      4 4556
      2 4557
      2 4558
      1 4559
      1 4560
      1 4561
      4 4562
      2 4563
      5 4564
      3 4565
      1 4566
      2 4567
      2 4568
      3 4569
      3 4570
      2 4571
      4 4572
      2 4573
      5 4574
      3 4575
      4 4576
      1 4577
      2 4578
      4 4580
      3 4582
      2 4583
      2 4584
      2 4585
      4 4587
      1 4588
      3 4590
      1 4591
      3 4593
      5 4594
      2 4595
      2 4596
      4 4597
      4 4598
      1 4600
      1 4601
      4 4602
      1 4603
      1 4605
      2 4606
      2 4607
      1 4608
      3 4609
      2 4610
      2 4611
      4 4612
      2 4614
      4 4616
      2 4618
      1 4619
      3 4620
      1 4621
      2 4622
      2 4623
      1 4624
      2 4625
      3 4626
      1 4627
      2 4628
      1 4630
      5 4631
      2 4632
      4 4633
      3 4634
      4 4635
      2 4636
      1 4637
      1 4638
      1 4639
      3 4640
      1 4641
      2 4642
      2 4643
      2 4644
      2 4645
      2 4646
      2 4647
      5 4648
      1 4650
      4 4652
      1 4653
      3 4654
      1 4655
      1 4656
      2 4657
      2 4658
      1 4659
      3 4660
      1 4662
      1 4663
      3 4664
      1 4665
      1 4666
      2 4667
      2 4668
      2 4669
      1 4670
      2 4671
      1 4672
      2 4673
      2 4674
      2 4675
      1 4676
      6 4677
      4 4679
      1 4680
      3 4681
      3 4682
      2 4683
      2 4684
      2 4685
      3 4686
      1 4688
      2 4689
      1 4690
      5 4691
      3 4692
      1 4694
      3 4695
      3 4696
      1 4697
      1 4699
      2 4700
      1 4701
      4 4702
      2 4703
      5 4704
      1 4705
      1 4706
      1 4707
      2 4708
      1 4709
      1 4710
      2 4712
      3 4713
      2 4714
      3 4715
      4 4716
      2 4717
      1 4718
      2 4719
      3 4720
      2 4721
      1 4722
      1 4723
      1 4725
      2 4726
      1 4727
      2 4729
      2 4730
      2 4731
      3 4733
      2 4734
      3 4735
      1 4736
      1 4738
      2 4740
      3 4741
      2 4743
      1 4744
      5 4745
      3 4746
      1 4749
      3 4750
      1 4751
      4 4752
      1 4753
      1 4754
      1 4755
      1 4757
      1 4758
      1 4759
      5 4760
      2 4761
      2 4762
      2 4764
      2 4765
      1 4766
      2 4767
      1 4768
      4 4769
      3 4770
      3 4771
      2 4772
      2 4773
      1 4774
      2 4776
      3 4777
      3 4778
      1 4779
      2 4781
      2 4783
      2 4784
      2 4785
      3 4790
      2 4791
      1 4792
      1 4793
      2 4794
      2 4798
      3 4799
      1 4800
      1 4802
      2 4803
      1 4805
      3 4806
      1 4807
      3 4808
      5 4809
      3 4810
      2 4811
      3 4812
      1 4813
      3 4814
      1 4815
      2 4816
      1 4817
      1 4818
      1 4820
      2 4821
      1 4822
      1 4823
      3 4824
      3 4825
      3 4826
      1 4827
      2 4829
      1 4830
      1 4831
      3 4832
      1 4833
      2 4834
      1 4835
      4 4836
      2 4837
      1 4839
      4 4841
      2 4842
      2 4844
      2 4845
      3 4846
      1 4847
      1 4848
      1 4849
      2 4850
      1 4853
      2 4854
      3 4856
      1 4858
      2 4859
      4 4860
      2 4861
      2 4862
      2 4864
      3 4866
      2 4867
      3 4869
      2 4870
      1 4871
      1 4874
      2 4875
      1 4877
      2 4878
      1 4880
      2 4881
      1 4882
      1 4883
      3 4884
      2 4886
      3 4887
      1 4889
      2 4890
      1 4893
      1 4895
      2 4896
      3 4897
      1 4898
      3 4900
      1 4902
      3 4906
      1 4907
      1 4909
      1 4910
      2 4911
      1 4912
      2 4913
      1 4915
      1 4916
      1 4917
      3 4918
      1 4919
      2 4920
      1 4921
      4 4924
      1 4926
      1 4928
      1 4929
      2 4930
      1 4932
      1 4933
      1 4939
      1 4940
      1 4941
      1 4942
      2 4943
      1 4945
      3 4946
      2 4947
      1 4948
      2 4950
      1 4952
      4 4953
      1 4954
      3 4955
      1 4958
      3 4959
      3 4960
      2 4961
      1 4962
      1 4963
      4 4965
      2 4966
      1 4969
      6 4970
      1 4971
      2 4972
      3 4973
      1 4974
      2 4976
      4 4977
      1 4978
      3 4979
      1 4980
      1 4981
      1 4983
      1 4984
      2 4985
      2 4986
      1 4987
      1 4988
      3 4990
      1 4991
      1 4992
      2 4994
      1 4995
      1 4997
      1 4998
      3 4999
      1 5000
      1 5001
      2 5004
      1 5005
      2 5006
      2 5007
      2 5008
      1 5009
      2 5010
      1 5011
      1 5014
      1 5015
      1 5019
      1 5020
      2 5021
      1 5022
      1 5023
      1 5024
      2 5025
      2 5026
      2 5027
      3 5029
      2 5030
      2 5031
      3 5033
      2 5034
      3 5035
      1 5036
      3 5037
      1 5039
      2 5040
      4 5044
      5 5045
      1 5046
      1 5047
      2 5048
      1 5049
      1 5050
      2 5052
      3 5055
      1 5058
      2 5060
      3 5061
      2 5062
      1 5063
      2 5065
      1 5066
      1 5067
      1 5071
      2 5072
      1 5073
      2 5075
      2 5076
      1 5077
      3 5078
      1 5079
      1 5080
      2 5081
      1 5083
      1 5085
      2 5086
      1 5087
      1 5088
      1 5089
      1 5090
      1 5091
      2 5092
      1 5098
      1 5101
      1 5102
      1 5104
      1 5106
      1 5107
      2 5108
      2 5109
      1 5110
      2 5111
      1 5112
      3 5115
      1 5116
      1 5117
      2 5118
      3 5120
      1 5122
      1 5124
      1 5125
      1 5129
      2 5131
      2 5132
      2 5134
      2 5136
      1 5137
      1 5138
      2 5139
      2 5140
      2 5141
      1 5142
      4 5143
      2 5144
      1 5145
      1 5146
      1 5147
      2 5148
      1 5151
      2 5152
      2 5153
      2 5156
      1 5157
      3 5158
      1 5159
      1 5160
      1 5161
      3 5162
      2 5163
      1 5165
      2 5167
      4 5168
      1 5170
      1 5171
      3 5172
      1 5177
      2 5178
      1 5180
      1 5181
      3 5182
      1 5183
      1 5184
      2 5186
      1 5187
      3 5190
      1 5191
      1 5192
      1 5193
      3 5194
      3 5196
      1 5198
      1 5199
      1 5200
      2 5201
      2 5205
      1 5206
      1 5207
      2 5209
      1 5210
      1 5211
      3 5212
      1 5213
      1 5214
      1 5215
      1 5219
      3 5220
      1 5223
      2 5224
      1 5225
      1 5226
      1 5228
      1 5229
      1 5230
      1 5231
      2 5232
      2 5233
      2 5234
      2 5235
      1 5237
      1 5238
      1 5241
      2 5243
      2 5247
      1 5248
      2 5249
      1 5250
      1 5251
      1 5254
      1 5257
      1 5259
      1 5260
      3 5261
      1 5263
      1 5264
      1 5265
      1 5267
      3 5268
      1 5271
      1 5272
      2 5275
      2 5276
      1 5277
      1 5279
      1 5280
      1 5282
      1 5283
      1 5284
      1 5286
      1 5287
      1 5288
      1 5289
      1 5290
      1 5292
      3 5294
      1 5295
      1 5296
      3 5301
      1 5302
      2 5303
      2 5304
      4 5305
      1 5307
      2 5310
      2 5313
      2 5316
      1 5317
      2 5322
      2 5325
      2 5326
      4 5327
      2 5328
      1 5331
      3 5332
      2 5334
      3 5336
      1 5338
      1 5339
      2 5342
      2 5346
      3 5348
      1 5350
      2 5352
      1 5353
      1 5354
      1 5355
      1 5356
      2 5359
      2 5361
      1 5364
      3 5365
      1 5367
      1 5369
      3 5370
      1 5372
      2 5373
      1 5374
      1 5375
      1 5376
      2 5377
      1 5378
      2 5380
      1 5381
      1 5384
      3 5386
      1 5387
      1 5389
      2 5391
      1 5393
      1 5394
      1 5395
      1 5396
      2 5398
      3 5399
      3 5400
      1 5401
      3 5402
      2 5403
      1 5404
      1 5406
      1 5407
      4 5410
      2 5411
      1 5412
      1 5416
      2 5417
      2 5419
      2 5421
      1 5425
      1 5427
      1 5428
      2 5432
      1 5436
      1 5437
      1 5440
      1 5441
      1 5444
      3 5445
      1 5446
      1 5449
      3 5450
      3 5451
      2 5455
      1 5456
      2 5457
      1 5459
      1 5462
      2 5466
      1 5467
      1 5469
      1 5470
      1 5471
      1 5475
      1 5477
      1 5478
      1 5480
      2 5484
      1 5485
      1 5486
      3 5490
      2 5492
      2 5493
      1 5494
      2 5496
      3 5499
      1 5500
      1 5502
      3 5503
      2 5506
      2 5509
      1 5510
      2 5512
      1 5515
      1 5517
      1 5520
      1 5521
      1 5522
      1 5523
      2 5524
      1 5525
      1 5526
      1 5529
      2 5532
      1 5533
      1 5538
      2 5539
      1 5540
      1 5542
      1 5544
      3 5547
      4 5549
      1 5550
      1 5555
      1 5556
      1 5557
      1 5558
      1 5561
      1 5562
      2 5563
      1 5567
      1 5568
      1 5571
      1 5572
      2 5573
      1 5574
      1 5575
      1 5577
      2 5578
      1 5579
      2 5580
      2 5581
      1 5585
      1 5587
      1 5588
      2 5591
      1 5592
      1 5593
      2 5595
      1 5597
      1 5598
      2 5599
      1 5601
      1 5602
      1 5604
      1 5605
      1 5606
      2 5608
      2 5609
      1 5610
      1 5614
      1 5618
      1 5620
      1 5621
      1 5622
      1 5625
      1 5627
      2 5632
      1 5633
      3 5634
      1 5637
      1 5638
      1 5640
      2 5641
      1 5642
      2 5648
      2 5649
      1 5651
      1 5652
      1 5653
      2 5656
      1 5657
      1 5658
      1 5661
      2 5663
      1 5665
      1 5667
      2 5669
      1 5670
      1 5675
      1 5679
      1 5680
      1 5681
      1 5683
      1 5684
      2 5686
      1 5687
      1 5688
      1 5691
      3 5693
      1 5694
      3 5695
      1 5696
      1 5697
      3 5698
      1 5701
      1 5702
      1 5703
      1 5705
      1 5706
      1 5707
      1 5710
      1 5712
      2 5713
      1 5717
      1 5720
      1 5723
      3 5725
      1 5727
      1 5730
      2 5731
      1 5732
      1 5733
      1 5736
      2 5738
      1 5745
      1 5746
      2 5747
      2 5748
      1 5749
      1 5750
      1 5751
      3 5752
      1 5753
      1 5754
      1 5756
      2 5757
      3 5758
      1 5759
      1 5764
      1 5765
      1 5766
      1 5768
      1 5771
      2 5774
      1 5778
      2 5780
      1 5781
      2 5784
      2 5786
      5 5789
      1 5794
      1 5795
      1 5798
      3 5801
      2 5807
      1 5808
      1 5809
      1 5813
      2 5814
      1 5815
      1 5816
      1 5817
      1 5818
      1 5823
      1 5824
      1 5825
      1 5826
      2 5827
      1 5828
      1 5832
      1 5833
      2 5838
      1 5840
      1 5842
      1 5843
      4 5844
      1 5846
      1 5847
      1 5848
      3 5850
      1 5854
      1 5856
      1 5857
      1 5858
      1 5862
      1 5864
      1 5865
      1 5871
      1 5875
      1 5877
      1 5880
      1 5882
      1 5884
      2 5885
      1 5887
      1 5889
      1 5891
      1 5893
      2 5894
      1 5895
      1 5896
      1 5898
      2 5901
      2 5903
      2 5906
      1 5909
      1 5913
      1 5914
      2 5915
      1 5921
      1 5924
      1 5925
      1 5926
      1 5927
      1 5928
      1 5929
      1 5930
      1 5936
      1 5938
      2 5939
      1 5940
      1 5945
      3 5946
      1 5948
      2 5950
      1 5951
      1 5953
      1 5955
      2 5956
      1 5957
      1 5958
      1 5959
      1 5964
      1 5966
      1 5971
      1 5975
      1 5976
      1 5977
      1 5978
      1 5979
      1 5983
      1 5989
      1 5990
      1 5991
      1 5993
      1 5994
      1 5996
      2 6000
      2 6001
      2 6002
      1 6005
      1 6006
      1 6009
      1 6010
      1 6011
      3 6012
      1 6016
      1 6017
      1 6020
      1 6021
      2 6022
      1 6023
      1 6025
      1 6027
      1 6033
      2 6034
      1 6035
      3 6041
      1 6042
      1 6045
      1 6046
      2 6049
      1 6050
      2 6053
      1 6054
      2 6059
      1 6061
      2 6064
      1 6065
      1 6066
      3 6067
      1 6069
      1 6073
      1 6075
      2 6077
      1 6078
      1 6079
      2 6086
      1 6090
      1 6094
      1 6095
      1 6099
      1 6100
      2 6101
      1 6104
      1 6105
      1 6106
      1 6107
      2 6110
      3 6111
      2 6113
      1 6114
      1 6115
      1 6119
      1 6120
      2 6121
      1 6123
      3 6124
      1 6125
      1 6128
      2 6130
      1 6132
      1 6134
      1 6135
      3 6136
      2 6138
      1 6139
      1 6140
      1 6143
      1 6145
      1 6149
      1 6155
      1 6157
      1 6160
      1 6161
      1 6162
      1 6163
      1 6165
      1 6172
      1 6173
      1 6184
      2 6186
      1 6187
      1 6188
      1 6189
      1 6196
      1 6197
      1 6203
      1 6206
      1 6207
      1 6210
      1 6217
      2 6222
      1 6226
      2 6229
      2 6230
      3 6231
      1 6232
      1 6233
      1 6236
      1 6237
      1 6238
      1 6239
      1 6240
      1 6241
      1 6243
      1 6246
      1 6249
      1 6250
      2 6253
      2 6256
      1 6260
      2 6261
      1 6262
      1 6263
      1 6266
      1 6267
      1 6269
      1 6271
      1 6272
      3 6274
      1 6275
      1 6277
      1 6280
      4 6283
      1 6285
      1 6289
      1 6290
      1 6294
      1 6296
      1 6298
      1 6300
      2 6303
      1 6304
      3 6305
      1 6307
      2 6308
      1 6309
      2 6311
      1 6313
      1 6314
      2 6315
      1 6316
      1 6319
      2 6324
      1 6325
      1 6333
      1 6335
      3 6338
      2 6340
      1 6341
      1 6343
      1 6346
      1 6347
      1 6353
      2 6355
      1 6357
      2 6361
      1 6364
      1 6365
      2 6366
      1 6367
      2 6368
      2 6369
      1 6370
      1 6372
      1 6374
      2 6375
      1 6379
      1 6381
      1 6382
      2 6386
      1 6388
      2 6389
      3 6391
      1 6393
      1 6395
      1 6403
      1 6407
      1 6410
      1 6414
      2 6415
      1 6416
      1 6420
      1 6421
      2 6422
      1 6425
      1 6428
      1 6431
      1 6432
      3 6434
      1 6437
      1 6438
      2 6442
      1 6444
      1 6445
      1 6446
      2 6447
      1 6448
      1 6450
      1 6453
      2 6454
      1 6456
      1 6460
      1 6461
      1 6463
      1 6464
      1 6468
      1 6469
      1 6470
      1 6472
      1 6477
      1 6480
      1 6485
      1 6487
      1 6489
      1 6494
      1 6496
      2 6497
      1 6498
      1 6500
      1 6503
      1 6504
      1 6506
      2 6507
      1 6510
      1 6515
      1 6516
      1 6519
      1 6521
      1 6526
      1 6528
      1 6531
      1 6532
      1 6533
      2 6534
      3 6535
      1 6538
      2 6539
      1 6542
      1 6543
      1 6547
      1 6550
      1 6551
      1 6556
      2 6557
      1 6558
      1 6560
      1 6562
      1 6563
      1 6565
      1 6566
      1 6567
      1 6568
      1 6569
      1 6574
      1 6575
      1 6576
      1 6577
      1 6579
      1 6581
      1 6583
      2 6585
      1 6587
      1 6591
      1 6593
      1 6599
      1 6600
      1 6601
      1 6603
      1 6608
      1 6611
      1 6614
      1 6616
      2 6617
      1 6620
      1 6621
      2 6627
      1 6631
      1 6634
      3 6640
      1 6643
      1 6646
      2 6656
      1 6657
      1 6662
      1 6664
      1 6666
      2 6667
      1 6678
      1 6679
      2 6684
      2 6685
      1 6686
      1 6688
      1 6690
      1 6696
      1 6697
      2 6700
      1 6704
      1 6713
      1 6715
      1 6716
      1 6718
      1 6721
      1 6722
      1 6723
      1 6724
      1 6725
      2 6726
      1 6728
      1 6731
      2 6733
      1 6734
      1 6736
      1 6737
      1 6738
      2 6742
      1 6743
      1 6746
      1 6748
      1 6749
      1 6751
      1 6754
      1 6755
      1 6758
      3 6762
      1 6767
      1 6769
      1 6777
      1 6779
      1 6781
      1 6784
      2 6790
      1 6793
      2 6796
      1 6799
      2 6801
      1 6802
      1 6803
      1 6804
      1 6805
      1 6806
      1 6809
      1 6815
      1 6818
      1 6823
      1 6826
      1 6830
      1 6832
      2 6833
      1 6834
      1 6836
      1 6842
      1 6843
      1 6844
      1 6846
      1 6847
      1 6854
      2 6855
      1 6856
      1 6859
      1 6861
      1 6867
      1 6868
      1 6869
      1 6873
      2 6874
      4 6875
      1 6879
      3 6889
      1 6890
      1 6891
      1 6892
      1 6893
      1 6895
      1 6902
      1 6903
      1 6904
      3 6905
      1 6909
      2 6912
      1 6914
      1 6915
      1 6916
      1 6917
      1 6918
      1 6919
      1 6924
      2 6927
      1 6935
      1 6940
      1 6944
      1 6945
      1 6947
      1 6949
      1 6951
      1 6952
      1 6954
      2 6955
      1 6956
      1 6957
      1 6960
      1 6962
      1 6963
      1 6964
      2 6967
      2 6971
      1 6978
      1 6979
      1 6980
      1 6989
      2 6995
      1 6997
      1 7008
      1 7010
      1 7011
      1 7024
      1 7025
      1 7029
      1 7031
      1 7036
      1 7037
      1 7040
      1 7042
      1 7047
      1 7052
      1 7055
      1 7061
      1 7063
      1 7069
      1 7083
      1 7084
      3 7087
      1 7088
      1 7092
      2 7093
      1 7094
      1 7097
      1 7099
      1 7103
      1 7110
      1 7115
      2 7119
      2 7120
      1 7126
      1 7128
      1 7143
      2 7154
      3 7155
      1 7161
      1 7164
      1 7167
      1 7177
      2 7178
      1 7180
      2 7184
      1 7185
      1 7187
      1 7192
      2 7193
      1 7194
      1 7201
      2 7203
      1 7207
      2 7214
      1 7220
      1 7221
      1 7222
      2 7225
      2 7226
      1 7227
      1 7233
      1 7241
      1 7253
      3 7256
      1 7261
      1 7264
      1 7265
      1 7268
      1 7277
      1 7281
      1 7284
      1 7288
      1 7298
      1 7307
      1 7309
      1 7313
      1 7317
      1 7319
      1 7324
      1 7330
      1 7331
      1 7337
      1 7338
      3 7339
      1 7345
      1 7346
      1 7347
      1 7350
      1 7353
      1 7357
      1 7362
      1 7365
      1 7367
      1 7380
      1 7382
      2 7387
      1 7389
      1 7395
      1 7396
      1 7401
      1 7404
      1 7411
      1 7415
      1 7416
      1 7417
      1 7418
      1 7424
      1 7425
      1 7426
      2 7427
      1 7428
      1 7430
      1 7431
      1 7432
      1 7433
      1 7438
      1 7442
      1 7445
      2 7446
      1 7450
      1 7452
      1 7453
      1 7455
      1 7456
      1 7459
      1 7461
      1 7480
      1 7482
      1 7484
      1 7486
      2 7488
      1 7494
      1 7496
      1 7497
      2 7499
      1 7500
      1 7502
      2 7505
      1 7509
      1 7517
      1 7519
      2 7521
      1 7523
      1 7526
      2 7528
      1 7529
      1 7535
      2 7538
      2 7543
      1 7549
      2 7550
      1 7555
      1 7558
      1 7560
      1 7563
      1 7567
      1 7573
      1 7576
      1 7579
      1 7580
      1 7588
      1 7591
      1 7594
      1 7601
      1 7602
      3 7603
      1 7604
      1 7608
      1 7609
      1 7620
      1 7621
      1 7623
      1 7624
      1 7630
      1 7631
      1 7632
      1 7637
      1 7639
      1 7640
      2 7644
      1 7647
      1 7649
      1 7652
      1 7654
      1 7658
      1 7659
      1 7666
      1 7680
      2 7687
      1 7688
      1 7690
      1 7692
      1 7693
      1 7694
      1 7695
      1 7704
      1 7707
      1 7713
      1 7714
      1 7716
      1 7718
      1 7719
      2 7722
      1 7723
      1 7725
      1 7728
      1 7737
      1 7738
      1 7742
      1 7743
      1 7748
      3 7756
      2 7762
      1 7768
      1 7777
      1 7782
      1 7783
      2 7790
      1 7792
      1 7795
      1 7796
      1 7797
      1 7798
      1 7799
      1 7801
      1 7805
      2 7808
      1 7815
      1 7823
      2 7824
      1 7826
      1 7827
      2 7828
      2 7843
      2 7845
      1 7859
      1 7864
      1 7866
      1 7870
      1 7873
      1 7878
      1 7882
      1 7886
      1 7890
      1 7891
      1 7893
      1 7903
      1 7908
      1 7909
      2 7914
      1 7916
      1 7919
      1 7929
      1 7932
      1 7934
      2 7935
      1 7939
      2 7940
      1 7951
      2 7962
      1 7966
      1 7967
      1 7968
      1 7969
      1 7974
      1 7976
      1 7978
      1 7983
      2 7992
      2 7998
      1 8001
      1 8013
      1 8014
      1 8016
      1 8024
      1 8028
      2 8029
      1 8048
      1 8051
      1 8060
      1 8066
      1 8068
      1 8069
      1 8074
      1 8078
      1 8081
      1 8082
      1 8085
      1 8087
      1 8089
      2 8094
      1 8096
      1 8103
      1 8104
      1 8113
      1 8114
      2 8116
      2 8122
      1 8124
      1 8125
      1 8126
      1 8130
      1 8134
      1 8135
      1 8141
      1 8146
      1 8159
      1 8162
      1 8166
      1 8168
      1 8173
      1 8179
      1 8181
      1 8183
      1 8189
      1 8202
      1 8209
      1 8215
      1 8217
      1 8219
      1 8226
      1 8228
      1 8230
      1 8231
      1 8235
      1 8236
      1 8240
      1 8243
      1 8244
      1 8252
      1 8256
      1 8257
      1 8268
      1 8269
      1 8272
      1 8282
      1 8283
      2 8286
      1 8287
      1 8288
      1 8302
      1 8306
      1 8307
      1 8313
      1 8314
      3 8317
      1 8324
      1 8327
      1 8331
      1 8334
      1 8335
      1 8342
      1 8351
      1 8353
      1 8359
      1 8361
      1 8369
      1 8370
      1 8371
      1 8385
      1 8396
      1 8399
      1 8400
      1 8403
      1 8412
      1 8416
      1 8421
      1 8422
      1 8428
      1 8429
      1 8431
      1 8432
      1 8441
      1 8448
      1 8455
      1 8461
      1 8463
      1 8469
      2 8473
      1 8489
      1 8496
      1 8498
      1 8513
      1 8519
      1 8520
      1 8532
      1 8537
      1 8542
      2 8545
      1 8552
      1 8558
      1 8559
      1 8570
      2 8578
      1 8584
      1 8586
      1 8591
      1 8592
      1 8595
      1 8601
      2 8613
      1 8621
      1 8623
      1 8632
      1 8635
      1 8639
      1 8642
      1 8643
      1 8646
      2 8647
      1 8648
      1 8653
      2 8656
      1 8661
      1 8665
      1 8666
      1 8674
      1 8675
      1 8687
      1 8693
      1 8697
      1 8700
      1 8701
      1 8706
      1 8707
      1 8710
      1 8713
      1 8714
      1 8716
      1 8720
      1 8725
      1 8732
      1 8738
      1 8763
      1 8770
      1 8780
      1 8781
      1 8787
      1 8793
      1 8806
      1 8810
      1 8817
      2 8820
      1 8821
      1 8825
      1 8832
      1 8834
      1 8837
      1 8839
      1 8843
      1 8847
      1 8849
      1 8850
      1 8853
      1 8854
      1 8857
      1 8867
      1 8873
      2 8877
      1 8882
      2 8889
      1 8891
      1 8897
      1 8900
      1 8903
      1 8906
      2 8907
      1 8916
      1 8925
      1 8926
      1 8932
      1 8937
      1 8942
      1 8944
      1 8953
      1 8955
      1 8958
      1 8960
      1 8963
      1 8964
      1 8965
      1 8970
      1 8978
      1 8980
      1 8983
      1 8984
      2 8985
      1 8986
      1 8988
      1 8990
      1 8998
      1 8999
      1 9006
      1 9007
      1 9008
      1 9009
      1 9021
      1 9024
      1 9030
      1 9042
      1 9051
      1 9058
      1 9059
      1 9060
      1 9071
      1 9073
      1 9074
      1 9077
      1 9082
      1 9083
      1 9087
      1 9092
      1 9096
      1 9097
      1 9099
      1 9105
      1 9109
      1 9131
      1 9134
      1 9137
      1 9150
      1 9152
      1 9154
      1 9158
      2 9162
      1 9175
      1 9178
      1 9183
      1 9185
      1 9191
      1 9195
      1 9197
      1 9201
      1 9202
      1 9206
      1 9218
      1 9220
      2 9221
      1 9223
      1 9227
      2 9228
      1 9250
      1 9257
      1 9260
      1 9281
      1 9288
      1 9289
      1 9309
      1 9311
      1 9312
      2 9321
      1 9322
      1 9326
      1 9353
      2 9358
      1 9364
      1 9373
      1 9377
      1 9379
      1 9384
      1 9406
      1 9407
      1 9437
      1 9441
      1 9450
      1 9454
      1 9455
      1 9458
      1 9470
      1 9481
      1 9484
      1 9489
      1 9490
      1 9495
      1 9509
      1 9516
      2 9520
      1 9528
      1 9542
      1 9547
      1 9549
      1 9558
      1 9560
      1 9568
      1 9575
      1 9583
      1 9590
      1 9592
      1 9596
      1 9603
      1 9610
      1 9611
      1 9616
      1 9618
      1 9620
      1 9622
      2 9629
      1 9630
      1 9633
      1 9652
      1 9653
      1 9655
      1 9656
      1 9658
      1 9661
      1 9665
      1 9671
      1 9680
      1 9682
      1 9686
      1 9687
      1 9690
      1 9693
      1 9718
      1 9719
      1 9723
      1 9726
      1 9731
      2 9732
      1 9742
      1 9746
      1 9753
      1 9760
      1 9765
      1 9770
      1 9797
      1 9799
      1 9806
      1 9809
      1 9816
      1 9847
      1 9852
      1 9872
      1 9880
      1 9882
      2 9883
      2 9884
      1 9887
      1 9897
      2 9902
      1 9915
      1 9968
      1 9971
      1 9989
      1 9992
      1 9996
      1 10022
      1 10028
      1 10031
      1 10047
      1 10049
      1 10077
      1 10082
      1 10085
      1 10087
      1 10093
      1 10102
      1 10113
      1 10152
      1 10160
      1 10167
      1 10168
      1 10170
      1 10173
      1 10186
      1 10192
      1 10211
      1 10223
      1 10226
      1 10227
      1 10245
      1 10255
      1 10261
      1 10271
      1 10273
      1 10293
      1 10301
      1 10302
      1 10310
      1 10313
      1 10315
      1 10316
      1 10323
      1 10331
      1 10332
      2 10335
      2 10341
      1 10346
      1 10351
      1 10352
      1 10356
      1 10357
      1 10364
      1 10380
      1 10403
      1 10422
      1 10443
      1 10446
      1 10450
      1 10451
      1 10452
      1 10459
      1 10468
      1 10472
      1 10475
      1 10478
      1 10480
      1 10482
      1 10501
      1 10503
      1 10509
      1 10511
      1 10515
      1 10521
      1 10545
      1 10546
      1 10548
      1 10550
      1 10574
      1 10579
      1 10593
      1 10601
      1 10612
      1 10617
      1 10625
      1 10637
      1 10649
      1 10653
      1 10654
      1 10656
      1 10661
      1 10666
      1 10688
      1 10692
      1 10698
      1 10708
      1 10717
      1 10740
      1 10758
      1 10773
      1 10789
      1 10792
      1 10795
      1 10810
      1 10827
      1 10838
      2 10839
      1 10840
      1 10847
      1 10869
      1 10880
      1 10892
      1 10900
      1 10945
      1 10969
      1 10985
      1 10991
      1 11001
      1 11027
      1 11036
      1 11038
      1 11045
      1 11086
      1 11092
      2 11106
      1 11109
      1 11143
      1 11144
      1 11174
      1 11175
      1 11177
      1 11182
      1 11186
      1 11195
      1 11199
      1 11204
      1 11219
      1 11228
      1 11246
      1 11258
      1 11270
      1 11296
      1 11306
      1 11308
      1 11319
      1 11322
      1 11370
      1 11375
      1 11376
      1 11394
      1 11401
      1 11406
      1 11411
      1 11424
      1 11451
      1 11470
      1 11490
      1 11537
      1 11562
      1 11585
      1 11588
      1 11600
      1 11615
      1 11620
      1 11637
      1 11641
      1 11657
      1 11679
      1 11703
      1 11712
      1 11720
      1 11756
      1 11760
      1 11768
      1 11779
      1 11783
      1 11835
      1 11841
      1 11859
      1 11885
      1 11888
      1 11909
      1 11948
      1 11956
      1 11975
      1 11976
      1 12006
      2 12023
      1 12036
      1 12055
      1 12060
      1 12073
      1 12080
      1 12095
      1 12128
      1 12152
      1 12185
      1 12190
      1 12227
      1 12232
      1 12235
      1 12281
      1 12314
      1 12325
      1 12337
      1 12352
      1 12400
      1 12416
      1 12418
      1 12423
      1 12466
      1 12478
      1 12483
      1 12491
      1 12518
      1 12531
      1 12534
      1 12539
      1 12560
      1 12561
      1 12565
      1 12572
      1 12604
      1 12614
      1 12688
      1 12760
      1 12775
      1 12787
      1 12875
      1 12881
      1 12915
      1 12943
      1 12955
      1 12959
      1 13005
      1 13006
      1 13031
      1 13060
      1 13087
      1 13116
      1 13118
      1 13141
      1 13163
      1 13177
      1 13181
      1 13198
      1 13205
      1 13221
      1 13223
      1 13264
      1 13303
      1 13304
      1 13355
      1 13419
      1 13458
      1 13464
      1 13476
      1 13477
      1 13480
      1 13490
      1 13503
      1 13512
      1 13552
      1 13558
      1 13588
      1 13673
      1 13704
      2 13732
      1 13751
      1 13789
      1 13800
      1 13834
      1 13837
      1 13864
      1 13874
      1 13935
      1 13958
      1 14024
      1 14028
      1 14079
      1 14087
      1 14159
      1 14165
      1 14189
      1 14193
      1 14212
      1 14274
      1 14309
      1 14310
      1 14326
      1 14327
      1 14336
      1 14372
      1 14375
      1 14383
      1 14419
      1 14447
      1 14474
      1 14525
      1 14643
      1 14670
      1 14796
      1 14820
      1 14842
      1 14900
      1 14914
      1 14928
      1 15011
      1 15019
      1 15052
      1 15090
      1 15110
      1 15192
      1 15217
      1 15224
      1 15257
      2 15294
      1 15313
      1 15325
      1 15402
      1 15484
      1 15510
      1 15511
      1 15551
      1 15563
      1 15568
      1 15571
      1 15593
      1 15661
      1 15826
      1 15865
      1 15871
      1 15962
      1 15979
      1 15989
      1 16064
      1 16100
      1 16194
      1 16322
      1 16327
      1 16343
      1 16376
      1 16438
      1 16450
      1 16465
      1 16514
      1 16515
      1 16605
      1 16773
      1 16780
      1 16787
      1 16809
      1 16818
      1 16820
      1 16829
      1 16949
      1 16971
      1 16992
      1 17014
      1 17079
      1 17086
      1 17089
      1 17228
      1 17281
      1 17285
      1 17305
      1 17324
      1 17330
      1 17332
      1 17358
      1 17450
      1 17489
      1 17492
      1 17535
      1 17571
      1 17678
      1 17735
      1 17759
      1 17766
      1 17798
      1 17812
      1 17882
      1 17886
      1 17905
      1 17910
      1 17939
      1 17967
      1 18013
      1 18032
      1 18052
      1 18108
      1 18185
      1 18210
      1 18211
      1 18359
      1 18388
      1 18603
      1 18620
      1 18624
      1 18679
      1 18693
      1 18747
      1 18840
      1 18847
      1 18900
      1 18910
      1 18992
      1 19000
      1 19159
      1 19325
      1 19448
      1 19459
      1 19489
      1 19506
      1 19553
      1 19561
      1 19570
      1 19655
      1 19758
      1 19775
      1 19811
      1 19854
      1 19940
      1 19998
      1 20031
      1 20179
      1 20336
      1 20387
      1 20394
      1 20427
      1 20564
      1 20643
      1 20646
      1 20958
      1 21015
      1 21164
      1 21222
      1 21244
      1 21250
      1 21316
      1 21436
      1 21549
      1 21598
      1 21625
      1 21643
      1 21671
      1 21674
      1 21750
      1 21756
      1 21862
      1 21909
      1 21931
      1 21989
      1 22003
      1 22049
      1 22064
      1 22072
      1 22156
      1 22162
      1 22166
      1 22173
      1 22264
      1 22270
      1 22354
      1 22370
      1 22386
      1 22393
      1 22453
      1 22510
      1 22519
      1 22611
      1 22648
      1 22735
      1 22740
      1 22784
      1 22924
      1 22933
      1 22960
      1 23037
      1 23049
      1 23056
      1 23058
      1 23094
      1 23112
      1 23236
      1 23297
      1 23438
      1 23449
      1 23488
      1 23624
      1 23626
      1 23643
      1 23645
      1 23658
      1 23668
      1 23710
      1 23726
      1 23834
      1 23871
      1 23907
      1 23940
      1 23941
      1 23994
      1 24041
      1 24086
      1 24160
      1 24207
      1 24424
      1 24509
      1 24575
      1 24606
      2 24608
      1 24700
      1 24724
      1 24822
      1 24889
      1 24917
      1 25009
      1 25053
      1 25066
      1 25093
      1 25117
      1 25121
      1 25371
      1 25374
      1 25436
      1 25461
      1 25579
      1 25591
      1 25608
      1 25611
      1 25630
      1 25638
      1 25675
      1 25728
      1 25841
      1 25852
      1 25872
      1 25890
      1 25896
      1 25902
      1 25955
      1 26003
      1 26037
      1 26247
      1 26291
      1 26306
      1 26342
      1 26348
      1 26358
      1 26507
      1 26528
      1 26557
      1 26574
      1 26586
      1 26760
      1 26906
      1 26994
      1 27004
      1 27021
      1 27246
      1 27289
      1 27358
      1 27376
      1 27454
      1 27528
      1 27633
      1 27643
      1 27678
      1 27732
      1 27870
      1 27929
      1 27937
      1 27961
      1 27985
      1 28147
      1 28212
      1 28266
      1 28267
      1 28428
      1 28750
      1 28786
      1 28835
      1 28885
      1 29098
      1 29108
      1 29112
      1 29292
      1 29308
      1 29457
      1 29649
      1 29673
      1 29725
      1 29745
      1 29787
      1 29892
      1 30231
      1 30302
      1 30312
      1 30418
      1 30519
      1 30587
      1 30764
      1 30798
      1 30852
      1 30914
      1 30938
      1 31069
      1 31140
      1 31319
      1 31356
      1 31685
      1 31693
      1 31763
      1 31781
      1 31787
      1 31789
      1 31879
      1 31988
      1 31989
      1 32394
      1 32433
      1 32449
      1 32461
      1 32468
      1 32510
      1 32659
      1 32822
      1 32883
      1 33170
      1 33217
      1 33341
      1 33438
      1 33439
      1 33471
      1 33563
      1 33645
      1 33695
      1 33834
      1 33904
      1 33925
      1 33965
      1 34070
      1 34119
      1 34125
      1 34132
      1 34229
      1 34349
      1 34460
      1 34745
      1 34865
      1 35035
      1 35042
      1 35119
      1 35120
      1 35207
      1 35270
      1 35577
      1 35679
      1 35847
      1 35959
      1 36019
      1 36111
      1 36525
      1 36827
      1 36902
      1 36910
      1 37198
      1 37257
      1 37297
      1 37395
      1 37421
      1 37443
      1 37589
      1 38101
      1 38207
      1 38241
      1 38547
      1 38681
      1 38894
      1 38988
      1 39451
      1 39479
      1 40003
      1 40147
      1 40153
      1 40325
      1 40570
      1 40617
      1 40710
      1 40811
      1 40820
      1 41094
      1 41495
      1 41713
      1 41786
      1 41911
      1 41976
      1 42011
      1 42024
      1 42064
      1 42148
      1 42248
      1 42347
      1 42424
      1 42615
      1 42663
      1 42936
      1 43493
      1 43736
      1 43847
      1 43943
      1 44325
      1 44964
      1 45431
      1 45475
      1 45570
      1 45652
      1 46052
      1 46164
      1 46409
      1 46470
      1 46681
      1 47029
      1 47031
      1 47096
      1 47459
      1 47749
      1 47820
      1 48111
      1 48159
      1 48332
      1 48440
      1 48610
      1 48726
      1 48788
      1 49078
      1 49105
      1 49272
      1 49338
      1 49786
      1 50246
      1 50781
      1 51525
      1 51528
      1 51737
      1 51856
      1 52087
      1 52214
      1 52377
      1 53292
      1 53374
      1 53395
      1 53620
      1 53786
      1 53930
      1 53948
      1 54365
      1 54980
      1 55847
      1 57307
      1 57792
      1 57841
      1 58955
      1 59636
      1 59981
      1 61065
      1 62309
      1 63428
      1 67191
      1 67479
      1 70934
      1 73389
      1 76407
      1 77411
      1 77582
      1 85410
      1 87940
      1 91481
      1 142100
---AAD-PGBENCH-LAG-US---
