pgbench (18.6 (Debian 18.6-1.pgdg13+2))
starting vacuum...end.
transaction type: <builtin: select only>
scaling factor: 1000
query mode: simple
number of clients: 8
number of threads: 8
maximum number of tries: 1
duration: 60 s
number of transactions actually processed: 1811271
number of failed transactions: 0 (0.000%)
latency average = 0.265 ms
initial connection time = 6.175 ms
tps = 30190.685409 (without initial connection time)
---AAD-PGBENCH-LATENCY-US---
rc=0
samples=36425
      2 209
      1 210
      2 211
      3 212
      7 213
     11 214
     13 215
     11 216
     14 217
     13 218
     43 219
     44 220
     47 221
     55 222
     57 223
     68 224
    108 225
    156 226
    146 227
    181 228
    196 229
    255 230
    247 231
    313 232
    478 233
    650 234
    904 235
   1192 236
   1490 237
   1483 238
   1503 239
   1437 240
   1274 241
   1219 242
   1073 243
   1120 244
   1088 245
    978 246
    837 247
    762 248
    734 249
    610 250
    528 251
    442 252
    457 253
    471 254
    378 255
    411 256
    472 257
    462 258
    527 259
    950 260
   1220 261
    665 262
    411 263
    400 264
    367 265
    316 266
    284 267
    218 268
    206 269
    221 270
    195 271
    138 272
    157 273
    120 274
    152 275
    188 276
    151 277
     87 278
    101 279
     94 280
     66 281
     60 282
     59 283
     52 284
     61 285
     67 286
     59 287
     50 288
     72 289
     46 290
     52 291
     41 292
     41 293
     40 294
     40 295
     46 296
     44 297
     35 298
     28 299
     47 300
     30 301
     42 302
     40 303
     40 304
     35 305
     28 306
     41 307
     29 308
     36 309
     33 310
     25 311
     23 312
     19 313
     21 314
     26 315
     18 316
     20 317
     26 318
     21 319
     18 320
     27 321
     31 322
     27 323
     25 324
     26 325
     31 326
     37 327
     39 328
     47 329
     50 330
     35 331
     31 332
     20 333
     29 334
     23 335
     26 336
     22 337
     21 338
     22 339
     23 340
     22 341
     29 342
     24 343
     23 344
     24 345
     13 346
     20 347
     15 348
     32 349
     29 350
     25 351
     31 352
     31 353
     26 354
     35 355
     25 356
     22 357
     29 358
     26 359
     25 360
     20 361
     21 362
     22 363
     22 364
     24 365
     17 366
     17 367
     17 368
     19 369
     15 370
     11 371
     15 372
     14 373
     19 374
     13 375
     11 376
     17 377
      9 378
     10 379
     17 380
      8 381
     14 382
     11 383
     11 384
      9 385
      9 386
     11 387
      9 388
      9 389
      8 390
     20 391
     23 392
     16 393
     15 394
     20 395
     15 396
      6 397
     10 398
     12 399
      7 400
      5 401
     11 402
     12 403
      4 404
      9 405
      5 406
     10 407
      7 408
     14 409
     15 410
      7 411
      6 412
      3 413
      9 414
     12 415
      5 416
      4 417
      8 418
      2 419
      6 420
      6 421
     14 422
      7 423
      4 424
     11 425
      6 426
      8 427
     10 428
      5 429
      4 430
      8 431
      3 432
     12 433
      7 434
      4 435
      6 436
      7 437
      7 438
      5 439
      8 440
      9 441
      4 442
      5 443
      9 444
     11 445
     13 446
     11 447
     10 448
      7 449
     13 450
     12 451
      4 452
     11 453
     14 454
      8 455
     18 456
     13 457
     10 458
     15 459
     11 460
     16 461
     18 462
     15 463
     13 464
     19 465
     24 466
     26 467
     21 468
     16 469
     15 470
     16 471
     17 472
     21 473
     20 474
     18 475
     13 476
     20 477
     12 478
     24 479
     15 480
     15 481
     13 482
     17 483
     19 484
      8 485
      6 486
     13 487
     12 488
      8 489
     12 490
     16 491
     13 492
      5 493
      5 494
      9 495
      8 496
      7 497
      8 498
     11 499
     12 500
      8 501
      6 502
      6 503
      7 504
      4 505
     12 506
      6 507
     10 508
      7 509
     10 510
     15 511
      9 512
     10 513
      4 514
     13 515
      9 516
     15 517
      6 518
     11 519
     12 520
     22 521
     20 522
     16 523
     13 524
      7 525
      7 526
      7 527
      6 528
      2 529
      5 530
      8 531
      2 532
      3 533
      3 534
      5 535
      4 536
      4 537
      1 538
      2 539
      1 541
      1 542
      4 543
      5 544
      3 545
      2 546
      1 547
      2 548
      1 549
      3 550
      3 551
      1 552
      2 554
      2 555
      3 556
      1 558
      1 560
      1 561
      1 562
      2 563
      1 564
      1 566
      1 567
      1 569
      1 571
      1 572
      1 573
      1 575
      2 576
      3 577
      1 578
      1 580
      2 581
      2 582
      1 585
      2 586
      3 587
      3 588
      1 590
      4 591
      1 592
      1 593
      1 594
      1 596
      1 597
      1 598
      3 601
      1 602
      1 603
      2 604
      1 606
      1 607
      5 608
      1 610
      1 611
      2 621
      1 622
      3 626
      1 628
      2 629
      5 630
      2 632
      3 635
      1 636
      1 637
      2 640
      1 642
      1 644
      1 646
      1 647
      3 648
      1 654
      2 656
      1 657
      2 660
      1 662
      1 666
      2 667
      1 668
      2 669
      1 679
      1 685
      1 702
      1 704
      1 706
      1 709
      1 713
      1 715
      1 719
      1 727
      1 728
      1 733
      1 753
      2 767
      1 773
      1 776
      2 783
      1 785
      1 787
      1 800
      1 812
      1 821
      1 824
      1 858
      1 1053
      1 1205
---AAD-PGBENCH-LAG-US---
