pgbench (18.6 (Debian 18.6-1.pgdg13+2))
starting vacuum...end.
transaction type: <builtin: select only>
scaling factor: 1000
query mode: simple
number of clients: 32
number of threads: 16
maximum number of tries: 1
duration: 60 s
number of transactions actually processed: 5683894
number of failed transactions: 0 (0.000%)
latency average = 0.338 ms
initial connection time = 10.717 ms
tps = 94747.717994 (without initial connection time)
---AAD-PGBENCH-LATENCY-US---
rc=0
samples=113273
      2 221
      2 222
      2 224
      2 225
      4 226
      1 227
      4 228
      4 229
      5 230
     13 231
     11 232
     11 233
     18 234
     27 235
     14 236
     31 237
     32 238
     40 239
     58 240
     65 241
     61 242
     85 243
     95 244
    116 245
    122 246
    124 247
    157 248
    183 249
    224 250
    202 251
    259 252
    264 253
    279 254
    310 255
    343 256
    403 257
    391 258
    456 259
    432 260
    494 261
    532 262
    601 263
    578 264
    640 265
    647 266
    721 267
    806 268
    814 269
    837 270
    828 271
    861 272
    966 273
    978 274
   1017 275
   1098 276
   1091 277
    955 278
    975 279
    931 280
    972 281
    841 282
    819 283
    847 284
    810 285
    776 286
    759 287
    781 288
    740 289
    663 290
    676 291
    658 292
    646 293
    666 294
    658 295
    640 296
    675 297
    639 298
    616 299
    668 300
    613 301
    628 302
    663 303
    644 304
    665 305
    654 306
    670 307
    623 308
    648 309
    684 310
    700 311
    657 312
    662 313
    705 314
    680 315
    696 316
    699 317
    714 318
    728 319
    732 320
    729 321
    762 322
    721 323
    773 324
    789 325
    788 326
    847 327
    897 328
    876 329
    892 330
    896 331
    941 332
    957 333
   1003 334
   1048 335
   1108 336
   1044 337
   1152 338
   1104 339
    982 340
   1016 341
    961 342
   1031 343
   1029 344
   1030 345
   1070 346
    957 347
    917 348
    878 349
    785 350
    749 351
    720 352
    681 353
    708 354
    690 355
    617 356
    625 357
    582 358
    545 359
    566 360
    536 361
    535 362
    468 363
    486 364
    470 365
    492 366
    482 367
    432 368
    445 369
    427 370
    376 371
    416 372
    404 373
    355 374
    367 375
    402 376
    349 377
    362 378
    348 379
    335 380
    360 381
    345 382
    318 383
    334 384
    327 385
    337 386
    327 387
    297 388
    300 389
    304 390
    333 391
    302 392
    305 393
    311 394
    297 395
    315 396
    287 397
    316 398
    320 399
    330 400
    314 401
    320 402
    308 403
    286 404
    284 405
    291 406
    256 407
    269 408
    241 409
    241 410
    255 411
    248 412
    232 413
    218 414
    220 415
    211 416
    205 417
    207 418
    217 419
    189 420
    160 421
    167 422
    171 423
    184 424
    144 425
    184 426
    175 427
    171 428
    130 429
    123 430
    110 431
    145 432
    128 433
    124 434
    126 435
    113 436
    124 437
    117 438
    121 439
    121 440
    103 441
    121 442
    129 443
    104 444
     89 445
     92 446
     96 447
    112 448
     90 449
     87 450
     89 451
    100 452
     74 453
     86 454
     78 455
     72 456
     76 457
     84 458
     88 459
     87 460
     93 461
     83 462
     77 463
     75 464
     88 465
     76 466
     83 467
     69 468
     86 469
    100 470
     82 471
     79 472
     72 473
     69 474
     46 475
     56 476
     56 477
     66 478
     67 479
     57 480
     77 481
     54 482
     54 483
     54 484
     60 485
     44 486
     54 487
     60 488
     59 489
     49 490
     61 491
     53 492
     53 493
     47 494
     39 495
     52 496
     49 497
     37 498
     40 499
     40 500
     46 501
     48 502
     39 503
     38 504
     26 505
     39 506
     31 507
     39 508
     32 509
     37 510
     30 511
     20 512
     33 513
     21 514
     36 515
     46 516
     24 517
     31 518
     30 519
     25 520
     32 521
     31 522
     33 523
     27 524
     30 525
     21 526
     24 527
     23 528
     22 529
     31 530
     28 531
     23 532
     24 533
     21 534
     18 535
     24 536
     29 537
     20 538
     32 539
     21 540
     21 541
     24 542
     20 543
     13 544
     20 545
     35 546
     21 547
     18 548
     27 549
     13 550
     17 551
     24 552
     20 553
     21 554
     11 555
     17 556
     26 557
     11 558
     15 559
     13 560
      8 561
     12 562
     10 563
     12 564
     23 565
     12 566
     12 567
     13 568
     17 569
     10 570
     13 571
     10 572
     15 573
      9 574
      7 575
      5 576
     12 577
      5 578
      8 579
      7 580
     13 581
     11 582
      9 583
      6 584
     10 585
      6 586
     11 587
      7 588
      5 589
      4 590
     12 591
      5 592
      6 593
      4 594
      8 595
      7 596
     10 597
      5 598
      8 599
      7 600
      7 601
      6 602
      3 603
      9 604
      8 605
      3 606
      3 607
      9 608
      7 609
      6 610
      6 611
      8 612
      2 613
      4 614
      2 615
      6 616
      3 617
      4 618
      7 619
      6 620
      4 621
      5 622
      6 623
      5 624
      6 625
      6 626
      4 627
      6 628
      9 629
      4 630
      3 631
      1 632
      4 633
      4 634
      3 635
      1 636
      3 637
      1 638
      3 640
      3 641
      4 642
      2 643
      3 644
      8 646
      3 647
      2 648
      3 650
      3 651
      2 652
      3 653
      2 654
      7 655
      2 656
      3 657
      5 658
      4 659
      2 660
      5 661
      7 662
      2 663
      3 664
      5 665
      1 666
      4 667
      3 668
      3 669
      7 670
      4 672
      4 673
      2 674
      2 675
      1 676
      3 677
      3 678
      3 681
      2 682
      3 683
      2 684
      3 686
      3 687
      1 688
      2 689
      1 691
      1 692
      2 693
      2 695
      2 697
      1 699
      1 700
      3 701
      3 702
      1 703
      1 704
      2 707
      3 708
      2 711
      3 712
      2 713
      2 714
      4 716
      4 717
      3 718
      2 719
      3 720
      1 721
      1 722
      2 723
      4 724
      1 726
      1 727
      1 728
      4 730
      1 731
      2 732
      1 733
      1 735
      1 736
      1 738
      1 739
      1 740
      2 741
      1 743
      1 746
      1 749
      2 751
      1 753
      2 754
      2 756
      1 759
      1 760
      1 761
      1 763
      1 764
      1 765
      1 769
      1 770
      1 771
      1 772
      1 774
      2 775
      1 776
      1 779
      1 783
      2 784
      1 789
      1 790
      2 791
      1 793
      1 794
      2 798
      1 799
      2 802
      1 806
      2 808
      4 809
      1 811
      1 813
      1 814
      1 815
      2 816
      1 819
      1 825
      2 826
      1 827
      1 830
      1 836
      2 840
      4 842
      1 844
      1 846
      1 853
      1 855
      2 860
      1 861
      1 867
      2 870
      1 872
      1 874
      1 875
      1 879
      1 881
      1 882
      1 890
      1 901
      1 926
      1 928
      1 930
      1 939
      1 950
      1 958
      1 963
      1 967
      1 991
      1 996
      1 1005
      1 1022
      1 1027
      1 1051
      1 1057
      1 1068
      1 1087
      1 1103
      1 1104
      1 1111
      1 1123
      1 1125
      1 1131
      1 1132
      1 1141
      1 1144
      1 1163
      1 1168
      1 1203
      1 1212
      1 1225
      1 1244
      1 1256
      1 1265
      1 1297
      2 1305
      1 1315
      1 1322
      1 1337
      1 1349
      1 1351
      2 1367
      1 1371
      1 1374
      1 1376
      1 1395
      1 1399
      1 1400
      1 1407
      2 1424
      1 1426
      1 1427
      1 1438
      1 1445
      1 1451
      1 1458
      1 1465
      1 1468
      1 1472
      1 1481
      1 1495
      1 1746
      1 1920
---AAD-PGBENCH-LAG-US---
