pgbench (18.6 (Debian 18.6-1.pgdg13+2))
starting vacuum...end.
transaction type: <builtin: select only>
scaling factor: 1000
query mode: simple
number of clients: 128
number of threads: 16
maximum number of tries: 1
duration: 60 s
number of transactions actually processed: 7915132
number of failed transactions: 0 (0.000%)
latency average = 0.967 ms
initial connection time = 247.384 ms
tps = 132391.739067 (without initial connection time)
---AAD-PGBENCH-LATENCY-US---
rc=0
samples=158822
      3 254
      1 255
      1 256
      1 257
      1 258
      1 259
      1 260
      1 261
      3 264
      2 265
      2 266
      3 267
      1 268
      4 269
      2 270
      3 272
      2 273
      3 274
      3 275
      8 276
      2 277
      2 278
      2 279
      5 280
      7 281
      7 282
      2 283
      6 284
      6 285
      7 286
      5 287
      3 288
      7 289
      2 290
      5 291
      4 292
      5 293
      8 294
      8 295
      5 296
      8 297
      7 298
     10 299
      5 300
      7 301
      9 302
      4 303
      4 304
      9 305
      8 306
      4 307
      4 308
      8 309
      8 310
     11 311
     13 312
     22 313
      9 314
     13 315
      9 316
     13 317
     12 318
     10 319
     17 320
     14 321
     19 322
     15 323
     15 324
     18 325
     13 326
     16 327
     20 328
     22 329
     19 330
     16 331
     17 332
     36 333
     26 334
     17 335
     30 336
     29 337
     31 338
     35 339
     28 340
     39 341
     34 342
     44 343
     41 344
     43 345
     33 346
     39 347
     39 348
     39 349
     33 350
     39 351
     43 352
     34 353
     35 354
     50 355
     34 356
     38 357
     39 358
     31 359
     27 360
     21 361
     34 362
     35 363
     35 364
     35 365
     23 366
     28 367
     25 368
     27 369
     33 370
     35 371
     36 372
     30 373
     27 374
     37 375
     36 376
     38 377
     28 378
     48 379
     28 380
     40 381
     41 382
     34 383
     28 384
     37 385
     49 386
     38 387
     35 388
     36 389
     33 390
     30 391
     35 392
     47 393
     47 394
     43 395
     46 396
     48 397
     50 398
     65 399
     55 400
     43 401
     70 402
     66 403
     45 404
     69 405
     65 406
     82 407
     71 408
     74 409
     73 410
     77 411
     73 412
     63 413
     71 414
     84 415
     73 416
     75 417
     64 418
     83 419
     64 420
     59 421
     64 422
     58 423
     45 424
     59 425
     65 426
     59 427
     63 428
     47 429
     57 430
     60 431
     56 432
     39 433
     57 434
     48 435
     50 436
     54 437
     49 438
     53 439
     54 440
     46 441
     35 442
     48 443
     50 444
     63 445
     47 446
     52 447
     55 448
     50 449
     51 450
     52 451
     56 452
     56 453
     56 454
     44 455
     53 456
     43 457
     56 458
     44 459
     57 460
     54 461
     69 462
     61 463
     64 464
     64 465
     74 466
     54 467
     67 468
     66 469
     60 470
     85 471
     75 472
     81 473
     66 474
     80 475
     92 476
     89 477
     91 478
     91 479
     92 480
     79 481
     85 482
     88 483
     75 484
     95 485
     83 486
     83 487
     81 488
     88 489
     81 490
    107 491
     87 492
    100 493
     81 494
     81 495
     91 496
     84 497
     75 498
     84 499
     77 500
     67 501
     67 502
     71 503
     82 504
     76 505
     73 506
     69 507
     86 508
     75 509
     94 510
     83 511
     69 512
     73 513
     74 514
     82 515
     67 516
     85 517
     92 518
     81 519
     96 520
     81 521
     95 522
     90 523
     85 524
    103 525
     99 526
    104 527
     90 528
     94 529
    112 530
    106 531
    103 532
    117 533
     98 534
    117 535
    122 536
    133 537
    131 538
    105 539
    130 540
    134 541
    137 542
    150 543
    158 544
    146 545
    133 546
    154 547
    154 548
    156 549
    179 550
    185 551
    171 552
    184 553
    166 554
    186 555
    184 556
    164 557
    182 558
    169 559
    173 560
    152 561
    183 562
    171 563
    180 564
    156 565
    154 566
    164 567
    167 568
    156 569
    168 570
    149 571
    167 572
    155 573
    157 574
    168 575
    152 576
    154 577
    151 578
    154 579
    153 580
    161 581
    163 582
    155 583
    147 584
    142 585
    159 586
    151 587
    178 588
    157 589
    157 590
    164 591
    169 592
    175 593
    172 594
    181 595
    157 596
    179 597
    176 598
    182 599
    192 600
    191 601
    199 602
    222 603
    183 604
    240 605
    209 606
    232 607
    193 608
    248 609
    240 610
    257 611
    237 612
    209 613
    264 614
    260 615
    266 616
    261 617
    267 618
    249 619
    270 620
    293 621
    294 622
    276 623
    269 624
    286 625
    284 626
    293 627
    292 628
    276 629
    298 630
    286 631
    251 632
    278 633
    270 634
    252 635
    257 636
    234 637
    245 638
    224 639
    250 640
    264 641
    217 642
    216 643
    266 644
    205 645
    263 646
    233 647
    231 648
    237 649
    235 650
    260 651
    237 652
    217 653
    226 654
    220 655
    201 656
    214 657
    240 658
    223 659
    228 660
    234 661
    227 662
    213 663
    240 664
    234 665
    242 666
    226 667
    233 668
    225 669
    242 670
    229 671
    244 672
    244 673
    255 674
    257 675
    250 676
    267 677
    264 678
    257 679
    257 680
    270 681
    291 682
    272 683
    286 684
    280 685
    321 686
    300 687
    312 688
    294 689
    297 690
    310 691
    305 692
    297 693
    255 694
    314 695
    310 696
    295 697
    272 698
    262 699
    252 700
    231 701
    250 702
    238 703
    247 704
    256 705
    237 706
    239 707
    248 708
    219 709
    237 710
    208 711
    233 712
    229 713
    190 714
    192 715
    207 716
    199 717
    222 718
    182 719
    219 720
    190 721
    199 722
    193 723
    200 724
    198 725
    201 726
    210 727
    195 728
    174 729
    190 730
    182 731
    195 732
    211 733
    208 734
    196 735
    211 736
    194 737
    171 738
    192 739
    186 740
    206 741
    222 742
    174 743
    206 744
    204 745
    222 746
    180 747
    202 748
    173 749
    170 750
    242 751
    209 752
    207 753
    195 754
    193 755
    204 756
    221 757
    188 758
    248 759
    225 760
    192 761
    230 762
    216 763
    199 764
    182 765
    202 766
    178 767
    177 768
    191 769
    201 770
    170 771
    182 772
    188 773
    170 774
    171 775
    184 776
    173 777
    166 778
    143 779
    163 780
    157 781
    156 782
    172 783
    162 784
    156 785
    156 786
    155 787
    156 788
    151 789
    152 790
    162 791
    155 792
    159 793
    148 794
    170 795
    126 796
    155 797
    147 798
    139 799
    152 800
    136 801
    132 802
    123 803
    157 804
    155 805
    140 806
    151 807
    158 808
    133 809
    150 810
    144 811
    155 812
    160 813
    145 814
    150 815
    145 816
    160 817
    147 818
    147 819
    174 820
    145 821
    176 822
    153 823
    168 824
    153 825
    177 826
    179 827
    173 828
    175 829
    152 830
    174 831
    172 832
    175 833
    177 834
    152 835
    164 836
    179 837
    158 838
    157 839
    140 840
    167 841
    154 842
    142 843
    146 844
    140 845
    163 846
    155 847
    123 848
    136 849
    161 850
    118 851
    141 852
    114 853
    138 854
    143 855
    120 856
    117 857
    138 858
    129 859
    131 860
    148 861
    131 862
    140 863
    151 864
    149 865
    118 866
    121 867
    109 868
    144 869
    137 870
    138 871
    141 872
    128 873
    137 874
    150 875
    152 876
    128 877
    124 878
    135 879
    105 880
    133 881
    146 882
    133 883
    159 884
    151 885
    136 886
    137 887
    156 888
    128 889
    152 890
    163 891
    163 892
    143 893
    141 894
    149 895
    168 896
    169 897
    164 898
    132 899
    153 900
    152 901
    149 902
    147 903
    157 904
    167 905
    143 906
    134 907
    128 908
    150 909
    149 910
    143 911
    145 912
    148 913
    155 914
    138 915
    130 916
    134 917
    116 918
    140 919
    117 920
    144 921
    130 922
    116 923
    150 924
    133 925
    135 926
    119 927
    135 928
    128 929
    134 930
    130 931
    130 932
    140 933
    131 934
    136 935
    141 936
    140 937
    142 938
    131 939
    127 940
    132 941
    129 942
    116 943
    123 944
    143 945
    135 946
    122 947
    132 948
    119 949
    119 950
    126 951
    146 952
    139 953
    134 954
    146 955
    121 956
    194 957
    168 958
    135 959
    137 960
    164 961
    158 962
    159 963
    139 964
    168 965
    165 966
    134 967
    169 968
    140 969
    171 970
    156 971
    154 972
    141 973
    174 974
    168 975
    164 976
    170 977
    140 978
    130 979
    139 980
    148 981
    134 982
    153 983
    141 984
    152 985
    152 986
    144 987
    153 988
    154 989
    147 990
    133 991
    157 992
    133 993
    146 994
    126 995
    121 996
    125 997
    132 998
    143 999
    138 1000
    140 1001
    139 1002
    142 1003
    139 1004
    147 1005
    143 1006
    136 1007
    139 1008
    150 1009
    136 1010
    161 1011
    154 1012
    137 1013
    117 1014
    141 1015
    165 1016
    159 1017
    136 1018
    133 1019
    156 1020
    146 1021
    146 1022
    158 1023
    150 1024
    157 1025
    133 1026
    150 1027
    147 1028
    168 1029
    146 1030
    152 1031
    160 1032
    148 1033
    155 1034
    149 1035
    159 1036
    157 1037
    171 1038
    164 1039
    153 1040
    142 1041
    165 1042
    149 1043
    166 1044
    160 1045
    158 1046
    146 1047
    162 1048
    180 1049
    147 1050
    142 1051
    136 1052
    164 1053
    143 1054
    128 1055
    128 1056
    145 1057
    163 1058
    147 1059
    149 1060
    134 1061
    142 1062
    151 1063
    127 1064
    158 1065
    154 1066
    131 1067
    140 1068
    128 1069
    142 1070
    155 1071
    148 1072
    138 1073
    142 1074
    116 1075
    143 1076
    142 1077
    122 1078
    155 1079
    144 1080
    152 1081
    151 1082
    133 1083
    145 1084
    147 1085
    140 1086
    131 1087
    141 1088
    139 1089
    138 1090
    124 1091
    147 1092
    167 1093
    143 1094
    136 1095
    155 1096
    137 1097
    139 1098
    153 1099
    144 1100
    122 1101
    136 1102
    170 1103
    139 1104
    172 1105
    166 1106
    149 1107
    157 1108
    147 1109
    150 1110
    151 1111
    148 1112
    157 1113
    135 1114
    132 1115
    159 1116
    145 1117
    144 1118
    159 1119
    142 1120
    130 1121
    156 1122
    142 1123
    135 1124
    145 1125
    132 1126
    145 1127
    154 1128
    146 1129
    144 1130
    141 1131
    146 1132
    116 1133
    124 1134
    122 1135
    134 1136
    128 1137
    118 1138
    126 1139
    121 1140
    152 1141
    126 1142
    120 1143
    127 1144
    129 1145
    133 1146
    119 1147
    124 1148
    114 1149
    109 1150
    118 1151
    116 1152
    130 1153
    146 1154
    125 1155
    141 1156
    130 1157
    121 1158
    142 1159
    135 1160
    113 1161
    134 1162
    108 1163
    103 1164
    138 1165
    127 1166
    125 1167
    117 1168
    132 1169
    111 1170
    136 1171
    141 1172
    137 1173
    143 1174
    149 1175
    151 1176
    114 1177
    128 1178
    138 1179
    122 1180
    129 1181
    108 1182
    112 1183
    140 1184
    121 1185
    124 1186
    119 1187
    135 1188
    112 1189
    129 1190
    112 1191
    118 1192
    116 1193
    123 1194
    131 1195
    102 1196
    122 1197
    110 1198
    117 1199
    123 1200
    113 1201
    106 1202
     97 1203
    107 1204
    114 1205
    108 1206
     95 1207
    104 1208
    121 1209
     94 1210
     99 1211
    100 1212
    111 1213
    112 1214
    100 1215
    108 1216
    106 1217
     95 1218
    115 1219
    106 1220
     96 1221
    103 1222
    117 1223
     99 1224
    102 1225
    100 1226
    108 1227
     99 1228
    108 1229
    111 1230
    104 1231
    101 1232
     97 1233
    114 1234
     95 1235
    108 1236
    124 1237
     90 1238
    125 1239
    107 1240
    102 1241
    108 1242
    104 1243
     97 1244
     96 1245
    103 1246
     99 1247
    100 1248
     89 1249
    105 1250
     96 1251
     90 1252
    101 1253
     98 1254
    116 1255
    101 1256
    103 1257
     93 1258
     89 1259
     89 1260
    106 1261
     85 1262
    103 1263
     97 1264
     87 1265
     98 1266
    113 1267
    106 1268
     97 1269
     91 1270
     80 1271
     95 1272
     71 1273
     95 1274
     94 1275
     79 1276
     85 1277
     90 1278
     84 1279
     82 1280
     71 1281
     81 1282
     75 1283
     93 1284
     84 1285
     76 1286
     84 1287
     93 1288
     74 1289
     82 1290
     77 1291
     68 1292
     70 1293
     65 1294
     90 1295
     76 1296
     80 1297
     74 1298
     79 1299
     81 1300
     82 1301
     77 1302
     84 1303
     72 1304
     89 1305
     75 1306
     75 1307
     89 1308
     87 1309
    100 1310
     76 1311
     93 1312
     87 1313
     71 1314
     82 1315
     68 1316
     87 1317
     89 1318
     73 1319
     65 1320
     71 1321
     74 1322
     76 1323
     81 1324
     92 1325
     80 1326
     67 1327
     74 1328
     67 1329
     76 1330
     71 1331
     86 1332
     75 1333
     86 1334
     68 1335
     65 1336
     82 1337
     78 1338
     71 1339
     69 1340
     71 1341
     42 1342
     59 1343
     55 1344
     69 1345
     70 1346
     73 1347
     62 1348
     79 1349
     69 1350
     59 1351
     71 1352
     56 1353
     62 1354
     72 1355
     54 1356
     52 1357
     50 1358
     66 1359
     62 1360
     62 1361
     59 1362
     63 1363
     57 1364
     63 1365
     57 1366
     60 1367
     75 1368
     52 1369
     58 1370
     78 1371
     62 1372
     60 1373
     65 1374
     61 1375
     58 1376
     60 1377
     64 1378
     62 1379
     54 1380
     75 1381
     71 1382
     67 1383
     62 1384
     64 1385
     51 1386
     61 1387
     71 1388
     64 1389
     69 1390
     51 1391
     65 1392
     55 1393
     49 1394
     47 1395
     52 1396
     67 1397
     60 1398
     54 1399
     55 1400
     59 1401
     35 1402
     41 1403
     60 1404
     50 1405
     49 1406
     34 1407
     54 1408
     43 1409
     49 1410
     48 1411
     45 1412
     58 1413
     45 1414
     41 1415
     45 1416
     65 1417
     53 1418
     55 1419
     50 1420
     42 1421
     34 1422
     45 1423
     42 1424
     47 1425
     62 1426
     63 1427
     47 1428
     41 1429
     35 1430
     38 1431
     52 1432
     33 1433
     39 1434
     54 1435
     51 1436
     44 1437
     41 1438
     42 1439
     38 1440
     46 1441
     37 1442
     48 1443
     53 1444
     53 1445
     38 1446
     50 1447
     57 1448
     38 1449
     57 1450
     44 1451
     54 1452
     58 1453
     47 1454
     43 1455
     37 1456
     49 1457
     44 1458
     40 1459
     43 1460
     50 1461
     39 1462
     50 1463
     43 1464
     45 1465
     43 1466
     47 1467
     39 1468
     38 1469
     59 1470
     38 1471
     47 1472
     37 1473
     50 1474
     41 1475
     41 1476
     38 1477
     38 1478
     49 1479
     50 1480
     41 1481
     41 1482
     32 1483
     42 1484
     31 1485
     37 1486
     49 1487
     45 1488
     51 1489
     54 1490
     40 1491
     36 1492
     30 1493
     30 1494
     47 1495
     29 1496
     42 1497
     40 1498
     26 1499
     22 1500
     41 1501
     36 1502
     32 1503
     41 1504
     35 1505
     38 1506
     31 1507
     35 1508
     41 1509
     49 1510
     38 1511
     40 1512
     30 1513
     34 1514
     38 1515
     32 1516
     50 1517
     27 1518
     46 1519
     32 1520
     29 1521
     35 1522
     43 1523
     17 1524
     29 1525
     34 1526
     38 1527
     50 1528
     36 1529
     29 1530
     36 1531
     31 1532
     33 1533
     26 1534
     32 1535
     40 1536
     42 1537
     33 1538
     37 1539
     33 1540
     35 1541
     29 1542
     30 1543
     38 1544
     18 1545
     44 1546
     36 1547
     44 1548
     28 1549
     39 1550
     34 1551
     33 1552
     34 1553
     34 1554
     18 1555
     29 1556
     31 1557
     42 1558
     29 1559
     24 1560
     31 1561
     33 1562
     34 1563
     35 1564
     37 1565
     22 1566
     32 1567
     27 1568
     36 1569
     24 1570
     20 1571
     23 1572
     37 1573
     37 1574
     40 1575
     30 1576
     27 1577
     35 1578
     22 1579
     22 1580
     29 1581
     29 1582
     25 1583
     35 1584
     29 1585
     25 1586
     26 1587
     32 1588
     21 1589
     30 1590
     27 1591
     21 1592
     34 1593
     30 1594
     38 1595
     24 1596
     39 1597
     29 1598
     29 1599
     33 1600
     37 1601
     27 1602
     27 1603
     33 1604
     33 1605
     24 1606
     27 1607
     30 1608
     25 1609
     29 1610
     18 1611
     18 1612
     27 1613
     28 1614
     25 1615
     30 1616
     17 1617
     26 1618
     23 1619
     39 1620
     35 1621
     23 1622
     25 1623
     29 1624
     32 1625
     31 1626
     20 1627
     27 1628
     35 1629
     26 1630
     39 1631
     29 1632
     26 1633
     22 1634
     31 1635
     23 1636
     24 1637
     33 1638
     24 1639
     22 1640
     20 1641
     23 1642
     27 1643
     26 1644
     27 1645
     17 1646
     17 1647
     21 1648
     29 1649
     27 1650
     22 1651
     23 1652
     21 1653
     18 1654
     26 1655
     24 1656
     19 1657
     23 1658
     19 1659
     21 1660
     11 1661
     24 1662
     17 1663
     18 1664
     23 1665
     20 1666
     24 1667
     20 1668
     18 1669
     21 1670
     22 1671
     15 1672
     20 1673
     25 1674
     21 1675
     20 1676
     16 1677
     26 1678
     22 1679
     21 1680
     26 1681
     21 1682
     27 1683
     27 1684
     19 1685
     22 1686
     20 1687
     16 1688
     22 1689
     17 1690
     24 1691
     22 1692
     18 1693
     16 1694
     16 1695
     23 1696
     22 1697
     21 1698
     22 1699
     16 1700
     24 1701
     23 1702
     22 1703
     18 1704
     27 1705
     16 1706
     15 1707
     21 1708
     16 1709
     23 1710
     14 1711
     30 1712
     10 1713
     16 1714
     19 1715
     28 1716
     24 1717
     19 1718
     20 1719
     20 1720
     22 1721
     23 1722
     23 1723
     18 1724
     16 1725
     26 1726
     31 1727
     18 1728
     25 1729
     20 1730
     20 1731
     21 1732
     26 1733
     22 1734
     21 1735
     15 1736
     15 1737
     17 1738
     13 1739
     20 1740
      9 1741
     17 1742
     17 1743
     24 1744
     24 1745
     12 1746
     18 1747
     21 1748
     23 1749
     21 1750
     30 1751
     11 1752
     11 1753
     22 1754
     19 1755
     12 1756
     19 1757
     19 1758
     17 1759
     17 1760
     21 1761
     21 1762
     20 1763
     19 1764
     16 1765
     28 1766
     22 1767
     17 1768
     15 1769
     12 1770
     18 1771
     23 1772
     14 1773
     18 1774
     16 1775
     12 1776
     20 1777
     22 1778
     13 1779
     22 1780
     15 1781
     13 1782
     18 1783
     17 1784
     18 1785
     25 1786
     12 1787
     14 1788
     24 1789
     15 1790
     18 1791
      8 1792
     10 1793
     16 1794
     19 1795
     11 1796
     16 1797
     11 1798
      9 1799
     22 1800
     19 1801
     12 1802
     18 1803
     13 1804
     16 1805
     26 1806
     19 1807
     10 1808
     17 1809
     17 1810
     13 1811
     20 1812
     14 1813
     16 1814
     14 1815
     19 1816
     16 1817
     14 1818
     11 1819
     18 1820
      9 1821
     12 1822
     13 1823
     19 1824
     17 1825
     12 1826
     15 1827
     11 1828
     10 1829
     19 1830
     19 1831
     21 1832
     16 1833
     15 1834
     15 1835
      8 1836
     21 1837
     15 1838
     13 1839
     11 1840
     12 1841
     10 1842
     16 1843
     14 1844
      9 1845
     14 1846
     17 1847
     16 1848
     14 1849
     14 1850
     11 1851
     12 1852
      8 1853
     18 1854
     10 1855
     12 1856
     22 1857
     18 1858
     11 1859
     14 1860
     16 1861
     16 1862
      8 1863
     20 1864
     16 1865
     15 1866
     11 1867
     19 1868
     20 1869
     16 1870
     13 1871
     22 1872
     17 1873
     11 1874
     13 1875
      6 1876
     11 1877
     24 1878
     17 1879
     14 1880
     10 1881
     15 1882
     10 1883
      9 1884
     14 1885
     15 1886
     11 1887
     15 1888
     11 1889
     15 1890
     14 1891
      9 1892
     11 1893
     10 1894
     12 1895
     13 1896
     11 1897
     18 1898
     12 1899
     18 1900
     12 1901
     16 1902
      6 1903
     15 1904
     12 1905
      5 1906
     12 1907
     12 1908
      9 1909
     18 1910
     16 1911
     15 1912
     18 1913
      8 1914
     11 1915
     10 1916
     13 1917
     10 1918
      9 1919
      8 1920
      6 1921
     12 1922
     10 1923
     11 1924
     10 1925
     17 1926
     10 1927
     13 1928
     15 1929
      5 1930
      8 1931
     12 1932
      6 1933
     12 1934
      9 1935
     14 1936
     14 1937
      8 1938
      7 1939
     13 1940
      7 1941
     11 1942
     13 1943
      6 1944
     10 1945
     11 1946
     10 1947
      8 1948
     11 1949
      8 1950
      6 1951
      7 1952
      7 1953
     15 1954
     13 1955
     11 1956
     10 1957
      9 1958
     16 1959
      8 1960
      8 1961
     12 1962
      5 1963
     13 1964
     15 1965
      7 1966
      7 1967
      9 1968
      8 1969
      4 1970
     10 1971
      9 1972
      8 1973
      7 1974
     11 1975
      7 1976
     13 1977
      3 1978
     14 1979
     10 1980
      8 1981
     10 1982
      8 1983
      8 1984
     10 1985
      6 1986
      4 1987
      7 1988
      5 1989
      6 1990
      9 1991
      8 1992
     12 1993
      7 1994
      9 1995
     11 1996
      7 1997
      6 1998
     11 1999
     10 2000
     14 2001
      9 2002
      5 2003
     11 2004
      5 2005
     10 2006
      5 2007
      9 2008
      5 2009
      8 2010
      6 2011
      9 2012
      7 2013
      4 2014
      6 2015
     13 2016
      5 2017
     12 2018
      7 2019
      5 2020
     13 2021
      4 2022
      7 2023
      6 2024
     10 2025
     13 2026
     10 2027
      5 2028
      9 2029
     13 2030
      9 2031
     10 2032
      7 2033
      8 2034
      4 2035
      8 2036
      5 2037
     13 2038
      7 2039
     11 2040
     11 2041
      4 2042
     11 2043
     11 2044
      3 2045
      8 2046
      6 2047
      8 2048
      5 2049
      8 2050
      6 2051
      8 2052
      6 2053
      6 2054
      8 2055
      7 2056
      7 2057
     11 2058
      3 2059
      6 2060
      8 2061
      8 2062
      3 2063
      7 2064
     11 2065
      8 2066
      4 2067
      6 2068
      4 2069
      5 2070
      2 2071
      9 2072
      9 2073
      7 2074
     10 2075
      7 2076
      7 2077
      3 2078
      5 2079
      8 2080
      7 2081
      7 2082
      8 2083
      6 2084
      5 2085
      3 2086
      6 2087
      6 2088
     10 2089
     10 2090
      7 2091
      8 2092
      3 2093
      7 2094
      5 2095
      6 2096
     12 2097
      4 2098
      7 2099
      7 2100
     11 2101
      6 2102
      8 2103
      4 2104
      7 2105
      6 2106
      6 2107
      3 2108
      9 2109
      8 2110
      8 2111
      8 2112
      5 2113
      5 2114
      6 2115
      6 2116
      6 2117
      7 2118
      3 2119
     10 2120
      8 2121
      6 2122
      8 2123
      9 2124
      4 2125
      7 2126
      7 2127
      7 2128
      8 2129
      1 2130
      3 2131
      5 2132
      5 2133
      6 2134
      8 2135
      6 2136
      7 2137
      5 2138
      7 2139
      6 2140
      8 2141
      3 2142
      4 2143
      9 2144
      2 2145
      6 2146
      4 2147
      4 2148
      9 2149
      5 2150
      4 2151
      3 2152
      3 2153
      4 2154
      8 2155
      2 2156
      6 2157
      5 2158
     10 2159
      2 2160
      3 2161
      6 2162
      5 2163
     10 2164
      9 2165
      3 2166
     12 2167
      6 2168
      6 2169
      3 2170
      5 2171
      5 2172
      7 2173
      5 2174
      3 2175
      4 2176
      4 2177
      4 2178
      3 2179
      5 2180
      5 2181
      3 2182
      4 2183
      3 2184
      4 2185
      7 2186
      9 2187
      8 2188
      7 2189
      7 2190
      4 2191
      4 2192
      4 2193
      5 2194
      4 2195
      3 2196
      5 2197
      9 2198
     10 2199
      2 2200
      7 2201
      3 2202
      2 2203
      2 2204
      3 2205
      4 2206
      8 2207
      4 2208
      6 2209
      5 2210
      4 2211
      3 2212
      7 2213
      4 2214
      1 2215
      2 2216
      6 2217
      4 2218
      1 2219
      4 2220
      7 2221
      3 2222
      4 2223
      7 2224
      8 2225
      2 2226
      4 2227
      2 2228
      1 2229
      3 2230
      5 2231
      5 2232
      4 2233
      2 2234
      4 2235
      1 2236
      2 2237
      5 2238
      2 2239
      4 2240
      4 2241
      3 2242
      4 2243
      2 2244
      2 2245
      3 2246
      2 2247
      3 2248
      3 2249
      4 2250
      2 2251
      2 2252
      6 2253
      3 2254
      4 2255
      4 2256
      4 2257
      3 2258
      3 2259
      7 2260
      2 2261
      2 2262
      3 2263
      4 2264
      2 2265
      1 2266
      3 2267
      7 2268
      3 2269
      3 2270
      4 2271
      1 2272
      5 2273
      3 2274
      3 2275
      7 2276
      5 2277
      3 2278
      6 2279
      5 2280
      6 2281
      2 2282
      6 2283
      5 2284
      2 2285
      9 2286
      6 2287
      3 2288
      2 2289
      3 2290
      3 2291
      2 2292
      4 2293
      3 2294
      3 2295
      4 2296
      7 2297
      3 2298
      4 2299
      2 2300
      1 2301
      3 2302
      3 2303
      2 2304
      3 2305
      8 2306
      4 2307
      4 2308
      5 2309
      1 2311
      2 2313
      4 2314
      1 2315
      2 2316
      1 2317
      4 2318
      1 2319
      8 2320
      3 2321
      2 2322
      6 2323
      2 2324
      2 2325
      1 2326
      2 2327
      4 2328
      1 2329
      2 2330
      7 2331
      4 2332
      2 2333
      3 2334
      1 2335
      3 2336
      5 2337
      1 2338
      3 2339
      4 2340
      4 2341
      5 2342
      3 2343
      2 2344
      5 2345
      3 2346
      4 2347
      7 2348
      4 2349
      1 2350
      1 2351
      1 2352
      1 2353
      5 2354
      3 2355
      2 2356
      3 2357
      1 2358
      1 2359
      5 2360
      1 2361
      4 2362
      1 2363
      3 2364
      4 2365
      1 2367
      6 2368
      1 2369
      2 2370
      4 2371
      2 2372
      3 2373
      2 2374
      2 2375
      2 2376
      3 2378
      5 2379
      4 2380
      3 2381
      2 2382
      1 2383
      2 2384
      2 2385
      3 2386
      2 2388
      3 2389
      1 2390
      2 2391
      2 2392
      6 2393
      5 2394
      1 2395
      3 2396
      2 2397
      2 2399
      4 2400
      2 2401
      4 2402
      1 2403
      3 2404
      2 2405
      2 2406
      1 2407
      2 2408
      1 2409
      1 2410
      4 2411
      1 2412
      4 2413
      2 2414
      3 2415
      2 2416
      2 2417
      1 2418
      2 2419
      4 2420
      2 2421
      1 2423
      2 2424
      1 2425
      2 2426
      1 2427
      5 2429
      2 2431
      1 2432
      3 2433
      2 2434
      2 2435
      1 2436
      1 2437
      4 2438
      3 2439
      3 2440
      3 2441
      3 2442
      2 2443
      3 2444
      2 2445
      2 2446
      1 2447
      2 2448
      4 2449
      3 2452
      2 2453
      3 2454
      1 2456
      4 2457
      3 2458
      1 2459
      2 2460
      3 2461
      5 2462
      3 2463
      1 2465
      1 2467
      2 2468
      2 2470
      1 2471
      1 2473
      1 2474
      2 2476
      5 2477
      1 2478
      2 2479
      1 2480
      3 2481
      1 2482
      2 2483
      3 2484
      2 2485
      2 2486
      4 2487
      5 2488
      4 2489
      4 2491
      2 2492
      1 2496
      5 2497
      4 2498
      3 2499
      4 2500
      2 2501
      1 2502
      5 2504
      2 2505
      1 2506
      3 2508
      1 2509
      1 2510
      1 2511
      2 2512
      2 2513
      5 2514
      1 2515
      4 2517
      3 2518
      2 2519
      3 2520
      4 2521
      2 2522
      1 2523
      2 2524
      3 2525
      3 2526
      2 2528
      2 2529
      2 2530
      1 2531
      1 2532
      4 2533
      2 2534
      2 2535
      1 2536
      5 2538
      2 2539
      1 2540
      1 2541
      1 2542
      2 2543
      2 2544
      2 2546
      1 2547
      3 2548
      3 2549
      1 2551
      1 2552
      4 2554
      1 2556
      2 2557
      3 2559
      1 2560
      1 2561
      1 2562
      1 2563
      3 2564
      6 2565
      2 2567
      5 2568
      1 2569
      5 2570
      1 2571
      4 2572
      2 2574
      2 2575
      3 2577
      1 2579
      1 2580
      1 2581
      3 2582
      2 2583
      1 2584
      3 2585
      2 2586
      1 2587
      2 2590
      2 2592
      2 2593
      8 2595
      2 2597
      1 2598
      1 2599
      2 2600
      1 2601
      2 2603
      2 2604
      2 2605
      1 2607
      1 2608
      2 2610
      1 2611
      2 2612
      4 2614
      3 2615
      2 2616
      1 2617
      3 2618
      3 2620
      3 2621
      2 2622
      1 2623
      1 2624
      2 2625
      1 2626
      3 2627
      1 2628
      1 2630
      2 2631
      2 2633
      2 2634
      1 2635
      3 2636
      2 2637
      3 2638
      2 2639
      2 2640
      1 2641
      2 2642
      1 2643
      2 2644
      3 2645
      2 2646
      2 2647
      1 2648
      1 2649
      3 2650
      1 2651
      2 2652
      2 2653
      3 2655
      2 2656
      2 2657
      1 2658
      1 2660
      3 2661
      3 2664
      2 2665
      1 2666
      2 2667
      2 2668
      2 2669
      1 2673
      1 2674
      1 2675
      1 2676
      1 2678
      1 2679
      2 2680
      2 2681
      2 2682
      3 2683
      2 2684
      2 2685
      2 2686
      2 2688
      3 2689
      1 2690
      2 2692
      3 2693
      1 2694
      2 2696
      2 2697
      1 2699
      3 2700
      1 2702
      2 2703
      1 2705
      3 2706
      1 2707
      2 2708
      2 2709
      4 2711
      1 2712
      2 2713
      3 2714
      1 2718
      1 2719
      1 2729
      2 2730
      3 2732
      1 2734
      3 2735
      1 2736
      2 2738
      1 2741
      1 2743
      2 2744
      1 2746
      1 2747
      2 2748
      1 2750
      2 2751
      2 2752
      2 2753
      1 2755
      1 2759
      1 2760
      2 2761
      2 2762
      1 2763
      1 2767
      1 2768
      2 2769
      3 2770
      2 2771
      2 2772
      2 2773
      1 2774
      1 2776
      1 2779
      1 2780
      1 2782
      2 2783
      1 2784
      1 2785
      1 2786
      1 2789
      2 2790
      1 2791
      1 2792
      2 2793
      1 2795
      1 2796
      2 2801
      1 2802
      3 2803
      1 2804
      1 2805
      3 2806
      2 2807
      1 2811
      1 2812
      1 2813
      1 2814
      2 2816
      1 2817
      2 2818
      2 2819
      1 2820
      1 2821
      4 2822
      1 2823
      1 2825
      2 2826
      1 2827
      1 2829
      1 2832
      1 2833
      1 2834
      1 2836
      2 2837
      1 2838
      3 2839
      1 2840
      1 2841
      2 2844
      1 2845
      1 2847
      2 2848
      1 2849
      1 2851
      1 2852
      3 2853
      3 2855
      2 2858
      2 2859
      1 2861
      3 2862
      1 2863
      3 2864
      1 2865
      1 2866
      2 2868
      1 2869
      1 2871
      2 2874
      1 2875
      1 2876
      1 2877
      3 2880
      1 2882
      2 2883
      1 2884
      1 2885
      3 2889
      1 2890
      1 2891
      1 2893
      2 2896
      1 2897
      1 2898
      2 2900
      1 2902
      1 2905
      1 2907
      1 2911
      1 2912
      2 2915
      1 2916
      3 2918
      3 2919
      3 2920
      1 2922
      1 2924
      1 2931
      2 2933
      1 2935
      1 2937
      2 2938
      1 2939
      1 2940
      2 2942
      3 2943
      1 2946
      1 2948
      1 2949
      1 2950
      1 2951
      1 2952
      1 2953
      1 2954
      2 2955
      1 2956
      1 2959
      2 2962
      3 2963
      2 2966
      2 2968
      1 2969
      3 2970
      1 2971
      2 2972
      1 2974
      1 2975
      1 2979
      2 2981
      1 2986
      1 2992
      2 2993
      1 2994
      1 2997
      1 3001
      2 3004
      1 3005
      2 3007
      1 3008
      2 3010
      1 3012
      1 3016
      1 3018
      1 3019
      3 3020
      1 3021
      1 3025
      1 3028
      2 3030
      1 3031
      1 3033
      2 3035
      1 3038
      3 3043
      1 3045
      2 3046
      1 3047
      1 3048
      1 3050
      2 3052
      2 3053
      1 3054
      1 3056
      1 3059
      1 3060
      1 3063
      1 3064
      1 3065
      1 3070
      2 3075
      1 3076
      1 3078
      1 3081
      1 3083
      1 3085
      1 3086
      1 3087
      1 3088
      1 3091
      1 3092
      1 3094
      1 3098
      2 3101
      1 3102
      2 3104
      1 3105
      1 3107
      1 3110
      1 3111
      1 3114
      1 3115
      4 3120
      1 3121
      1 3122
      1 3127
      1 3128
      1 3129
      2 3130
      2 3131
      1 3135
      1 3136
      1 3138
      2 3139
      2 3143
      1 3145
      2 3149
      1 3153
      1 3154
      1 3161
      2 3163
      1 3171
      1 3172
      1 3175
      1 3179
      2 3180
      1 3181
      3 3182
      1 3186
      1 3187
      1 3188
      1 3189
      1 3194
      1 3195
      1 3197
      1 3198
      1 3199
      1 3201
      1 3204
      1 3209
      1 3210
      2 3211
      1 3214
      1 3216
      1 3219
      1 3220
      2 3223
      2 3228
      1 3230
      1 3232
      1 3234
      3 3236
      1 3237
      1 3239
      1 3242
      1 3247
      1 3249
      1 3251
      1 3254
      1 3256
      2 3257
      1 3258
      1 3260
      1 3261
      3 3265
      1 3266
      1 3267
      3 3268
      1 3274
      3 3275
      1 3276
      1 3282
      1 3288
      1 3289
      1 3293
      1 3295
      1 3304
      2 3305
      2 3306
      1 3307
      2 3308
      1 3310
      3 3312
      1 3313
      2 3314
      2 3318
      1 3321
      2 3322
      1 3324
      1 3325
      1 3327
      1 3328
      1 3329
      1 3332
      1 3333
      1 3334
      1 3337
      1 3339
      1 3340
      1 3341
      1 3342
      1 3345
      1 3348
      1 3354
      1 3357
      1 3358
      1 3365
      2 3366
      1 3367
      1 3368
      1 3369
      2 3374
      1 3375
      1 3380
      1 3382
      2 3384
      1 3388
      2 3391
      1 3392
      1 3395
      1 3397
      2 3398
      2 3402
      1 3404
      4 3408
      1 3410
      1 3423
      1 3426
      1 3428
      2 3433
      1 3439
      1 3440
      1 3442
      2 3445
      1 3446
      2 3448
      1 3450
      1 3451
      2 3453
      1 3455
      1 3456
      1 3459
      1 3461
      2 3464
      1 3465
      1 3466
      1 3467
      1 3468
      1 3469
      1 3470
      1 3473
      1 3478
      1 3482
      1 3483
      1 3484
      1 3485
      1 3489
      1 3490
      1 3492
      1 3495
      1 3498
      1 3499
      1 3503
      1 3505
      1 3506
      1 3511
      1 3516
      1 3517
      1 3518
      1 3520
      1 3521
      1 3526
      1 3531
      1 3534
      1 3538
      1 3540
      2 3541
      1 3542
      1 3544
      1 3545
      1 3546
      1 3549
      2 3550
      2 3551
      2 3552
      1 3555
      1 3556
      1 3557
      2 3559
      1 3560
      2 3561
      1 3567
      1 3572
      1 3573
      1 3576
      1 3580
      1 3581
      1 3582
      1 3584
      1 3594
      1 3595
      1 3597
      1 3602
      1 3603
      1 3609
      1 3616
      1 3621
      1 3622
      2 3624
      1 3626
      2 3629
      1 3630
      1 3633
      2 3637
      1 3638
      1 3642
      1 3644
      1 3647
      1 3649
      1 3654
      2 3655
      2 3656
      1 3661
      1 3668
      2 3670
      1 3672
      1 3677
      1 3679
      1 3680
      1 3684
      1 3689
      1 3692
      4 3693
      2 3696
      1 3698
      1 3701
      1 3702
      1 3703
      1 3705
      1 3706
      1 3707
      1 3713
      1 3715
      1 3717
      1 3718
      2 3721
      2 3726
      1 3732
      1 3734
      2 3736
      1 3748
      1 3756
      1 3760
      1 3761
      1 3768
      1 3769
      1 3770
      1 3771
      1 3772
      1 3781
      2 3785
      2 3787
      1 3789
      1 3793
      1 3795
      1 3802
      1 3803
      1 3804
      2 3809
      1 3815
      1 3816
      1 3817
      1 3821
      3 3824
      1 3825
      1 3828
      1 3831
      1 3836
      1 3837
      1 3842
      2 3845
      1 3849
      1 3854
      1 3863
      1 3865
      3 3867
      1 3869
      1 3873
      1 3880
      1 3889
      1 3891
      1 3893
      1 3894
      1 3900
      1 3906
      2 3908
      1 3913
      1 3915
      1 3916
      1 3922
      1 3924
      1 3925
      1 3928
      1 3931
      1 3937
      1 3943
      1 3946
      1 3952
      1 3965
      1 3976
      2 3983
      1 3987
      1 3990
      1 4002
      1 4003
      1 4009
      1 4011
      2 4017
      1 4020
      1 4029
      1 4033
      1 4035
      1 4041
      1 4046
      1 4050
      1 4066
      1 4082
      1 4086
      1 4104
      1 4106
      1 4108
      1 4120
      1 4130
      2 4133
      1 4141
      1 4149
      1 4155
      1 4157
      1 4159
      1 4160
      2 4165
      1 4173
      1 4177
      1 4179
      1 4189
      1 4203
      1 4204
      1 4206
      1 4209
      1 4216
      1 4220
      1 4228
      1 4240
      1 4246
      1 4247
      1 4257
      1 4262
      1 4263
      1 4286
      2 4288
      1 4296
      1 4307
      1 4314
      1 4323
      1 4332
      1 4336
      1 4340
      1 4342
      1 4344
      1 4353
      1 4354
      1 4355
      1 4379
      1 4384
      1 4394
      1 4395
      1 4398
      1 4402
      1 4408
      1 4409
      1 4410
      1 4413
      1 4427
      1 4428
      1 4442
      1 4458
      1 4460
      1 4464
      1 4468
      1 4483
      1 4491
      2 4497
      1 4518
      2 4534
      1 4547
      1 4555
      1 4562
      1 4566
      1 4568
      1 4571
      1 4574
      1 4602
      1 4605
      1 4637
      1 4641
      2 4649
      1 4650
      1 4654
      1 4661
      2 4666
      1 4668
      1 4687
      1 4688
      1 4689
      1 4696
      1 4697
      2 4704
      1 4707
      2 4719
      1 4723
      1 4730
      1 4742
      1 4753
      1 4760
      1 4761
      1 4774
      1 4775
      2 4778
      1 4788
      1 4794
      1 4810
      1 4817
      1 4818
      1 4826
      1 4828
      1 4845
      1 4853
      1 4854
      1 4879
      1 4893
      1 4904
      1 4923
      1 4969
      1 4986
      1 4991
      1 5003
      1 5008
      1 5015
      1 5034
      1 5039
      2 5092
      1 5098
      1 5122
      1 5123
      1 5127
      1 5129
      1 5141
      1 5144
      1 5145
      1 5146
      1 5162
      1 5163
      1 5171
      1 5173
      1 5197
      1 5223
      1 5227
      1 5232
      1 5249
      1 5262
      1 5277
      1 5286
      1 5294
      1 5301
      1 5312
      2 5318
      1 5343
      1 5353
      1 5389
      1 5392
      1 5410
      1 5413
      1 5444
      1 5451
      1 5458
      1 5479
      1 5487
      2 5561
      1 5624
      1 5652
      1 5732
      1 5733
      1 5747
      1 5780
      1 5783
      1 5786
      1 5818
      1 5837
      1 5840
      1 5873
      1 5887
      1 5895
      1 5897
      1 5928
      1 5996
      1 6031
      1 6067
      1 6092
      1 6094
      1 6121
      1 6135
      1 6175
      1 6180
      1 6181
      1 6216
      1 6285
      1 6325
      1 6326
      1 6343
      1 6369
      1 6426
      1 6433
      1 6492
      1 6514
      1 6520
      1 6543
      1 6544
      1 6547
      1 6569
      1 6581
      1 6603
      1 6695
      1 6747
      1 6768
      1 6806
      1 6844
      1 6899
      1 6965
      1 7064
      1 7086
      1 7149
      1 7169
      1 7180
      1 7246
      1 7268
      1 7336
      1 7383
      1 7416
      1 7463
      1 7502
      1 7518
      1 7523
      1 7525
      1 7546
      1 7622
      1 7643
      1 7648
      1 7650
      1 7666
      1 7667
      1 7673
      1 7744
      1 7775
      1 7835
      1 7971
      1 8014
      1 8023
      1 8068
      1 8115
      1 8137
      1 8282
      1 8294
      1 8357
      1 8463
      1 8475
      1 8596
      1 8676
      1 8811
      1 8866
      1 8985
      1 9071
      1 9113
      1 9140
      1 9180
      1 9260
      1 9296
      1 9346
      1 9419
      1 9519
      1 9798
      1 9908
      1 9938
      1 10333
      1 10547
      1 10570
      1 10574
      1 11130
      1 11240
      1 11596
      1 11930
      1 12149
      1 12559
      1 13132
      1 16639
---AAD-PGBENCH-LAG-US---
