pgbench (18.6 (Debian 18.6-1.pgdg13+2))
starting vacuum...end.
transaction type: <builtin: select only>
scaling factor: 1000
query mode: simple
number of clients: 128
number of threads: 16
maximum number of tries: 1
duration: 60 s
number of transactions actually processed: 7924441
number of failed transactions: 0 (0.000%)
latency average = 0.965 ms
initial connection time = 293.425 ms
tps = 132671.376171 (without initial connection time)
---AAD-PGBENCH-LATENCY-US---
rc=0
samples=158708
      1 248
      1 252
      1 253
      2 257
      2 258
      5 259
      1 260
      2 262
      1 263
      1 264
      1 265
      2 266
      4 267
      4 268
      4 269
      6 270
      3 271
      2 272
      1 273
      7 274
     10 275
      3 276
      4 277
      4 278
      9 279
      7 280
      5 281
      6 282
     10 283
     13 284
      6 285
      9 286
      8 287
      4 288
      6 289
      5 290
      5 291
      9 292
      4 293
     10 294
      4 295
      5 296
      8 297
     13 298
      9 299
      4 300
     13 301
      6 302
      9 303
     12 304
     15 305
     10 306
     12 307
     11 308
      5 309
      6 310
     16 311
     15 312
     15 313
      7 314
      8 315
     15 316
     12 317
     16 318
     15 319
     11 320
     14 321
     18 322
     23 323
     15 324
     22 325
     18 326
     22 327
     31 328
     25 329
     37 330
     28 331
     20 332
     30 333
     38 334
     42 335
     38 336
     38 337
     43 338
     46 339
     54 340
     55 341
     50 342
     52 343
     51 344
     46 345
     54 346
     49 347
     50 348
     46 349
     57 350
     43 351
     59 352
     47 353
     55 354
     45 355
     42 356
     36 357
     36 358
     40 359
     41 360
     44 361
     42 362
     43 363
     41 364
     37 365
     39 366
     43 367
     25 368
     46 369
     38 370
     39 371
     44 372
     34 373
     53 374
     40 375
     41 376
     29 377
     31 378
     28 379
     33 380
     49 381
     39 382
     47 383
     32 384
     35 385
     35 386
     29 387
     44 388
     43 389
     48 390
     36 391
     38 392
     43 393
     40 394
     43 395
     42 396
     45 397
     58 398
     56 399
     58 400
     51 401
     68 402
     69 403
     64 404
     70 405
     84 406
     69 407
     70 408
     71 409
     71 410
     75 411
     60 412
     81 413
     72 414
     91 415
     70 416
     69 417
     70 418
     79 419
     65 420
     69 421
     71 422
     60 423
     57 424
     48 425
     70 426
     55 427
     53 428
     55 429
     56 430
     56 431
     67 432
     58 433
     60 434
     54 435
     50 436
     47 437
     54 438
     44 439
     46 440
     59 441
     46 442
     48 443
     59 444
     51 445
     42 446
     43 447
     43 448
     46 449
     64 450
     57 451
     60 452
     46 453
     46 454
     46 455
     57 456
     51 457
     50 458
     50 459
     50 460
     62 461
     60 462
     58 463
     62 464
     69 465
     69 466
     71 467
     84 468
     69 469
     92 470
     78 471
     90 472
     90 473
     97 474
     98 475
     73 476
     91 477
     88 478
     99 479
    102 480
    105 481
     96 482
    104 483
    110 484
     86 485
    106 486
    109 487
     99 488
    101 489
     95 490
     89 491
     93 492
     97 493
     70 494
     84 495
     87 496
     79 497
     89 498
     79 499
     74 500
     83 501
     75 502
     68 503
     72 504
    110 505
     73 506
     83 507
     89 508
     87 509
     78 510
     96 511
     73 512
     68 513
     78 514
     86 515
     79 516
     83 517
    104 518
     97 519
     85 520
     77 521
     94 522
    113 523
     94 524
     88 525
     98 526
     96 527
     98 528
     84 529
     84 530
    108 531
    109 532
    120 533
    127 534
    125 535
    100 536
    129 537
    140 538
    127 539
    125 540
    156 541
    132 542
    147 543
    134 544
    162 545
    144 546
    146 547
    149 548
    153 549
    172 550
    194 551
    175 552
    173 553
    169 554
    165 555
    211 556
    206 557
    170 558
    148 559
    158 560
    179 561
    179 562
    166 563
    163 564
    158 565
    180 566
    177 567
    165 568
    185 569
    151 570
    153 571
    161 572
    157 573
    150 574
    143 575
    150 576
    140 577
    157 578
    156 579
    148 580
    142 581
    169 582
    154 583
    180 584
    151 585
    154 586
    147 587
    151 588
    147 589
    147 590
    132 591
    150 592
    147 593
    183 594
    200 595
    193 596
    185 597
    186 598
    183 599
    183 600
    169 601
    202 602
    188 603
    179 604
    224 605
    229 606
    241 607
    214 608
    222 609
    216 610
    238 611
    252 612
    235 613
    273 614
    272 615
    314 616
    305 617
    268 618
    283 619
    278 620
    286 621
    304 622
    281 623
    306 624
    284 625
    285 626
    264 627
    289 628
    290 629
    276 630
    267 631
    245 632
    284 633
    297 634
    229 635
    245 636
    259 637
    262 638
    243 639
    218 640
    239 641
    227 642
    219 643
    248 644
    234 645
    215 646
    219 647
    241 648
    207 649
    219 650
    232 651
    247 652
    240 653
    208 654
    235 655
    200 656
    213 657
    250 658
    217 659
    225 660
    251 661
    232 662
    254 663
    236 664
    236 665
    208 666
    230 667
    241 668
    224 669
    236 670
    248 671
    224 672
    253 673
    232 674
    256 675
    253 676
    253 677
    259 678
    272 679
    295 680
    284 681
    277 682
    280 683
    287 684
    297 685
    313 686
    266 687
    304 688
    302 689
    306 690
    278 691
    311 692
    276 693
    290 694
    286 695
    306 696
    280 697
    282 698
    276 699
    307 700
    260 701
    264 702
    261 703
    237 704
    251 705
    239 706
    232 707
    229 708
    215 709
    243 710
    212 711
    221 712
    253 713
    211 714
    249 715
    223 716
    217 717
    182 718
    200 719
    222 720
    188 721
    206 722
    184 723
    206 724
    184 725
    178 726
    179 727
    190 728
    170 729
    165 730
    201 731
    177 732
    173 733
    186 734
    162 735
    187 736
    186 737
    185 738
    191 739
    182 740
    160 741
    200 742
    199 743
    195 744
    183 745
    190 746
    173 747
    204 748
    208 749
    202 750
    212 751
    200 752
    196 753
    212 754
    213 755
    224 756
    197 757
    206 758
    200 759
    202 760
    213 761
    206 762
    202 763
    188 764
    221 765
    195 766
    207 767
    215 768
    200 769
    187 770
    186 771
    208 772
    206 773
    197 774
    189 775
    177 776
    184 777
    149 778
    175 779
    194 780
    156 781
    177 782
    165 783
    158 784
    167 785
    151 786
    171 787
    154 788
    147 789
    138 790
    129 791
    128 792
    166 793
    142 794
    127 795
    133 796
    129 797
    147 798
    156 799
    143 800
    153 801
    150 802
    144 803
    134 804
    152 805
    146 806
    133 807
    142 808
    132 809
    153 810
    145 811
    152 812
    164 813
    163 814
    163 815
    181 816
    159 817
    165 818
    169 819
    133 820
    144 821
    155 822
    161 823
    152 824
    147 825
    173 826
    164 827
    179 828
    154 829
    157 830
    180 831
    145 832
    168 833
    178 834
    171 835
    152 836
    153 837
    143 838
    152 839
    141 840
    132 841
    137 842
    144 843
    143 844
    148 845
    129 846
    163 847
    136 848
    125 849
    140 850
    158 851
    137 852
    107 853
    130 854
    136 855
    150 856
    114 857
    131 858
    125 859
    140 860
    129 861
    122 862
    130 863
    132 864
    139 865
    117 866
    137 867
    133 868
    136 869
    127 870
    139 871
    132 872
    118 873
    140 874
    139 875
    126 876
    143 877
    138 878
    141 879
    134 880
    116 881
    140 882
    130 883
    142 884
    131 885
    139 886
    157 887
    131 888
    138 889
    129 890
    149 891
    148 892
    118 893
    146 894
    158 895
    127 896
    161 897
    147 898
    163 899
    152 900
    145 901
    158 902
    142 903
    146 904
    141 905
    158 906
    134 907
    140 908
    141 909
    147 910
    142 911
    153 912
    125 913
    131 914
    128 915
    143 916
    131 917
    137 918
    145 919
    131 920
    127 921
    138 922
    118 923
    143 924
    111 925
    118 926
    140 927
    126 928
    117 929
    114 930
    126 931
    129 932
    133 933
    131 934
    138 935
    121 936
    130 937
    126 938
    105 939
    132 940
    143 941
    118 942
    144 943
    102 944
    125 945
    126 946
    149 947
    129 948
    151 949
    137 950
    139 951
    133 952
    133 953
    159 954
    154 955
    146 956
    160 957
    153 958
    138 959
    182 960
    120 961
    149 962
    149 963
    154 964
    168 965
    157 966
    139 967
    155 968
    162 969
    137 970
    135 971
    151 972
    153 973
    157 974
    124 975
    150 976
    171 977
    168 978
    154 979
    128 980
    144 981
    162 982
    146 983
    124 984
    126 985
    124 986
    169 987
    158 988
    135 989
    141 990
    144 991
    132 992
    139 993
    132 994
    147 995
    139 996
    130 997
    149 998
    118 999
    132 1000
    140 1001
    132 1002
    144 1003
    130 1004
    143 1005
    127 1006
    133 1007
     98 1008
    120 1009
    134 1010
    117 1011
    113 1012
    136 1013
    124 1014
    110 1015
    137 1016
    141 1017
    154 1018
    139 1019
    127 1020
    149 1021
    123 1022
    151 1023
    151 1024
    134 1025
    148 1026
    148 1027
    156 1028
    155 1029
    150 1030
    160 1031
    130 1032
    150 1033
    138 1034
    154 1035
    158 1036
    155 1037
    148 1038
    141 1039
    163 1040
    148 1041
    142 1042
    161 1043
    169 1044
    150 1045
    155 1046
    140 1047
    165 1048
    151 1049
    147 1050
    152 1051
    158 1052
    138 1053
    124 1054
    141 1055
    140 1056
    145 1057
    137 1058
    142 1059
    133 1060
    147 1061
    137 1062
    132 1063
    133 1064
    136 1065
    145 1066
    142 1067
    137 1068
    147 1069
    143 1070
    141 1071
    143 1072
    111 1073
    143 1074
    135 1075
    141 1076
    136 1077
    132 1078
    125 1079
    141 1080
    141 1081
    128 1082
    130 1083
    143 1084
    151 1085
    150 1086
    137 1087
    133 1088
    128 1089
    135 1090
    131 1091
    131 1092
    118 1093
    128 1094
    145 1095
    153 1096
    141 1097
    171 1098
    156 1099
    117 1100
    152 1101
    142 1102
    136 1103
    168 1104
    162 1105
    147 1106
    171 1107
    136 1108
    159 1109
    134 1110
    144 1111
    141 1112
    162 1113
    128 1114
    140 1115
    147 1116
    144 1117
    130 1118
    132 1119
    129 1120
    145 1121
    141 1122
    133 1123
    141 1124
    147 1125
    127 1126
    137 1127
    131 1128
    151 1129
    122 1130
    141 1131
    115 1132
    109 1133
    145 1134
    142 1135
    120 1136
    120 1137
    129 1138
    123 1139
    127 1140
    134 1141
    140 1142
    128 1143
    120 1144
    139 1145
    124 1146
    120 1147
    110 1148
    122 1149
    115 1150
    139 1151
    116 1152
    131 1153
    115 1154
    103 1155
    139 1156
    124 1157
    130 1158
    144 1159
    103 1160
    122 1161
    130 1162
    112 1163
    124 1164
    132 1165
    145 1166
    127 1167
    126 1168
    108 1169
    127 1170
    139 1171
    128 1172
    128 1173
    114 1174
    148 1175
    124 1176
    121 1177
    118 1178
    127 1179
    131 1180
    123 1181
    114 1182
    113 1183
    118 1184
    123 1185
    115 1186
    125 1187
    114 1188
    107 1189
    121 1190
    105 1191
    111 1192
    119 1193
    113 1194
    108 1195
    110 1196
    106 1197
    124 1198
    120 1199
     93 1200
    108 1201
    121 1202
     97 1203
    103 1204
    105 1205
    102 1206
    113 1207
     89 1208
    108 1209
    123 1210
     82 1211
    102 1212
    119 1213
    113 1214
     85 1215
    106 1216
    107 1217
     84 1218
     92 1219
    108 1220
    108 1221
    119 1222
    105 1223
     83 1224
    100 1225
     99 1226
    104 1227
     92 1228
     98 1229
    102 1230
    116 1231
    102 1232
     92 1233
    121 1234
     93 1235
    100 1236
     91 1237
    107 1238
    104 1239
     94 1240
     91 1241
    113 1242
     98 1243
    108 1244
    107 1245
     96 1246
    104 1247
    105 1248
     99 1249
    103 1250
    109 1251
     90 1252
    102 1253
    103 1254
    114 1255
     98 1256
     86 1257
     90 1258
     95 1259
     95 1260
     84 1261
     86 1262
     85 1263
    101 1264
     87 1265
     89 1266
     87 1267
     87 1268
     73 1269
    104 1270
     76 1271
     65 1272
     76 1273
     80 1274
     70 1275
     93 1276
     82 1277
     83 1278
     88 1279
     83 1280
     84 1281
     85 1282
     92 1283
    103 1284
     80 1285
     77 1286
     83 1287
     79 1288
     83 1289
     72 1290
     75 1291
     67 1292
     80 1293
     74 1294
     69 1295
     88 1296
     78 1297
     99 1298
     75 1299
     73 1300
     84 1301
     77 1302
     83 1303
     69 1304
     85 1305
     81 1306
     95 1307
     75 1308
     81 1309
     78 1310
     79 1311
     86 1312
     95 1313
     82 1314
     64 1315
     81 1316
     79 1317
     86 1318
     89 1319
     95 1320
     75 1321
     82 1322
     75 1323
     59 1324
     81 1325
     78 1326
     76 1327
     79 1328
     71 1329
     78 1330
     65 1331
     78 1332
     70 1333
     65 1334
     78 1335
     71 1336
     56 1337
     57 1338
     81 1339
     69 1340
     69 1341
     68 1342
     83 1343
     58 1344
     54 1345
     60 1346
     57 1347
     64 1348
     60 1349
     67 1350
     57 1351
     47 1352
     56 1353
     63 1354
     66 1355
     69 1356
     58 1357
     56 1358
     51 1359
     63 1360
     59 1361
     60 1362
     63 1363
     70 1364
     54 1365
     59 1366
     45 1367
     66 1368
     59 1369
     64 1370
     66 1371
     57 1372
     49 1373
     58 1374
     61 1375
     78 1376
     71 1377
     60 1378
     67 1379
     47 1380
     56 1381
     61 1382
     53 1383
     72 1384
     76 1385
     80 1386
     66 1387
     50 1388
     57 1389
     58 1390
     57 1391
     49 1392
     61 1393
     64 1394
     61 1395
     66 1396
     58 1397
     56 1398
     70 1399
     58 1400
     49 1401
     52 1402
     46 1403
     52 1404
     51 1405
     58 1406
     57 1407
     47 1408
     53 1409
     54 1410
     45 1411
     49 1412
     54 1413
     40 1414
     51 1415
     48 1416
     57 1417
     60 1418
     43 1419
     60 1420
     60 1421
     65 1422
     46 1423
     53 1424
     56 1425
     51 1426
     48 1427
     45 1428
     50 1429
     52 1430
     52 1431
     49 1432
     44 1433
     48 1434
     44 1435
     37 1436
     33 1437
     51 1438
     45 1439
     43 1440
     47 1441
     37 1442
     46 1443
     37 1444
     44 1445
     41 1446
     43 1447
     56 1448
     40 1449
     42 1450
     44 1451
     37 1452
     50 1453
     52 1454
     43 1455
     46 1456
     40 1457
     37 1458
     38 1459
     44 1460
     54 1461
     44 1462
     45 1463
     47 1464
     42 1465
     38 1466
     37 1467
     41 1468
     45 1469
     49 1470
     39 1471
     36 1472
     41 1473
     42 1474
     55 1475
     43 1476
     35 1477
     36 1478
     34 1479
     50 1480
     45 1481
     38 1482
     51 1483
     30 1484
     36 1485
     38 1486
     45 1487
     38 1488
     33 1489
     40 1490
     33 1491
     28 1492
     32 1493
     35 1494
     35 1495
     41 1496
     33 1497
     37 1498
     30 1499
     36 1500
     39 1501
     32 1502
     31 1503
     32 1504
     41 1505
     40 1506
     30 1507
     36 1508
     31 1509
     43 1510
     30 1511
     38 1512
     44 1513
     34 1514
     42 1515
     36 1516
     25 1517
     27 1518
     37 1519
     39 1520
     45 1521
     35 1522
     36 1523
     50 1524
     33 1525
     49 1526
     41 1527
     40 1528
     27 1529
     35 1530
     37 1531
     32 1532
     43 1533
     35 1534
     40 1535
     34 1536
     42 1537
     29 1538
     31 1539
     41 1540
     32 1541
     36 1542
     32 1543
     35 1544
     37 1545
     30 1546
     31 1547
     35 1548
     34 1549
     27 1550
     30 1551
     32 1552
     41 1553
     28 1554
     39 1555
     36 1556
     32 1557
     43 1558
     25 1559
     47 1560
     29 1561
     31 1562
     32 1563
     36 1564
     28 1565
     35 1566
     26 1567
     33 1568
     34 1569
     22 1570
     35 1571
     30 1572
     23 1573
     29 1574
     28 1575
     28 1576
     31 1577
     36 1578
     26 1579
     22 1580
     26 1581
     21 1582
     31 1583
     41 1584
     39 1585
     37 1586
     34 1587
     31 1588
     32 1589
     31 1590
     27 1591
     30 1592
     34 1593
     24 1594
     27 1595
     32 1596
     32 1597
     27 1598
     34 1599
     32 1600
     18 1601
     32 1602
     36 1603
     26 1604
     24 1605
     29 1606
     25 1607
     23 1608
     45 1609
     29 1610
     22 1611
     38 1612
     23 1613
     23 1614
     22 1615
     32 1616
     35 1617
     39 1618
     27 1619
     36 1620
     39 1621
     26 1622
     26 1623
     20 1624
     23 1625
     26 1626
     28 1627
     20 1628
     27 1629
     29 1630
     29 1631
     23 1632
     30 1633
     30 1634
     21 1635
     23 1636
     20 1637
     33 1638
     35 1639
     27 1640
     27 1641
     23 1642
     35 1643
     24 1644
     25 1645
     27 1646
     32 1647
     28 1648
     17 1649
     32 1650
     28 1651
     19 1652
     24 1653
     20 1654
     25 1655
     19 1656
     21 1657
     27 1658
     31 1659
     27 1660
     26 1661
     26 1662
     29 1663
     33 1664
     34 1665
     25 1666
     34 1667
     24 1668
     28 1669
     22 1670
     21 1671
     30 1672
     23 1673
     22 1674
     23 1675
     24 1676
     18 1677
     33 1678
     19 1679
     24 1680
     22 1681
     27 1682
     31 1683
     22 1684
     35 1685
     26 1686
     22 1687
     23 1688
     24 1689
     32 1690
     17 1691
     18 1692
     24 1693
     20 1694
     22 1695
     22 1696
     22 1697
     22 1698
     20 1699
     12 1700
     22 1701
     20 1702
     25 1703
     17 1704
     30 1705
     19 1706
     14 1707
     18 1708
     25 1709
     27 1710
     25 1711
     10 1712
     22 1713
     19 1714
     26 1715
     16 1716
     21 1717
     16 1718
     23 1719
     20 1720
     22 1721
     18 1722
     18 1723
     28 1724
     25 1725
     24 1726
     18 1727
     22 1728
     20 1729
     20 1730
     20 1731
     32 1732
     24 1733
     14 1734
     27 1735
     25 1736
     30 1737
     13 1738
     26 1739
     18 1740
     23 1741
     24 1742
     21 1743
     13 1744
     20 1745
     26 1746
     18 1747
     23 1748
     15 1749
     18 1750
     24 1751
     15 1752
     21 1753
     18 1754
     24 1755
     16 1756
     16 1757
     21 1758
     18 1759
     15 1760
     18 1761
     15 1762
     17 1763
     17 1764
     22 1765
     18 1766
     19 1767
     13 1768
     16 1769
     24 1770
     19 1771
     14 1772
     13 1773
     18 1774
     23 1775
     23 1776
     16 1777
     20 1778
     18 1779
     15 1780
     18 1781
     13 1782
     21 1783
     14 1784
     19 1785
     19 1786
     21 1787
     16 1788
     13 1789
     15 1790
     14 1791
     19 1792
     17 1793
     18 1794
     21 1795
     16 1796
     17 1797
     15 1798
     16 1799
     17 1800
     12 1801
     21 1802
     14 1803
     13 1804
     15 1805
     18 1806
     21 1807
     23 1808
     18 1809
     27 1810
     14 1811
     20 1812
     12 1813
     20 1814
     11 1815
     17 1816
     11 1817
     24 1818
     14 1819
     16 1820
     17 1821
     21 1822
     14 1823
     20 1824
     10 1825
     23 1826
     17 1827
     16 1828
     18 1829
     13 1830
     16 1831
     18 1832
     22 1833
     21 1834
      6 1835
     13 1836
     18 1837
     23 1838
     16 1839
     27 1840
     14 1841
      8 1842
     19 1843
     21 1844
     17 1845
     15 1846
     14 1847
     21 1848
     17 1849
     13 1850
     13 1851
     18 1852
     11 1853
     16 1854
     12 1855
     20 1856
     14 1857
     10 1858
     15 1859
     11 1860
     19 1861
     16 1862
     17 1863
     11 1864
     10 1865
     16 1866
     15 1867
     11 1868
     10 1869
     17 1870
     12 1871
     18 1872
      8 1873
      6 1874
     11 1875
     15 1876
     12 1877
     11 1878
     11 1879
     20 1880
     15 1881
     15 1882
     14 1883
     12 1884
      9 1885
     14 1886
     11 1887
     14 1888
     14 1889
      8 1890
      8 1891
     13 1892
     12 1893
     11 1894
     12 1895
     20 1896
     10 1897
      9 1898
     10 1899
     12 1900
     11 1901
     12 1902
     19 1903
     11 1904
     14 1905
      8 1906
     12 1907
     18 1908
     13 1909
     16 1910
     14 1911
      7 1912
      7 1913
      9 1914
     14 1915
      9 1916
     13 1917
     14 1918
     14 1919
      8 1920
     10 1921
     18 1922
      8 1923
     10 1924
      9 1925
      9 1926
     14 1927
     11 1928
      8 1929
     13 1930
     10 1931
     13 1932
     12 1933
     11 1934
      7 1935
     10 1936
     12 1937
      5 1938
      8 1939
     12 1940
      9 1941
     16 1942
      5 1943
     10 1944
     16 1945
      9 1946
     13 1947
     12 1948
     13 1949
     15 1950
      5 1951
      9 1952
      9 1953
     15 1954
     13 1955
     17 1956
      8 1957
      9 1958
      6 1959
      7 1960
      9 1961
      7 1962
     10 1963
     12 1964
      5 1965
     11 1966
     14 1967
      8 1968
      7 1969
      6 1970
     14 1971
      5 1972
     10 1973
      7 1974
      3 1975
      8 1976
     13 1977
      9 1978
      7 1979
      9 1980
      8 1981
      7 1982
     13 1983
     12 1984
      5 1985
      9 1986
     11 1987
      9 1988
      6 1989
     12 1990
     10 1991
      6 1992
     10 1993
     11 1994
      9 1995
      9 1996
      9 1997
      9 1998
     11 1999
      6 2000
     13 2001
      8 2002
      5 2003
     14 2004
      7 2005
      6 2006
      8 2007
     10 2008
     11 2009
      9 2010
     10 2011
     11 2012
     10 2013
      9 2014
      5 2015
      4 2016
     10 2017
      6 2018
      9 2019
      7 2020
     10 2021
      6 2022
      5 2023
      5 2024
      8 2025
     12 2026
      8 2027
      7 2028
      7 2029
      8 2030
     10 2031
      5 2032
     11 2033
      4 2034
     10 2035
     11 2036
      6 2037
      7 2038
      7 2039
      7 2040
      5 2041
      6 2042
      7 2043
      5 2044
     10 2045
      5 2046
     10 2047
      5 2048
      7 2049
      4 2050
     12 2051
      9 2052
      6 2053
      7 2054
      7 2055
     10 2056
     15 2057
      5 2058
      8 2059
      7 2060
      6 2061
      7 2062
      8 2063
     13 2064
      6 2065
      9 2066
      8 2067
      8 2068
      8 2069
     11 2070
      7 2071
      7 2072
      9 2073
     12 2074
      4 2075
      4 2076
      5 2077
      9 2078
      6 2079
     13 2080
      8 2081
      4 2082
      8 2083
      6 2084
      7 2085
      5 2086
      4 2087
      9 2088
      7 2089
      9 2090
      4 2091
      6 2092
      3 2093
     15 2094
      8 2095
     16 2096
      5 2097
      7 2098
      6 2099
     13 2100
      6 2101
      6 2102
     10 2103
      5 2104
     11 2105
      3 2106
      7 2107
      3 2108
      5 2109
      2 2110
     11 2111
      8 2112
      4 2113
      2 2114
      9 2115
      4 2116
      7 2117
      4 2118
      6 2119
      9 2120
      3 2121
      4 2122
      8 2123
      5 2124
      4 2125
     11 2126
      8 2127
      4 2128
      2 2129
      6 2130
      9 2131
      3 2132
      7 2133
      5 2134
      7 2135
      1 2136
      5 2137
      2 2138
     10 2139
      3 2140
      3 2141
      5 2142
      5 2143
      4 2144
     11 2145
      5 2146
      5 2147
      7 2148
      9 2149
      3 2150
      1 2151
      3 2153
      3 2154
      3 2155
      6 2156
      4 2157
      5 2158
      7 2159
      2 2160
      6 2161
      3 2163
      3 2164
      3 2165
      4 2166
      5 2167
      4 2168
      7 2169
      5 2170
      7 2171
      3 2172
      6 2173
      4 2174
      4 2175
      7 2176
      5 2177
      4 2178
      3 2179
      1 2180
      6 2181
      2 2183
      4 2184
      5 2185
      2 2186
      3 2187
      4 2188
     11 2189
      2 2190
      5 2191
      6 2192
      4 2193
      1 2194
     10 2195
      1 2196
      4 2197
      9 2198
      1 2199
      3 2200
      1 2201
      3 2202
      7 2203
      4 2204
      6 2205
      2 2206
      4 2207
      3 2208
      6 2209
      2 2210
      4 2211
      5 2212
      6 2213
      3 2214
      3 2215
      1 2216
      7 2217
      4 2218
      6 2219
      5 2220
      6 2221
      3 2222
      4 2223
      5 2224
      5 2225
      6 2226
      4 2228
      1 2229
      6 2230
      6 2231
      5 2232
      4 2233
      1 2234
      6 2235
      8 2236
      2 2237
      2 2238
     10 2239
      3 2240
     10 2241
      9 2242
      3 2243
      3 2244
      3 2245
      5 2246
      6 2247
      3 2248
      7 2249
      4 2250
      3 2251
      2 2252
      3 2253
      6 2254
      9 2255
      4 2256
      4 2257
      3 2258
      9 2259
      3 2260
      4 2261
      7 2262
      4 2263
      4 2264
      3 2265
      3 2266
      5 2267
      5 2268
      8 2269
      2 2270
      4 2271
      1 2272
      6 2273
      2 2274
      2 2275
      4 2276
      1 2277
      6 2278
      6 2279
      8 2280
      1 2281
      4 2282
      4 2283
      3 2284
      6 2285
      7 2286
      1 2287
      6 2288
      4 2289
      3 2290
      4 2291
      5 2292
      4 2293
      2 2295
      4 2296
      4 2297
      2 2299
      3 2300
      1 2301
      6 2302
      1 2303
      3 2304
      3 2305
      4 2306
      6 2307
      3 2308
      2 2309
      4 2310
      2 2311
      1 2312
      2 2313
      3 2314
      5 2315
      5 2316
      4 2317
      6 2318
      2 2319
      2 2320
      2 2321
      4 2322
      1 2323
      4 2324
      4 2325
      4 2326
      5 2327
      4 2328
      1 2329
      6 2330
      1 2331
      2 2332
      4 2333
      1 2334
      2 2335
      1 2336
      2 2338
      4 2339
      1 2340
      2 2341
      4 2342
      2 2343
      2 2344
      2 2346
      4 2347
      3 2348
      2 2349
      2 2350
      2 2351
      5 2352
      5 2353
      2 2354
      3 2355
      2 2356
      5 2357
      2 2358
      2 2359
      7 2360
      4 2361
      5 2362
      1 2363
      5 2364
      4 2365
      4 2366
      3 2367
      3 2368
      1 2369
      1 2370
      1 2371
      4 2373
      1 2374
      3 2375
      2 2376
      3 2377
      1 2378
      4 2379
      2 2381
      5 2382
      3 2383
      3 2384
      4 2385
      1 2386
      4 2387
      1 2388
      3 2389
      1 2390
      3 2391
      3 2392
      6 2394
      3 2395
      4 2396
      2 2397
      3 2398
      2 2400
      3 2402
      4 2403
      3 2404
      1 2405
      1 2408
      2 2410
      5 2411
      3 2412
      1 2413
      3 2414
      3 2415
      3 2416
      3 2417
      2 2418
      2 2419
      4 2420
      1 2421
      2 2422
      5 2423
      1 2424
      5 2425
      3 2426
      1 2427
      2 2428
      4 2429
      1 2430
      2 2431
      2 2432
      2 2433
      3 2434
      2 2435
      2 2436
      2 2437
      2 2438
      3 2439
      1 2440
      3 2442
      3 2443
      3 2445
      1 2446
      2 2447
      2 2448
      2 2449
      3 2450
      1 2451
      4 2453
      2 2454
      1 2456
      2 2457
      1 2458
      1 2459
      5 2460
      2 2461
      5 2462
      1 2463
      2 2464
      4 2466
      5 2467
      5 2469
      1 2470
      2 2471
      3 2473
      1 2474
      4 2475
      1 2476
      3 2477
      4 2478
      1 2479
      2 2480
      2 2481
      1 2482
      4 2484
      2 2485
      3 2486
      5 2487
      3 2488
      4 2489
      5 2490
      1 2491
      2 2492
      3 2493
      1 2494
      4 2495
      3 2496
      1 2497
      3 2498
      3 2499
      6 2500
      2 2502
      2 2503
      2 2504
      2 2505
      2 2506
      3 2507
      3 2508
      3 2509
      4 2510
      2 2511
      1 2513
      4 2514
      3 2515
      4 2516
      4 2517
      1 2518
      1 2519
      6 2520
      1 2521
      1 2522
      2 2524
      1 2525
      5 2526
      2 2527
      1 2528
      1 2529
      2 2530
      4 2531
      3 2532
      1 2533
      4 2534
      1 2535
      1 2536
      5 2537
      2 2538
      2 2539
      1 2540
      3 2541
      2 2542
      1 2543
      1 2544
      3 2545
      1 2546
      2 2547
      1 2548
      2 2550
      2 2552
      2 2553
      2 2554
      1 2556
      1 2557
      1 2558
      1 2559
      1 2560
      2 2561
      1 2562
      3 2563
      1 2564
      4 2565
      2 2566
      4 2567
      3 2568
      2 2569
      1 2571
      1 2572
      2 2573
      2 2574
      1 2576
      1 2577
      1 2578
      3 2579
      1 2580
      1 2582
      2 2584
      1 2585
      4 2586
      3 2590
      1 2591
      2 2593
      5 2594
      1 2595
      2 2596
      1 2597
      1 2598
      2 2599
      1 2600
      1 2601
      2 2602
      1 2603
      2 2605
      1 2606
      2 2607
      1 2611
      2 2612
      2 2613
      2 2614
      2 2615
      3 2616
      3 2617
      2 2618
      3 2619
      1 2620
      2 2621
      1 2622
      1 2623
      3 2624
      1 2625
      1 2626
      2 2627
      1 2628
      1 2629
      2 2630
      1 2631
      3 2632
      2 2633
      1 2634
      4 2635
      1 2636
      1 2637
      2 2638
      1 2639
      4 2640
      1 2641
      4 2644
      3 2645
      1 2646
      1 2648
      3 2649
      3 2650
      4 2651
      1 2652
      3 2653
      1 2654
      1 2656
      2 2657
      3 2659
      2 2660
      3 2662
      1 2663
      5 2664
      1 2665
      1 2666
      2 2667
      2 2668
      3 2669
      1 2670
      1 2673
      1 2674
      1 2675
      2 2676
      1 2677
      2 2678
      2 2679
      2 2680
      3 2681
      1 2684
      1 2686
      1 2687
      3 2688
      3 2689
      1 2691
      1 2692
      3 2694
      2 2696
      1 2698
      1 2699
      2 2700
      2 2701
      1 2702
      1 2704
      1 2705
      2 2706
      1 2708
      1 2709
      1 2710
      3 2711
      3 2712
      1 2714
      1 2715
      2 2716
      1 2718
      2 2719
      1 2720
      2 2721
      1 2722
      1 2723
      3 2724
      1 2726
      2 2727
      1 2728
      2 2729
      1 2733
      1 2734
      4 2735
      2 2736
      2 2737
      2 2738
      1 2739
      5 2741
      6 2742
      1 2745
      2 2746
      1 2747
      1 2748
      2 2749
      2 2751
      2 2752
      2 2753
      1 2754
      2 2755
      1 2757
      2 2758
      1 2759
      1 2760
      2 2761
      2 2763
      1 2764
      3 2765
      1 2766
      1 2768
      3 2770
      1 2773
      2 2775
      1 2777
      1 2778
      2 2779
      2 2781
      1 2784
      2 2785
      4 2786
      2 2787
      1 2788
      1 2789
      2 2791
      2 2792
      2 2793
      3 2794
      2 2796
      1 2797
      2 2798
      1 2799
      1 2800
      1 2801
      2 2802
      1 2804
      1 2805
      2 2806
      4 2807
      2 2808
      1 2810
      3 2811
      1 2815
      1 2817
      1 2819
      1 2821
      1 2823
      1 2824
      1 2827
      1 2828
      3 2830
      1 2831
      1 2832
      1 2833
      1 2834
      3 2835
      1 2836
      2 2837
      1 2838
      5 2839
      5 2840
      1 2842
      1 2843
      3 2844
      1 2845
      1 2846
      3 2848
      1 2849
      1 2850
      1 2851
      2 2852
      2 2854
      1 2855
      2 2856
      1 2857
      2 2863
      1 2864
      1 2865
      1 2868
      2 2869
      2 2870
      2 2871
      1 2872
      3 2874
      2 2877
      1 2879
      2 2880
      1 2881
      2 2882
      1 2883
      1 2884
      1 2886
      2 2887
      1 2888
      3 2889
      1 2891
      2 2895
      3 2896
      3 2897
      1 2899
      1 2901
      1 2902
      1 2904
      1 2905
      1 2906
      1 2910
      1 2911
      1 2912
      3 2914
      1 2915
      2 2917
      1 2918
      1 2919
      1 2920
      5 2923
      1 2925
      2 2926
      1 2929
      2 2930
      1 2931
      1 2934
      2 2935
      5 2937
      1 2940
      2 2943
      2 2944
      1 2949
      1 2955
      1 2956
      1 2957
      1 2958
      1 2959
      1 2961
      2 2962
      1 2963
      1 2965
      1 2967
      2 2969
      2 2971
      2 2973
      2 2974
      1 2975
      1 2976
      1 2977
      1 2978
      2 2980
      2 2982
      1 2984
      1 2986
      3 2987
      1 2989
      1 2992
      2 2993
      1 2994
      1 2995
      1 2996
      1 2997
      1 3001
      2 3002
      1 3004
      1 3005
      1 3012
      1 3013
      1 3015
      1 3017
      2 3019
      2 3020
      3 3023
      2 3026
      2 3027
      1 3030
      1 3032
      1 3033
      2 3034
      1 3035
      1 3038
      1 3045
      1 3046
      1 3048
      1 3049
      1 3051
      1 3052
      1 3053
      1 3055
      3 3057
      3 3058
      2 3060
      1 3063
      2 3066
      1 3069
      1 3072
      1 3077
      2 3081
      1 3083
      1 3088
      1 3089
      2 3093
      1 3094
      2 3096
      1 3099
      1 3100
      1 3101
      2 3111
      1 3115
      4 3116
      2 3119
      2 3121
      1 3122
      1 3123
      1 3125
      2 3128
      1 3129
      4 3131
      2 3132
      1 3135
      1 3139
      2 3145
      1 3146
      2 3149
      2 3150
      1 3152
      1 3153
      1 3156
      1 3158
      2 3159
      2 3162
      1 3163
      1 3164
      1 3165
      1 3167
      1 3169
      2 3170
      1 3171
      1 3172
      2 3175
      1 3180
      1 3181
      1 3182
      1 3187
      1 3188
      2 3189
      1 3192
      2 3193
      2 3195
      1 3199
      1 3200
      2 3203
      2 3204
      1 3207
      1 3208
      1 3212
      1 3214
      2 3216
      1 3220
      1 3224
      1 3228
      3 3229
      2 3231
      1 3232
      2 3233
      2 3234
      2 3236
      1 3237
      1 3241
      2 3243
      1 3248
      2 3249
      1 3250
      1 3255
      1 3256
      1 3260
      3 3262
      1 3263
      2 3267
      1 3270
      1 3271
      2 3272
      2 3273
      1 3274
      2 3277
      1 3281
      1 3283
      1 3284
      1 3286
      1 3290
      1 3292
      1 3293
      1 3294
      1 3295
      2 3297
      2 3298
      1 3299
      1 3301
      1 3303
      1 3304
      1 3316
      1 3319
      1 3323
      1 3324
      2 3325
      1 3327
      1 3328
      1 3334
      1 3340
      1 3342
      1 3348
      1 3352
      1 3354
      1 3355
      1 3356
      1 3357
      2 3358
      1 3359
      1 3361
      2 3362
      4 3369
      1 3377
      1 3378
      1 3379
      1 3383
      1 3386
      1 3388
      1 3391
      1 3398
      1 3399
      1 3400
      2 3403
      2 3408
      1 3410
      1 3413
      1 3417
      1 3418
      2 3419
      1 3420
      1 3430
      1 3436
      1 3443
      1 3447
      1 3449
      1 3451
      1 3452
      1 3455
      2 3457
      1 3467
      1 3474
      2 3476
      1 3477
      2 3481
      3 3482
      1 3483
      1 3485
      2 3488
      1 3495
      2 3496
      1 3497
      1 3499
      1 3500
      1 3502
      2 3505
      1 3507
      1 3510
      1 3513
      1 3514
      1 3517
      1 3521
      1 3523
      1 3526
      1 3528
      2 3529
      1 3530
      1 3532
      1 3534
      1 3538
      1 3540
      1 3545
      2 3548
      2 3551
      1 3554
      1 3556
      1 3563
      1 3564
      1 3570
      1 3571
      1 3574
      1 3578
      1 3582
      1 3586
      1 3588
      1 3594
      1 3596
      1 3597
      1 3604
      1 3605
      2 3606
      1 3610
      1 3611
      1 3614
      1 3616
      2 3617
      1 3622
      2 3625
      1 3626
      2 3629
      1 3630
      3 3634
      2 3636
      1 3637
      1 3639
      1 3643
      1 3649
      1 3650
      2 3652
      1 3659
      1 3665
      1 3666
      1 3670
      2 3679
      1 3680
      1 3683
      1 3688
      1 3693
      1 3696
      1 3718
      1 3719
      1 3720
      1 3722
      2 3723
      1 3724
      1 3729
      1 3731
      1 3732
      1 3734
      1 3740
      2 3742
      1 3743
      1 3744
      1 3748
      1 3755
      1 3757
      1 3758
      1 3760
      1 3761
      2 3765
      2 3766
      1 3768
      1 3769
      2 3771
      1 3789
      1 3791
      1 3792
      1 3796
      1 3801
      2 3805
      2 3806
      1 3811
      2 3812
      1 3814
      1 3816
      1 3819
      1 3821
      1 3823
      1 3827
      2 3841
      1 3845
      1 3854
      1 3856
      1 3859
      2 3863
      1 3864
      1 3875
      2 3894
      1 3905
      1 3913
      1 3917
      1 3922
      1 3923
      1 3926
      1 3927
      1 3934
      1 3938
      1 3946
      1 3953
      1 3960
      1 3967
      1 3971
      2 3975
      1 3978
      1 3983
      1 3984
      1 3989
      2 3990
      2 3991
      1 3998
      1 3999
      1 4002
      1 4015
      1 4018
      2 4019
      1 4020
      2 4021
      1 4027
      1 4030
      1 4034
      1 4036
      1 4037
      1 4039
      1 4041
      1 4042
      1 4043
      1 4052
      1 4053
      1 4056
      1 4059
      1 4067
      2 4069
      2 4082
      1 4083
      1 4084
      1 4085
      1 4088
      1 4099
      1 4100
      1 4108
      1 4110
      1 4114
      2 4125
      1 4127
      1 4132
      1 4136
      1 4137
      2 4140
      1 4146
      1 4152
      1 4156
      1 4157
      1 4158
      1 4160
      1 4184
      2 4186
      1 4194
      1 4196
      1 4200
      1 4202
      2 4208
      1 4213
      2 4215
      1 4216
      1 4217
      1 4227
      1 4232
      2 4234
      1 4242
      1 4246
      1 4248
      1 4251
      1 4269
      1 4272
      1 4278
      1 4280
      1 4286
      1 4289
      1 4291
      1 4304
      1 4310
      1 4313
      1 4338
      1 4344
      1 4369
      1 4374
      1 4384
      1 4385
      1 4387
      1 4391
      1 4395
      1 4401
      1 4405
      1 4409
      1 4425
      1 4427
      1 4428
      1 4429
      1 4438
      1 4440
      1 4443
      1 4446
      1 4461
      2 4480
      1 4485
      1 4491
      1 4492
      1 4497
      1 4508
      1 4510
      1 4541
      1 4544
      1 4546
      1 4559
      1 4560
      1 4572
      1 4589
      1 4597
      1 4603
      1 4626
      1 4628
      1 4644
      1 4647
      1 4662
      1 4669
      1 4673
      1 4681
      2 4709
      1 4717
      1 4747
      1 4757
      1 4759
      1 4760
      1 4765
      1 4796
      1 4805
      1 4817
      1 4843
      1 4846
      1 4848
      1 4851
      1 4861
      1 4867
      1 4868
      1 4885
      1 4889
      1 4906
      1 4923
      2 4944
      1 4975
      1 4978
      1 4981
      1 4984
      1 4987
      1 4990
      1 4998
      1 5016
      1 5023
      1 5029
      1 5030
      1 5041
      1 5090
      1 5112
      2 5140
      1 5158
      1 5174
      1 5194
      1 5196
      1 5199
      1 5201
      2 5213
      1 5261
      1 5289
      1 5349
      1 5356
      1 5387
      1 5399
      1 5410
      1 5415
      1 5424
      1 5433
      1 5444
      1 5482
      1 5483
      1 5490
      1 5524
      1 5541
      1 5542
      1 5543
      1 5548
      1 5568
      1 5570
      1 5592
      1 5623
      1 5628
      1 5631
      1 5703
      1 5712
      1 5737
      1 5786
      1 5796
      1 5800
      1 5812
      1 5817
      1 5829
      1 5841
      1 5864
      1 5872
      1 5880
      1 5889
      1 5927
      1 5965
      1 5989
      1 5998
      1 6021
      1 6027
      1 6073
      1 6112
      1 6131
      1 6157
      1 6185
      1 6190
      1 6199
      1 6215
      1 6253
      1 6291
      1 6292
      1 6301
      1 6315
      1 6325
      1 6362
      1 6363
      1 6380
      1 6386
      1 6404
      1 6408
      1 6416
      1 6448
      1 6451
      1 6459
      1 6533
      1 6557
      1 6670
      1 6671
      1 6683
      1 6727
      1 6897
      1 6934
      1 6935
      1 6938
      1 6941
      1 6997
      1 7009
      1 7028
      1 7034
      1 7042
      1 7159
      1 7179
      1 7232
      1 7240
      1 7251
      1 7256
      1 7292
      1 7301
      1 7407
      1 7423
      1 7464
      1 7485
      1 7516
      1 7542
      1 7583
      1 7638
      1 7764
      1 7889
      1 7903
      1 7938
      1 7940
      1 7972
      1 7986
      1 8045
      1 8080
      1 8088
      1 8094
      1 8266
      1 8369
      1 8389
      1 8435
      1 8441
      1 8548
      1 8620
      1 8764
      1 8809
      1 8848
      1 8940
      1 9022
      1 9150
      1 9373
      1 9483
      1 9535
      1 9693
      1 9927
      1 10254
      1 10627
      1 10650
      1 10772
      1 10916
      1 11739
      1 12098
      1 12700
      1 12784
      1 13230
      1 13835
      1 13853
      1 14075
      1 15116
      1 15999
      1 16277
      1 16338
      1 17587
---AAD-PGBENCH-LAG-US---
