pgbench (18.6 (Debian 18.6-1.pgdg13+2))
starting vacuum...end.
transaction type: <builtin: select only>
scaling factor: 1000
query mode: simple
number of clients: 8
number of threads: 8
maximum number of tries: 1
duration: 60 s
number of transactions actually processed: 1827627
number of failed transactions: 0 (0.000%)
latency average = 0.263 ms
initial connection time = 5.368 ms
tps = 30462.868752 (without initial connection time)
---AAD-PGBENCH-LATENCY-US---
rc=0
samples=36262
      1 208
      1 209
      1 210
      5 211
      4 212
      4 213
     13 214
     11 215
     14 216
     13 217
     20 218
     33 219
     36 220
     55 221
     75 222
     95 223
    135 224
    172 225
    186 226
    214 227
    221 228
    231 229
    285 230
    336 231
    435 232
    523 233
    712 234
    948 235
   1094 236
   1415 237
   1587 238
   1576 239
   1498 240
   1411 241
   1255 242
   1130 243
   1101 244
   1131 245
   1033 246
    914 247
    824 248
    724 249
    646 250
    521 251
    499 252
    406 253
    424 254
    358 255
    372 256
    405 257
    450 258
    436 259
    710 260
    989 261
    492 262
    366 263
    341 264
    299 265
    250 266
    226 267
    198 268
    209 269
    170 270
    168 271
    149 272
    148 273
    129 274
    155 275
    191 276
    146 277
     99 278
     98 279
    104 280
     68 281
     72 282
     81 283
     75 284
     62 285
     65 286
     50 287
     58 288
     45 289
     61 290
     49 291
     55 292
     45 293
     43 294
     41 295
     54 296
     39 297
     43 298
     46 299
     39 300
     47 301
     42 302
     48 303
     40 304
     29 305
     43 306
     33 307
     33 308
     34 309
     30 310
     21 311
     26 312
     22 313
     19 314
     18 315
     26 316
     21 317
     20 318
     26 319
     20 320
     31 321
     22 322
     27 323
     46 324
     27 325
     25 326
     23 327
     32 328
     36 329
     47 330
     21 331
     18 332
     22 333
     28 334
     24 335
     25 336
     25 337
     28 338
     11 339
     20 340
     15 341
     21 342
     21 343
     23 344
     21 345
     20 346
     17 347
     29 348
     24 349
     24 350
     21 351
     25 352
     20 353
     22 354
     24 355
     20 356
     24 357
     27 358
     24 359
     20 360
     22 361
     18 362
     25 363
     23 364
     22 365
     16 366
     30 367
     26 368
     22 369
     23 370
     13 371
     22 372
     12 373
     15 374
     17 375
     13 376
     11 377
      7 378
     11 379
     12 380
     12 381
     12 382
      9 383
     10 384
     13 385
     13 386
     10 387
     14 388
     17 389
     10 390
     15 391
      9 392
     11 393
      9 394
     12 395
      4 396
     12 397
     11 398
     12 399
     14 400
      7 401
     12 402
      8 403
     14 404
      9 405
     10 406
      8 407
     12 408
      8 409
      7 410
     14 411
      7 412
      5 413
      6 414
      4 415
      9 416
      8 417
      7 418
      9 419
     13 420
      9 421
      4 422
      6 423
      4 424
      6 425
     11 426
      3 427
     10 428
      7 429
      5 430
      7 431
      3 432
      5 433
      3 434
      6 435
      8 436
      7 437
      8 438
      1 439
      3 440
      5 441
      3 442
      8 443
      9 444
      6 445
      5 446
      6 447
      7 448
      4 449
      9 450
      9 451
      4 452
      9 453
      9 454
      8 455
     11 456
     11 457
     16 458
     10 459
     10 460
     19 461
     16 462
     19 463
     15 464
     18 465
     11 466
     27 467
     21 468
     14 469
     20 470
     16 471
     12 472
     21 473
     24 474
     18 475
     24 476
     15 477
     21 478
     19 479
     15 480
     20 481
     13 482
     17 483
     16 484
     16 485
     16 486
      7 487
     12 488
      6 489
     10 490
      8 491
     13 492
      9 493
     11 494
      7 495
     10 496
      7 497
      6 498
      7 499
      7 500
      3 501
      3 502
      6 503
      6 504
      7 505
      3 506
      7 507
      2 508
      2 509
      3 510
      2 511
      4 512
      4 513
      4 514
      3 515
      7 516
      8 517
      8 518
      9 519
     12 520
      6 521
     14 522
     12 523
      2 524
      6 525
      3 526
      1 527
      3 528
      2 529
      2 530
      2 531
      6 532
      2 533
      3 534
      2 535
      1 536
      1 537
      2 538
      5 539
      3 540
      2 542
      2 543
      1 544
      3 545
      2 547
      4 548
      1 549
      1 550
      3 552
      1 553
      4 554
      1 555
      2 556
      2 560
      1 561
      2 564
      2 565
      2 566
      3 568
      2 569
      1 570
      1 571
      1 572
      1 573
      2 574
      2 576
      4 577
      2 580
      1 581
      1 583
      1 584
      2 585
      2 586
      2 589
      1 590
      1 591
      1 592
      2 593
      1 594
      2 595
      2 596
      4 597
      1 598
      1 599
      2 601
      1 602
      1 605
      1 606
      1 607
      1 608
      2 609
      1 611
      2 617
      2 620
      1 623
      1 624
      1 625
      1 626
      1 628
      1 629
      1 633
      1 635
      1 636
      2 637
      1 638
      1 643
      2 644
      2 645
      1 646
      2 647
      1 650
      1 652
      1 658
      1 659
      1 660
      1 661
      1 663
      1 664
      1 666
      1 669
      1 672
      2 673
      1 678
      1 689
      1 691
      1 693
      1 698
      1 701
      1 704
      2 705
      1 706
      1 708
      1 709
      1 716
      1 720
      1 728
      1 731
      1 747
      1 749
      1 760
      2 765
      1 772
      1 780
      1 785
      1 799
      1 805
      1 809
      1 817
      1 822
      1 823
      1 835
      1 850
      1 864
      1 900
      1 905
---AAD-PGBENCH-LAG-US---
