pgbench (18.6 (Debian 18.6-1.pgdg13+2))
starting vacuum...end.
transaction type: <builtin: select only>
scaling factor: 1000
query mode: simple
number of clients: 64
number of threads: 16
maximum number of tries: 1
duration: 480 s
number of transactions actually processed: 51611346
number of failed transactions: 0 (0.000%)
latency average = 0.487 ms
latency stddev = 0.177 ms
rate limit schedule lag: avg 0.104 (max 24.771) ms
initial connection time = 128.952 ms
tps = 107552.319239 (without initial connection time)
---AAD-PGBENCH-LATENCY-US---
rc=0
samples=1031838
      1 230
      1 231
      2 233
      3 234
      2 235
      4 236
     10 237
      5 238
     10 239
      8 240
     15 241
     20 242
     26 243
     32 244
     39 245
     50 246
     57 247
     69 248
     99 249
    105 250
    117 251
    148 252
    226 253
    249 254
    257 255
    284 256
    381 257
    396 258
    458 259
    494 260
    563 261
    638 262
    745 263
    776 264
    857 265
    998 266
    992 267
   1117 268
   1265 269
   1297 270
   1425 271
   1608 272
   1750 273
   1709 274
   1906 275
   2075 276
   2023 277
   2202 278
   2227 279
   2387 280
   2337 281
   2519 282
   2577 283
   2626 284
   2612 285
   2767 286
   2752 287
   2820 288
   2806 289
   2899 290
   3016 291
   3026 292
   3144 293
   3150 294
   3285 295
   3329 296
   3507 297
   3461 298
   3505 299
   3728 300
   3532 301
   3825 302
   3933 303
   4134 304
   4032 305
   4355 306
   4296 307
   4454 308
   4646 309
   4576 310
   4707 311
   4814 312
   4851 313
   5164 314
   5129 315
   5360 316
   5328 317
   5614 318
   5620 319
   5746 320
   5888 321
   5940 322
   6061 323
   6177 324
   6188 325
   6213 326
   6688 327
   6628 328
   6818 329
   6915 330
   6900 331
   7124 332
   7486 333
   7382 334
   7632 335
   7763 336
   7763 337
   7741 338
   7980 339
   8211 340
   8197 341
   8369 342
   8298 343
   8536 344
   8546 345
   8441 346
   8443 347
   8400 348
   8195 349
   8214 350
   8162 351
   7734 352
   7710 353
   7820 354
   7621 355
   7402 356
   7244 357
   7102 358
   6950 359
   6869 360
   6887 361
   6843 362
   6363 363
   6498 364
   6289 365
   6292 366
   6289 367
   6216 368
   6296 369
   5968 370
   6111 371
   5869 372
   5914 373
   5786 374
   5699 375
   5819 376
   5687 377
   5604 378
   5671 379
   5595 380
   5526 381
   5472 382
   5425 383
   5507 384
   5256 385
   5236 386
   5245 387
   5308 388
   5151 389
   5184 390
   5109 391
   5177 392
   4972 393
   4972 394
   5012 395
   4959 396
   4788 397
   4788 398
   4925 399
   4917 400
   4831 401
   4913 402
   4801 403
   4778 404
   4713 405
   4548 406
   4709 407
   4644 408
   4748 409
   4583 410
   4612 411
   4418 412
   4439 413
   4555 414
   4379 415
   4231 416
   4148 417
   4153 418
   3973 419
   3790 420
   3816 421
   3647 422
   3731 423
   3586 424
   3507 425
   3372 426
   3317 427
   3289 428
   3193 429
   3041 430
   2967 431
   2975 432
   2918 433
   2821 434
   2651 435
   2635 436
   2675 437
   2645 438
   2470 439
   2514 440
   2530 441
   2418 442
   2422 443
   2422 444
   2358 445
   2387 446
   2250 447
   2291 448
   2230 449
   2156 450
   2117 451
   2132 452
   2037 453
   2078 454
   2069 455
   2168 456
   2041 457
   1892 458
   1974 459
   1913 460
   1854 461
   1859 462
   1866 463
   1860 464
   1838 465
   1741 466
   1806 467
   1847 468
   1763 469
   1692 470
   1649 471
   1720 472
   1659 473
   1615 474
   1663 475
   1498 476
   1571 477
   1630 478
   1519 479
   1533 480
   1482 481
   1530 482
   1567 483
   1422 484
   1418 485
   1376 486
   1374 487
   1364 488
   1421 489
   1319 490
   1187 491
   1273 492
   1208 493
   1189 494
   1133 495
   1146 496
   1048 497
   1118 498
   1126 499
   1014 500
   1054 501
   1069 502
   1011 503
    986 504
    980 505
    900 506
    952 507
    948 508
    929 509
    909 510
    914 511
    887 512
    905 513
    815 514
    833 515
    816 516
    816 517
    830 518
    806 519
    822 520
    800 521
    771 522
    811 523
    756 524
    747 525
    790 526
    724 527
    739 528
    732 529
    707 530
    698 531
    662 532
    625 533
    645 534
    604 535
    633 536
    581 537
    627 538
    554 539
    601 540
    559 541
    561 542
    533 543
    601 544
    527 545
    579 546
    551 547
    550 548
    515 549
    547 550
    477 551
    483 552
    527 553
    460 554
    468 555
    503 556
    469 557
    429 558
    437 559
    433 560
    451 561
    426 562
    409 563
    386 564
    392 565
    389 566
    371 567
    407 568
    323 569
    356 570
    345 571
    366 572
    339 573
    353 574
    346 575
    309 576
    322 577
    322 578
    307 579
    342 580
    289 581
    264 582
    312 583
    300 584
    263 585
    273 586
    285 587
    260 588
    244 589
    260 590
    270 591
    258 592
    225 593
    219 594
    246 595
    232 596
    230 597
    232 598
    188 599
    218 600
    205 601
    173 602
    168 603
    192 604
    185 605
    184 606
    149 607
    154 608
    146 609
    153 610
    151 611
    160 612
    140 613
    152 614
    135 615
    132 616
    112 617
    126 618
    129 619
    133 620
    128 621
    106 622
    139 623
    122 624
    121 625
    116 626
    112 627
    110 628
     98 629
     86 630
     90 631
     79 632
    107 633
     92 634
    101 635
     90 636
     87 637
     77 638
     91 639
     80 640
     69 641
     53 642
     82 643
     83 644
     73 645
     65 646
     68 647
     82 648
     86 649
     88 650
     65 651
     67 652
     67 653
     62 654
     61 655
     76 656
     60 657
     59 658
     48 659
     62 660
     54 661
     62 662
     54 663
     54 664
     52 665
     44 666
     59 667
     53 668
     41 669
     40 670
     41 671
     44 672
     49 673
     41 674
     39 675
     31 676
     42 677
     38 678
     41 679
     40 680
     29 681
     35 682
     31 683
     34 684
     49 685
     30 686
     33 687
     28 688
     32 689
     28 690
     28 691
     32 692
     26 693
     26 694
     39 695
     32 696
     22 697
     21 698
     25 699
     24 700
     17 701
     21 702
     23 703
     24 704
     30 705
     21 706
     26 707
     25 708
     23 709
     27 710
     16 711
     22 712
     19 713
     14 714
     16 715
     18 716
     23 717
     17 718
     24 719
     14 720
     21 721
     16 722
     16 723
     18 724
     17 725
     12 726
     21 727
     15 728
     13 729
     16 730
     10 731
     20 732
      8 733
     13 734
     21 735
     16 736
     11 737
     19 738
     10 739
     13 740
     14 741
     14 742
      9 743
     16 744
     17 745
      8 746
     12 747
      8 748
     14 749
     11 750
     12 751
     16 752
     10 753
     16 754
     10 755
      9 756
     10 757
     14 758
     14 759
      8 760
     13 761
      9 762
      8 763
     11 764
      7 765
      6 766
     10 767
     14 768
      8 769
      9 770
      3 771
     13 772
      3 773
      8 774
      5 775
     10 776
      7 777
      5 778
      5 779
      9 780
      7 781
      6 782
     13 783
     12 784
      6 785
      5 786
     10 787
      6 788
      3 789
      9 790
      8 791
      7 792
     13 793
      5 794
      8 795
      7 796
      4 797
      7 798
     10 799
      3 800
      5 801
     10 802
      8 803
      7 804
      7 805
      3 806
      5 807
      5 808
      5 809
      6 810
      6 811
      8 812
      6 813
      8 814
      6 815
      3 816
      3 817
      3 818
      6 819
      2 820
      5 821
      1 822
      6 823
     10 824
      6 825
     13 826
      5 827
      8 828
      7 829
      9 830
      1 832
      7 833
     11 834
      6 835
     11 836
      4 837
      6 838
      4 839
      4 840
      4 841
      4 842
     12 843
      7 844
      6 845
      7 846
      7 847
      8 848
      9 849
     12 850
      2 851
      8 852
      7 853
      7 854
     10 855
      7 856
      3 857
     10 858
      9 859
      4 860
      8 861
      3 862
      8 863
      4 864
      7 865
      5 866
      5 867
      6 868
      4 869
      4 870
      8 872
      8 873
      3 874
      6 875
      3 876
      6 877
      4 878
      5 879
      6 880
      7 881
      2 882
      5 883
      3 884
      7 885
      2 886
      7 887
      6 888
      2 889
      3 890
      2 891
      6 892
      7 893
      4 894
      5 895
      2 896
      5 897
      5 899
      3 900
      4 901
      2 902
      5 903
      5 904
      5 905
      5 906
      6 907
      3 908
      4 909
      4 910
      4 911
      4 912
      5 913
      4 914
      5 915
      2 916
      7 917
      5 918
      5 919
      3 920
      1 921
      1 922
      3 923
      5 924
      3 925
      4 926
      5 927
      7 928
      4 929
      3 930
      7 931
      2 932
      3 933
      3 934
      8 935
      6 936
      2 937
      3 938
      1 939
      1 940
      3 941
      6 942
      3 943
      6 944
      4 945
      7 947
      4 948
      6 949
      4 950
      5 951
      2 952
      3 953
      7 954
      1 955
      3 956
      4 957
      3 958
      7 959
      3 960
      5 961
      5 962
      3 963
      4 964
      1 965
      7 966
      7 967
      3 968
      4 969
      6 970
      5 971
      8 972
      4 973
      7 974
      5 975
      7 976
      3 977
      2 978
      5 979
      5 980
      5 981
      3 982
      8 983
      2 984
      4 985
      8 986
      1 987
      3 988
      5 989
      4 990
      3 991
      5 992
      4 993
      3 994
      2 995
      9 996
      5 997
      5 998
      2 999
      6 1000
      5 1001
      9 1002
      1 1003
      3 1004
      8 1005
      1 1006
      3 1007
      4 1008
      5 1009
      6 1010
      6 1011
      4 1012
      8 1013
      1 1014
      3 1015
      6 1016
      3 1017
      5 1018
      5 1019
      1 1020
      4 1021
      4 1022
      6 1023
      5 1024
      3 1025
      3 1026
      1 1027
      1 1028
      4 1029
      3 1030
      8 1031
      4 1032
      2 1033
      1 1034
      1 1035
      3 1036
      7 1037
      6 1039
      7 1040
      8 1041
      6 1042
      5 1043
      4 1044
      8 1045
      2 1046
      1 1047
      2 1048
      5 1049
      2 1050
      2 1051
      5 1052
      6 1053
      8 1054
      3 1055
      2 1056
      6 1057
      1 1058
      4 1059
      1 1060
      7 1061
     11 1062
      5 1063
      5 1064
      4 1065
      4 1066
      3 1067
      4 1068
      4 1069
      4 1070
      2 1071
      2 1072
      3 1073
      4 1074
      5 1075
      6 1076
      2 1077
      4 1078
      7 1079
      4 1080
      3 1081
      8 1082
      8 1083
      4 1084
      3 1085
      4 1086
      2 1087
      2 1088
      2 1089
      2 1090
      3 1091
      4 1092
      7 1093
      2 1094
      3 1095
      3 1096
      2 1097
      5 1098
      4 1099
      3 1100
      5 1101
      3 1102
      7 1103
      4 1104
      4 1106
      5 1107
      5 1108
      1 1109
      1 1110
      2 1111
      5 1112
      3 1113
      2 1114
      3 1115
      4 1116
      6 1117
      4 1118
      4 1119
      3 1120
      5 1121
      4 1122
      3 1123
      6 1124
      6 1125
      2 1126
      4 1127
      4 1128
      1 1129
      5 1130
      7 1131
     10 1132
      5 1133
      5 1134
      3 1135
      3 1136
      3 1137
      4 1138
      5 1139
      2 1140
      2 1141
      6 1142
      3 1143
      3 1144
      9 1145
      5 1146
      3 1147
      5 1148
      3 1149
      5 1150
      5 1152
      3 1153
      6 1154
      2 1155
      5 1156
     10 1157
      4 1158
      4 1159
      4 1160
      5 1161
      7 1162
      4 1163
      4 1164
      3 1165
      8 1166
      4 1167
      3 1168
      3 1169
      7 1170
      3 1171
      6 1172
      4 1173
      3 1174
      3 1175
      5 1176
     10 1177
      7 1178
      4 1179
      7 1180
      4 1181
      4 1182
      7 1183
      3 1184
      9 1185
      7 1186
      3 1187
      3 1188
      4 1189
      5 1190
      5 1192
      4 1193
      3 1194
      1 1195
      2 1196
      4 1197
      4 1198
      2 1199
      3 1200
      4 1201
      6 1202
      7 1203
      4 1204
      2 1205
      3 1206
      2 1207
      4 1208
      6 1209
      6 1210
      4 1211
      7 1212
      7 1213
      2 1214
      3 1215
      3 1216
      5 1217
      5 1218
      2 1219
      2 1220
      4 1221
      5 1222
      4 1223
      7 1224
      4 1225
      3 1226
      8 1227
      3 1228
      3 1229
      5 1230
      6 1231
      7 1232
      5 1234
      5 1235
      7 1236
      6 1237
      4 1238
      4 1239
      2 1240
      4 1241
      4 1242
      9 1243
      6 1244
      3 1245
      2 1246
      5 1247
      4 1248
      1 1249
      5 1250
      7 1251
      4 1252
      4 1253
      6 1254
      7 1255
      6 1256
      4 1257
      3 1258
      2 1259
      4 1260
      5 1261
      3 1262
      2 1263
      4 1264
      6 1265
      2 1266
      2 1267
      7 1268
      6 1269
      9 1270
      3 1271
      5 1272
      7 1273
      1 1274
      5 1275
      5 1276
      4 1277
     10 1278
      5 1279
      7 1280
      8 1281
      6 1282
      3 1283
      3 1284
      8 1285
     11 1286
      4 1287
      8 1288
      4 1289
      6 1290
      6 1291
      7 1292
      5 1293
      7 1294
      5 1295
      7 1296
      1 1297
      2 1298
      9 1299
      5 1300
      8 1301
      7 1302
      4 1303
      4 1304
      4 1305
      5 1306
      4 1307
      4 1308
      6 1309
      5 1310
      6 1311
      8 1312
      4 1313
      4 1314
      2 1315
      6 1316
      3 1317
      5 1318
      3 1319
      5 1320
      6 1321
      2 1322
      4 1323
      3 1324
     13 1325
      4 1326
      5 1327
      6 1328
      4 1329
      5 1330
      5 1331
      5 1332
      3 1333
      6 1334
      1 1335
      7 1336
      3 1337
      5 1338
      4 1339
      5 1340
      5 1341
     10 1342
      7 1343
      3 1344
      5 1345
      6 1346
      5 1347
      5 1348
      2 1349
      5 1350
      5 1351
      7 1352
      8 1353
      6 1354
      3 1355
      5 1356
      5 1357
      5 1358
      5 1359
      5 1360
      8 1361
      5 1362
      6 1363
      2 1364
      6 1365
      6 1366
      4 1367
      9 1368
      7 1369
      2 1370
      6 1371
      9 1372
      7 1373
      3 1374
      5 1375
      5 1376
      5 1377
      6 1378
      4 1379
      3 1380
      5 1381
      4 1382
      7 1383
      5 1384
      9 1385
      8 1386
      7 1387
      8 1388
      6 1389
      5 1390
      9 1391
      6 1392
      6 1393
      7 1394
      7 1395
      2 1396
      9 1397
      4 1398
     10 1399
      5 1400
      5 1401
     10 1402
      4 1403
      8 1404
      9 1405
      3 1406
      5 1407
      8 1408
      8 1409
      6 1410
      7 1411
     12 1412
      4 1413
      8 1414
      7 1415
      5 1416
      8 1417
     12 1418
      7 1419
      9 1420
      6 1421
      5 1422
      7 1423
      2 1424
      6 1425
      6 1426
      3 1427
      9 1428
      6 1429
      5 1430
      9 1431
      5 1432
     13 1433
      2 1434
     10 1435
      5 1436
      7 1437
     13 1438
      6 1439
     11 1440
     14 1441
      2 1442
     10 1443
      9 1444
      8 1445
      7 1446
      6 1447
     13 1448
      5 1449
     12 1450
      7 1451
     10 1452
      6 1453
      5 1454
      6 1455
      8 1456
      6 1457
      4 1458
     10 1459
     11 1460
     11 1461
      7 1462
      6 1463
      5 1464
      8 1465
      4 1466
      3 1467
      6 1468
      4 1469
      6 1470
      7 1471
      6 1472
      8 1473
      1 1474
      9 1475
      4 1476
      5 1477
      3 1478
      9 1479
      3 1480
      4 1481
      9 1482
      5 1483
      7 1484
      4 1485
      2 1486
      7 1487
      7 1488
      5 1489
      3 1490
      4 1491
      5 1492
      2 1493
      2 1494
      4 1495
      3 1496
      7 1497
      5 1498
      8 1499
      4 1500
     10 1501
      7 1502
      7 1503
      2 1504
      4 1505
      4 1506
      9 1507
      8 1508
      6 1509
      6 1510
      8 1511
      5 1512
      1 1513
      3 1514
      7 1515
      5 1516
      6 1517
      8 1518
      7 1519
      3 1520
     17 1521
      6 1522
      7 1523
      3 1524
      5 1525
      6 1526
      3 1527
      4 1528
      2 1529
      1 1530
      6 1532
      5 1533
      5 1534
      5 1535
      6 1536
      2 1537
      3 1538
      8 1539
      3 1540
      3 1541
      3 1542
      4 1543
      5 1544
      6 1545
      4 1546
      1 1547
      3 1548
      6 1549
      1 1550
      3 1551
      3 1552
      1 1553
      3 1554
      6 1555
      7 1557
      2 1558
      1 1559
      4 1560
      6 1561
      4 1562
      5 1563
      3 1564
      2 1565
      2 1567
      3 1568
      1 1569
      3 1570
      5 1571
      1 1572
      3 1573
      5 1574
      3 1575
      3 1576
      2 1577
      3 1578
      4 1580
      3 1581
      6 1582
      3 1583
      4 1584
      2 1585
      5 1586
      2 1587
      1 1588
      3 1589
      2 1590
      5 1591
      1 1592
      1 1593
      4 1594
      2 1595
      2 1596
      1 1597
      3 1598
      2 1600
      1 1601
      4 1602
      1 1603
      1 1604
      1 1605
      2 1606
      1 1607
      3 1611
      3 1612
      1 1613
      3 1614
      3 1615
      1 1616
      1 1617
      3 1618
      1 1619
      3 1620
      1 1621
      1 1624
      2 1625
      2 1627
      3 1628
      4 1631
      1 1632
      3 1633
      1 1635
      1 1637
      1 1638
      3 1639
      1 1641
      3 1642
      1 1643
      1 1645
      1 1647
      1 1649
      2 1651
      1 1652
      1 1654
      1 1656
      1 1658
      1 1659
      2 1661
      1 1663
      1 1664
      1 1665
      3 1669
      1 1670
      1 1673
      1 1675
      1 1677
      1 1678
      1 1681
      1 1684
      1 1685
      1 1688
      1 1690
      1 1693
      2 1695
      2 1698
      2 1699
      1 1703
      1 1704
      1 1710
      1 1712
      3 1721
      2 1724
      1 1727
      1 1745
      1 1753
      1 1755
      1 1761
      1 1765
      1 1774
      1 1794
      1 1802
      1 1807
      1 1815
      1 1818
      1 1837
      1 1839
      1 1865
      1 1883
      1 1897
      1 1915
      1 1918
      1 1919
      1 1941
      1 1943
      1 1951
      1 1953
      1 1960
      1 1995
      1 2000
      1 2007
      1 2072
      1 2094
      1 2110
      1 2308
      1 2612
      1 2795
      1 2879
      1 3457
      1 3633
      1 4730
      1 13865
---AAD-PGBENCH-LAG-US---
   7945 0
   7028 1
   6594 2
   6288 3
   6349 4
   6110 5
   5702 6
   5816 7
   5523 8
   5426 9
   5426 10
   5516 11
   5358 12
   5452 13
   5450 14
   5389 15
   5332 16
   5382 17
   5398 18
   5428 19
   5446 20
   5384 21
   5369 22
   5453 23
   5435 24
   5450 25
   5537 26
   5443 27
   5540 28
   5471 29
   5477 30
   5453 31
   5607 32
   5508 33
   5573 34
   5564 35
   5416 36
   5443 37
   5511 38
   5294 39
   5363 40
   5440 41
   5322 42
   5315 43
   5440 44
   5246 45
   5372 46
   5235 47
   5288 48
   5221 49
   4948 50
   4952 51
   4712 52
   4258 53
   4598 54
  14878 55
  19294 56
  10546 57
   9027 58
   8794 59
   8453 60
  10615 61
  23834 62
  44810 63
  77868 64
  44429 65
  18666 66
  14908 67
  13941 68
  14886 69
  17440 70
  15357 71
  15333 72
  11097 73
   6912 74
   5684 75
   5105 76
   4717 77
   4356 78
   4149 79
   3388 80
   2784 81
   2505 82
   2247 83
   1998 84
   1919 85
   1844 86
   1757 87
   1751 88
   1642 89
   1521 90
   1477 91
   1456 92
   1447 93
   1446 94
   1436 95
   1468 96
   1394 97
   1447 98
   1333 99
   1320 100
   1400 101
   1389 102
   1275 103
   1327 104
   1392 105
   1319 106
   1345 107
   1363 108
   1293 109
   1336 110
   1343 111
   1348 112
   1295 113
   1339 114
   1328 115
   1282 116
   1312 117
   1362 118
   1341 119
   1320 120
   1232 121
   1286 122
   1338 123
   1293 124
   1306 125
   1317 126
   1251 127
   1322 128
   1314 129
   1282 130
   1270 131
   1244 132
   1320 133
   1226 134
   1239 135
   1296 136
   1244 137
   1233 138
   1274 139
   1186 140
   1258 141
   1281 142
   1232 143
   1166 144
   1291 145
   1204 146
   1198 147
   1177 148
   1273 149
   1261 150
   1207 151
   1132 152
   1205 153
   1181 154
   1241 155
   1160 156
   1212 157
   1165 158
   1176 159
   1190 160
   1236 161
   1140 162
   1147 163
   1091 164
   1165 165
   1184 166
   1163 167
   1201 168
   1128 169
   1212 170
   1121 171
   1143 172
   1163 173
   1131 174
   1182 175
   1119 176
   1052 177
   1158 178
   1098 179
   1121 180
   1125 181
   1112 182
   1060 183
   1050 184
   1141 185
   1092 186
   1053 187
   1043 188
   1038 189
   1071 190
   1044 191
   1067 192
    997 193
   1005 194
    970 195
   1024 196
    985 197
    987 198
    988 199
   1043 200
    990 201
    959 202
    980 203
   1014 204
    929 205
    966 206
    967 207
    943 208
    938 209
    977 210
    957 211
    973 212
    990 213
    951 214
    996 215
    930 216
    990 217
    942 218
    987 219
    919 220
    962 221
    937 222
    901 223
    893 224
    885 225
    845 226
    890 227
    880 228
    877 229
    871 230
    878 231
    907 232
    854 233
    860 234
    860 235
    870 236
    876 237
    827 238
    813 239
    834 240
    829 241
    794 242
    851 243
    818 244
    810 245
    800 246
    765 247
    745 248
    798 249
    754 250
    819 251
    712 252
    762 253
    696 254
    724 255
    721 256
    744 257
    743 258
    702 259
    731 260
    705 261
    725 262
    678 263
    705 264
    744 265
    712 266
    676 267
    642 268
    713 269
    648 270
    667 271
    611 272
    655 273
    657 274
    656 275
    680 276
    642 277
    603 278
    648 279
    616 280
    647 281
    635 282
    626 283
    619 284
    585 285
    636 286
    645 287
    608 288
    525 289
    540 290
    590 291
    544 292
    538 293
    571 294
    532 295
    547 296
    546 297
    529 298
    574 299
    529 300
    509 301
    496 302
    521 303
    543 304
    485 305
    502 306
    520 307
    473 308
    501 309
    490 310
    495 311
    495 312
    450 313
    481 314
    467 315
    484 316
    459 317
    464 318
    453 319
    416 320
    419 321
    462 322
    447 323
    440 324
    427 325
    463 326
    446 327
    414 328
    401 329
    401 330
    433 331
    432 332
    372 333
    390 334
    380 335
    380 336
    412 337
    408 338
    387 339
    343 340
    359 341
    371 342
    334 343
    366 344
    359 345
    350 346
    359 347
    367 348
    360 349
    396 350
    328 351
    367 352
    339 353
    355 354
    329 355
    301 356
    304 357
    311 358
    320 359
    341 360
    333 361
    329 362
    310 363
    323 364
    289 365
    306 366
    273 367
    309 368
    295 369
    292 370
    283 371
    280 372
    288 373
    293 374
    265 375
    285 376
    259 377
    274 378
    250 379
    275 380
    272 381
    285 382
    266 383
    235 384
    229 385
    270 386
    291 387
    233 388
    221 389
    263 390
    254 391
    211 392
    239 393
    230 394
    229 395
    276 396
    222 397
    209 398
    232 399
    221 400
    224 401
    253 402
    239 403
    212 404
    218 405
    227 406
    226 407
    217 408
    225 409
    227 410
    212 411
    222 412
    208 413
    184 414
    203 415
    169 416
    199 417
    193 418
    177 419
    202 420
    203 421
    183 422
    227 423
    210 424
    201 425
    175 426
    185 427
    164 428
    177 429
    189 430
    198 431
    191 432
    166 433
    171 434
    183 435
    169 436
    162 437
    194 438
    166 439
    176 440
    155 441
    148 442
    136 443
    157 444
    168 445
    183 446
    150 447
    135 448
    145 449
    146 450
    148 451
    160 452
    140 453
    134 454
    133 455
    163 456
    165 457
    137 458
    132 459
    125 460
    148 461
    154 462
    135 463
    135 464
    128 465
    138 466
    140 467
    133 468
    138 469
    133 470
    114 471
    135 472
    116 473
    145 474
    146 475
    129 476
    144 477
    117 478
    115 479
    123 480
    145 481
    112 482
    148 483
    124 484
    124 485
    113 486
    127 487
    109 488
    120 489
    119 490
    129 491
    102 492
    109 493
    115 494
    114 495
    108 496
     95 497
    109 498
    112 499
    120 500
    105 501
     89 502
    103 503
     99 504
     98 505
     97 506
    100 507
    105 508
     99 509
     85 510
     98 511
     91 512
    111 513
    100 514
     95 515
    101 516
     83 517
    108 518
     96 519
     83 520
     94 521
     97 522
     92 523
     87 524
    103 525
     85 526
     81 527
     75 528
     80 529
    101 530
     95 531
     76 532
     64 533
     81 534
     95 535
     82 536
    104 537
     90 538
     97 539
     87 540
     79 541
     78 542
     83 543
     93 544
     79 545
     79 546
     69 547
     50 548
     89 549
     70 550
     79 551
     72 552
     69 553
     73 554
     82 555
     66 556
     66 557
     59 558
     70 559
     78 560
     66 561
     83 562
     65 563
     68 564
     70 565
     75 566
     70 567
     78 568
     68 569
     80 570
     47 571
     47 572
     69 573
     53 574
     74 575
     67 576
     61 577
     63 578
     77 579
     63 580
     64 581
     60 582
     51 583
     68 584
     64 585
     64 586
     50 587
     59 588
     55 589
     44 590
     42 591
     72 592
     62 593
     62 594
     45 595
     47 596
     51 597
     61 598
     60 599
     66 600
     55 601
     58 602
     45 603
     34 604
     52 605
     48 606
     50 607
     53 608
     64 609
     49 610
     48 611
     52 612
     71 613
     45 614
     47 615
     36 616
     43 617
     50 618
     54 619
     30 620
     48 621
     44 622
     39 623
     42 624
     58 625
     37 626
     40 627
     56 628
     43 629
     43 630
     40 631
     55 632
     47 633
     31 634
     35 635
     49 636
     38 637
     45 638
     46 639
     34 640
     41 641
     38 642
     44 643
     32 644
     39 645
     38 646
     35 647
     29 648
     46 649
     45 650
     39 651
     47 652
     32 653
     41 654
     43 655
     36 656
     35 657
     39 658
     39 659
     35 660
     35 661
     34 662
     30 663
     25 664
     42 665
     31 666
     37 667
     31 668
     37 669
     33 670
     32 671
     31 672
     38 673
     28 674
     35 675
     31 676
     34 677
     25 678
     41 679
     30 680
     30 681
     38 682
     32 683
     25 684
     32 685
     23 686
     43 687
     26 688
     35 689
     24 690
     33 691
     27 692
     22 693
     31 694
     30 695
     41 696
     18 697
     32 698
     26 699
     27 700
     41 701
     20 702
     25 703
     24 704
     32 705
     28 706
     31 707
     31 708
     30 709
     26 710
     22 711
     22 712
     25 713
     29 714
     29 715
     20 716
     28 717
     27 718
     20 719
     28 720
     22 721
     17 722
     27 723
     23 724
     25 725
     30 726
     21 727
     39 728
     27 729
     20 730
     14 731
     19 732
     25 733
     17 734
     24 735
     17 736
     10 737
     17 738
     21 739
     19 740
     17 741
     18 742
     16 743
     20 744
     26 745
     27 746
     20 747
     15 748
     14 749
     25 750
     19 751
     25 752
     18 753
     18 754
     25 755
     18 756
     27 757
     23 758
     13 759
     20 760
     17 761
     18 762
     22 763
     23 764
     27 765
     17 766
     25 767
     23 768
      9 769
     15 770
     12 771
     22 772
     19 773
     22 774
     15 775
     17 776
     13 777
     16 778
     16 779
     15 780
     28 781
     21 782
     21 783
     12 784
     23 785
     27 786
     18 787
     16 788
     22 789
     17 790
     22 791
     15 792
     17 793
      8 794
     14 795
     12 796
     10 797
     16 798
     15 799
     13 800
     15 801
      9 802
      9 803
     11 804
     14 805
     10 806
     15 807
     12 808
     19 809
     19 810
     18 811
     13 812
     15 813
     18 814
     14 815
     19 816
     15 817
     15 818
     15 819
     11 820
     12 821
     16 822
     13 823
     16 824
     16 825
     10 826
     16 827
     17 828
     16 829
     13 830
     11 831
     14 832
     16 833
     17 834
     14 835
     11 836
     12 837
     13 838
     15 839
     10 840
      9 841
      9 842
     21 843
     15 844
     16 845
     13 846
      9 847
      8 848
     13 849
     16 850
     10 851
      9 852
     12 853
     16 854
     17 855
     13 856
     10 857
     13 858
     11 859
     12 860
     10 861
     15 862
      8 863
     11 864
      8 865
      7 866
      8 867
     17 868
     13 869
     13 870
     20 871
      9 872
     14 873
     17 874
      9 875
     15 876
     14 877
     10 878
     14 879
     12 880
     18 881
     17 882
      8 883
      8 884
     13 885
      6 886
      6 887
      9 888
     10 889
      9 890
      7 891
      5 892
      3 893
      9 894
     10 895
     10 896
     11 897
     11 898
      4 899
      7 900
     11 901
     10 902
     11 903
     10 904
      1 905
     14 906
     11 907
     11 908
      8 909
     14 910
     14 911
     12 912
      9 913
      6 914
      5 915
     10 916
     10 917
      6 918
      5 919
     10 920
     10 921
      6 922
      8 923
     11 924
      6 925
     14 926
      8 927
      5 928
      9 929
     11 930
      7 931
      7 932
      9 933
      3 934
     10 935
      5 936
     15 937
     15 938
     10 939
      8 940
      6 941
      9 942
      5 943
      7 944
      6 945
     14 946
     13 947
      7 948
      8 949
      4 950
      5 951
      7 952
      8 953
      7 954
      4 955
      9 956
      6 957
      5 958
      9 959
     10 960
      9 961
      5 962
      5 963
      4 964
      3 965
      6 966
     11 967
      8 968
     11 969
      9 970
      9 971
     11 972
     16 973
      5 974
      5 975
      7 976
      7 977
      6 978
      7 979
      5 980
      9 981
      5 982
      5 983
      7 984
     11 985
      4 986
     10 987
      6 988
      7 989
      1 990
      8 991
      4 992
      4 993
      8 994
      7 995
      8 996
      7 997
      6 998
      7 999
      7 1000
      3 1001
     13 1002
      2 1003
      4 1004
      3 1005
      7 1006
      5 1007
      4 1008
      3 1009
      8 1010
      7 1011
      8 1012
      7 1013
     12 1014
      3 1015
      4 1016
      5 1017
      3 1018
      6 1019
      5 1021
      6 1022
      4 1023
      4 1024
      5 1025
      9 1026
      9 1027
      5 1028
      4 1029
      5 1030
      3 1031
      7 1032
      3 1033
      6 1034
      6 1035
      7 1036
      6 1037
      3 1038
      5 1039
      5 1040
      1 1041
      7 1042
      5 1043
      5 1044
      4 1045
      6 1046
      1 1047
      3 1048
      5 1049
      5 1050
      5 1051
      2 1052
      6 1053
      6 1054
      2 1055
      7 1056
      7 1057
     11 1058
      6 1059
      4 1060
      2 1061
      6 1062
      5 1063
      5 1064
      3 1065
      5 1066
      5 1067
     11 1068
      6 1069
      3 1070
      5 1071
      4 1072
      3 1073
      2 1074
      3 1075
      5 1076
      6 1077
      6 1078
      2 1079
      7 1080
      4 1081
      1 1082
      4 1083
      4 1084
      6 1085
      5 1086
      6 1087
      4 1088
      4 1089
      2 1090
      5 1091
      6 1092
      3 1093
      2 1094
      2 1095
      5 1096
      3 1097
      2 1098
      1 1099
      4 1100
      6 1101
      5 1102
      3 1103
      3 1104
      6 1105
      6 1106
      4 1107
      1 1108
      4 1109
      2 1110
      2 1111
      4 1112
      1 1113
      5 1114
      2 1115
      4 1116
      2 1117
      6 1118
      4 1119
      5 1120
      4 1121
      3 1122
      4 1123
      5 1124
      6 1125
      4 1126
      2 1127
      7 1128
      3 1129
      3 1130
      5 1131
      4 1132
      4 1134
      5 1135
      4 1136
      4 1137
      2 1138
      2 1139
      2 1140
      5 1141
      5 1142
      3 1143
      1 1144
      2 1145
      4 1146
      2 1147
      7 1148
      5 1149
      4 1150
      3 1151
      4 1152
      4 1153
      3 1154
      2 1155
      3 1156
      6 1157
      6 1158
      1 1159
      1 1160
      1 1161
      7 1162
      2 1163
      2 1164
      3 1165
      3 1166
      3 1167
      6 1168
      4 1169
      4 1170
      4 1171
      4 1172
      2 1173
      2 1174
      7 1175
      1 1176
      2 1177
      2 1178
      3 1179
      2 1180
      2 1181
      2 1182
      2 1183
      2 1184
      3 1185
      4 1187
      3 1188
      3 1189
      5 1190
      1 1192
      3 1193
      2 1194
      4 1195
      2 1196
      1 1197
      6 1198
      3 1199
      9 1200
      2 1202
      5 1203
      4 1204
      4 1205
      2 1206
      2 1207
      1 1208
      5 1209
      3 1210
      2 1212
      2 1213
      3 1214
      4 1215
      3 1216
      2 1217
      1 1218
      1 1219
      2 1220
      7 1221
      2 1222
      4 1223
      7 1224
      1 1225
      3 1226
      4 1227
      3 1228
      2 1229
      1 1230
      2 1231
      4 1232
      4 1234
      4 1235
      2 1236
      1 1237
      2 1238
      2 1239
      2 1240
      5 1241
      1 1242
      1 1243
      4 1244
      3 1245
      5 1246
      3 1247
      2 1248
      1 1249
      2 1251
      1 1252
      1 1253
      4 1255
      1 1256
      3 1257
      6 1260
      4 1262
      2 1263
      2 1264
      4 1265
      3 1266
      1 1267
      1 1268
      3 1269
      1 1270
      2 1271
      2 1272
      2 1273
      4 1274
      4 1275
      3 1276
      2 1277
      4 1278
      3 1279
      2 1280
      1 1281
      2 1283
      5 1284
      1 1285
      7 1286
      1 1287
      1 1288
      2 1289
      1 1292
      4 1294
      3 1296
      3 1297
      1 1298
      4 1299
      1 1300
      1 1301
      1 1303
      3 1305
      2 1306
      1 1307
      1 1308
      1 1309
      1 1310
      2 1311
      3 1312
      3 1313
      5 1314
      3 1315
      1 1316
      1 1317
      1 1318
      2 1320
      2 1321
      2 1322
      2 1323
      3 1325
      2 1326
      2 1328
      4 1329
      4 1330
      2 1331
      2 1332
      1 1333
      3 1335
      3 1336
      1 1337
      2 1338
      3 1340
      4 1342
      1 1343
      1 1344
      1 1345
      2 1346
      1 1347
      1 1348
      2 1349
      4 1351
      2 1352
      1 1354
      1 1355
      1 1356
      1 1357
      2 1358
      3 1360
      4 1361
      1 1362
      1 1364
      3 1367
      3 1369
      3 1370
      3 1372
      2 1373
      1 1374
      1 1375
      3 1376
      1 1377
      1 1378
      2 1379
      1 1380
      1 1381
      2 1382
      1 1383
      1 1385
      1 1386
      1 1387
      3 1388
      3 1389
      1 1390
      2 1391
      1 1393
      2 1394
      1 1395
      1 1396
      1 1398
      1 1399
      1 1400
      2 1401
      1 1402
      2 1403
      3 1405
      1 1406
      1 1410
      2 1412
      5 1413
      2 1414
      2 1415
      2 1416
      4 1417
      1 1419
      3 1422
      1 1423
      2 1425
      3 1426
      1 1427
      4 1428
      1 1429
      1 1430
      1 1433
      2 1434
      2 1435
      1 1436
      4 1438
      1 1439
      1 1440
      1 1442
      1 1443
      1 1446
      1 1447
      1 1449
      1 1450
      3 1452
      1 1453
      1 1454
      1 1455
      5 1456
      1 1457
      1 1458
      1 1459
      1 1460
      1 1461
      2 1462
      2 1463
      1 1464
      1 1466
      1 1467
      3 1469
      1 1470
      2 1471
      1 1474
      2 1475
      1 1477
      1 1481
      1 1484
      3 1485
      1 1486
      1 1487
      1 1488
      1 1489
      2 1490
      1 1491
      1 1492
      1 1493
      3 1494
      2 1496
      2 1499
      1 1500
      2 1501
      2 1502
      2 1504
      1 1506
      1 1509
      2 1510
      1 1511
      2 1512
      2 1513
      1 1517
      2 1519
      1 1520
      2 1521
      1 1522
      1 1523
      1 1525
      1 1526
      1 1527
      1 1528
      2 1530
      1 1531
      1 1536
      2 1538
      3 1539
      2 1541
      1 1542
      2 1543
      1 1544
      1 1545
      2 1546
      1 1547
      1 1551
      2 1552
      2 1553
      1 1554
      2 1558
      1 1559
      1 1561
      1 1562
      2 1566
      1 1568
      1 1569
      2 1570
      2 1571
      1 1573
      1 1575
      3 1576
      1 1577
      1 1582
      1 1584
      2 1587
      1 1591
      3 1597
      1 1598
      1 1599
      1 1604
      1 1606
      1 1607
      2 1611
      1 1613
      2 1614
      2 1615
      1 1616
      1 1620
      2 1621
      1 1622
      1 1624
      1 1625
      1 1626
      1 1627
      1 1637
      1 1638
      1 1641
      1 1643
      1 1644
      1 1646
      1 1653
      1 1660
      1 1661
      1 1665
      1 1668
      1 1671
      1 1672
      1 1673
      1 1675
      1 1676
      1 1679
      1 1682
      1 1683
      2 1684
      1 1685
      1 1692
      1 1695
      1 1700
      1 1708
      1 1714
      2 1717
      1 1719
      1 1723
      1 1726
      1 1730
      1 1734
      2 1736
      1 1739
      1 1740
      2 1741
      1 1742
      1 1744
      1 1747
      1 1756
      1 1760
      1 1762
      2 1766
      1 1771
      1 1778
      1 1779
      1 1780
      1 1797
      1 1798
      1 1804
      1 1810
      1 1818
      1 1819
      1 1826
      1 1833
      1 1836
      1 1837
      1 1849
      1 1852
      1 1854
      1 1857
      1 1860
      1 1861
      1 1871
      1 1872
      1 1874
      1 1882
      1 1883
      1 1886
      1 1889
      1 1892
      1 1893
      1 1896
      1 1904
      1 1905
      1 1915
      1 1925
      1 1936
      1 1946
      1 1953
      1 1956
      1 1968
      1 1969
      1 1971
      1 1984
      1 1989
      1 2003
      1 2004
      1 2011
      1 2012
      1 2033
      1 2040
      1 2045
      1 2050
      1 2055
      1 2057
      1 2060
      1 2063
      1 2073
      1 2083
      1 2094
      1 2103
      1 2108
      1 2117
      1 2120
      1 2134
      2 2135
      1 2142
      1 2160
      1 2165
      2 2168
      1 2190
      1 2207
      1 2261
      1 2269
      2 2296
      1 2297
      1 2322
      1 2337
      1 2399
      1 2408
      1 2411
      1 2426
      1 2499
      1 2530
      1 2551
      1 2643
      1 2755
      1 2756
      1 2791
      1 2817
      1 2823
      1 2825
      1 2827
      1 2852
      1 2918
      1 2925
      1 2935
      1 2973
      1 3023
      1 3103
      1 3136
      1 3175
      1 3201
      1 3343
      1 3353
      1 3375
      1 3404
      1 3444
      1 3465
      1 3562
      1 3593
      1 3646
      1 3680
      1 3836
      1 3952
      1 3990
      1 4110
      1 4121
      1 4377
      1 4380
      1 4416
      1 4540
      1 4573
      1 4649
      1 4715
      1 4784
      1 4957
      1 5371
      1 5398
      1 5455
      1 5593
      1 5677
      1 5828
      1 5971
      1 6268
      1 6452
      1 6522
      1 6523
      1 6857
      1 7058
      1 7206
      1 7232
      1 7485
      1 7494
      1 7503
      1 7585
      1 7601
      1 7740
      1 7940
      1 7961
      1 7967
      1 8066
      1 8083
      1 8089
      1 8145
      1 8190
      1 8210
      1 8250
      1 8322
      1 8338
      1 8541
      1 8647
      1 8811
      1 8994
      1 9015
      1 9147
      1 9290
      1 9545
      1 9805
      1 9874
      1 10019
      1 10155
      1 10280
      1 10389
      1 10562
      1 10719
      1 11031
      1 11083
      1 11104
      1 12004
      1 12144
      1 12657
      1 12740
      1 13180
      1 13308
      1 13705
      1 15799
      1 16312
      1 16588
      1 18691
      1 22086
      1 22358
      1 22815
