pgbench (18.6 (Debian 18.6-1.pgdg13+2))
starting vacuum...end.
transaction type: <builtin: select only>
scaling factor: 1000
query mode: simple
number of clients: 8
number of threads: 8
maximum number of tries: 1
duration: 60 s
number of transactions actually processed: 1718938
number of failed transactions: 0 (0.000%)
latency average = 0.279 ms
initial connection time = 4.983 ms
tps = 28651.081594 (without initial connection time)
---AAD-PGBENCH-LATENCY-US---
rc=0
samples=34539
      1 235
      5 239
     14 240
     20 241
     14 242
     19 243
     31 244
     36 245
     53 246
     70 247
     60 248
     73 249
     83 250
    102 251
    118 252
    185 253
    269 254
    355 255
    403 256
    422 257
    506 258
    539 259
    586 260
    642 261
    716 262
    810 263
    827 264
    947 265
   1029 266
   1199 267
   1399 268
   1456 269
   1479 270
   1608 271
   1680 272
   1705 273
   1445 274
   1177 275
   1149 276
    998 277
    837 278
    829 279
    725 280
    683 281
    524 282
    507 283
    423 284
    350 285
    285 286
    289 287
    259 288
    212 289
    199 290
    179 291
    156 292
    135 293
    103 294
    126 295
    124 296
    103 297
     74 298
     76 299
     74 300
     60 301
     64 302
     53 303
     44 304
     56 305
     46 306
     51 307
     38 308
     38 309
     47 310
     41 311
     40 312
     38 313
     47 314
     41 315
     32 316
     50 317
     43 318
     33 319
     44 320
     48 321
     42 322
     52 323
     41 324
     70 325
     55 326
     54 327
     61 328
     55 329
     60 330
     55 331
     57 332
     43 333
     46 334
     43 335
     32 336
     48 337
     43 338
     35 339
     21 340
     30 341
     41 342
     25 343
     24 344
     20 345
     27 346
     10 347
     18 348
     12 349
     15 350
     16 351
     16 352
     10 353
     12 354
     19 355
      8 356
     12 357
     10 358
      6 359
      4 360
      9 361
      6 362
      9 363
      5 364
      8 365
      8 366
      3 367
     10 368
      8 369
      4 370
      8 371
      3 372
      8 373
      9 374
      6 375
      8 376
      5 377
      5 378
      8 379
      8 380
     10 381
      2 382
      5 383
      9 384
      2 385
     10 386
      7 387
      4 388
      8 389
      8 390
      8 391
      7 392
      9 393
      7 394
      5 395
      7 396
      9 397
     10 398
     11 399
      9 400
      6 401
     11 402
      7 403
      4 404
     10 405
      3 406
      7 407
      2 408
      8 409
      7 410
      2 411
      1 412
      2 413
      9 414
      3 415
      6 417
      6 418
      4 419
      1 420
      2 421
      2 422
      3 423
      5 424
      1 426
      4 427
      1 428
      5 429
      3 430
      3 431
      2 432
      3 433
      3 434
      3 435
      6 436
      2 437
      2 438
      3 439
      1 440
      5 441
      6 442
      4 443
      8 444
     10 445
      1 446
      4 447
      6 448
      5 449
      4 450
      4 451
      5 452
      8 453
      6 454
      7 455
      6 456
      4 457
      3 459
      3 460
      6 461
      5 462
      3 463
      3 464
      4 465
      3 466
      5 467
      6 468
      6 469
      7 470
      9 471
      4 472
      5 473
      5 474
      2 475
      3 476
      3 477
      3 478
      1 479
      4 480
      2 481
      5 483
      2 484
      3 485
      4 486
      1 487
      5 488
      1 489
      1 491
      1 492
      2 493
      4 494
      1 495
      2 497
      5 498
      3 499
      3 500
      4 501
      4 502
      2 503
      2 504
      6 505
      4 507
      3 508
      1 509
      6 510
      6 511
      5 512
      7 513
     11 514
      8 515
      2 516
      6 517
      2 518
      4 519
      4 520
      3 521
      5 522
      4 523
      7 524
      2 525
      8 526
      3 527
      1 528
      1 530
      3 531
      1 532
      1 534
      2 535
      1 536
      2 538
      1 540
      1 541
      1 542
      2 543
      2 545
      2 546
      2 548
      2 549
      1 551
      1 552
      1 563
      1 566
      1 569
      4 574
      2 576
      1 585
      1 587
      1 598
      1 605
      1 636
      1 638
      1 660
      1 663
      1 685
      1 726
      1 772
---AAD-PGBENCH-LAG-US---
