pgbench (18.6 (Debian 18.6-1.pgdg13+2))
starting vacuum...end.
transaction type: <builtin: select only>
scaling factor: 1000
query mode: simple
number of clients: 256
number of threads: 16
maximum number of tries: 1
duration: 60 s
number of transactions actually processed: 9604692
number of failed transactions: 0 (0.000%)
latency average = 1.592 ms
initial connection time = 303.895 ms
tps = 160798.103831 (without initial connection time)
---AAD-PGBENCH-LATENCY-US---
rc=0
samples=192222
      1 271
      1 274
      1 287
      1 294
      1 298
      1 303
      1 307
      1 308
      1 310
      2 312
      2 314
      1 316
      1 318
      2 320
      2 321
      1 322
      2 324
      1 326
      2 327
      2 329
      1 330
      1 331
      4 332
      3 333
      2 334
      3 335
      4 336
      1 337
      3 338
      3 339
      2 340
      6 341
      6 342
      4 343
      7 344
      7 345
      4 346
      3 347
      3 348
      7 349
      1 350
      4 351
      2 352
      7 353
      6 354
      6 355
      9 356
      6 357
      3 358
      1 359
      3 360
      1 361
      6 362
      5 363
      3 364
      1 365
      5 366
      3 367
      1 368
      5 369
      3 370
      2 371
      2 372
      2 373
      3 374
      1 375
      2 376
      6 377
      2 378
      3 379
      2 380
      6 381
      4 382
      8 383
      8 384
      6 385
      5 386
      7 387
      1 388
      4 389
      9 390
     10 391
      5 392
      9 393
      7 394
      9 395
      4 396
      3 397
      9 398
      3 399
      9 400
      9 401
     20 402
     15 403
     12 404
      8 405
     13 406
     18 407
     11 408
     15 409
     14 410
     11 411
     16 412
      9 413
     12 414
     21 415
     20 416
     11 417
     17 418
     11 419
     18 420
     13 421
     15 422
     16 423
      9 424
     10 425
     13 426
     11 427
     19 428
     16 429
     14 430
     10 431
      9 432
     12 433
     17 434
     13 435
     13 436
     11 437
     10 438
      6 439
     12 440
      9 441
     11 442
      8 443
     12 444
      9 445
     12 446
     18 447
      6 448
      8 449
     12 450
     11 451
     10 452
     16 453
     13 454
     12 455
     13 456
     20 457
     14 458
     19 459
     13 460
     18 461
     23 462
      6 463
     25 464
     19 465
     11 466
     21 467
     22 468
     14 469
     25 470
     26 471
     24 472
     31 473
     20 474
     26 475
     26 476
     31 477
     25 478
     26 479
     31 480
     43 481
     33 482
     33 483
     35 484
     34 485
     23 486
     23 487
     36 488
     23 489
     34 490
     22 491
     30 492
     33 493
     22 494
     21 495
     23 496
     24 497
     17 498
     17 499
     17 500
     18 501
     19 502
     13 503
     17 504
     18 505
     19 506
     25 507
     19 508
     18 509
     21 510
     20 511
     18 512
     24 513
     15 514
     12 515
     14 516
     17 517
     14 518
     18 519
     15 520
     20 521
     15 522
     17 523
     13 524
     22 525
     13 526
     16 527
     17 528
      9 529
     15 530
     21 531
     18 532
     11 533
     22 534
     21 535
     26 536
     14 537
     20 538
     20 539
     14 540
     19 541
     21 542
     28 543
     19 544
     21 545
     32 546
     16 547
     17 548
     25 549
     25 550
     20 551
     25 552
     19 553
     23 554
     30 555
     27 556
     23 557
     22 558
     25 559
     22 560
     15 561
     24 562
     22 563
     22 564
     16 565
     18 566
     22 567
     17 568
     12 569
     13 570
     11 571
     16 572
     16 573
     18 574
     19 575
      9 576
      7 577
     13 578
     16 579
     16 580
      6 581
     16 582
     19 583
     13 584
     12 585
     20 586
     14 587
     12 588
     10 589
     22 590
     15 591
     11 592
     19 593
     20 594
     16 595
     11 596
     10 597
     12 598
     16 599
     18 600
     16 601
     29 602
     22 603
     18 604
     17 605
     13 606
     19 607
     20 608
     21 609
     16 610
     18 611
     18 612
     21 613
     19 614
     26 615
     23 616
     31 617
     18 618
     20 619
     26 620
     31 621
     23 622
     23 623
     18 624
     29 625
     17 626
     28 627
     31 628
     28 629
     31 630
     22 631
     22 632
     13 633
     15 634
     22 635
     20 636
     19 637
     19 638
     18 639
     17 640
     20 641
     21 642
     26 643
     17 644
     14 645
     17 646
     15 647
     12 648
     18 649
     14 650
     15 651
     12 652
     25 653
     24 654
     29 655
     20 656
     12 657
     18 658
     23 659
     21 660
     16 661
     24 662
     21 663
     15 664
     11 665
     14 666
     21 667
     17 668
     20 669
     16 670
     20 671
     13 672
     16 673
     21 674
     22 675
     22 676
     17 677
     23 678
     22 679
     20 680
     17 681
     32 682
     22 683
     16 684
     26 685
     23 686
     23 687
     24 688
     27 689
     20 690
     33 691
     33 692
     23 693
     31 694
     25 695
     21 696
     26 697
     17 698
     23 699
     27 700
     26 701
     18 702
     18 703
     22 704
     19 705
     12 706
     18 707
     17 708
     14 709
     14 710
     17 711
     21 712
     15 713
     17 714
     12 715
     18 716
     21 717
     18 718
     15 719
     18 720
     20 721
     23 722
     19 723
     21 724
     14 725
     16 726
     24 727
     20 728
     15 729
     16 730
     17 731
     16 732
     20 733
     18 734
     18 735
     16 736
     25 737
     22 738
     20 739
     19 740
     20 741
     21 742
     17 743
     23 744
     15 745
     21 746
     25 747
     28 748
     23 749
     21 750
     21 751
     31 752
     23 753
     39 754
     21 755
     21 756
     31 757
     23 758
     27 759
     21 760
     21 761
     32 762
     23 763
     30 764
     29 765
     20 766
     19 767
     24 768
     21 769
     17 770
     21 771
     22 772
     17 773
     14 774
     20 775
     19 776
     14 777
     24 778
     27 779
     23 780
     18 781
     19 782
     15 783
     18 784
     21 785
     18 786
     21 787
     11 788
     19 789
     15 790
     14 791
     18 792
     15 793
     21 794
     19 795
     23 796
     17 797
     19 798
     24 799
     25 800
     22 801
     24 802
     26 803
     20 804
     27 805
     26 806
     20 807
     20 808
     19 809
     14 810
     20 811
     16 812
     14 813
     25 814
     27 815
     24 816
     21 817
     28 818
     18 819
     28 820
     29 821
     28 822
     30 823
     36 824
     23 825
     31 826
     21 827
     27 828
     28 829
     31 830
     38 831
     29 832
     39 833
     23 834
     28 835
     27 836
     21 837
     22 838
     28 839
     25 840
     20 841
     33 842
     20 843
     28 844
     31 845
     30 846
     19 847
     30 848
     24 849
     20 850
     24 851
     22 852
     23 853
     18 854
     20 855
     21 856
     23 857
     23 858
     26 859
     24 860
     24 861
     23 862
     25 863
     25 864
     24 865
     18 866
     18 867
     27 868
     29 869
     32 870
     34 871
     36 872
     18 873
     24 874
     31 875
     24 876
     24 877
     33 878
     32 879
     36 880
     30 881
     26 882
     26 883
     26 884
     24 885
     32 886
     32 887
     34 888
     27 889
     37 890
     32 891
     37 892
     35 893
     41 894
     38 895
     34 896
     37 897
     41 898
     36 899
     38 900
     44 901
     35 902
     41 903
     40 904
     34 905
     53 906
     45 907
     35 908
     36 909
     36 910
     39 911
     26 912
     42 913
     35 914
     42 915
     58 916
     45 917
     40 918
     32 919
     37 920
     32 921
     35 922
     37 923
     43 924
     39 925
     26 926
     50 927
     40 928
     47 929
     37 930
     36 931
     29 932
     34 933
     37 934
     28 935
     39 936
     47 937
     49 938
     38 939
     49 940
     40 941
     42 942
     38 943
     44 944
     40 945
     34 946
     45 947
     50 948
     50 949
     51 950
     43 951
     51 952
     54 953
     56 954
     48 955
     51 956
     66 957
     60 958
     63 959
     44 960
     61 961
     67 962
     60 963
     51 964
     57 965
     66 966
     66 967
     67 968
     70 969
     74 970
     65 971
     74 972
     70 973
     56 974
     66 975
     73 976
     65 977
     57 978
     48 979
     59 980
     64 981
     79 982
     67 983
     70 984
     66 985
     68 986
     61 987
     65 988
     59 989
     51 990
     67 991
     64 992
     79 993
     68 994
     77 995
     62 996
     73 997
     67 998
     69 999
     75 1000
     71 1001
     78 1002
     60 1003
     86 1004
     75 1005
     67 1006
     69 1007
     76 1008
     60 1009
     78 1010
     68 1011
     79 1012
     85 1013
     74 1014
     81 1015
     84 1016
     74 1017
     66 1018
     95 1019
     93 1020
     94 1021
     74 1022
     98 1023
     99 1024
     87 1025
    103 1026
     81 1027
     98 1028
     86 1029
    120 1030
     88 1031
    131 1032
    121 1033
    112 1034
    130 1035
    114 1036
    125 1037
    120 1038
    142 1039
    118 1040
    119 1041
    112 1042
    132 1043
    132 1044
    105 1045
    119 1046
    126 1047
    131 1048
    112 1049
    132 1050
    115 1051
    127 1052
    114 1053
    130 1054
    120 1055
    132 1056
    135 1057
    139 1058
    114 1059
    126 1060
    130 1061
    125 1062
    142 1063
    136 1064
    152 1065
    156 1066
    142 1067
    119 1068
    134 1069
    144 1070
    135 1071
    145 1072
    133 1073
    139 1074
    160 1075
    134 1076
    141 1077
    144 1078
    151 1079
    145 1080
    140 1081
    188 1082
    158 1083
    151 1084
    163 1085
    166 1086
    176 1087
    175 1088
    203 1089
    178 1090
    179 1091
    171 1092
    189 1093
    170 1094
    210 1095
    191 1096
    242 1097
    214 1098
    222 1099
    218 1100
    198 1101
    222 1102
    219 1103
    242 1104
    210 1105
    224 1106
    253 1107
    226 1108
    227 1109
    222 1110
    256 1111
    245 1112
    227 1113
    237 1114
    236 1115
    239 1116
    228 1117
    232 1118
    244 1119
    229 1120
    227 1121
    220 1122
    237 1123
    229 1124
    230 1125
    224 1126
    234 1127
    214 1128
    252 1129
    224 1130
    239 1131
    244 1132
    227 1133
    213 1134
    228 1135
    231 1136
    256 1137
    225 1138
    229 1139
    246 1140
    219 1141
    213 1142
    247 1143
    255 1144
    223 1145
    234 1146
    252 1147
    230 1148
    242 1149
    232 1150
    291 1151
    235 1152
    288 1153
    228 1154
    273 1155
    255 1156
    242 1157
    263 1158
    288 1159
    248 1160
    297 1161
    257 1162
    247 1163
    264 1164
    281 1165
    232 1166
    276 1167
    303 1168
    264 1169
    264 1170
    284 1171
    303 1172
    288 1173
    280 1174
    268 1175
    283 1176
    283 1177
    279 1178
    254 1179
    273 1180
    279 1181
    273 1182
    265 1183
    244 1184
    223 1185
    255 1186
    263 1187
    310 1188
    268 1189
    252 1190
    253 1191
    246 1192
    221 1193
    247 1194
    257 1195
    259 1196
    239 1197
    236 1198
    232 1199
    236 1200
    234 1201
    217 1202
    236 1203
    200 1204
    236 1205
    193 1206
    223 1207
    216 1208
    225 1209
    230 1210
    223 1211
    219 1212
    208 1213
    208 1214
    238 1215
    199 1216
    187 1217
    189 1218
    204 1219
    205 1220
    201 1221
    213 1222
    213 1223
    171 1224
    189 1225
    189 1226
    209 1227
    195 1228
    211 1229
    202 1230
    201 1231
    182 1232
    216 1233
    204 1234
    196 1235
    191 1236
    197 1237
    186 1238
    191 1239
    181 1240
    175 1241
    193 1242
    183 1243
    196 1244
    200 1245
    160 1246
    179 1247
    193 1248
    200 1249
    196 1250
    170 1251
    183 1252
    170 1253
    165 1254
    184 1255
    159 1256
    142 1257
    157 1258
    162 1259
    154 1260
    145 1261
    184 1262
    169 1263
    134 1264
    169 1265
    152 1266
    147 1267
    137 1268
    148 1269
    139 1270
    154 1271
    138 1272
    136 1273
    120 1274
    170 1275
    141 1276
    129 1277
    127 1278
    129 1279
    118 1280
    109 1281
    134 1282
    127 1283
    114 1284
    142 1285
    151 1286
    128 1287
    130 1288
    126 1289
    128 1290
    120 1291
    123 1292
    132 1293
    124 1294
    136 1295
    156 1296
    125 1297
    126 1298
    112 1299
    132 1300
    137 1301
    120 1302
    111 1303
    129 1304
    143 1305
    124 1306
    114 1307
    140 1308
    135 1309
    134 1310
    135 1311
    122 1312
    109 1313
    131 1314
    130 1315
    148 1316
    119 1317
    148 1318
    132 1319
    109 1320
    134 1321
    131 1322
    144 1323
    164 1324
    129 1325
    127 1326
    124 1327
    116 1328
    146 1329
    114 1330
    104 1331
    108 1332
    118 1333
    102 1334
    129 1335
    105 1336
    140 1337
    112 1338
    126 1339
    115 1340
    132 1341
    113 1342
    134 1343
    115 1344
    129 1345
    138 1346
    113 1347
    114 1348
    114 1349
    123 1350
    112 1351
    112 1352
    119 1353
     95 1354
    116 1355
    124 1356
    140 1357
    119 1358
     94 1359
    109 1360
    108 1361
    112 1362
     91 1363
    140 1364
    127 1365
    117 1366
    126 1367
    116 1368
    116 1369
    121 1370
    108 1371
    116 1372
    124 1373
    121 1374
    127 1375
    142 1376
    121 1377
    136 1378
    128 1379
    155 1380
    119 1381
    128 1382
    135 1383
    114 1384
    117 1385
    120 1386
    125 1387
    135 1388
    156 1389
     97 1390
    117 1391
    124 1392
    131 1393
    120 1394
    138 1395
    127 1396
    117 1397
    133 1398
    122 1399
    135 1400
    138 1401
    126 1402
    141 1403
    110 1404
    126 1405
    137 1406
    138 1407
    150 1408
    138 1409
    121 1410
    125 1411
    113 1412
    147 1413
    141 1414
    116 1415
    123 1416
    131 1417
    119 1418
    130 1419
    140 1420
    119 1421
    126 1422
    126 1423
    136 1424
    131 1425
    116 1426
    121 1427
    116 1428
    116 1429
    128 1430
    113 1431
    126 1432
    131 1433
    132 1434
    131 1435
    115 1436
    145 1437
    142 1438
    141 1439
    141 1440
    149 1441
    139 1442
    145 1443
    149 1444
    131 1445
    147 1446
    143 1447
    141 1448
    134 1449
    138 1450
    141 1451
    131 1452
    151 1453
    139 1454
    160 1455
    126 1456
    121 1457
    156 1458
    137 1459
    138 1460
    129 1461
    145 1462
    150 1463
    137 1464
    127 1465
    134 1466
    148 1467
    143 1468
    144 1469
    134 1470
    126 1471
    117 1472
    146 1473
    140 1474
    120 1475
    130 1476
    131 1477
    118 1478
    106 1479
    140 1480
    134 1481
    132 1482
    141 1483
    136 1484
    107 1485
    126 1486
    144 1487
    132 1488
    126 1489
    115 1490
    128 1491
    111 1492
    150 1493
    135 1494
    123 1495
    146 1496
    113 1497
    129 1498
    135 1499
    143 1500
    115 1501
    109 1502
    115 1503
    115 1504
    147 1505
    130 1506
    114 1507
    149 1508
    128 1509
    120 1510
    127 1511
    143 1512
    147 1513
    149 1514
    140 1515
    119 1516
    140 1517
    135 1518
    144 1519
    152 1520
    154 1521
    148 1522
    141 1523
    146 1524
    131 1525
    128 1526
    116 1527
    168 1528
    113 1529
    131 1530
    132 1531
    110 1532
    130 1533
    132 1534
    131 1535
    128 1536
    127 1537
    136 1538
    119 1539
    142 1540
    151 1541
    133 1542
    146 1543
    117 1544
    123 1545
    124 1546
    129 1547
    128 1548
    125 1549
    125 1550
    123 1551
     94 1552
    111 1553
    136 1554
    140 1555
    118 1556
    126 1557
    104 1558
    123 1559
    136 1560
    105 1561
    120 1562
    117 1563
    137 1564
    104 1565
    130 1566
    104 1567
    115 1568
    122 1569
    127 1570
    125 1571
    128 1572
    125 1573
    118 1574
    102 1575
    121 1576
    116 1577
    118 1578
    126 1579
    133 1580
    112 1581
     93 1582
    122 1583
    121 1584
    120 1585
    113 1586
    114 1587
    127 1588
    139 1589
    128 1590
    124 1591
    129 1592
    128 1593
    116 1594
    112 1595
    120 1596
    114 1597
    141 1598
    111 1599
    108 1600
     96 1601
    102 1602
    101 1603
    105 1604
    111 1605
    114 1606
    111 1607
    101 1608
    118 1609
    113 1610
    129 1611
     98 1612
    105 1613
    114 1614
    129 1615
     97 1616
     99 1617
    117 1618
    103 1619
    101 1620
    127 1621
     78 1622
    113 1623
    114 1624
    102 1625
    109 1626
    111 1627
    113 1628
     91 1629
     94 1630
    104 1631
    110 1632
     87 1633
    107 1634
    103 1635
     97 1636
    100 1637
    114 1638
     97 1639
    109 1640
     90 1641
     95 1642
    104 1643
    122 1644
    109 1645
    103 1646
     89 1647
    108 1648
    102 1649
     86 1650
     91 1651
    105 1652
    101 1653
     94 1654
     95 1655
    114 1656
    103 1657
    109 1658
    123 1659
     97 1660
    111 1661
    109 1662
     82 1663
     94 1664
    103 1665
    112 1666
    109 1667
    100 1668
    125 1669
     88 1670
     99 1671
    103 1672
     86 1673
    105 1674
    116 1675
    111 1676
     99 1677
     87 1678
    127 1679
     97 1680
     97 1681
     92 1682
    102 1683
    105 1684
     98 1685
    100 1686
     86 1687
     97 1688
     99 1689
     96 1690
     84 1691
     86 1692
     97 1693
     82 1694
     95 1695
     99 1696
     89 1697
     87 1698
     81 1699
     85 1700
    109 1701
     78 1702
    103 1703
    112 1704
     85 1705
     88 1706
     79 1707
     78 1708
     85 1709
     91 1710
     90 1711
     87 1712
    106 1713
    102 1714
     81 1715
     83 1716
     75 1717
    106 1718
     90 1719
    102 1720
     92 1721
     93 1722
    102 1723
     85 1724
     95 1725
    119 1726
    111 1727
    122 1728
    101 1729
     96 1730
    102 1731
    101 1732
    109 1733
     90 1734
    101 1735
     98 1736
    107 1737
    111 1738
    107 1739
    105 1740
     93 1741
     92 1742
     83 1743
     81 1744
    108 1745
     99 1746
    109 1747
     95 1748
    107 1749
     74 1750
    111 1751
    104 1752
    120 1753
     96 1754
     99 1755
    108 1756
    100 1757
    113 1758
     83 1759
     78 1760
    103 1761
     98 1762
     96 1763
    101 1764
    100 1765
     74 1766
    102 1767
     96 1768
     99 1769
     89 1770
    102 1771
     99 1772
    125 1773
    103 1774
     91 1775
     99 1776
    102 1777
     84 1778
    106 1779
     96 1780
    114 1781
    103 1782
    101 1783
    115 1784
     99 1785
    101 1786
     93 1787
    100 1788
    103 1789
    108 1790
    111 1791
    103 1792
    116 1793
     98 1794
    114 1795
     97 1796
     87 1797
    125 1798
    101 1799
    105 1800
    104 1801
     81 1802
     91 1803
    120 1804
    103 1805
    117 1806
     97 1807
     95 1808
    108 1809
     97 1810
    111 1811
     94 1812
    128 1813
     95 1814
     97 1815
     93 1816
     99 1817
    103 1818
    101 1819
     94 1820
     96 1821
    103 1822
    117 1823
    103 1824
    102 1825
    111 1826
    100 1827
    116 1828
    116 1829
    110 1830
    107 1831
    121 1832
    106 1833
    106 1834
    108 1835
     97 1836
     89 1837
    104 1838
    104 1839
     88 1840
    114 1841
    106 1842
    117 1843
    107 1844
    118 1845
    103 1846
     97 1847
    102 1848
    102 1849
    112 1850
    131 1851
    109 1852
    116 1853
    107 1854
    113 1855
    119 1856
    100 1857
     86 1858
    113 1859
    132 1860
    113 1861
    119 1862
    116 1863
    124 1864
    121 1865
    117 1866
     92 1867
    120 1868
    137 1869
    110 1870
    119 1871
    132 1872
    131 1873
    128 1874
    133 1875
    118 1876
    109 1877
    109 1878
    115 1879
    109 1880
     83 1881
    111 1882
    109 1883
    134 1884
    117 1885
    118 1886
    107 1887
    112 1888
    121 1889
    115 1890
    110 1891
    117 1892
    116 1893
    109 1894
    117 1895
    104 1896
    117 1897
     88 1898
    111 1899
    111 1900
    108 1901
     95 1902
    109 1903
    125 1904
    114 1905
    115 1906
    115 1907
    100 1908
    109 1909
    114 1910
    120 1911
    110 1912
     95 1913
    116 1914
     91 1915
    131 1916
     95 1917
    100 1918
    103 1919
    107 1920
     88 1921
    110 1922
    102 1923
    113 1924
    121 1925
    120 1926
    121 1927
    117 1928
     99 1929
    121 1930
    111 1931
    111 1932
    114 1933
    128 1934
    108 1935
    103 1936
    119 1937
    118 1938
    110 1939
    123 1940
    140 1941
    123 1942
    107 1943
    109 1944
    141 1945
    119 1946
    125 1947
    108 1948
    111 1949
    112 1950
    109 1951
    107 1952
    102 1953
    124 1954
    128 1955
    113 1956
     97 1957
    120 1958
    123 1959
    114 1960
    117 1961
    109 1962
    101 1963
     97 1964
     75 1965
    111 1966
    111 1967
    105 1968
    114 1969
    128 1970
     95 1971
    122 1972
     95 1973
    120 1974
     97 1975
    108 1976
    101 1977
    108 1978
    108 1979
    102 1980
    101 1981
    112 1982
     88 1983
    105 1984
    106 1985
    132 1986
    114 1987
    104 1988
     96 1989
    106 1990
    112 1991
    100 1992
     99 1993
    122 1994
    107 1995
    109 1996
    113 1997
     93 1998
    107 1999
    108 2000
    122 2001
    103 2002
    123 2003
    120 2004
    115 2005
    102 2006
    124 2007
    109 2008
     94 2009
    102 2010
    128 2011
    108 2012
    123 2013
    115 2014
    106 2015
    101 2016
     96 2017
     94 2018
    131 2019
    117 2020
    107 2021
    115 2022
     91 2023
    104 2024
     84 2025
    121 2026
    102 2027
    117 2028
     98 2029
     88 2030
    101 2031
     87 2032
    116 2033
    102 2034
    106 2035
     98 2036
    112 2037
    115 2038
     84 2039
    101 2040
    107 2041
     92 2042
     83 2043
    102 2044
    105 2045
     86 2046
    103 2047
     72 2048
     88 2049
     96 2050
    101 2051
     87 2052
     94 2053
     84 2054
     87 2055
    101 2056
    101 2057
    110 2058
    103 2059
    108 2060
     86 2061
     79 2062
    100 2063
     89 2064
    111 2065
     92 2066
    102 2067
    112 2068
     92 2069
    110 2070
    111 2071
     85 2072
    118 2073
     98 2074
    100 2075
    100 2076
     96 2077
    102 2078
    116 2079
     95 2080
     95 2081
     90 2082
    107 2083
     87 2084
    101 2085
    111 2086
    101 2087
     92 2088
     98 2089
     80 2090
     84 2091
     69 2092
    108 2093
     87 2094
     73 2095
     91 2096
     90 2097
     76 2098
     94 2099
     74 2100
     85 2101
     79 2102
     88 2103
    103 2104
     98 2105
     86 2106
     83 2107
    101 2108
     97 2109
     96 2110
     87 2111
     69 2112
     73 2113
     86 2114
     96 2115
     61 2116
     77 2117
     83 2118
     75 2119
     84 2120
     84 2121
     79 2122
     73 2123
     89 2124
     81 2125
     77 2126
     67 2127
     73 2128
     88 2129
     78 2130
     87 2131
     89 2132
     80 2133
     81 2134
     84 2135
     60 2136
     90 2137
     74 2138
     76 2139
     93 2140
     90 2141
     81 2142
     72 2143
     78 2144
     80 2145
     83 2146
     84 2147
     85 2148
     67 2149
     73 2150
     92 2151
     85 2152
     68 2153
     97 2154
     85 2155
     75 2156
     84 2157
     75 2158
     92 2159
     81 2160
     69 2161
     77 2162
     73 2163
     77 2164
     73 2165
     93 2166
     76 2167
     92 2168
     61 2169
     82 2170
     88 2171
     67 2172
     71 2173
     94 2174
     62 2175
     68 2176
     74 2177
     88 2178
     69 2179
     70 2180
     68 2181
     62 2182
     74 2183
     70 2184
     66 2185
     69 2186
     76 2187
     86 2188
     82 2189
     76 2190
     76 2191
     59 2192
     66 2193
     47 2194
     81 2195
     76 2196
     70 2197
     57 2198
     62 2199
     80 2200
     66 2201
     80 2202
     72 2203
     68 2204
     61 2205
     76 2206
     68 2207
     54 2208
     79 2209
     74 2210
     74 2211
     67 2212
     66 2213
     79 2214
     69 2215
     76 2216
     70 2217
     78 2218
     70 2219
     65 2220
     66 2221
     65 2222
     78 2223
     60 2224
     80 2225
     72 2226
     62 2227
     58 2228
     67 2229
     71 2230
     49 2231
     59 2232
     70 2233
     70 2234
     71 2235
     61 2236
     64 2237
     55 2238
     68 2239
     65 2240
     60 2241
     75 2242
     59 2243
     49 2244
     63 2245
     62 2246
     68 2247
     57 2248
     58 2249
     48 2250
     53 2251
     73 2252
     63 2253
     64 2254
     77 2255
     60 2256
     44 2257
     66 2258
     55 2259
     69 2260
     65 2261
     57 2262
     50 2263
     54 2264
     68 2265
     51 2266
     58 2267
     68 2268
     62 2269
     65 2270
     69 2271
     58 2272
     54 2273
     57 2274
     50 2275
     49 2276
     68 2277
     55 2278
     51 2279
     57 2280
     53 2281
     63 2282
     66 2283
     60 2284
     57 2285
     66 2286
     62 2287
     49 2288
     62 2289
     50 2290
     51 2291
     61 2292
     72 2293
     58 2294
     50 2295
     50 2296
     55 2297
     60 2298
     47 2299
     64 2300
     49 2301
     68 2302
     64 2303
     53 2304
     48 2305
     52 2306
     55 2307
     56 2308
     68 2309
     56 2310
     37 2311
     48 2312
     51 2313
     53 2314
     42 2315
     46 2316
     43 2317
     51 2318
     56 2319
     43 2320
     45 2321
     43 2322
     44 2323
     50 2324
     49 2325
     47 2326
     32 2327
     48 2328
     56 2329
     47 2330
     42 2331
     54 2332
     47 2333
     49 2334
     50 2335
     57 2336
     44 2337
     45 2338
     47 2339
     57 2340
     47 2341
     49 2342
     36 2343
     51 2344
     32 2345
     47 2346
     47 2347
     45 2348
     35 2349
     33 2350
     51 2351
     32 2352
     33 2353
     39 2354
     40 2355
     57 2356
     56 2357
     50 2358
     45 2359
     42 2360
     38 2361
     34 2362
     55 2363
     38 2364
     42 2365
     39 2366
     47 2367
     45 2368
     43 2369
     37 2370
     40 2371
     49 2372
     46 2373
     44 2374
     38 2375
     43 2376
     45 2377
     40 2378
     48 2379
     48 2380
     56 2381
     40 2382
     32 2383
     29 2384
     40 2385
     46 2386
     30 2387
     43 2388
     48 2389
     35 2390
     29 2391
     48 2392
     24 2393
     35 2394
     34 2395
     45 2396
     44 2397
     39 2398
     37 2399
     45 2400
     34 2401
     41 2402
     38 2403
     27 2404
     34 2405
     34 2406
     41 2407
     35 2408
     36 2409
     35 2410
     26 2411
     43 2412
     24 2413
     37 2414
     44 2415
     43 2416
     35 2417
     30 2418
     48 2419
     32 2420
     30 2421
     34 2422
     28 2423
     27 2424
     37 2425
     30 2426
     43 2427
     37 2428
     36 2429
     23 2430
     34 2431
     34 2432
     46 2433
     46 2434
     27 2435
     33 2436
     33 2437
     38 2438
     37 2439
     39 2440
     38 2441
     30 2442
     42 2443
     19 2444
     26 2445
     29 2446
     27 2447
     31 2448
     37 2449
     30 2450
     36 2451
     40 2452
     29 2453
     24 2454
     38 2455
     40 2456
     37 2457
     27 2458
     26 2459
     29 2460
     24 2461
     28 2462
     25 2463
     32 2464
     25 2465
     37 2466
     33 2467
     20 2468
     36 2469
     48 2470
     22 2471
     35 2472
     33 2473
     46 2474
     34 2475
     28 2476
     33 2477
     19 2478
     21 2479
     31 2480
     32 2481
     33 2482
     28 2483
     28 2484
     26 2485
     32 2486
     38 2487
     30 2488
     23 2489
     35 2490
     24 2491
     22 2492
     29 2493
     23 2494
     29 2495
     21 2496
     30 2497
     42 2498
     26 2499
     29 2500
     24 2501
     22 2502
     26 2503
     32 2504
     26 2505
     31 2506
     29 2507
     30 2508
     28 2509
     32 2510
     20 2511
     28 2512
     22 2513
     34 2514
     27 2515
     25 2516
     32 2517
     20 2518
     20 2519
     36 2520
     21 2521
     24 2522
     21 2523
     26 2524
     31 2525
     30 2526
     33 2527
     27 2528
     29 2529
     30 2530
     27 2531
     24 2532
     13 2533
     26 2534
     31 2535
     22 2536
     33 2537
     30 2538
     31 2539
     22 2540
     20 2541
     21 2542
     30 2543
     32 2544
     23 2545
     16 2546
     30 2547
     21 2548
     24 2549
     29 2550
     25 2551
     22 2552
     18 2553
     32 2554
     19 2555
     22 2556
     26 2557
     20 2558
     16 2559
     32 2560
     26 2561
     25 2562
     22 2563
     25 2564
     22 2565
     25 2566
     18 2567
     26 2568
     32 2569
     28 2570
     23 2571
     19 2572
     17 2573
     23 2574
     15 2575
     22 2576
     13 2577
     18 2578
     21 2579
     19 2580
     19 2581
     20 2582
     28 2583
     15 2584
     30 2585
     24 2586
     23 2587
     26 2588
     23 2589
     27 2590
     25 2591
     13 2592
     22 2593
     25 2594
     24 2595
     17 2596
     31 2597
     18 2598
     15 2599
     26 2600
     17 2601
     17 2602
     30 2603
     18 2604
     20 2605
     20 2606
     20 2607
     25 2608
     17 2609
     22 2610
     23 2611
     20 2612
     27 2613
     14 2614
     14 2615
     19 2616
     24 2617
     18 2618
     22 2619
     14 2620
     15 2621
     16 2622
     24 2623
     13 2624
     20 2625
     23 2626
     18 2627
     23 2628
     16 2629
     14 2630
     18 2631
     27 2632
     19 2633
     22 2634
     16 2635
     17 2636
     18 2637
     23 2638
     18 2639
     22 2640
     18 2641
     15 2642
     18 2643
     12 2644
     22 2645
     19 2646
     15 2647
     18 2648
     14 2649
     14 2650
     19 2651
     17 2652
     14 2653
     29 2654
     19 2655
     16 2656
     17 2657
     17 2658
     15 2659
     21 2660
     19 2661
     16 2662
     22 2663
     18 2664
     19 2665
     14 2666
     17 2667
     22 2668
     28 2669
     21 2670
     13 2671
     12 2672
     14 2673
     13 2674
     12 2675
      8 2676
     13 2677
     24 2678
     16 2679
     19 2680
     14 2681
     22 2682
     14 2683
     19 2684
     13 2685
     17 2686
     12 2687
     12 2688
     15 2689
     13 2690
     12 2691
     15 2692
     11 2693
     17 2694
     13 2695
     20 2696
     24 2697
     15 2698
     15 2699
      8 2700
     13 2701
     13 2702
     18 2703
     11 2704
     18 2705
     15 2706
     13 2707
     13 2708
     17 2709
      6 2710
     20 2711
     17 2712
      9 2713
     19 2714
     19 2715
      8 2716
     21 2717
     19 2718
     12 2719
     16 2720
     13 2721
     12 2722
     17 2723
      9 2724
      9 2725
     13 2726
     13 2727
      9 2728
     13 2729
      9 2730
     15 2731
     10 2732
     15 2733
     12 2734
      8 2735
     13 2736
      8 2737
     15 2738
     19 2739
     13 2740
     12 2741
     15 2742
      9 2743
     14 2744
     12 2745
     14 2746
     13 2747
     13 2748
     11 2749
     14 2750
     14 2751
     13 2752
     16 2753
      9 2754
     13 2755
     10 2756
     15 2757
     10 2758
      6 2759
     17 2760
      9 2761
     18 2762
     14 2763
      7 2764
     12 2765
      8 2766
     10 2767
     11 2768
     15 2769
     10 2770
     16 2771
      7 2772
     10 2773
     16 2774
     13 2775
     12 2776
     12 2777
      5 2778
     10 2779
     15 2780
     10 2781
      7 2782
     13 2783
     14 2784
      7 2785
     17 2786
      8 2787
      8 2788
      9 2789
     13 2790
     18 2791
      9 2792
     14 2793
     15 2794
     14 2795
     11 2796
      5 2797
     18 2798
     12 2799
     11 2800
     11 2801
     14 2802
     10 2803
      8 2804
      9 2805
     11 2806
      6 2807
      9 2808
     10 2809
     12 2810
      7 2811
      9 2812
     11 2813
      9 2814
     15 2815
      4 2816
     10 2817
     10 2818
     10 2819
     10 2820
      9 2821
      7 2822
     14 2823
     15 2824
     11 2825
      9 2826
     13 2827
     12 2828
      7 2829
      8 2830
      9 2831
      7 2832
     11 2833
     13 2834
      4 2835
      5 2836
     13 2837
      6 2838
     14 2839
     11 2840
      5 2841
     10 2842
      7 2843
      8 2844
     10 2845
     14 2846
     10 2847
     10 2848
      5 2849
     12 2850
     10 2851
      9 2852
      6 2853
      8 2854
      4 2855
      9 2856
     13 2857
      5 2858
      6 2859
     17 2860
      7 2861
      9 2862
      8 2863
     14 2864
      7 2865
     11 2866
      5 2867
      6 2868
     10 2869
     10 2870
      5 2871
     12 2872
      6 2873
     10 2874
      8 2875
      7 2876
     10 2877
      7 2878
     10 2879
      4 2880
     12 2881
      7 2882
      8 2883
      6 2884
      3 2885
      8 2886
      9 2887
      8 2888
     11 2889
      4 2890
      6 2891
      6 2892
      9 2893
      7 2894
      9 2895
      5 2896
      4 2897
     11 2898
      7 2899
     12 2900
     10 2901
     13 2902
      5 2903
      7 2904
      5 2905
      7 2906
      9 2907
     10 2908
      5 2909
     11 2910
      5 2911
      5 2912
     10 2913
     10 2914
      5 2915
      8 2916
      5 2917
      7 2918
      5 2919
      9 2920
     10 2921
      5 2922
      7 2923
      6 2924
      5 2925
      6 2926
      6 2927
      4 2928
      7 2929
      6 2930
      7 2931
      5 2932
      8 2933
      9 2934
     10 2935
      7 2936
      6 2937
      8 2938
      2 2939
      6 2940
      4 2941
      5 2942
      7 2943
      5 2944
     10 2945
      7 2946
      9 2947
      5 2948
      2 2949
      3 2950
     10 2951
      7 2952
      3 2953
     10 2954
      5 2955
      6 2956
      5 2957
      3 2958
      5 2959
      5 2960
      6 2961
     12 2962
     10 2963
      6 2964
      7 2965
      5 2966
      7 2967
      4 2968
      6 2969
      7 2970
      6 2971
      5 2972
      9 2973
      5 2974
     10 2975
      5 2976
      5 2977
      6 2978
      3 2979
      4 2980
      5 2981
     10 2982
      4 2983
      5 2984
      7 2985
      2 2986
      5 2987
     11 2988
      2 2989
      6 2990
      7 2991
      7 2992
      4 2993
      6 2994
      3 2995
      4 2996
      3 2997
     10 2998
      5 2999
      6 3000
      6 3001
      6 3002
      9 3003
     10 3004
      4 3005
      4 3006
      5 3007
      4 3008
     10 3009
      3 3010
      9 3011
      1 3012
      7 3013
      4 3014
      5 3015
      3 3016
      5 3017
      5 3018
      6 3019
      8 3020
      3 3021
      4 3022
      5 3023
      1 3024
      6 3025
      4 3026
      4 3027
      5 3028
      9 3029
      6 3030
      4 3031
      7 3032
      6 3033
      3 3034
      6 3035
      5 3036
      2 3037
      2 3038
      5 3039
      4 3040
      6 3041
      2 3042
      5 3043
      6 3044
      4 3045
      6 3046
      1 3047
      5 3048
      4 3049
      5 3050
      2 3051
      2 3052
      5 3053
      5 3054
      2 3055
      4 3056
      4 3057
      2 3058
      3 3059
      7 3060
      6 3061
      1 3062
      1 3063
      2 3064
      4 3065
      3 3066
      5 3067
      2 3068
      2 3069
      5 3070
      8 3071
      6 3072
      2 3073
      4 3074
      2 3075
      6 3076
      2 3078
      9 3079
      1 3080
      4 3081
      4 3082
      6 3083
      2 3084
      3 3085
      3 3086
      5 3087
      2 3088
      2 3089
      7 3090
      4 3091
      4 3092
      4 3093
      3 3094
      2 3095
      2 3096
      4 3097
      4 3098
      3 3099
      1 3100
      2 3101
      2 3102
      4 3103
      6 3104
      6 3105
      2 3106
      1 3107
      6 3108
      1 3109
      6 3110
      1 3111
      1 3112
      6 3113
      7 3114
      3 3115
      2 3116
      2 3117
      3 3118
      3 3119
      2 3120
      7 3121
      6 3122
      1 3123
      7 3124
      2 3125
      3 3127
      2 3128
      1 3130
      1 3131
      5 3132
      1 3133
      4 3135
      2 3136
      1 3137
      6 3138
      1 3139
      1 3141
      4 3142
      4 3143
      1 3144
      1 3145
      2 3146
      3 3147
      3 3148
      3 3149
      8 3150
      5 3151
      3 3152
      4 3153
      2 3154
      5 3155
      6 3156
      4 3157
      5 3158
      1 3159
      8 3160
      4 3161
      3 3162
      1 3163
      3 3164
      3 3165
      5 3166
      4 3167
      3 3169
      2 3170
      3 3171
      4 3172
      1 3173
      1 3174
      1 3175
      4 3176
      2 3177
      5 3178
      5 3181
      1 3182
      2 3184
      3 3185
      3 3186
      2 3187
      3 3188
      2 3189
      1 3190
      2 3191
      2 3192
      4 3193
      4 3194
      4 3195
      4 3196
      1 3197
      4 3198
      1 3199
      4 3200
      3 3201
      5 3202
      4 3203
      2 3204
      5 3205
      4 3206
      5 3207
      1 3208
      2 3209
      1 3210
      2 3211
      6 3212
      1 3213
      4 3214
      2 3215
      1 3216
      2 3217
      3 3218
      3 3219
      2 3220
      1 3221
      4 3222
      2 3223
      1 3224
      2 3225
      5 3226
      3 3227
      3 3228
      6 3229
      3 3230
      6 3231
      3 3233
      2 3234
      2 3235
      1 3236
      3 3237
      4 3238
      1 3239
      3 3240
      6 3241
      1 3242
      5 3244
      4 3245
      2 3246
      2 3247
     10 3249
      1 3250
      1 3251
      5 3252
      2 3253
      1 3254
      4 3256
      1 3258
      3 3259
      3 3260
      4 3263
      3 3264
      2 3265
      1 3266
      5 3267
      5 3268
      1 3269
      3 3270
      5 3271
      3 3272
      2 3273
      2 3274
      1 3275
      1 3276
      5 3277
      2 3278
      1 3279
      2 3280
      2 3281
      4 3282
      1 3283
      6 3285
      8 3286
      6 3287
      3 3288
      4 3289
      3 3290
      1 3291
      2 3292
      5 3293
      3 3294
      3 3295
      4 3296
      1 3297
      5 3298
      1 3299
      3 3300
      1 3302
      4 3303
      1 3304
      1 3305
      4 3306
      4 3307
      3 3309
      3 3310
      1 3311
      4 3312
      1 3314
      3 3315
      4 3316
      1 3317
      1 3318
      1 3319
      2 3320
      4 3321
      1 3322
      5 3323
      2 3324
      2 3326
      4 3327
      2 3328
      4 3329
      2 3330
      2 3331
      1 3332
      1 3333
      3 3334
      1 3335
      2 3336
      1 3337
      3 3338
      5 3339
      1 3340
      1 3341
      4 3342
      2 3343
      5 3344
      5 3345
      1 3347
      3 3348
      2 3350
      2 3351
      4 3352
      1 3353
      1 3354
      2 3355
      2 3356
      1 3357
      2 3358
      2 3360
      1 3361
      2 3362
      1 3364
      3 3366
      2 3367
      2 3368
      2 3369
      1 3370
      1 3371
      2 3373
      2 3374
      2 3375
      2 3376
      2 3377
      1 3378
      3 3379
      1 3380
      5 3381
      2 3382
      2 3384
      1 3385
      2 3386
      3 3387
      5 3388
      1 3389
      1 3390
      3 3391
      2 3392
      3 3393
      2 3394
      1 3395
      2 3396
      4 3397
      2 3398
      1 3399
      1 3400
      1 3401
      2 3402
      5 3403
      2 3404
      2 3405
      2 3406
      2 3407
      2 3408
      2 3409
      4 3410
      2 3412
      2 3413
      1 3414
      1 3415
      1 3416
      1 3418
      3 3419
      2 3420
      3 3423
      2 3424
      1 3426
      1 3427
      1 3428
      3 3429
      3 3430
      2 3431
      1 3432
      1 3434
      2 3435
      1 3436
      3 3437
      2 3438
      2 3439
      1 3441
      3 3442
      2 3445
      2 3447
      1 3448
      1 3449
      1 3450
      3 3451
      1 3452
      2 3453
      1 3454
      1 3455
      1 3456
      2 3457
      1 3458
      2 3459
      2 3460
      4 3461
      3 3462
      1 3463
      2 3464
      1 3465
      2 3466
      1 3468
      2 3469
      5 3470
      2 3472
      3 3476
      2 3477
      2 3478
      1 3479
      1 3482
      2 3483
      2 3484
      1 3485
      1 3486
      3 3487
      1 3488
      2 3489
      2 3490
      2 3491
      2 3493
      1 3494
      2 3495
      1 3496
      1 3497
      1 3498
      4 3499
      1 3500
      1 3501
      1 3502
      1 3503
      4 3505
      1 3506
      1 3507
      1 3509
      2 3510
      1 3511
      2 3512
      2 3513
      2 3514
      1 3515
      1 3516
      1 3517
      5 3520
      1 3522
      1 3524
      3 3525
      2 3526
      1 3527
      2 3529
      2 3531
      2 3532
      3 3533
      2 3535
      2 3536
      1 3538
      3 3539
      1 3540
      1 3541
      1 3542
      3 3543
      2 3545
      1 3546
      3 3547
      2 3548
      2 3550
      2 3551
      1 3553
      2 3554
      1 3555
      3 3557
      1 3558
      1 3561
      2 3562
      1 3563
      2 3565
      2 3566
      3 3567
      3 3568
      1 3570
      1 3571
      3 3573
      1 3574
      3 3576
      1 3578
      1 3579
      3 3583
      1 3584
      3 3586
      1 3588
      1 3590
      3 3591
      1 3593
      1 3595
      1 3597
      2 3598
      3 3600
      5 3601
      2 3602
      1 3603
      2 3607
      2 3609
      1 3610
      1 3611
      3 3613
      1 3614
      4 3615
      1 3616
      1 3617
      2 3618
      5 3620
      1 3621
      1 3624
      1 3625
      1 3626
      1 3631
      1 3632
      2 3633
      2 3635
      2 3637
      1 3640
      2 3641
      1 3643
      1 3645
      1 3646
      3 3647
      1 3648
      1 3650
      2 3651
      1 3652
      3 3654
      2 3655
      3 3656
      1 3657
      1 3658
      1 3660
      2 3662
      1 3663
      3 3666
      1 3668
      1 3670
      1 3671
      1 3672
      2 3673
      2 3674
      2 3675
      1 3676
      3 3677
      1 3680
      1 3681
      1 3682
      1 3683
      2 3684
      1 3685
      1 3687
      4 3688
      1 3689
      3 3691
      3 3692
      2 3695
      2 3697
      3 3698
      2 3699
      1 3700
      4 3701
      1 3703
      1 3704
      1 3705
      2 3708
      2 3709
      1 3711
      1 3712
      3 3713
      2 3716
      1 3717
      4 3720
      1 3723
      2 3724
      2 3725
      1 3727
      3 3728
      2 3729
      1 3732
      2 3733
      3 3734
      1 3739
      2 3740
      2 3742
      1 3743
      1 3745
      1 3746
      2 3747
      1 3749
      1 3750
      2 3751
      3 3752
      2 3753
      2 3754
      1 3756
      4 3757
      1 3758
      5 3759
      2 3760
      1 3761
      3 3763
      2 3764
      2 3765
      1 3766
      2 3767
      1 3768
      1 3769
      1 3772
      1 3773
      1 3775
      2 3776
      2 3780
      2 3781
      1 3782
      2 3786
      2 3787
      3 3790
      2 3791
      1 3793
      1 3795
      1 3796
      3 3797
      1 3798
      2 3800
      2 3804
      2 3809
      3 3810
      2 3811
      1 3813
      1 3814
      3 3815
      1 3816
      1 3817
      1 3819
      1 3820
      1 3821
      1 3822
      1 3823
      1 3827
      5 3829
      1 3830
      3 3831
      1 3832
      2 3833
      3 3834
      2 3836
      2 3837
      1 3838
      1 3839
      1 3840
      1 3842
      1 3844
      1 3846
      1 3847
      2 3848
      1 3851
      2 3852
      1 3853
      2 3855
      1 3856
      3 3860
      2 3861
      2 3863
      1 3865
      1 3867
      1 3868
      1 3869
      1 3870
      4 3871
      1 3872
      2 3873
      1 3874
      1 3875
      1 3876
      2 3877
      1 3883
      4 3884
      1 3885
      3 3886
      1 3887
      2 3888
      1 3890
      3 3892
      1 3893
      2 3894
      1 3896
      1 3897
      1 3898
      1 3900
      2 3901
      1 3902
      2 3903
      1 3904
      1 3906
      1 3907
      1 3910
      1 3914
      1 3922
      1 3924
      1 3926
      1 3927
      1 3928
      1 3929
      2 3931
      1 3932
      4 3933
      3 3934
      1 3937
      2 3939
      1 3942
      1 3944
      1 3945
      3 3950
      1 3951
      2 3952
      2 3953
      1 3954
      1 3956
      2 3957
      1 3958
      1 3959
      1 3960
      1 3961
      1 3963
      1 3964
      1 3965
      1 3966
      3 3967
      3 3972
      2 3974
      1 3977
      2 3978
      2 3982
      1 3985
      1 3988
      1 3989
      3 3990
      3 3992
      1 3993
      1 3994
      1 3997
      2 3998
      1 3999
      1 4000
      1 4001
      5 4002
      1 4005
      2 4009
      2 4010
      1 4011
      1 4013
      1 4014
      1 4017
      3 4019
      1 4020
      6 4022
      1 4024
      5 4025
      5 4026
      2 4030
      2 4031
      1 4032
      1 4033
      1 4035
      1 4039
      3 4040
      1 4041
      2 4042
      2 4044
      2 4049
      2 4051
      1 4052
      1 4053
      1 4054
      3 4055
      2 4058
      1 4059
      2 4060
      1 4062
      2 4063
      1 4064
      1 4066
      1 4067
      1 4070
      1 4072
      1 4073
      2 4076
      1 4077
      1 4078
      1 4081
      1 4082
      1 4083
      2 4084
      1 4086
      1 4090
      2 4092
      1 4093
      3 4095
      2 4099
      2 4103
      1 4104
      1 4105
      1 4106
      4 4109
      2 4110
      1 4111
      1 4113
      2 4114
      1 4117
      1 4121
      1 4124
      1 4125
      1 4126
      1 4127
      1 4132
      1 4135
      2 4136
      1 4137
      3 4138
      2 4139
      1 4140
      1 4142
      1 4143
      1 4145
      1 4147
      1 4148
      1 4151
      1 4153
      3 4154
      2 4155
      2 4158
      2 4160
      2 4161
      2 4162
      2 4165
      1 4166
      1 4167
      1 4168
      3 4169
      1 4170
      5 4171
      1 4173
      1 4175
      1 4176
      1 4180
      2 4183
      1 4184
      1 4188
      2 4189
      1 4190
      1 4192
      2 4193
      2 4195
      1 4197
      1 4201
      1 4202
      1 4203
      1 4204
      1 4205
      1 4208
      1 4210
      2 4215
      1 4216
      2 4218
      1 4219
      1 4220
      3 4221
      1 4222
      1 4223
      1 4224
      1 4226
      2 4227
      1 4228
      2 4230
      1 4232
      2 4234
      1 4235
      1 4237
      1 4240
      1 4241
      1 4244
      1 4247
      1 4248
      1 4253
      2 4255
      1 4260
      2 4261
      1 4265
      2 4268
      1 4271
      2 4272
      1 4273
      1 4279
      1 4280
      2 4282
      1 4283
      1 4286
      2 4290
      1 4291
      1 4299
      2 4300
      1 4301
      1 4302
      1 4310
      1 4311
      2 4313
      2 4314
      2 4315
      1 4316
      1 4317
      1 4320
      1 4321
      1 4322
      1 4329
      2 4331
      1 4333
      2 4336
      1 4338
      1 4341
      1 4344
      1 4345
      1 4347
      4 4349
      1 4350
      1 4351
      1 4354
      1 4356
      2 4357
      2 4359
      1 4364
      1 4370
      1 4371
      2 4374
      2 4375
      2 4378
      1 4384
      3 4385
      1 4386
      2 4387
      1 4388
      2 4389
      1 4392
      1 4394
      1 4395
      1 4397
      2 4400
      2 4404
      1 4407
      1 4408
      1 4410
      1 4414
      2 4415
      1 4416
      1 4419
      1 4421
      1 4424
      1 4426
      1 4428
      1 4429
      1 4431
      3 4432
      1 4437
      1 4438
      2 4440
      2 4441
      1 4442
      1 4443
      1 4444
      1 4446
      1 4447
      1 4451
      2 4453
      1 4454
      1 4459
      1 4462
      1 4463
      1 4470
      1 4471
      1 4472
      1 4479
      1 4480
      2 4481
      1 4488
      1 4491
      1 4495
      1 4497
      1 4499
      1 4502
      1 4505
      2 4506
      2 4508
      1 4511
      1 4512
      1 4514
      1 4517
      1 4518
      1 4519
      1 4520
      1 4526
      1 4528
      1 4535
      1 4542
      1 4545
      1 4548
      1 4549
      1 4550
      1 4552
      1 4560
      1 4563
      2 4570
      1 4572
      1 4575
      1 4579
      1 4580
      1 4582
      1 4585
      1 4589
      1 4592
      1 4595
      2 4603
      1 4604
      1 4605
      1 4614
      1 4616
      1 4618
      1 4621
      2 4622
      1 4626
      1 4628
      1 4633
      1 4636
      1 4637
      1 4639
      1 4640
      1 4644
      1 4647
      1 4652
      1 4653
      1 4658
      1 4661
      1 4663
      1 4670
      1 4671
      1 4673
      1 4677
      1 4679
      2 4681
      4 4684
      1 4685
      1 4686
      1 4691
      1 4694
      1 4700
      1 4701
      1 4710
      1 4711
      1 4714
      1 4715
      1 4718
      1 4719
      1 4720
      1 4722
      1 4728
      1 4730
      1 4731
      1 4736
      1 4737
      1 4738
      1 4743
      1 4746
      1 4747
      1 4761
      1 4768
      1 4769
      1 4772
      1 4774
      2 4775
      1 4777
      1 4787
      1 4788
      1 4790
      1 4792
      2 4802
      1 4807
      1 4808
      1 4810
      1 4821
      1 4823
      1 4826
      1 4827
      1 4828
      1 4832
      1 4836
      1 4838
      1 4839
      1 4841
      1 4842
      1 4846
      1 4850
      1 4858
      1 4861
      1 4869
      1 4870
      1 4872
      1 4881
      2 4897
      3 4899
      1 4903
      1 4904
      1 4918
      1 4919
      1 4923
      1 4925
      1 4926
      1 4929
      2 4931
      1 4935
      2 4936
      2 4945
      1 4948
      1 4952
      1 4971
      1 4972
      1 4976
      1 4979
      1 4980
      1 4982
      1 4994
      2 4996
      1 4998
      1 5001
      1 5004
      2 5011
      1 5013
      1 5014
      1 5018
      2 5019
      1 5020
      1 5030
      1 5034
      1 5036
      1 5045
      1 5046
      1 5049
      1 5053
      1 5057
      1 5063
      1 5075
      1 5078
      1 5080
      1 5083
      2 5090
      1 5106
      1 5113
      1 5115
      1 5116
      1 5123
      1 5129
      1 5136
      1 5138
      2 5141
      1 5149
      1 5151
      1 5166
      1 5168
      1 5169
      1 5177
      1 5181
      1 5184
      1 5187
      2 5189
      1 5196
      1 5206
      1 5208
      1 5209
      2 5210
      1 5217
      1 5222
      1 5231
      1 5233
      1 5234
      1 5243
      1 5246
      1 5250
      2 5254
      1 5280
      1 5289
      1 5297
      1 5301
      1 5314
      1 5322
      1 5324
      2 5325
      1 5326
      1 5330
      1 5333
      1 5338
      1 5339
      1 5349
      1 5351
      2 5355
      1 5359
      1 5363
      1 5364
      1 5365
      1 5369
      1 5372
      1 5373
      1 5380
      1 5381
      1 5383
      1 5384
      1 5404
      1 5412
      1 5417
      1 5422
      1 5427
      1 5433
      2 5434
      1 5437
      1 5454
      1 5456
      1 5461
      2 5465
      1 5477
      1 5480
      1 5483
      1 5486
      1 5491
      1 5496
      1 5498
      1 5501
      2 5505
      1 5517
      1 5519
      1 5529
      1 5530
      1 5533
      1 5537
      1 5540
      1 5541
      1 5550
      1 5560
      1 5572
      1 5574
      1 5577
      1 5582
      1 5583
      1 5584
      1 5588
      1 5591
      1 5596
      1 5609
      1 5612
      1 5619
      1 5621
      1 5637
      1 5647
      1 5653
      1 5662
      3 5665
      1 5674
      1 5677
      1 5678
      1 5683
      1 5685
      1 5686
      2 5687
      1 5690
      2 5698
      1 5710
      1 5713
      1 5714
      1 5716
      1 5717
      1 5726
      1 5728
      1 5731
      1 5735
      1 5743
      1 5749
      2 5756
      1 5759
      1 5765
      1 5776
      1 5786
      1 5793
      1 5797
      1 5801
      1 5803
      1 5819
      1 5822
      1 5827
      1 5835
      1 5837
      1 5851
      1 5857
      1 5881
      1 5884
      1 5893
      1 5900
      1 5906
      1 5907
      1 5928
      1 5929
      1 5935
      1 5946
      1 5955
      1 5956
      1 5958
      1 5959
      1 5965
      1 5967
      1 5968
      1 5980
      1 5991
      1 5996
      1 6001
      1 6003
      1 6028
      1 6030
      1 6033
      1 6038
      1 6039
      1 6069
      1 6074
      1 6089
      1 6093
      1 6096
      1 6129
      1 6136
      1 6137
      1 6147
      1 6158
      1 6164
      1 6166
      1 6169
      1 6172
      1 6177
      1 6207
      1 6239
      1 6246
      1 6256
      1 6259
      1 6264
      1 6271
      1 6276
      1 6282
      1 6304
      1 6309
      1 6320
      1 6326
      1 6334
      1 6336
      1 6351
      1 6382
      1 6389
      1 6390
      1 6396
      1 6404
      1 6405
      1 6454
      1 6475
      1 6485
      1 6486
      1 6507
      1 6545
      1 6653
      1 6676
      1 6686
      1 6703
      1 6741
      1 6751
      1 6752
      1 6754
      1 6774
      1 6801
      1 6840
      1 6841
      1 6858
      1 6922
      1 6932
      1 7035
      1 7087
      1 7098
      1 7176
      1 7180
      1 7251
      1 7423
      1 8362
      1 8369
      1 8425
      1 9273
      1 9383
      1 9532
      1 9595
      1 10279
      1 10860
      1 12068
      1 12639
---AAD-PGBENCH-LAG-US---
