pgbench (18.6 (Debian 18.6-1.pgdg13+2))
starting vacuum...end.
transaction type: <builtin: select only>
scaling factor: 1000
query mode: simple
number of clients: 32
number of threads: 16
maximum number of tries: 1
duration: 60 s
number of transactions actually processed: 5302011
number of failed transactions: 0 (0.000%)
latency average = 0.362 ms
initial connection time = 10.393 ms
tps = 88381.164803 (without initial connection time)
---AAD-PGBENCH-LATENCY-US---
rc=0
samples=106347
      3 242
      1 243
      2 244
      1 245
      7 246
      4 247
      9 248
      7 249
     10 250
     17 251
     18 252
     18 253
     30 254
     27 255
     29 256
     42 257
     57 258
     72 259
     85 260
     91 261
    136 262
    138 263
    158 264
    194 265
    213 266
    226 267
    244 268
    326 269
    335 270
    357 271
    380 272
    442 273
    411 274
    480 275
    495 276
    499 277
    481 278
    454 279
    522 280
    505 281
    432 282
    489 283
    500 284
    488 285
    425 286
    431 287
    389 288
    402 289
    395 290
    400 291
    393 292
    335 293
    402 294
    372 295
    385 296
    353 297
    345 298
    329 299
    369 300
    359 301
    350 302
    369 303
    380 304
    337 305
    351 306
    347 307
    412 308
    384 309
    358 310
    417 311
    443 312
    445 313
    462 314
    469 315
    457 316
    500 317
    507 318
    494 319
    542 320
    587 321
    653 322
    619 323
    659 324
    724 325
    847 326
    787 327
    869 328
    891 329
    969 330
    967 331
    958 332
    992 333
   1056 334
   1072 335
   1118 336
   1180 337
   1177 338
   1265 339
   1187 340
   1260 341
   1203 342
   1286 343
   1355 344
   1505 345
   1379 346
   1243 347
   1118 348
   1134 349
   1045 350
    970 351
    929 352
    905 353
    929 354
    850 355
    820 356
    827 357
    730 358
    711 359
    698 360
    696 361
    647 362
    614 363
    593 364
    667 365
    611 366
    593 367
    566 368
    539 369
    510 370
    532 371
    555 372
    497 373
    473 374
    514 375
    514 376
    469 377
    458 378
    471 379
    501 380
    454 381
    451 382
    502 383
    497 384
    487 385
    494 386
    461 387
    467 388
    504 389
    463 390
    560 391
    502 392
    523 393
    494 394
    517 395
    532 396
    515 397
    512 398
    597 399
    528 400
    536 401
    473 402
    547 403
    498 404
    422 405
    476 406
    499 407
    493 408
    427 409
    425 410
    421 411
    395 412
    409 413
    398 414
    427 415
    351 416
    342 417
    337 418
    333 419
    298 420
    270 421
    299 422
    244 423
    233 424
    257 425
    238 426
    217 427
    206 428
    204 429
    212 430
    197 431
    184 432
    173 433
    166 434
    154 435
    176 436
    168 437
    149 438
    153 439
    145 440
    166 441
    156 442
    137 443
    134 444
    129 445
    147 446
    156 447
    128 448
    117 449
    127 450
    149 451
    133 452
    124 453
    115 454
    138 455
    107 456
    108 457
    145 458
    132 459
    124 460
    130 461
    111 462
    124 463
    125 464
    116 465
    124 466
    111 467
    119 468
    101 469
    112 470
     96 471
    105 472
    109 473
    108 474
     91 475
     96 476
    101 477
     92 478
     96 479
     91 480
     76 481
    104 482
     63 483
     85 484
     62 485
     70 486
     81 487
     71 488
     58 489
     67 490
     69 491
     66 492
     58 493
     63 494
     49 495
     42 496
     60 497
     61 498
     53 499
     49 500
     53 501
     53 502
     41 503
     40 504
     66 505
     45 506
     43 507
     44 508
     35 509
     41 510
     43 511
     45 512
     39 513
     40 514
     52 515
     37 516
     43 517
     25 518
     44 519
     42 520
     45 521
     47 522
     28 523
     28 524
     30 525
     35 526
     38 527
     21 528
     36 529
     24 530
     27 531
     35 532
     33 533
     40 534
     33 535
     30 536
     29 537
     24 538
     38 539
     26 540
     21 541
     27 542
     40 543
     29 544
     30 545
     29 546
     40 547
     30 548
     27 549
     24 550
     32 551
     30 552
     36 553
     30 554
     19 555
     30 556
     27 557
     24 558
     21 559
     19 560
     22 561
     14 562
     18 563
     25 564
     19 565
     20 566
     26 567
     20 568
     17 569
     17 570
     15 571
     19 572
     14 573
     26 574
     17 575
     18 576
     14 577
     18 578
     22 579
     20 580
     27 581
     20 582
     25 583
     23 584
     18 585
     33 586
     30 587
     21 588
     24 589
     20 590
     23 591
     17 592
     18 593
     15 594
     15 595
     17 596
     23 597
     16 598
     21 599
     15 600
     12 601
     17 602
     20 603
     13 604
     14 605
     11 606
     18 607
     12 608
      8 609
     12 610
     12 611
     11 612
      5 613
      5 614
      5 615
      6 616
      6 617
      8 618
      5 619
      6 620
      9 621
      7 622
      8 623
      7 624
      8 625
      7 626
      6 627
     11 628
      8 629
      3 630
      7 631
      5 632
      7 633
      7 634
      6 635
      4 636
      4 637
      7 638
      3 639
      2 640
      5 641
      6 642
      3 643
      4 644
      3 645
      4 646
      3 647
      4 648
      7 649
      1 650
      4 651
      3 652
      4 653
      3 654
     10 655
      8 656
      4 657
      6 658
      9 659
      4 660
     11 661
      2 662
      3 663
      3 664
      2 665
      2 666
      4 668
      6 669
      2 670
      5 671
      2 672
      3 673
      4 674
      1 675
      5 676
      3 677
      4 678
      2 679
      5 680
      3 681
      4 682
      2 683
      1 684
      2 685
      1 686
      1 687
      3 688
      1 689
      6 690
      2 691
      1 692
      2 693
      2 694
      1 695
      4 696
      4 697
      1 698
      1 701
      3 703
      3 704
      3 705
      2 706
      2 708
      2 709
      3 710
      1 711
      1 712
      2 713
      2 714
      3 715
      2 716
      2 717
      6 719
      2 721
      3 722
      2 723
      1 724
      1 725
      1 726
      1 730
      3 732
      2 733
      1 734
      2 735
      2 736
      1 738
      1 739
      1 740
      1 741
      1 742
      2 743
      1 748
      1 749
      1 750
      1 751
      1 753
      1 755
      3 756
      3 757
      1 760
      1 764
      1 766
      1 768
      2 769
      3 772
      1 773
      2 775
      1 777
      1 779
      1 784
      1 787
      2 794
      1 797
      2 798
      1 800
      1 802
      1 810
      1 812
      1 813
      1 816
      1 817
      1 819
      1 825
      1 826
      1 832
      1 836
      1 842
      1 843
      1 846
      1 847
      3 851
      1 857
      1 859
      1 860
      1 870
      1 894
      1 898
      1 922
      1 940
      1 968
      1 988
      1 989
      1 1010
      1 1105
      1 1128
      1 1166
      1 1171
      1 1204
      1 1261
      1 1646
      1 4655
      1 4923
---AAD-PGBENCH-LAG-US---
