pgbench (18.6 (Debian 18.6-1.pgdg13+2))
starting vacuum...end.
transaction type: <builtin: select only>
scaling factor: 1000
query mode: simple
number of clients: 16
number of threads: 16
maximum number of tries: 1
duration: 60 s
number of transactions actually processed: 3077135
number of failed transactions: 0 (0.000%)
latency average = 0.312 ms
initial connection time = 6.384 ms
tps = 51290.346497 (without initial connection time)
---AAD-PGBENCH-LATENCY-US---
rc=0
samples=61741
      1 236
      1 237
      1 238
      2 239
      2 240
      8 241
      9 242
     11 243
     16 244
     21 245
     21 246
     19 247
     27 248
     39 249
     69 250
     76 251
     89 252
    100 253
    134 254
    131 255
    162 256
    208 257
    249 258
    295 259
    340 260
    441 261
    468 262
    532 263
    599 264
    650 265
    749 266
    794 267
    907 268
   1043 269
   1084 270
   1198 271
   1302 272
   1327 273
   1288 274
   1447 275
   1540 276
   1474 277
   1210 278
   1165 279
   1058 280
   1023 281
    927 282
    949 283
    862 284
    858 285
    816 286
    748 287
    757 288
    681 289
    633 290
    657 291
    576 292
    539 293
    484 294
    532 295
    458 296
    419 297
    404 298
    406 299
    392 300
    402 301
    375 302
    386 303
    342 304
    339 305
    346 306
    341 307
    300 308
    320 309
    280 310
    292 311
    289 312
    284 313
    299 314
    267 315
    315 316
    275 317
    307 318
    310 319
    286 320
    276 321
    301 322
    310 323
    327 324
    350 325
    355 326
    392 327
    412 328
    417 329
    462 330
    440 331
    386 332
    376 333
    378 334
    326 335
    346 336
    383 337
    332 338
    320 339
    291 340
    319 341
    332 342
    374 343
    303 344
    356 345
    359 346
    278 347
    292 348
    309 349
    275 350
    252 351
    240 352
    217 353
    202 354
    208 355
    196 356
    195 357
    142 358
    164 359
    166 360
    120 361
    121 362
    116 363
    131 364
    121 365
    110 366
     93 367
     97 368
    100 369
     93 370
     93 371
    102 372
     80 373
     79 374
     70 375
     70 376
     79 377
     63 378
     86 379
     71 380
     68 381
     78 382
     83 383
     73 384
     69 385
     58 386
     71 387
     72 388
     64 389
     67 390
     66 391
     98 392
     75 393
     83 394
     68 395
     88 396
     78 397
     92 398
     88 399
     76 400
     70 401
     73 402
     57 403
     70 404
     65 405
     73 406
     51 407
     56 408
     70 409
     68 410
     59 411
     63 412
     49 413
     36 414
     52 415
     54 416
     45 417
     40 418
     35 419
     53 420
     39 421
     30 422
     37 423
     40 424
     36 425
     40 426
     26 427
     35 428
     28 429
     31 430
     30 431
     27 432
     25 433
     25 434
     34 435
     31 436
     17 437
     20 438
     29 439
     18 440
     27 441
     21 442
     26 443
     18 444
     17 445
     17 446
     24 447
     15 448
     25 449
     23 450
     18 451
     24 452
     24 453
     19 454
     23 455
     24 456
     25 457
     21 458
     19 459
     21 460
     14 461
     31 462
     19 463
     23 464
     23 465
     25 466
     30 467
     20 468
     18 469
     24 470
     37 471
     23 472
     19 473
     20 474
     26 475
     26 476
     27 477
     36 478
     26 479
     30 480
     19 481
     23 482
     27 483
     20 484
     25 485
     19 486
     31 487
     27 488
     20 489
     19 490
     26 491
     22 492
     24 493
     20 494
     13 495
     15 496
     24 497
     13 498
     15 499
     14 500
     20 501
     24 502
     17 503
     19 504
     15 505
     17 506
     17 507
     12 508
     16 509
     20 510
     19 511
     18 512
     14 513
     13 514
     22 515
     17 516
     16 517
     24 518
     21 519
     14 520
     10 521
     18 522
     13 523
     18 524
     14 525
     11 526
      8 527
      9 528
     16 529
     12 530
     12 531
      9 532
     13 533
      5 534
     13 535
      7 536
     11 537
      8 538
      5 539
      7 540
      8 541
     10 542
      6 543
      8 544
      3 545
      6 546
      6 547
     11 548
     10 549
      8 550
     10 551
     17 552
      7 553
      3 554
     10 555
      5 556
      8 557
      1 558
      5 559
      8 560
      6 561
      8 562
      5 563
      3 564
      3 565
      8 566
      3 567
      1 568
      3 569
      6 570
      3 571
      5 572
      5 573
      3 574
      4 575
      5 576
      5 577
      5 578
      4 579
      5 580
      4 581
      3 582
      3 583
      3 584
      5 585
      2 586
      5 587
      2 588
      8 589
      6 590
      1 591
      3 592
      3 593
     11 594
      6 595
      8 596
      3 597
      2 598
      2 599
      4 600
      3 601
      1 602
      5 603
      3 604
      1 605
      4 606
      2 607
      4 608
      1 610
      3 611
      2 612
      5 613
      5 614
      2 615
      1 616
      1 617
      5 619
      1 621
      1 622
      4 623
      5 624
      1 625
      1 627
      1 628
      1 629
      4 631
      1 632
      2 633
      3 634
      1 637
      1 638
      2 639
      1 640
      1 641
      4 642
      1 644
      1 645
      1 647
      1 648
      2 649
      2 651
      1 652
      1 653
      1 654
      3 655
      2 657
      1 658
      2 659
      3 660
      2 661
      2 662
      2 663
      4 664
      4 666
      3 667
      2 669
      1 670
      3 671
      1 672
      2 674
      4 675
      1 676
      1 678
      3 680
      1 683
      1 689
      2 690
      1 691
      2 692
      1 693
      2 695
      5 696
      2 698
      1 700
      1 702
      1 703
      1 704
      1 706
      1 707
      1 715
      1 716
      1 720
      1 721
      1 723
      1 725
      2 726
      1 727
      2 728
      3 730
      1 732
      1 733
      2 741
      1 744
      2 747
      2 748
      1 754
      1 755
      1 758
      1 764
      1 782
      2 783
      1 792
      1 796
      1 797
      1 798
      1 799
      1 804
      1 805
      1 809
      1 818
      1 850
      1 857
      1 858
      1 859
      1 888
      1 926
      1 937
      1 1024
---AAD-PGBENCH-LAG-US---
