pgbench (18.6 (Debian 18.6-1.pgdg13+2))
starting vacuum...end.
transaction type: <builtin: select only>
scaling factor: 1000
query mode: simple
number of clients: 32
number of threads: 16
maximum number of tries: 1
duration: 60 s
number of transactions actually processed: 5229798
number of failed transactions: 0 (0.000%)
latency average = 0.367 ms
initial connection time = 12.120 ms
tps = 87180.122858 (without initial connection time)
---AAD-PGBENCH-LATENCY-US---
rc=0
samples=103989
      1 241
      2 244
      2 245
      2 246
      1 247
      1 248
      6 249
      6 250
      6 251
      5 252
     13 253
     22 254
     23 255
     20 256
     46 257
     44 258
     45 259
     58 260
     69 261
     63 262
     76 263
    105 264
    129 265
    138 266
    149 267
    188 268
    217 269
    209 270
    240 271
    262 272
    264 273
    294 274
    318 275
    324 276
    367 277
    367 278
    368 279
    369 280
    356 281
    340 282
    358 283
    383 284
    391 285
    366 286
    373 287
    361 288
    347 289
    336 290
    348 291
    362 292
    323 293
    331 294
    352 295
    341 296
    337 297
    373 298
    364 299
    344 300
    350 301
    321 302
    347 303
    332 304
    341 305
    357 306
    343 307
    385 308
    344 309
    407 310
    397 311
    400 312
    400 313
    418 314
    492 315
    453 316
    478 317
    476 318
    494 319
    506 320
    588 321
    607 322
    616 323
    608 324
    661 325
    746 326
    812 327
    792 328
    928 329
    961 330
    994 331
    950 332
   1035 333
   1098 334
   1067 335
   1057 336
   1188 337
   1230 338
   1236 339
   1129 340
   1267 341
   1282 342
   1301 343
   1289 344
   1455 345
   1339 346
   1217 347
   1127 348
   1126 349
   1020 350
    977 351
    960 352
    996 353
    865 354
    827 355
    787 356
    800 357
    747 358
    721 359
    667 360
    657 361
    608 362
    616 363
    635 364
    661 365
    608 366
    568 367
    529 368
    549 369
    587 370
    534 371
    524 372
    521 373
    514 374
    509 375
    505 376
    452 377
    501 378
    480 379
    449 380
    535 381
    480 382
    448 383
    507 384
    438 385
    463 386
    488 387
    495 388
    485 389
    518 390
    504 391
    543 392
    496 393
    521 394
    560 395
    543 396
    536 397
    538 398
    574 399
    567 400
    497 401
    501 402
    512 403
    500 404
    487 405
    514 406
    497 407
    484 408
    429 409
    427 410
    436 411
    420 412
    423 413
    411 414
    401 415
    378 416
    362 417
    329 418
    291 419
    322 420
    262 421
    271 422
    269 423
    285 424
    225 425
    265 426
    241 427
    204 428
    231 429
    196 430
    232 431
    214 432
    188 433
    190 434
    185 435
    170 436
    185 437
    182 438
    150 439
    177 440
    147 441
    172 442
    144 443
    159 444
    158 445
    127 446
    143 447
    141 448
    131 449
    150 450
    134 451
    130 452
    116 453
    123 454
    132 455
    138 456
    154 457
    139 458
    128 459
    133 460
    130 461
    111 462
    117 463
    123 464
    143 465
    147 466
    139 467
    120 468
    119 469
    110 470
    105 471
    106 472
    108 473
     97 474
     88 475
     98 476
     97 477
    107 478
     93 479
     98 480
     71 481
     84 482
     79 483
     85 484
     90 485
     78 486
     82 487
     68 488
     76 489
     75 490
     73 491
     70 492
     68 493
     54 494
     47 495
     68 496
     60 497
     69 498
     61 499
     62 500
     63 501
     51 502
     51 503
     42 504
     49 505
     52 506
     41 507
     63 508
     55 509
     54 510
     57 511
     56 512
     45 513
     54 514
     49 515
     42 516
     40 517
     45 518
     39 519
     36 520
     46 521
     44 522
     40 523
     38 524
     42 525
     42 526
     44 527
     45 528
     39 529
     40 530
     42 531
     33 532
     27 533
     38 534
     37 535
     27 536
     40 537
     40 538
     30 539
     34 540
     27 541
     22 542
     30 543
     38 544
     37 545
     36 546
     33 547
     33 548
     30 549
     28 550
     34 551
     25 552
     35 553
     28 554
     30 555
     30 556
     27 557
     22 558
     22 559
     22 560
     21 561
     35 562
     23 563
     32 564
     30 565
     21 566
     21 567
     34 568
     33 569
     25 570
     24 571
     26 572
     31 573
     18 574
     21 575
     34 576
     34 577
     23 578
     26 579
     24 580
     22 581
     20 582
     36 583
     34 584
     35 585
     35 586
     30 587
     25 588
     31 589
     26 590
     36 591
     32 592
     30 593
     20 594
     25 595
     18 596
     22 597
     19 598
     18 599
     24 600
     15 601
     28 602
     22 603
     14 604
     12 605
     21 606
     16 607
     22 608
     17 609
     12 610
     17 611
     23 612
      6 613
     14 614
     12 615
     12 616
      8 617
     10 618
      7 619
     11 620
     11 621
      7 622
     14 623
     10 624
      6 625
      8 626
     13 627
      9 628
      8 629
      3 630
     11 631
      9 632
      8 633
      9 634
      7 635
     10 636
      4 637
      4 638
      4 639
     10 640
      6 641
      8 642
      5 643
      6 644
      8 645
      5 646
      7 647
     12 648
      4 649
      4 650
      7 651
      5 652
      8 653
      8 654
      6 655
      7 656
      4 657
      9 658
      7 659
      7 660
      6 661
      5 662
     10 663
      7 664
      5 665
      3 666
      4 667
      6 668
      6 669
      3 670
      2 671
      5 672
      3 673
      4 674
      3 675
      4 676
      4 677
      1 678
      3 679
      4 680
      2 681
      6 682
      2 683
      1 684
      3 685
      1 686
      4 687
      3 688
      2 689
      2 690
      3 691
      1 692
      6 693
      2 694
      3 695
      2 696
      2 697
      4 698
      5 700
      2 701
      1 702
      1 703
      1 704
      3 705
      2 706
      1 708
      2 709
      5 710
      1 711
      2 712
      1 713
      1 714
      1 715
      2 716
      2 717
      1 718
      2 719
      3 720
      3 721
      1 722
      2 723
      2 724
      2 725
      1 727
      3 728
      4 730
      2 731
      1 732
      1 733
      1 734
      2 735
      3 736
      2 737
      1 738
      1 743
      1 747
      1 749
      3 751
      2 752
      2 753
      1 754
      2 755
      1 756
      2 757
      1 758
      1 759
      2 760
      1 762
      1 763
      1 764
      1 774
      1 776
      2 780
      2 786
      2 787
      2 789
      1 793
      1 803
      2 804
      1 805
      2 806
      1 807
      2 810
      1 811
      1 814
      1 815
      1 819
      1 822
      1 827
      1 833
      1 836
      1 841
      1 848
      1 850
      1 851
      1 855
      1 861
      1 865
      1 868
      1 869
      1 871
      1 872
      1 874
      1 877
      1 881
      1 882
      1 886
      1 901
      1 910
      1 911
      1 916
      1 917
      1 928
      1 929
      1 957
      1 962
      1 964
      1 965
      1 991
      1 1000
      1 1148
      1 1167
      1 1172
      1 1334
      1 1412
      1 1552
      1 1642
---AAD-PGBENCH-LAG-US---
