pgbench (18.6 (Debian 18.6-1.pgdg13+2))
starting vacuum...end.
transaction type: <builtin: select only>
scaling factor: 1000
query mode: simple
number of clients: 16
number of threads: 16
maximum number of tries: 1
duration: 60 s
number of transactions actually processed: 3676787
number of failed transactions: 0 (0.000%)
latency average = 0.261 ms
initial connection time = 6.290 ms
tps = 61285.446109 (without initial connection time)
---AAD-PGBENCH-LATENCY-US---
rc=0
samples=73333
      1 206
      2 208
      3 209
     11 210
      8 211
     10 212
     19 213
     21 214
     29 215
     42 216
     48 217
     58 218
     95 219
    130 220
    193 221
    275 222
    298 223
    408 224
    457 225
    516 226
    572 227
    679 228
    769 229
    972 230
   1128 231
   1284 232
   1558 233
   1744 234
   1987 235
   2167 236
   2114 237
   2070 238
   1947 239
   1735 240
   1737 241
   1505 242
   1360 243
   1278 244
   1190 245
   1060 246
    881 247
    900 248
    885 249
    840 250
    798 251
    749 252
    828 253
    789 254
    844 255
    907 256
   1030 257
   1060 258
   1109 259
   1220 260
   1328 261
   1156 262
   1182 263
   1214 264
   1198 265
   1089 266
    983 267
   1042 268
   1057 269
    874 270
    792 271
    805 272
    759 273
    752 274
    828 275
    824 276
    750 277
    601 278
    526 279
    498 280
    435 281
    405 282
    408 283
    365 284
    348 285
    303 286
    294 287
    223 288
    235 289
    228 290
    212 291
    209 292
    190 293
    173 294
    182 295
    170 296
    149 297
    172 298
    142 299
    137 300
    126 301
    136 302
    121 303
    108 304
    114 305
    102 306
    103 307
    106 308
     94 309
     96 310
     87 311
     85 312
     86 313
     74 314
     69 315
     67 316
     52 317
     66 318
     73 319
     82 320
     84 321
     61 322
     64 323
     58 324
     78 325
     78 326
     76 327
     85 328
     91 329
     88 330
     63 331
     58 332
     54 333
     66 334
     62 335
     55 336
     49 337
     62 338
     58 339
     42 340
     41 341
     42 342
     41 343
     39 344
     39 345
     35 346
     39 347
     27 348
     39 349
     28 350
     27 351
     25 352
     30 353
     19 354
     23 355
     20 356
     32 357
     24 358
     20 359
     18 360
     22 361
     20 362
     25 363
     16 364
     13 365
     20 366
     30 367
     19 368
     19 369
     14 370
     22 371
     22 372
     15 373
     19 374
     20 375
     14 376
     17 377
     19 378
     15 379
     10 380
     15 381
     18 382
     19 383
     11 384
     14 385
     20 386
     13 387
      9 388
     15 389
     20 390
     21 391
     17 392
     21 393
     16 394
     22 395
     18 396
     33 397
     20 398
     15 399
     15 400
     11 401
     16 402
     10 403
     19 404
     14 405
     15 406
     23 407
     18 408
     11 409
     14 410
     11 411
     15 412
     10 413
     12 414
      5 415
     13 416
      8 417
     12 418
      8 419
     10 420
      7 421
     13 422
      8 423
      9 424
      5 425
      7 426
      4 427
     11 428
     11 429
     17 430
      6 431
      9 432
      9 433
     11 434
     11 435
      5 436
      1 437
     10 438
     12 439
      6 440
      3 441
      8 442
      6 443
      7 444
     11 445
      7 446
      6 447
     10 448
     10 449
      9 450
     14 451
      8 452
      5 453
     13 454
      7 455
      9 456
     11 457
     15 458
     10 459
      8 460
      8 461
      5 462
     10 463
     13 464
     12 465
      7 466
     10 467
     17 468
     14 469
     15 470
     11 471
     24 472
     21 473
      7 474
     15 475
     14 476
     12 477
      5 478
      7 479
     10 480
     11 481
     11 482
     15 483
     12 484
     11 485
     12 486
     13 487
     11 488
     13 489
     14 490
     10 491
      6 492
      8 493
      8 494
     19 495
      8 496
      9 497
      7 498
      4 499
      2 500
     11 501
      7 502
     12 503
      7 504
     10 505
      7 506
      4 507
      7 508
      7 509
      3 510
      6 511
      8 512
      5 513
      7 514
      3 515
      8 516
     12 517
      2 518
      4 519
      9 520
      3 521
      6 522
      5 523
      5 524
      3 525
      3 526
      5 528
      4 529
      1 530
      3 531
      1 532
      3 533
      2 536
      1 537
      3 539
      1 540
      2 541
      1 542
      3 544
      2 547
      1 549
      2 550
      4 552
      1 563
      1 570
      1 572
      1 574
      1 576
      1 577
      1 592
      1 600
      1 619
      2 628
      1 638
      1 646
      1 689
      1 691
      1 756
      1 1150
---AAD-PGBENCH-LAG-US---
