pgbench (18.6 (Debian 18.6-1.pgdg13+2))
starting vacuum...end.
transaction type: <builtin: select only>
scaling factor: 1000
query mode: simple
number of clients: 32
number of threads: 16
maximum number of tries: 1
duration: 60 s
number of transactions actually processed: 6105379
number of failed transactions: 0 (0.000%)
latency average = 0.314 ms
initial connection time = 9.340 ms
tps = 101771.199008 (without initial connection time)
---AAD-PGBENCH-LATENCY-US---
rc=0
samples=122449
      1 203
      2 210
      3 211
      3 212
      4 213
      3 214
     10 215
      5 216
     16 217
     17 218
     25 219
     30 220
     30 221
     45 222
     52 223
     49 224
     64 225
     80 226
     97 227
    101 228
     99 229
    128 230
    145 231
    157 232
    141 233
    198 234
    206 235
    231 236
    261 237
    248 238
    248 239
    253 240
    269 241
    249 242
    244 243
    259 244
    274 245
    244 246
    270 247
    249 248
    271 249
    281 250
    270 251
    275 252
    327 253
    327 254
    347 255
    362 256
    414 257
    408 258
    484 259
    457 260
    553 261
    615 262
    666 263
    720 264
    845 265
    918 266
    953 267
   1084 268
   1135 269
   1166 270
   1210 271
   1438 272
   1488 273
   1613 274
   1811 275
   2072 276
   1926 277
   1651 278
   1640 279
   1615 280
   1407 281
   1309 282
   1347 283
   1301 284
   1146 285
   1119 286
   1110 287
   1092 288
    949 289
    933 290
    874 291
    943 292
    815 293
    866 294
    823 295
    789 296
    754 297
    772 298
    775 299
    749 300
    709 301
    715 302
    683 303
    676 304
    727 305
    640 306
    652 307
    657 308
    659 309
    676 310
    663 311
    675 312
    717 313
    703 314
    756 315
    728 316
    778 317
    859 318
    915 319
    942 320
   1080 321
   1154 322
   1132 323
   1207 324
   1303 325
   1444 326
   1481 327
   1722 328
   1793 329
   2069 330
   1835 331
   1679 332
   1624 333
   1491 334
   1385 335
   1309 336
   1313 337
   1280 338
   1203 339
   1083 340
    969 341
    974 342
    897 343
    923 344
    867 345
    796 346
    758 347
    684 348
    618 349
    596 350
    528 351
    479 352
    415 353
    411 354
    409 355
    367 356
    339 357
    315 358
    293 359
    288 360
    303 361
    244 362
    231 363
    233 364
    219 365
    218 366
    207 367
    194 368
    178 369
    190 370
    190 371
    201 372
    186 373
    159 374
    181 375
    162 376
    167 377
    166 378
    164 379
    146 380
    145 381
    165 382
    158 383
    158 384
    159 385
    164 386
    175 387
    186 388
    199 389
    200 390
    193 391
    201 392
    206 393
    186 394
    216 395
    195 396
    228 397
    215 398
    239 399
    217 400
    188 401
    205 402
    194 403
    156 404
    161 405
    131 406
    136 407
    165 408
    132 409
    106 410
    104 411
     89 412
    110 413
     97 414
     77 415
     66 416
     81 417
     71 418
     57 419
     70 420
     55 421
     42 422
     48 423
     49 424
     36 425
     37 426
     35 427
     40 428
     26 429
     39 430
     21 431
     31 432
     40 433
     29 434
     23 435
     34 436
     26 437
     36 438
     28 439
     20 440
     23 441
     22 442
     26 443
     15 444
     18 445
     16 446
     27 447
     20 448
     15 449
     26 450
     26 451
     20 452
     26 453
     22 454
     29 455
     25 456
     19 457
     18 458
     18 459
     17 460
     18 461
     29 462
     22 463
     19 464
     27 465
     21 466
     25 467
     30 468
     26 469
     21 470
     19 471
     27 472
     24 473
     18 474
     23 475
     15 476
     13 477
     16 478
     11 479
     20 480
     25 481
     16 482
     24 483
     19 484
     21 485
     23 486
     12 487
     19 488
      9 489
     14 490
     13 491
     16 492
     19 493
     25 494
     19 495
     13 496
     14 497
     14 498
     12 499
     19 500
     16 501
     11 502
     14 503
     13 504
     12 505
     14 506
     17 507
     12 508
     16 509
     15 510
     16 511
     16 512
     16 513
     15 514
     17 515
      6 516
     21 517
      9 518
     21 519
     21 520
     16 521
     20 522
     21 523
      9 524
     24 525
     19 526
     16 527
     26 528
     22 529
     24 530
     17 531
     14 532
     14 533
     20 534
     22 535
     17 536
     10 537
     17 538
     11 539
     14 540
     15 541
      9 542
      9 543
     14 544
     11 545
     15 546
      9 547
     10 548
     10 549
      5 550
      7 551
      6 552
      5 553
      9 554
     11 555
      7 556
      4 557
      3 558
      5 559
      7 560
      9 561
      5 562
      2 563
      5 564
      1 565
      4 566
      2 567
      1 568
      3 569
      2 570
      1 571
      3 572
      5 573
      3 574
      1 575
      6 576
      3 577
      3 578
      9 579
      5 580
      6 581
      8 582
      8 583
      4 584
     14 585
      6 586
     16 587
      9 588
     12 589
      8 590
     11 591
      8 592
      5 593
     12 594
     12 595
     10 596
      5 597
      4 598
      1 599
      4 600
      2 601
      3 602
      3 603
      3 604
      2 605
      1 607
      2 608
      2 609
      3 610
      1 615
      1 616
      1 618
      1 619
      1 621
      2 624
      1 628
      1 629
      1 631
      1 632
      1 635
      1 637
      2 638
      1 639
      1 641
      1 642
      2 644
      2 646
      1 649
      1 653
      1 654
      2 655
      1 656
      2 657
      1 658
      3 659
      5 660
      3 661
      1 663
      1 669
      1 672
      1 674
      1 717
      1 722
      1 734
      1 754
      1 788
      1 797
      1 837
      1 988
      1 1008
      1 1079
      1 1083
      1 1095
      1 1121
      1 1155
      1 1161
      1 1219
      1 1266
      1 1373
      1 1381
      1 1392
      1 1424
      1 1432
      1 1454
---AAD-PGBENCH-LAG-US---
