pgbench (18.6 (Debian 18.6-1.pgdg13+2))
starting vacuum...end.
transaction type: <builtin: select only>
scaling factor: 1000
query mode: simple
number of clients: 16
number of threads: 16
maximum number of tries: 1
duration: 60 s
number of transactions actually processed: 3474574
number of failed transactions: 0 (0.000%)
latency average = 0.276 ms
initial connection time = 6.729 ms
tps = 57915.248153 (without initial connection time)
---AAD-PGBENCH-LATENCY-US---
rc=0
samples=69570
      1 206
      2 207
      4 208
      8 209
     23 210
     18 211
     30 212
     30 213
     44 214
     43 215
     51 216
     93 217
    151 218
    243 219
    286 220
    321 221
    360 222
    438 223
    422 224
    486 225
    489 226
    508 227
    520 228
    624 229
    749 230
    904 231
    997 232
   1098 233
   1204 234
   1186 235
   1241 236
   1288 237
   1292 238
   1099 239
   1102 240
   1014 241
    966 242
    876 243
    774 244
    702 245
    674 246
    667 247
    596 248
    621 249
    606 250
    617 251
    630 252
    632 253
    700 254
    738 255
    808 256
   1081 257
   1291 258
   1306 259
   1562 260
   1936 261
   1539 262
   1331 263
   1501 264
   1246 265
   1169 266
   1069 267
   1120 268
   1055 269
    922 270
    840 271
    838 272
    777 273
    698 274
    760 275
    820 276
    650 277
    547 278
    494 279
    430 280
    423 281
    374 282
    350 283
    341 284
    333 285
    299 286
    259 287
    274 288
    240 289
    235 290
    206 291
    215 292
    200 293
    167 294
    179 295
    178 296
    145 297
    161 298
    147 299
    148 300
    140 301
    149 302
    153 303
    136 304
    139 305
    134 306
    129 307
    122 308
    112 309
    137 310
    135 311
    105 312
     97 313
    114 314
     96 315
     93 316
    106 317
    102 318
     94 319
     87 320
    103 321
    114 322
     88 323
    112 324
    131 325
    117 326
    131 327
    125 328
    148 329
    154 330
    123 331
     87 332
    101 333
    104 334
     91 335
     83 336
     87 337
     86 338
     72 339
     58 340
     46 341
     58 342
     49 343
     46 344
     41 345
     47 346
     40 347
     31 348
     30 349
     31 350
     47 351
     41 352
     40 353
     41 354
     34 355
     30 356
     20 357
     28 358
     29 359
     30 360
     34 361
     31 362
     32 363
     30 364
     35 365
     23 366
     18 367
     14 368
     28 369
     28 370
     33 371
     26 372
     22 373
     29 374
     26 375
     28 376
     22 377
     22 378
     18 379
     20 380
     19 381
     30 382
     27 383
     23 384
     36 385
     38 386
     29 387
     39 388
     26 389
     41 390
     25 391
     29 392
     42 393
     25 394
     35 395
     35 396
     38 397
     39 398
     23 399
     32 400
     28 401
     13 402
     31 403
     23 404
     27 405
     27 406
     25 407
     19 408
     17 409
     27 410
     27 411
     29 412
     25 413
     20 414
     24 415
     22 416
     13 417
     14 418
     14 419
     10 420
     15 421
      8 422
     14 423
     16 424
     18 425
      6 426
     16 427
     11 428
     25 429
     11 430
     18 431
      7 432
     14 433
     10 434
     17 435
     22 436
      9 437
     19 438
      8 439
     16 440
     22 441
     13 442
     15 443
     17 444
     17 445
     16 446
     17 447
     20 448
     20 449
     21 450
     18 451
     26 452
     24 453
     31 454
     15 455
     19 456
     27 457
     16 458
     24 459
     24 460
     18 461
     30 462
     32 463
     37 464
     45 465
     33 466
     26 467
     45 468
     37 469
     38 470
     40 471
     31 472
     39 473
     43 474
     31 475
     38 476
     46 477
     40 478
     34 479
     43 480
     30 481
     26 482
     38 483
     26 484
     28 485
     33 486
     20 487
     26 488
     24 489
     16 490
     18 491
     11 492
     16 493
     14 494
     17 495
     20 496
     16 497
     15 498
     20 499
     18 500
     19 501
     15 502
     14 503
     15 504
     15 505
     17 506
     21 507
     22 508
     19 509
     26 510
     31 511
     41 512
     31 513
     42 514
     47 515
     46 516
     55 517
     73 518
     65 519
     97 520
    234 521
    374 522
    219 523
     95 524
     60 525
     45 526
     33 527
     28 528
     22 529
     29 530
     26 531
     43 532
     26 533
      8 534
      8 535
      3 536
      7 537
      5 538
      4 539
      2 540
      2 541
      1 542
      5 543
      2 544
      2 545
      2 546
      2 547
      1 548
      1 549
      1 551
      3 552
      2 553
      1 554
      1 557
      1 560
      1 561
      2 563
      1 565
      1 567
      1 572
      2 573
      2 576
      1 577
      1 578
      2 581
      1 583
      1 587
      1 591
      1 592
      1 595
      1 596
      1 599
      1 603
      1 605
      1 612
      1 613
      1 614
      1 617
      1 619
      1 626
      1 633
      1 641
      2 645
      1 648
      1 654
      1 656
      1 657
      2 662
      1 684
      1 691
      1 710
      1 716
      1 719
      1 722
      1 744
      1 757
      1 814
      1 819
      1 20962
---AAD-PGBENCH-LAG-US---
