pgbench (18.6 (Debian 18.6-1.pgdg13+2))
starting vacuum...end.
transaction type: <builtin: select only>
scaling factor: 1000
query mode: simple
number of clients: 64
number of threads: 16
maximum number of tries: 1
duration: 60 s
number of transactions actually processed: 11247777
number of failed transactions: 0 (0.000%)
latency average = 0.341 ms
initial connection time = 68.389 ms
tps = 187674.994593 (without initial connection time)
---AAD-PGBENCH-LATENCY-US---
rc=0
samples=224501
      2 210
      2 211
      2 214
      3 215
      3 216
      8 217
     10 218
     10 219
     11 220
     14 221
     16 222
     26 223
     21 224
     25 225
     31 226
     25 227
     43 228
     35 229
     71 230
     77 231
     74 232
     73 233
     84 234
    101 235
    142 236
    107 237
    128 238
    145 239
    160 240
    171 241
    178 242
    169 243
    217 244
    194 245
    216 246
    251 247
    239 248
    293 249
    285 250
    305 251
    292 252
    392 253
    368 254
    406 255
    433 256
    498 257
    548 258
    630 259
    620 260
    762 261
    797 262
    864 263
    993 264
   1119 265
   1143 266
   1245 267
   1411 268
   1575 269
   1554 270
   1702 271
   1810 272
   1877 273
   2033 274
   2088 275
   2229 276
   2224 277
   2185 278
   2133 279
   2096 280
   2080 281
   1849 282
   1933 283
   1797 284
   1751 285
   1594 286
   1522 287
   1441 288
   1412 289
   1311 290
   1218 291
   1192 292
   1119 293
   1054 294
   1057 295
   1010 296
    973 297
    869 298
    931 299
    823 300
    870 301
    790 302
    819 303
    820 304
    781 305
    819 306
    762 307
    750 308
    735 309
    766 310
    728 311
    695 312
    770 313
    783 314
    797 315
    734 316
    777 317
    826 318
    793 319
    896 320
    894 321
    883 322
   1008 323
    996 324
    994 325
   1143 326
   1202 327
   1292 328
   1355 329
   1370 330
   1536 331
   1664 332
   1763 333
   1961 334
   1985 335
   2233 336
   2307 337
   2427 338
   2584 339
   2648 340
   2868 341
   2936 342
   3148 343
   3294 344
   3439 345
   3297 346
   3054 347
   2822 348
   2713 349
   2531 350
   2239 351
   2149 352
   2000 353
   1890 354
   1731 355
   1734 356
   1572 357
   1446 358
   1445 359
   1228 360
   1203 361
   1146 362
   1064 363
    959 364
    943 365
    892 366
    828 367
    790 368
    757 369
    728 370
    743 371
    707 372
    648 373
    642 374
    654 375
    663 376
    619 377
    621 378
    586 379
    600 380
    579 381
    564 382
    565 383
    597 384
    586 385
    578 386
    586 387
    524 388
    569 389
    544 390
    581 391
    550 392
    616 393
    595 394
    611 395
    659 396
    684 397
    714 398
    720 399
    750 400
    784 401
    869 402
    805 403
    890 404
    891 405
    905 406
    941 407
    989 408
    947 409
   1038 410
   1024 411
   1024 412
   1045 413
   1026 414
    983 415
    939 416
    854 417
    883 418
    859 419
    684 420
    693 421
    637 422
    611 423
    561 424
    538 425
    430 426
    446 427
    399 428
    378 429
    357 430
    342 431
    296 432
    271 433
    278 434
    237 435
    233 436
    217 437
    217 438
    191 439
    201 440
    174 441
    163 442
    177 443
    167 444
    137 445
    140 446
    124 447
    137 448
    142 449
    137 450
    111 451
    118 452
    111 453
    122 454
    119 455
    111 456
    107 457
    107 458
    105 459
     86 460
    110 461
    115 462
    113 463
    113 464
    101 465
     87 466
    119 467
    112 468
    106 469
    107 470
    103 471
     92 472
    109 473
    102 474
     84 475
    108 476
    114 477
    110 478
     90 479
    104 480
    107 481
    112 482
     92 483
    102 484
    106 485
     74 486
     85 487
     70 488
     68 489
     82 490
     72 491
     63 492
     49 493
     47 494
     50 495
     55 496
     36 497
     44 498
     45 499
     48 500
     50 501
     40 502
     31 503
     25 504
     26 505
     25 506
     32 507
     38 508
     30 509
     20 510
     29 511
     27 512
     25 513
     29 514
     29 515
     20 516
     23 517
     13 518
     25 519
     28 520
     18 521
     30 522
     20 523
     21 524
     17 525
     23 526
     19 527
     18 528
     14 529
     14 530
     20 531
     17 532
     20 533
     20 534
     22 535
     19 536
     19 537
     18 538
     17 539
     13 540
     17 541
     15 542
     13 543
     20 544
     14 545
     17 546
     13 547
     18 548
     17 549
     15 550
     16 551
     10 552
     17 553
     16 554
     11 555
     17 556
     11 557
     15 558
     13 559
     12 560
      7 561
      4 562
     11 563
     10 564
     14 565
      8 566
      6 567
      9 568
      9 569
     10 570
      6 571
      9 572
     10 573
      4 574
     11 575
      3 576
      8 577
     12 578
      9 579
      4 580
      8 581
      8 582
      5 583
      7 584
      4 585
      5 586
      4 587
      3 588
      8 589
      4 590
      1 591
      4 592
      6 593
      3 594
      3 595
      2 596
      3 597
      5 598
      4 599
      4 600
      3 601
      6 602
      4 603
      3 604
      2 605
      2 606
      3 607
      4 608
      2 609
      2 610
      4 611
      1 612
      1 613
      3 614
      2 615
      1 616
      2 617
      2 618
      3 619
      3 620
      3 621
      2 622
      3 623
      2 624
      4 625
      1 627
      5 629
      2 630
      3 631
      2 632
      2 633
      2 634
      2 636
      1 637
      2 638
      1 640
      1 642
      1 643
      3 645
      2 646
      1 647
      2 649
      2 650
      1 651
      1 652
      2 653
      1 654
      2 655
      2 657
      2 658
      1 662
      1 663
      4 666
      1 669
      3 673
      3 674
      1 675
      1 679
      1 682
      2 683
      1 684
      3 685
      1 686
      2 687
      1 688
      3 690
      2 691
      1 692
      2 693
      1 694
      1 699
      1 704
      1 706
      1 710
      1 711
      1 714
      1 718
      1 722
      2 724
      1 726
      1 729
      1 731
      1 736
      2 740
      1 742
      1 744
      2 748
      1 749
      1 751
      1 753
      2 754
      2 755
      1 756
      2 757
      1 758
      1 759
      1 760
      1 764
      1 766
      1 769
      2 771
      3 772
      1 775
      2 777
      2 778
      1 781
      1 786
      1 787
      1 790
      1 805
      1 807
      1 809
      2 812
      1 813
      2 816
      1 817
      1 821
      1 824
      1 827
      1 829
      1 832
      1 834
      1 836
      1 838
      2 844
      2 847
      1 849
      1 850
      1 851
      1 855
      2 857
      1 858
      1 865
      1 867
      1 868
      1 869
      1 870
      1 871
      1 872
      1 874
      1 879
      1 881
      1 882
      1 885
      2 886
      1 890
      2 891
      1 894
      1 896
      1 897
      1 898
      1 900
      1 904
      2 907
      1 908
      3 909
      2 910
      1 914
      1 915
      1 921
      1 923
      1 926
      2 928
      1 929
      1 930
      1 934
      3 936
      1 937
      3 938
      1 942
      1 943
      1 944
      1 954
      2 955
      1 957
      1 958
      1 963
      2 968
      2 970
      1 976
      2 977
      1 978
      2 981
      1 984
      1 987
      1 989
      1 991
      1 992
      1 993
      2 996
      2 999
      2 1004
      1 1007
      2 1008
      2 1009
      1 1014
      1 1015
      1 1017
      2 1021
      1 1023
      2 1024
      1 1025
      2 1026
      1 1029
      1 1031
      1 1035
      1 1037
      1 1040
      2 1042
      1 1047
      1 1055
      2 1061
      1 1063
      1 1064
      1 1067
      1 1070
      3 1071
      1 1072
      1 1076
      1 1077
      1 1080
      1 1082
      2 1084
      2 1086
      1 1090
      1 1091
      1 1094
      2 1095
      1 1099
      1 1102
      1 1103
      1 1106
      2 1108
      1 1113
      3 1115
      1 1118
      2 1121
      2 1122
      1 1124
      1 1126
      1 1128
      1 1131
      1 1139
      1 1142
      1 1149
      1 1152
      1 1154
      1 1155
      1 1158
      1 1159
      2 1165
      1 1168
      1 1170
      1 1171
      2 1173
      1 1176
      1 1178
      5 1181
      2 1182
      1 1185
      2 1191
      1 1195
      1 1196
      1 1199
      2 1201
      1 1206
      1 1207
      1 1208
      1 1209
      1 1212
      1 1213
      1 1214
      2 1215
      2 1216
      1 1218
      1 1222
      1 1223
      1 1225
      1 1229
      1 1235
      2 1237
      1 1238
      1 1240
      1 1243
      1 1244
      1 1249
      1 1250
      2 1251
      1 1253
      2 1256
      1 1258
      2 1259
      1 1260
      2 1261
      1 1278
      1 1280
      1 1283
      1 1286
      1 1288
      1 1289
      1 1290
      2 1293
      1 1294
      1 1296
      1 1298
      2 1299
      1 1301
      1 1306
      1 1307
      1 1311
      1 1312
      1 1313
      1 1317
      1 1320
      1 1325
      2 1328
      2 1329
      1 1333
      1 1334
      1 1338
      1 1339
      3 1349
      2 1350
      1 1351
      1 1352
      1 1353
      1 1354
      1 1355
      1 1361
      1 1364
      1 1367
      1 1368
      2 1370
      2 1372
      2 1373
      1 1374
      2 1377
      1 1378
      1 1379
      1 1380
      1 1381
      3 1382
      2 1383
      3 1390
      1 1392
      1 1395
      2 1396
      2 1400
      1 1401
      2 1403
      1 1404
      1 1408
      1 1409
      2 1410
      2 1414
      2 1415
      1 1417
      1 1418
      1 1420
      1 1424
      1 1425
      1 1426
      2 1428
      1 1431
      1 1432
      1 1433
      1 1434
      3 1439
      3 1440
      1 1441
      3 1442
      2 1444
      2 1445
      2 1446
      2 1450
      1 1451
      1 1453
      1 1455
      1 1458
      1 1459
      1 1460
      1 1461
      1 1463
      1 1465
      2 1467
      1 1468
      2 1472
      2 1476
      1 1477
      2 1483
      1 1484
      1 1485
      1 1491
      1 1497
      2 1499
      1 1501
      1 1503
      1 1505
      1 1507
      1 1509
      1 1514
      1 1515
      1 1522
      1 1523
      1 1529
      1 1533
      1 1534
      1 1536
      1 1544
      1 1546
      1 1564
      1 1588
      1 1625
      1 1640
      1 1649
      1 1697
      1 1732
      1 1885
      1 2274
      1 2535
---AAD-PGBENCH-LAG-US---
