pgbench (18.6 (Debian 18.6-1.pgdg13+2))
starting vacuum...end.
transaction type: <builtin: select only>
scaling factor: 1000
query mode: simple
number of clients: 128
number of threads: 16
maximum number of tries: 1
duration: 60 s
number of transactions actually processed: 15028623
number of failed transactions: 0 (0.000%)
latency average = 0.509 ms
initial connection time = 284.691 ms
tps = 251461.521858 (without initial connection time)
---AAD-PGBENCH-LATENCY-US---
rc=0
samples=299940
      1 213
      1 217
      2 219
      1 220
      1 222
      3 225
      3 226
      1 227
      3 229
      2 230
      3 231
      3 232
      4 233
      7 234
      9 235
      3 236
     10 237
      1 238
      9 239
      3 240
      7 241
     10 242
     14 243
     13 244
     13 245
     16 246
     18 247
     20 248
     20 249
     15 250
     21 251
     23 252
     25 253
     21 254
     35 255
     37 256
     33 257
     49 258
     42 259
     49 260
     63 261
     58 262
     62 263
     75 264
     84 265
    106 266
    105 267
    103 268
    120 269
    121 270
    131 271
    142 272
    160 273
    161 274
    161 275
    180 276
    163 277
    195 278
    184 279
    176 280
    182 281
    170 282
    168 283
    198 284
    160 285
    146 286
    153 287
    155 288
    140 289
    143 290
    167 291
    162 292
    120 293
    109 294
    120 295
    112 296
    132 297
    118 298
    103 299
    124 300
    107 301
    122 302
    107 303
    112 304
    113 305
    126 306
    143 307
    118 308
    123 309
    135 310
    130 311
    146 312
    135 313
    144 314
    180 315
    153 316
    170 317
    195 318
    201 319
    200 320
    235 321
    260 322
    270 323
    311 324
    329 325
    361 326
    365 327
    446 328
    463 329
    495 330
    532 331
    612 332
    642 333
    682 334
    769 335
    806 336
    890 337
    900 338
    925 339
   1062 340
   1090 341
   1129 342
   1152 343
   1270 344
   1286 345
   1347 346
   1328 347
   1209 348
   1225 349
   1217 350
   1203 351
   1163 352
   1078 353
   1015 354
   1034 355
   1039 356
    977 357
    903 358
    911 359
    813 360
    769 361
    694 362
    738 363
    687 364
    728 365
    604 366
    594 367
    579 368
    543 369
    583 370
    571 371
    534 372
    595 373
    558 374
    527 375
    531 376
    511 377
    547 378
    570 379
    571 380
    590 381
    593 382
    592 383
    618 384
    624 385
    671 386
    654 387
    688 388
    701 389
    754 390
    791 391
    874 392
    882 393
    981 394
   1025 395
   1105 396
   1276 397
   1283 398
   1364 399
   1471 400
   1638 401
   1763 402
   1903 403
   2085 404
   2119 405
   2310 406
   2456 407
   2701 408
   2690 409
   2922 410
   2946 411
   3080 412
   3289 413
   3275 414
   3228 415
   3102 416
   3046 417
   2975 418
   2862 419
   2743 420
   2469 421
   2368 422
   2193 423
   2131 424
   1999 425
   1810 426
   1671 427
   1658 428
   1491 429
   1372 430
   1271 431
   1127 432
   1128 433
   1014 434
   1001 435
    897 436
    874 437
    849 438
    782 439
    761 440
    718 441
    713 442
    594 443
    587 444
    583 445
    551 446
    573 447
    548 448
    573 449
    516 450
    525 451
    558 452
    526 453
    483 454
    473 455
    533 456
    505 457
    526 458
    529 459
    529 460
    566 461
    571 462
    609 463
    646 464
    609 465
    653 466
    699 467
    756 468
    776 469
    788 470
    804 471
    900 472
    937 473
    964 474
   1023 475
   1012 476
   1073 477
   1110 478
   1056 479
   1198 480
   1202 481
   1177 482
   1134 483
   1171 484
   1076 485
   1029 486
    942 487
    930 488
    917 489
    879 490
    780 491
    754 492
    680 493
    650 494
    624 495
    569 496
    560 497
    482 498
    482 499
    444 500
    418 501
    381 502
    362 503
    334 504
    326 505
    289 506
    272 507
    250 508
    270 509
    262 510
    226 511
    213 512
    224 513
    231 514
    225 515
    200 516
    217 517
    181 518
    182 519
    184 520
    208 521
    171 522
    187 523
    163 524
    202 525
    196 526
    209 527
    199 528
    200 529
    223 530
    223 531
    226 532
    232 533
    240 534
    261 535
    289 536
    298 537
    317 538
    348 539
    342 540
    396 541
    404 542
    404 543
    444 544
    457 545
    484 546
    518 547
    500 548
    523 549
    510 550
    545 551
    539 552
    556 553
    550 554
    492 555
    537 556
    498 557
    517 558
    495 559
    463 560
    435 561
    415 562
    406 563
    390 564
    319 565
    342 566
    338 567
    302 568
    294 569
    292 570
    260 571
    249 572
    263 573
    247 574
    243 575
    219 576
    196 577
    217 578
    184 579
    205 580
    190 581
    182 582
    177 583
    166 584
    210 585
    183 586
    166 587
    181 588
    175 589
    157 590
    177 591
    178 592
    170 593
    187 594
    190 595
    188 596
    207 597
    191 598
    219 599
    233 600
    231 601
    250 602
    252 603
    247 604
    313 605
    290 606
    316 607
    331 608
    337 609
    366 610
    362 611
    424 612
    463 613
    450 614
    448 615
    462 616
    515 617
    548 618
    546 619
    568 620
    568 621
    608 622
    565 623
    548 624
    512 625
    542 626
    514 627
    455 628
    474 629
    430 630
    431 631
    439 632
    381 633
    374 634
    362 635
    331 636
    300 637
    285 638
    284 639
    293 640
    245 641
    227 642
    280 643
    197 644
    225 645
    187 646
    198 647
    204 648
    194 649
    177 650
    189 651
    204 652
    175 653
    196 654
    159 655
    186 656
    152 657
    154 658
    170 659
    175 660
    160 661
    175 662
    144 663
    179 664
    172 665
    169 666
    184 667
    204 668
    212 669
    205 670
    204 671
    238 672
    238 673
    242 674
    235 675
    297 676
    314 677
    316 678
    345 679
    370 680
    391 681
    369 682
    402 683
    454 684
    427 685
    415 686
    481 687
    482 688
    496 689
    491 690
    503 691
    488 692
    481 693
    450 694
    482 695
    437 696
    378 697
    390 698
    380 699
    364 700
    324 701
    322 702
    310 703
    284 704
    284 705
    250 706
    244 707
    242 708
    216 709
    217 710
    194 711
    209 712
    186 713
    194 714
    182 715
    198 716
    160 717
    169 718
    130 719
    145 720
    146 721
    152 722
    140 723
    130 724
    134 725
    126 726
    120 727
    126 728
    145 729
    142 730
    134 731
    126 732
    138 733
    136 734
    142 735
    155 736
    151 737
    153 738
    165 739
    165 740
    157 741
    152 742
    176 743
    191 744
    195 745
    216 746
    205 747
    239 748
    234 749
    240 750
    294 751
    266 752
    280 753
    279 754
    322 755
    348 756
    327 757
    308 758
    322 759
    334 760
    331 761
    328 762
    297 763
    317 764
    295 765
    305 766
    275 767
    266 768
    248 769
    236 770
    235 771
    216 772
    217 773
    170 774
    170 775
    204 776
    154 777
    162 778
    136 779
    142 780
    138 781
    132 782
    110 783
    128 784
    120 785
     93 786
    134 787
    113 788
    103 789
     92 790
     97 791
    103 792
     74 793
     59 794
     79 795
     82 796
     81 797
     83 798
     83 799
     87 800
     85 801
     84 802
     87 803
     82 804
     86 805
     84 806
     84 807
     90 808
     99 809
    113 810
    110 811
    108 812
    127 813
    117 814
    138 815
    128 816
    139 817
    140 818
    164 819
    168 820
    159 821
    173 822
    203 823
    180 824
    205 825
    202 826
    212 827
    191 828
    194 829
    195 830
    194 831
    178 832
    182 833
    163 834
    178 835
    161 836
    138 837
    158 838
    117 839
    135 840
    126 841
    131 842
    113 843
    125 844
    117 845
     88 846
    108 847
     72 848
     85 849
     74 850
     85 851
     80 852
     67 853
     59 854
     66 855
     60 856
     53 857
     52 858
     54 859
     54 860
     64 861
     50 862
     69 863
     48 864
     59 865
     50 866
     44 867
     56 868
     44 869
     48 870
     51 871
     53 872
     55 873
     47 874
     46 875
     64 876
     60 877
     59 878
     56 879
     48 880
     64 881
     67 882
     55 883
     69 884
     71 885
     82 886
     88 887
     88 888
    108 889
     77 890
    103 891
    121 892
     94 893
    119 894
    110 895
    106 896
    112 897
     95 898
    124 899
     86 900
     96 901
     93 902
     86 903
    111 904
     85 905
     92 906
     89 907
     72 908
     78 909
     80 910
     80 911
     54 912
     52 913
     62 914
     54 915
     44 916
     52 917
     46 918
     50 919
     47 920
     31 921
     54 922
     49 923
     45 924
     37 925
     35 926
     26 927
     29 928
     43 929
     34 930
     33 931
     27 932
     36 933
     28 934
     32 935
     25 936
     36 937
     25 938
     28 939
     32 940
     29 941
     34 942
     29 943
     32 944
     35 945
     31 946
     26 947
     41 948
     35 949
     27 950
     32 951
     22 952
     46 953
     27 954
     46 955
     53 956
     44 957
     32 958
     55 959
     53 960
     59 961
     46 962
     60 963
     44 964
     74 965
     58 966
     44 967
     68 968
     63 969
     61 970
     58 971
     45 972
     44 973
     50 974
     40 975
     43 976
     46 977
     40 978
     30 979
     38 980
     37 981
     25 982
     25 983
     26 984
     19 985
     32 986
     30 987
     23 988
     23 989
     25 990
     24 991
     28 992
     17 993
     22 994
     22 995
     14 996
     19 997
     16 998
     13 999
     20 1000
     11 1001
     14 1002
     19 1003
     17 1004
      9 1005
     11 1006
     16 1007
      9 1008
      8 1009
     18 1010
     20 1011
     23 1012
     20 1013
     12 1014
     20 1015
     16 1016
     14 1017
     15 1018
     14 1019
     20 1020
     19 1021
     22 1022
     23 1023
     21 1024
     14 1025
     17 1026
     27 1027
     26 1028
     20 1029
     29 1030
     29 1031
     22 1032
     28 1033
     32 1034
     29 1035
     25 1036
     30 1037
     34 1038
     29 1039
     25 1040
     33 1041
     28 1042
     28 1043
     30 1044
     24 1045
     15 1046
     20 1047
     21 1048
     20 1049
     16 1050
     18 1051
     21 1052
     13 1053
     19 1054
     16 1055
     11 1056
     19 1057
     15 1058
      7 1059
     12 1060
     10 1061
     12 1062
      6 1063
      9 1064
      6 1065
     12 1066
      9 1067
      8 1068
     13 1069
      7 1070
     16 1071
      9 1072
      7 1073
      5 1074
      5 1075
      6 1076
     11 1077
     12 1078
      6 1079
      9 1080
     10 1081
      9 1082
      8 1083
      6 1084
      5 1085
     17 1086
     13 1087
     12 1088
     15 1089
      9 1090
     10 1091
      8 1092
      9 1093
     13 1094
     19 1095
     16 1096
     17 1097
     12 1098
     18 1099
     12 1100
     14 1101
     20 1102
     21 1103
     20 1104
     19 1105
     18 1106
     21 1107
     14 1108
     18 1109
     22 1110
     14 1111
     12 1112
     13 1113
      9 1114
     10 1115
      9 1116
     10 1117
     14 1118
      8 1119
     11 1120
      5 1121
     12 1122
     14 1123
      3 1124
      6 1125
      9 1126
     13 1127
     11 1128
      7 1129
      4 1130
     10 1131
      7 1132
      2 1133
      7 1134
      4 1135
      3 1136
     10 1137
     10 1138
      5 1139
      5 1140
      7 1141
      4 1142
      4 1143
      3 1144
      6 1145
      3 1146
      3 1147
      5 1148
      5 1149
      6 1150
      2 1151
      3 1152
      2 1153
      5 1154
     10 1155
      6 1156
      6 1157
     11 1158
      3 1159
      2 1160
      9 1161
     11 1162
      7 1163
      8 1164
      6 1165
     11 1166
      6 1167
      6 1168
      7 1169
      9 1170
     15 1171
     13 1172
      7 1173
      9 1174
     18 1175
      7 1176
     10 1177
      5 1178
     10 1179
      9 1180
     11 1181
      8 1182
      7 1183
      6 1184
      9 1185
      9 1186
      8 1187
      7 1188
      5 1189
      5 1190
      6 1191
      6 1192
      4 1193
      6 1194
      1 1195
      2 1196
      6 1197
      7 1198
      2 1199
      5 1200
      2 1201
      2 1202
      7 1203
      1 1204
      2 1205
      1 1206
      7 1207
      3 1208
      2 1209
      1 1210
      6 1211
      3 1212
      2 1213
      5 1214
      4 1215
      2 1216
      5 1217
      4 1218
      5 1219
      3 1220
      5 1221
      2 1222
     11 1223
      2 1224
      3 1225
      3 1226
      5 1227
      5 1228
      6 1229
      4 1230
      4 1231
      5 1232
      4 1233
      6 1234
      9 1235
      4 1236
      2 1237
      5 1238
      6 1239
      6 1240
      6 1241
      3 1242
      7 1243
      7 1244
      7 1245
      7 1246
      9 1247
      5 1248
      7 1249
      8 1250
      7 1251
      7 1252
      3 1253
      4 1254
      5 1255
      9 1256
      5 1257
      5 1258
      3 1259
     12 1260
      4 1261
      1 1262
      7 1263
      8 1264
      4 1265
      2 1266
      1 1267
      3 1268
      6 1269
      4 1270
      4 1271
      6 1272
      1 1273
      3 1274
      5 1275
      2 1276
      1 1277
      2 1278
      4 1279
      2 1280
      2 1281
      3 1282
      1 1283
      4 1285
      3 1286
      4 1287
      3 1288
      1 1289
      3 1290
      4 1291
      2 1292
      1 1293
      5 1294
      2 1295
      4 1296
      2 1297
      3 1298
      5 1299
      6 1300
      5 1301
      3 1302
      4 1303
      4 1304
      4 1305
      5 1306
      4 1307
      6 1308
      5 1309
     11 1310
      5 1311
      2 1312
      2 1313
      7 1314
      1 1315
      9 1316
      5 1317
      5 1318
      5 1319
      7 1320
      4 1321
      1 1322
      2 1323
      2 1324
      3 1325
      2 1326
      1 1327
      6 1328
      4 1329
      2 1330
      3 1331
      3 1332
      2 1333
      1 1334
      3 1335
      3 1336
      3 1337
      6 1338
      3 1340
      1 1341
      2 1342
      4 1343
      2 1344
      2 1345
      3 1346
      3 1347
      1 1348
      3 1350
      1 1351
      2 1352
      4 1354
      1 1355
      2 1356
      2 1357
      3 1358
      4 1359
      1 1360
      1 1361
      3 1362
      1 1363
      2 1364
      1 1365
      3 1366
      3 1367
      3 1368
      1 1369
      3 1370
      3 1371
      3 1372
      6 1373
      3 1374
      2 1375
      7 1376
      4 1377
      5 1378
      4 1379
      1 1380
      6 1381
      3 1382
      5 1383
      7 1384
      3 1385
      3 1386
      4 1387
      3 1388
      1 1389
      7 1390
      7 1391
      2 1392
      2 1393
      7 1394
      4 1395
      2 1396
      5 1397
      3 1398
      5 1399
      6 1400
      1 1401
      1 1402
      3 1403
      3 1404
      3 1405
      1 1406
      2 1407
      2 1408
      3 1409
      3 1410
      3 1411
      2 1412
      5 1413
      2 1414
      2 1415
      3 1416
      1 1417
      2 1418
      2 1419
      5 1420
      2 1422
      1 1424
      4 1425
      1 1427
      2 1428
      4 1429
      2 1430
      2 1431
      3 1432
      6 1433
      1 1434
      1 1435
      1 1436
      6 1437
      5 1438
      3 1439
      3 1440
      3 1441
      1 1442
      5 1443
      3 1445
      1 1446
      3 1447
      6 1448
      4 1449
      3 1450
      1 1451
      3 1452
      5 1453
      4 1454
      3 1455
      4 1456
      4 1457
      5 1458
      2 1459
      3 1460
      4 1461
      4 1462
      2 1463
      5 1464
      3 1465
      1 1466
      5 1468
      3 1469
      1 1470
      4 1471
      4 1472
      3 1474
      2 1475
      2 1476
      3 1477
      2 1478
      4 1479
      1 1480
      1 1481
      1 1482
      3 1483
      3 1484
      4 1485
      3 1486
      3 1487
      2 1488
      2 1489
      3 1492
      3 1493
      7 1494
      4 1495
      5 1496
      2 1497
      3 1498
      3 1500
      4 1501
      1 1502
      5 1503
      4 1504
      2 1505
      5 1506
      2 1507
      2 1508
      2 1509
      3 1510
      5 1511
      7 1512
      4 1513
      3 1514
      7 1515
     11 1516
      9 1517
      3 1518
      2 1519
      6 1520
      4 1521
      8 1522
      8 1523
      3 1524
      2 1525
      4 1526
      2 1527
      5 1528
      4 1529
      7 1530
      4 1531
      5 1532
      2 1533
      1 1534
      4 1535
      5 1536
      3 1537
      2 1538
      4 1539
      1 1540
      3 1541
      2 1542
      2 1543
      1 1544
      2 1545
      1 1546
      6 1547
      1 1548
      2 1549
      2 1550
      2 1551
      3 1553
      2 1554
      3 1555
      2 1556
      2 1557
      5 1559
      1 1560
      1 1561
      3 1562
      6 1563
      2 1564
      2 1566
      1 1567
      1 1568
      4 1569
      5 1570
      4 1571
      4 1572
      1 1573
      3 1574
      2 1575
      3 1576
      3 1577
      2 1578
      2 1579
      4 1580
      1 1581
      4 1583
     11 1584
      4 1585
      1 1586
      7 1587
      4 1588
      3 1589
      1 1590
      3 1591
      1 1592
      4 1593
      8 1594
      2 1595
      3 1596
      5 1597
      4 1598
      6 1599
      4 1600
      6 1601
      1 1602
      1 1603
      1 1604
      3 1605
      1 1606
      2 1607
      4 1609
      2 1610
      4 1611
      3 1612
      1 1613
      1 1614
      4 1615
      1 1616
      1 1617
      3 1618
      3 1619
      1 1622
      1 1624
      1 1625
      3 1626
      1 1627
      1 1628
      5 1629
      1 1630
      3 1631
      2 1632
      3 1633
      2 1634
      2 1635
      1 1637
      1 1638
      1 1639
      2 1641
      2 1642
      1 1644
      3 1645
      1 1646
      3 1647
      3 1648
      4 1649
      2 1650
      1 1651
      3 1652
      4 1653
      1 1655
      4 1656
      9 1657
      4 1658
      5 1659
      6 1660
      3 1662
      2 1663
      6 1664
      2 1665
      4 1666
      8 1667
      4 1668
      4 1669
      2 1670
      4 1671
      4 1672
      3 1673
      1 1674
      4 1676
      1 1677
      2 1678
      2 1680
      2 1681
      3 1682
      2 1684
      1 1685
      1 1686
      2 1687
      3 1688
      1 1689
      2 1690
      2 1691
      1 1692
      1 1693
      1 1694
      1 1695
      2 1696
      1 1697
      2 1699
      2 1700
      1 1701
      1 1702
      3 1703
      4 1704
      2 1705
      2 1706
      3 1707
      3 1708
      1 1710
      1 1711
      1 1712
      1 1713
      2 1714
      1 1715
      4 1716
      1 1717
      1 1718
      4 1720
      4 1721
      1 1722
      1 1723
      2 1724
      3 1725
      2 1726
      4 1728
      1 1729
      1 1730
      2 1732
      1 1733
      2 1734
      4 1735
      1 1736
      6 1737
      2 1738
      4 1739
      3 1740
      2 1741
      1 1742
      1 1743
      3 1744
      1 1745
      1 1746
      1 1747
      1 1748
      1 1750
      1 1751
      3 1752
      1 1754
      4 1755
      1 1756
      1 1757
      2 1758
      2 1759
      1 1760
      1 1761
      1 1762
      1 1763
      1 1764
      1 1765
      2 1766
      1 1767
      1 1769
      2 1770
      3 1771
      3 1774
      1 1775
      1 1776
      2 1777
      2 1779
      1 1780
      2 1782
      2 1783
      1 1785
      1 1786
      2 1788
      2 1789
      3 1790
      3 1791
      1 1792
      1 1793
      4 1794
      1 1795
      4 1797
      3 1798
      2 1799
      3 1800
      2 1801
      3 1802
      2 1803
      1 1804
      4 1805
      1 1806
      1 1807
      3 1808
      1 1809
      2 1810
      2 1811
      2 1813
      1 1814
      2 1815
      2 1817
      2 1818
      1 1819
      1 1820
      2 1821
      1 1823
      1 1824
      2 1825
      2 1826
      1 1827
      1 1828
      2 1831
      2 1832
      3 1833
      1 1834
      2 1835
      2 1836
      1 1839
      2 1840
      2 1842
      2 1844
      1 1846
      2 1848
      1 1850
      1 1851
      1 1852
      1 1854
      1 1855
      2 1857
      3 1858
      5 1860
      3 1863
      1 1864
      1 1865
      2 1866
      3 1868
      2 1870
      1 1872
      1 1873
      1 1874
      2 1876
      1 1877
      3 1879
      1 1880
      2 1881
      1 1882
      1 1883
      3 1884
      2 1885
      1 1890
      1 1891
      2 1893
      2 1894
      1 1895
      1 1897
      1 1898
      2 1900
      3 1903
      3 1904
      2 1906
      1 1907
      2 1909
      3 1910
      2 1911
      3 1915
      2 1918
      1 1919
      1 1923
      1 1925
      3 1927
      1 1928
      1 1929
      1 1930
      1 1932
      1 1935
      2 1936
      3 1937
      2 1938
      2 1939
      1 1941
      2 1942
      2 1945
      1 1946
      2 1948
      1 1949
      1 1953
      2 1954
      1 1955
      1 1959
      1 1962
      2 1965
      3 1966
      2 1968
      2 1969
      2 1971
      2 1974
      2 1975
      1 1976
      1 1977
      1 1981
      1 1983
      1 1985
      3 1986
      3 1987
      2 1988
      1 1989
      1 1990
      1 1992
      1 1995
      1 1996
      4 1997
      1 2000
      2 2001
      2 2004
      2 2007
      2 2008
      1 2009
      1 2012
      2 2013
      1 2015
      2 2017
      1 2018
      2 2020
      1 2021
      1 2022
      2 2023
      1 2024
      1 2029
      2 2032
      2 2035
      3 2037
      2 2039
      2 2040
      2 2041
      2 2042
      2 2044
      1 2046
      1 2050
      1 2051
      1 2052
      2 2053
      2 2058
      2 2059
      1 2060
      1 2063
      1 2064
      3 2065
      1 2067
      2 2069
      1 2070
      2 2071
      1 2072
      1 2073
      3 2076
      1 2077
      1 2078
      2 2079
      1 2081
      2 2085
      2 2087
      2 2091
      1 2094
      1 2095
      1 2096
      2 2098
      1 2100
      2 2103
      1 2112
      1 2115
      1 2116
      1 2117
      1 2119
      1 2120
      2 2122
      1 2125
      1 2126
      1 2129
      1 2130
      1 2135
      1 2136
      2 2137
      1 2138
      1 2144
      1 2145
      1 2146
      1 2148
      2 2149
      3 2152
      2 2153
      1 2158
      2 2159
      1 2160
      1 2163
      2 2166
      1 2171
      1 2176
      1 2177
      2 2181
      2 2187
      1 2191
      1 2195
      1 2198
      3 2199
      1 2202
      1 2203
      1 2208
      1 2210
      1 2211
      1 2213
      1 2214
      1 2216
      1 2218
      1 2221
      2 2222
      1 2228
      1 2230
      1 2231
      1 2235
      1 2243
      1 2253
      1 2254
      1 2275
      2 2281
      2 2283
      1 2284
      1 2287
      1 2289
      1 2297
      1 2302
      1 2303
      1 2308
      1 2311
      1 2315
      1 2316
      1 2317
      1 2322
      1 2324
      1 2328
      1 2330
      1 2335
      1 2338
      1 2350
      1 2351
      1 2354
      1 2363
      1 2373
      1 2377
      1 2379
      1 2386
      1 2388
      1 2409
      2 2412
      1 2425
      1 2429
      1 2432
      1 2435
      1 2436
      1 2438
      1 2450
      1 2457
      1 2469
      1 2475
      1 2477
      1 2478
      1 2483
      1 2499
      1 2507
      1 2512
      1 2537
      1 2543
      1 2554
      1 2558
      1 2588
      1 2592
      2 2602
      1 2609
      1 2610
      1 2630
      1 2649
      1 2658
      1 2661
      1 2680
      1 2689
      1 2691
      1 2697
      2 2704
      1 2709
      1 2712
      1 2727
      1 2740
      1 2753
      1 2766
      1 2780
      1 2804
      1 2825
      1 2879
      1 2891
      1 2929
      1 2930
      1 2934
      1 2997
      1 3078
      1 3105
      1 3114
      1 3346
      1 3566
      1 3702
      1 4381
      1 4458
      1 4587
      1 4803
      1 4904
      1 5339
      1 5347
      1 5384
      1 5741
      1 6724
      1 7056
      1 7633
      1 8182
      1 8998
      1 9432
      1 10032
      1 10310
      1 10931
      1 11102
      1 11338
      1 11512
      1 22031
      1 22182
      1 28677
---AAD-PGBENCH-LAG-US---
