pgbench (18.6 (Debian 18.6-1.pgdg13+2))
starting vacuum...end.
transaction type: <builtin: select only>
scaling factor: 1000
query mode: simple
number of clients: 32
number of threads: 16
maximum number of tries: 1
duration: 60 s
number of transactions actually processed: 6272748
number of failed transactions: 0 (0.000%)
latency average = 0.306 ms
initial connection time = 10.850 ms
tps = 104563.063362 (without initial connection time)
---AAD-PGBENCH-LATENCY-US---
rc=0
samples=125901
      1 205
      1 206
      1 207
      1 208
      2 209
      4 210
      6 211
      8 212
     10 213
     11 214
     12 215
     29 216
     23 217
     31 218
     46 219
     41 220
     53 221
     61 222
     83 223
     86 224
     96 225
    110 226
    160 227
    148 228
    157 229
    173 230
    203 231
    197 232
    241 233
    263 234
    281 235
    292 236
    306 237
    323 238
    365 239
    362 240
    355 241
    370 242
    346 243
    365 244
    355 245
    356 246
    372 247
    395 248
    354 249
    393 250
    396 251
    393 252
    462 253
    470 254
    441 255
    524 256
    514 257
    558 258
    630 259
    651 260
    715 261
    764 262
    862 263
    890 264
    987 265
   1096 266
   1166 267
   1354 268
   1375 269
   1500 270
   1492 271
   1719 272
   1923 273
   2025 274
   2241 275
   2906 276
   2612 277
   2198 278
   1976 279
   1883 280
   1779 281
   1646 282
   1595 283
   1595 284
   1499 285
   1281 286
   1368 287
   1297 288
   1137 289
   1123 290
   1142 291
   1008 292
   1050 293
    942 294
    976 295
    947 296
    867 297
    848 298
    886 299
    836 300
    818 301
    787 302
    884 303
    764 304
    727 305
    695 306
    754 307
    709 308
    724 309
    715 310
    743 311
    714 312
    644 313
    660 314
    666 315
    681 316
    707 317
    764 318
    739 319
    712 320
    840 321
    820 322
    925 323
    891 324
    955 325
   1049 326
   1039 327
   1148 328
   1220 329
   1344 330
   1204 331
   1145 332
   1056 333
   1025 334
   1077 335
   1058 336
    974 337
    989 338
    949 339
    954 340
    873 341
    892 342
    867 343
    813 344
    862 345
    799 346
    693 347
    673 348
    594 349
    546 350
    490 351
    471 352
    455 353
    433 354
    388 355
    344 356
    366 357
    326 358
    287 359
    259 360
    265 361
    254 362
    247 363
    193 364
    200 365
    186 366
    184 367
    160 368
    187 369
    180 370
    176 371
    165 372
    145 373
    142 374
    144 375
    139 376
    135 377
    134 378
    138 379
    139 380
    124 381
    143 382
    131 383
    142 384
    134 385
    149 386
    135 387
    158 388
    141 389
    159 390
    135 391
    156 392
    161 393
    187 394
    144 395
    167 396
    159 397
    163 398
    165 399
    163 400
    137 401
    152 402
    136 403
    134 404
    122 405
    137 406
    111 407
    103 408
     88 409
    103 410
     84 411
     85 412
     77 413
     87 414
     80 415
     60 416
     62 417
     66 418
     48 419
     52 420
     50 421
     35 422
     53 423
     59 424
     37 425
     40 426
     38 427
     35 428
     33 429
     25 430
     27 431
     23 432
     25 433
     38 434
     28 435
     25 436
     20 437
     18 438
     18 439
     24 440
     19 441
     17 442
     10 443
     14 444
     24 445
     18 446
     18 447
     22 448
     18 449
     25 450
     17 451
      8 452
     14 453
     24 454
     17 455
     10 456
     17 457
     17 458
     12 459
     17 460
     16 461
     15 462
     16 463
     19 464
     10 465
     14 466
     11 467
     14 468
     14 469
     15 470
     11 471
     12 472
     17 473
     12 474
     22 475
     12 476
     16 477
     20 478
     15 479
     10 480
      8 481
     11 482
     15 483
     13 484
     18 485
     13 486
     10 487
     24 488
     15 489
     14 490
     15 491
     15 492
     12 493
     11 494
      9 495
     12 496
      8 497
     11 498
      6 499
      6 500
     14 501
     14 502
      8 503
     18 504
      9 505
      7 506
     17 507
     12 508
     13 509
      7 510
     12 511
     15 512
     15 513
      5 514
     13 515
      8 516
     13 517
     15 518
     12 519
     14 520
     10 521
     20 522
     15 523
     23 524
     25 525
     15 526
     11 527
     18 528
     15 529
     12 530
     12 531
     12 532
     16 533
     12 534
     16 535
     18 536
     10 537
     11 538
      4 539
     14 540
     14 541
     13 542
     10 543
     12 544
      5 545
     14 546
      8 547
     12 548
     14 549
     10 550
      5 551
      6 552
      5 553
      6 554
      5 555
      6 556
      5 557
      6 558
      5 559
      5 560
      5 561
      4 562
      3 563
      4 564
      4 565
      1 566
      4 568
      3 569
      3 570
      1 572
      2 573
      1 574
      2 575
      2 576
      2 577
      1 578
      2 580
      2 581
      1 582
      2 583
      4 584
      1 585
      3 586
      2 587
      4 589
      1 590
      1 591
      1 592
      2 593
      2 594
      4 596
      1 597
      2 598
      2 599
      2 602
      1 605
      1 612
      1 618
      1 626
      1 627
      1 628
      1 639
      1 646
      1 650
      1 655
      1 656
      1 661
      1 663
      1 666
      1 670
      1 672
      1 674
      1 688
      1 696
      1 721
      1 726
      1 729
      1 739
      1 751
      1 794
      1 796
      1 829
      1 892
      1 997
      1 1013
      1 1019
      1 1030
      1 1076
      1 1109
      1 1123
      1 1132
      1 1139
      1 1212
      1 1259
      1 1277
      1 1310
      1 1328
      1 1364
      1 1366
      1 1377
      1 1387
      1 1389
      2 1396
      1 1425
      1 1525
      1 3912
---AAD-PGBENCH-LAG-US---
