pgbench (18.6 (Debian 18.6-1.pgdg13+2))
starting vacuum...end.
transaction type: <builtin: select only>
scaling factor: 1000
query mode: simple
number of clients: 256
number of threads: 16
maximum number of tries: 1
duration: 60 s
number of transactions actually processed: 12822948
number of failed transactions: 0 (0.000%)
latency average = 1.192 ms
initial connection time = 406.440 ms
tps = 214730.523404 (without initial connection time)
---AAD-PGBENCH-LATENCY-US---
rc=0
samples=256112
      1 226
      1 227
      1 228
      2 229
      1 236
      1 238
      1 240
      2 242
      1 243
      2 244
      3 245
      1 246
      2 247
      1 248
      3 249
      2 250
      5 251
      5 252
      2 253
      3 254
      6 255
      6 257
      4 258
      6 259
      6 260
     13 261
      6 262
     11 263
      7 264
     14 265
     11 266
      8 267
      8 268
     12 269
      8 270
     19 271
     12 272
     19 273
     16 274
     17 275
     19 276
     24 277
     20 278
     19 279
      9 280
     21 281
     18 282
     10 283
     19 284
     10 285
     15 286
     14 287
     17 288
     18 289
     11 290
     20 291
     16 292
     20 293
     10 294
     16 295
     10 296
     15 297
     17 298
     19 299
     20 300
     10 301
     16 302
     10 303
     13 304
     11 305
      9 306
     10 307
     17 308
     14 309
     13 310
     15 311
     17 312
      7 313
     19 314
     20 315
     18 316
     10 317
     21 318
     19 319
     31 320
     13 321
     31 322
     19 323
     21 324
     30 325
     25 326
     26 327
     22 328
     40 329
     36 330
     37 331
     40 332
     41 333
     59 334
     54 335
     68 336
     63 337
     82 338
     65 339
     69 340
     78 341
     61 342
     72 343
     95 344
     68 345
     59 346
     58 347
     83 348
    100 349
     80 350
     79 351
     76 352
     83 353
     75 354
     75 355
     65 356
     54 357
     62 358
     58 359
     69 360
     50 361
     40 362
     42 363
     44 364
     53 365
     39 366
     44 367
     44 368
     35 369
     33 370
     39 371
     36 372
     48 373
     37 374
     28 375
     29 376
     29 377
     48 378
     31 379
     34 380
     36 381
     41 382
     47 383
     36 384
     34 385
     54 386
     37 387
     49 388
     51 389
     43 390
     50 391
     49 392
     59 393
     59 394
     68 395
     75 396
     91 397
     76 398
     77 399
     88 400
    101 401
    110 402
     88 403
    121 404
    119 405
    133 406
    131 407
    129 408
    135 409
    134 410
    154 411
    129 412
    144 413
    163 414
    132 415
    154 416
    149 417
    144 418
    140 419
    131 420
    121 421
     96 422
    106 423
     93 424
    105 425
    104 426
     86 427
     96 428
     97 429
     74 430
     77 431
     56 432
     62 433
     69 434
     51 435
     53 436
     46 437
     51 438
     42 439
     46 440
     63 441
     31 442
     37 443
     56 444
     43 445
     38 446
     42 447
     45 448
     41 449
     40 450
     43 451
     44 452
     31 453
     36 454
     49 455
     43 456
     44 457
     52 458
     32 459
     42 460
     46 461
     42 462
     41 463
     50 464
     54 465
     54 466
     60 467
     61 468
     59 469
     56 470
     57 471
     83 472
     72 473
     78 474
     81 475
     87 476
     89 477
     85 478
     75 479
     72 480
     89 481
     89 482
     99 483
     60 484
     84 485
     85 486
     74 487
     97 488
     86 489
     74 490
     62 491
     71 492
     72 493
     82 494
     59 495
     52 496
     61 497
     50 498
     48 499
     51 500
     45 501
     55 502
     36 503
     46 504
     48 505
     30 506
     40 507
     31 508
     48 509
     37 510
     33 511
     30 512
     29 513
     21 514
     31 515
     32 516
     39 517
     25 518
     23 519
     31 520
     35 521
     34 522
     25 523
     24 524
     36 525
     41 526
     41 527
     38 528
     34 529
     35 530
     49 531
     34 532
     37 533
     50 534
     48 535
     48 536
     63 537
     66 538
     46 539
     56 540
     73 541
     47 542
     70 543
     89 544
    108 545
     91 546
     87 547
     71 548
     75 549
     98 550
     79 551
     96 552
     87 553
    111 554
    101 555
     96 556
     90 557
    108 558
     79 559
     71 560
     88 561
     85 562
     88 563
     72 564
     77 565
     56 566
     74 567
     81 568
     57 569
     70 570
     74 571
     59 572
     68 573
     54 574
     52 575
     49 576
     55 577
     61 578
     56 579
     59 580
     50 581
     71 582
     59 583
     42 584
     54 585
     49 586
     49 587
     46 588
     59 589
     47 590
     64 591
     50 592
     47 593
     56 594
     58 595
     67 596
     58 597
     72 598
     49 599
     67 600
     72 601
     74 602
     78 603
     93 604
     83 605
     97 606
     89 607
     98 608
    108 609
    113 610
    135 611
    108 612
    129 613
    123 614
    144 615
    136 616
    139 617
    171 618
    137 619
    161 620
    174 621
    160 622
    163 623
    162 624
    173 625
    165 626
    183 627
    151 628
    173 629
    145 630
    133 631
    151 632
    134 633
    142 634
    131 635
    117 636
    123 637
    123 638
    111 639
    118 640
    133 641
    117 642
    109 643
    113 644
    107 645
     92 646
     96 647
    105 648
     96 649
     96 650
     90 651
     96 652
     92 653
     93 654
    110 655
     96 656
    105 657
     87 658
    112 659
    101 660
     94 661
    113 662
    107 663
    107 664
     99 665
    113 666
    133 667
    124 668
    134 669
    133 670
    134 671
    141 672
    148 673
    163 674
    182 675
    165 676
    165 677
    188 678
    187 679
    218 680
    237 681
    245 682
    218 683
    261 684
    279 685
    278 686
    296 687
    296 688
    263 689
    328 690
    288 691
    330 692
    281 693
    294 694
    271 695
    299 696
    303 697
    258 698
    274 699
    283 700
    279 701
    258 702
    216 703
    224 704
    234 705
    236 706
    187 707
    223 708
    178 709
    208 710
    205 711
    219 712
    191 713
    197 714
    187 715
    179 716
    182 717
    184 718
    182 719
    165 720
    183 721
    159 722
    161 723
    155 724
    161 725
    166 726
    183 727
    184 728
    184 729
    182 730
    169 731
    176 732
    153 733
    191 734
    218 735
    181 736
    224 737
    203 738
    219 739
    177 740
    226 741
    240 742
    260 743
    253 744
    286 745
    277 746
    291 747
    312 748
    303 749
    343 750
    376 751
    356 752
    392 753
    410 754
    437 755
    414 756
    428 757
    462 758
    433 759
    455 760
    452 761
    447 762
    434 763
    440 764
    406 765
    400 766
    410 767
    425 768
    416 769
    388 770
    371 771
    378 772
    344 773
    328 774
    317 775
    335 776
    307 777
    306 778
    304 779
    273 780
    286 781
    292 782
    257 783
    251 784
    298 785
    273 786
    268 787
    245 788
    249 789
    237 790
    232 791
    246 792
    223 793
    250 794
    200 795
    223 796
    241 797
    228 798
    210 799
    238 800
    242 801
    243 802
    227 803
    264 804
    264 805
    300 806
    265 807
    293 808
    289 809
    304 810
    301 811
    331 812
    315 813
    348 814
    343 815
    355 816
    363 817
    310 818
    402 819
    418 820
    418 821
    393 822
    430 823
    444 824
    459 825
    473 826
    497 827
    484 828
    508 829
    503 830
    517 831
    457 832
    451 833
    428 834
    456 835
    456 836
    432 837
    436 838
    408 839
    407 840
    381 841
    381 842
    394 843
    347 844
    366 845
    335 846
    318 847
    296 848
    269 849
    348 850
    300 851
    317 852
    292 853
    256 854
    301 855
    274 856
    275 857
    266 858
    277 859
    210 860
    254 861
    278 862
    230 863
    241 864
    255 865
    273 866
    227 867
    242 868
    253 869
    256 870
    247 871
    262 872
    250 873
    252 874
    232 875
    280 876
    258 877
    240 878
    254 879
    236 880
    276 881
    284 882
    302 883
    299 884
    301 885
    335 886
    344 887
    393 888
    393 889
    382 890
    369 891
    364 892
    377 893
    418 894
    436 895
    447 896
    434 897
    485 898
    425 899
    392 900
    422 901
    401 902
    405 903
    419 904
    423 905
    367 906
    349 907
    385 908
    345 909
    347 910
    328 911
    323 912
    300 913
    308 914
    310 915
    286 916
    267 917
    272 918
    246 919
    262 920
    268 921
    245 922
    237 923
    240 924
    223 925
    221 926
    232 927
    211 928
    238 929
    209 930
    217 931
    226 932
    203 933
    240 934
    215 935
    211 936
    181 937
    209 938
    201 939
    181 940
    193 941
    217 942
    205 943
    222 944
    221 945
    255 946
    247 947
    253 948
    233 949
    253 950
    234 951
    250 952
    263 953
    274 954
    271 955
    292 956
    288 957
    286 958
    298 959
    316 960
    312 961
    375 962
    348 963
    310 964
    368 965
    357 966
    376 967
    363 968
    398 969
    387 970
    362 971
    359 972
    332 973
    312 974
    320 975
    352 976
    327 977
    324 978
    304 979
    285 980
    250 981
    237 982
    243 983
    262 984
    229 985
    251 986
    249 987
    207 988
    194 989
    216 990
    221 991
    229 992
    230 993
    193 994
    210 995
    193 996
    203 997
    175 998
    178 999
    200 1000
    210 1001
    192 1002
    173 1003
    188 1004
    188 1005
    171 1006
    182 1007
    198 1008
    159 1009
    173 1010
    166 1011
    175 1012
    207 1013
    176 1014
    198 1015
    205 1016
    193 1017
    216 1018
    212 1019
    209 1020
    228 1021
    219 1022
    231 1023
    237 1024
    241 1025
    264 1026
    254 1027
    271 1028
    251 1029
    264 1030
    286 1031
    314 1032
    277 1033
    322 1034
    315 1035
    320 1036
    286 1037
    288 1038
    298 1039
    292 1040
    287 1041
    292 1042
    289 1043
    271 1044
    280 1045
    313 1046
    269 1047
    246 1048
    236 1049
    205 1050
    224 1051
    236 1052
    213 1053
    223 1054
    229 1055
    191 1056
    197 1057
    205 1058
    197 1059
    196 1060
    194 1061
    198 1062
    178 1063
    165 1064
    169 1065
    173 1066
    171 1067
    159 1068
    147 1069
    172 1070
    167 1071
    151 1072
    166 1073
    158 1074
    173 1075
    175 1076
    152 1077
    165 1078
    167 1079
    161 1080
    138 1081
    180 1082
    154 1083
    173 1084
    173 1085
    186 1086
    175 1087
    170 1088
    202 1089
    198 1090
    199 1091
    204 1092
    223 1093
    225 1094
    219 1095
    226 1096
    232 1097
    235 1098
    255 1099
    272 1100
    266 1101
    257 1102
    267 1103
    254 1104
    258 1105
    267 1106
    249 1107
    266 1108
    234 1109
    267 1110
    225 1111
    228 1112
    267 1113
    254 1114
    256 1115
    242 1116
    207 1117
    241 1118
    195 1119
    199 1120
    181 1121
    193 1122
    164 1123
    215 1124
    181 1125
    200 1126
    172 1127
    149 1128
    165 1129
    151 1130
    164 1131
    156 1132
    145 1133
    135 1134
    145 1135
    155 1136
    150 1137
    156 1138
    158 1139
    142 1140
    140 1141
    140 1142
    146 1143
    153 1144
    155 1145
    129 1146
    163 1147
    149 1148
    148 1149
    133 1150
    160 1151
    157 1152
    150 1153
    157 1154
    166 1155
    172 1156
    166 1157
    198 1158
    186 1159
    185 1160
    189 1161
    185 1162
    209 1163
    205 1164
    191 1165
    197 1166
    219 1167
    209 1168
    216 1169
    211 1170
    242 1171
    241 1172
    235 1173
    189 1174
    243 1175
    216 1176
    263 1177
    229 1178
    237 1179
    212 1180
    194 1181
    236 1182
    210 1183
    206 1184
    187 1185
    219 1186
    199 1187
    189 1188
    160 1189
    174 1190
    179 1191
    165 1192
    170 1193
    153 1194
    165 1195
    157 1196
    138 1197
    152 1198
    160 1199
    151 1200
    122 1201
    136 1202
    144 1203
    147 1204
    140 1205
    139 1206
    153 1207
    135 1208
    146 1209
    140 1210
    114 1211
    130 1212
    135 1213
    142 1214
    137 1215
    132 1216
    132 1217
    136 1218
    116 1219
    127 1220
    129 1221
    150 1222
    153 1223
    139 1224
    120 1225
    118 1226
    156 1227
    155 1228
    155 1229
    177 1230
    162 1231
    171 1232
    176 1233
    185 1234
    159 1235
    180 1236
    187 1237
    189 1238
    186 1239
    208 1240
    217 1241
    206 1242
    216 1243
    187 1244
    213 1245
    209 1246
    202 1247
    189 1248
    196 1249
    169 1250
    214 1251
    186 1252
    192 1253
    162 1254
    175 1255
    178 1256
    145 1257
    178 1258
    171 1259
    151 1260
    154 1261
    152 1262
    129 1263
    176 1264
    125 1265
    130 1266
    129 1267
    127 1268
    119 1269
    118 1270
    138 1271
    120 1272
    119 1273
    132 1274
    120 1275
    149 1276
    124 1277
    111 1278
    106 1279
    124 1280
    104 1281
    132 1282
    131 1283
    109 1284
    126 1285
    124 1286
    125 1287
    134 1288
    134 1289
    117 1290
    130 1291
    129 1292
    136 1293
    140 1294
    124 1295
    132 1296
    142 1297
    149 1298
    142 1299
    157 1300
    145 1301
    152 1302
    146 1303
    163 1304
    165 1305
    181 1306
    165 1307
    174 1308
    185 1309
    191 1310
    181 1311
    201 1312
    173 1313
    184 1314
    163 1315
    176 1316
    188 1317
    165 1318
    187 1319
    180 1320
    182 1321
    203 1322
    160 1323
    182 1324
    143 1325
    145 1326
    133 1327
    153 1328
    147 1329
    136 1330
    137 1331
    138 1332
    152 1333
    115 1334
    132 1335
    127 1336
    124 1337
    105 1338
    136 1339
    126 1340
    128 1341
    112 1342
    100 1343
    130 1344
    109 1345
    107 1346
    109 1347
    101 1348
     95 1349
    119 1350
    125 1351
    115 1352
    113 1353
    115 1354
    120 1355
    113 1356
     99 1357
     96 1358
    132 1359
    124 1360
    103 1361
     86 1362
    142 1363
    127 1364
    115 1365
    122 1366
    114 1367
    107 1368
    127 1369
    116 1370
    151 1371
    137 1372
    161 1373
    165 1374
    142 1375
    150 1376
    157 1377
    157 1378
    167 1379
    205 1380
    166 1381
    193 1382
    180 1383
    162 1384
    153 1385
    166 1386
    150 1387
    159 1388
    157 1389
    144 1390
    151 1391
    145 1392
    157 1393
    138 1394
    122 1395
    133 1396
    142 1397
    114 1398
    144 1399
    137 1400
    107 1401
    107 1402
    122 1403
    126 1404
    112 1405
    126 1406
    100 1407
    101 1408
     86 1409
    105 1410
    109 1411
     98 1412
    113 1413
     84 1414
    101 1415
     98 1416
     99 1417
    104 1418
    113 1419
     87 1420
    101 1421
    114 1422
     98 1423
    105 1424
    100 1425
     91 1426
     99 1427
     88 1428
     98 1429
     92 1430
     97 1431
     86 1432
    114 1433
    126 1434
    104 1435
     96 1436
    113 1437
    108 1438
    117 1439
    125 1440
    130 1441
    116 1442
    116 1443
    110 1444
    143 1445
    153 1446
    143 1447
    131 1448
    145 1449
    161 1450
    142 1451
    148 1452
    146 1453
    157 1454
    140 1455
    148 1456
    147 1457
    148 1458
    142 1459
    142 1460
    149 1461
    143 1462
    123 1463
    141 1464
    128 1465
    119 1466
    107 1467
    124 1468
    126 1469
    113 1470
    127 1471
    121 1472
    128 1473
     99 1474
     99 1475
     99 1476
     91 1477
    108 1478
    108 1479
    109 1480
     91 1481
     96 1482
     95 1483
     83 1484
     99 1485
    105 1486
     99 1487
     83 1488
    111 1489
     73 1490
     88 1491
     78 1492
     91 1493
     82 1494
     97 1495
     88 1496
    100 1497
     95 1498
     89 1499
    114 1500
     82 1501
     87 1502
    113 1503
    105 1504
    111 1505
    116 1506
    125 1507
    117 1508
    113 1509
    121 1510
    112 1511
    118 1512
    119 1513
    144 1514
    135 1515
    126 1516
    140 1517
    130 1518
    129 1519
    113 1520
    161 1521
    132 1522
    117 1523
    144 1524
    142 1525
    127 1526
    126 1527
    118 1528
     98 1529
    129 1530
    125 1531
    119 1532
    141 1533
     92 1534
    115 1535
    109 1536
     89 1537
    118 1538
    112 1539
    115 1540
    107 1541
     94 1542
     97 1543
     90 1544
     96 1545
     92 1546
     71 1547
     79 1548
     78 1549
     88 1550
     73 1551
     77 1552
     86 1553
     93 1554
     72 1555
     74 1556
    105 1557
     88 1558
     80 1559
     80 1560
     74 1561
     88 1562
     65 1563
     66 1564
     90 1565
     89 1566
     76 1567
     82 1568
    103 1569
     76 1570
     82 1571
     86 1572
    100 1573
    100 1574
     97 1575
     90 1576
    100 1577
     99 1578
    101 1579
     97 1580
     89 1581
    107 1582
     96 1583
    106 1584
    109 1585
    122 1586
    109 1587
    115 1588
    120 1589
    125 1590
    102 1591
    125 1592
    119 1593
    116 1594
    121 1595
    112 1596
    121 1597
    107 1598
    108 1599
    102 1600
     95 1601
     98 1602
     89 1603
     95 1604
     97 1605
     96 1606
    102 1607
     86 1608
    102 1609
     97 1610
     97 1611
     80 1612
     88 1613
     77 1614
     73 1615
     81 1616
     81 1617
     82 1618
    104 1619
     81 1620
     60 1621
     73 1622
     81 1623
     73 1624
     76 1625
     76 1626
     88 1627
     74 1628
     63 1629
     69 1630
     69 1631
     65 1632
     84 1633
     78 1634
     67 1635
     77 1636
     85 1637
     73 1638
     74 1639
     66 1640
     89 1641
     60 1642
     70 1643
     72 1644
     76 1645
     73 1646
     89 1647
     93 1648
    125 1649
     93 1650
     80 1651
     94 1652
     96 1653
     84 1654
     96 1655
     90 1656
    124 1657
    102 1658
     97 1659
    103 1660
     93 1661
     94 1662
    101 1663
    118 1664
    110 1665
     94 1666
     95 1667
     82 1668
     83 1669
     83 1670
     79 1671
     82 1672
     79 1673
     75 1674
     96 1675
     93 1676
     88 1677
     75 1678
     86 1679
     85 1680
     90 1681
     81 1682
     69 1683
     97 1684
     86 1685
     69 1686
     63 1687
     74 1688
     62 1689
     73 1690
     58 1691
     74 1692
     84 1693
     57 1694
     65 1695
     66 1696
     64 1697
     60 1698
     83 1699
     50 1700
     73 1701
     62 1702
     75 1703
     63 1704
     63 1705
     66 1706
     63 1707
     78 1708
     65 1709
     67 1710
     74 1711
     78 1712
     68 1713
     65 1714
     68 1715
     78 1716
     67 1717
     82 1718
     78 1719
     84 1720
     68 1721
     80 1722
     75 1723
     84 1724
     83 1725
     71 1726
     95 1727
     93 1728
    102 1729
     75 1730
     80 1731
    100 1732
     72 1733
     94 1734
     75 1735
     76 1736
     74 1737
     59 1738
     83 1739
     80 1740
     77 1741
     61 1742
     73 1743
     76 1744
     69 1745
     77 1746
     76 1747
     64 1748
     55 1749
     64 1750
     56 1751
     59 1752
     54 1753
     58 1754
     62 1755
     58 1756
     62 1757
     61 1758
     62 1759
     43 1760
     62 1761
     51 1762
     63 1763
     49 1764
     48 1765
     56 1766
     59 1767
     68 1768
     55 1769
     53 1770
     71 1771
     49 1772
     66 1773
     66 1774
     57 1775
     54 1776
     73 1777
     64 1778
     70 1779
     63 1780
     56 1781
     67 1782
     40 1783
     63 1784
     53 1785
     62 1786
     63 1787
     66 1788
     77 1789
     84 1790
     73 1791
     74 1792
     80 1793
     63 1794
     84 1795
     77 1796
     69 1797
     81 1798
     80 1799
    100 1800
     82 1801
     84 1802
     87 1803
     81 1804
     79 1805
     57 1806
     68 1807
     69 1808
     59 1809
     60 1810
     67 1811
     65 1812
     58 1813
     69 1814
     59 1815
     62 1816
     62 1817
     57 1818
     41 1819
     46 1820
     57 1821
     61 1822
     59 1823
     61 1824
     55 1825
     59 1826
     62 1827
     49 1828
     39 1829
     48 1830
     46 1831
     49 1832
     47 1833
     44 1834
     47 1835
     52 1836
     48 1837
     54 1838
     45 1839
     45 1840
     45 1841
     50 1842
     42 1843
     37 1844
     58 1845
     43 1846
     60 1847
     31 1848
     69 1849
     61 1850
     76 1851
     61 1852
     59 1853
     46 1854
     59 1855
     66 1856
     62 1857
     62 1858
     61 1859
     55 1860
     66 1861
     67 1862
     76 1863
     81 1864
     69 1865
     70 1866
     57 1867
     59 1868
     49 1869
     70 1870
     39 1871
     60 1872
     60 1873
     58 1874
     62 1875
     59 1876
     58 1877
     59 1878
     47 1879
     52 1880
     45 1881
     55 1882
     62 1883
     47 1884
     64 1885
     49 1886
     47 1887
     49 1888
     49 1889
     50 1890
     54 1891
     47 1892
     43 1893
     41 1894
     40 1895
     45 1896
     46 1897
     51 1898
     45 1899
     42 1900
     33 1901
     45 1902
     38 1903
     43 1904
     38 1905
     35 1906
     43 1907
     38 1908
     49 1909
     51 1910
     47 1911
     41 1912
     40 1913
     40 1914
     42 1915
     37 1916
     37 1917
     41 1918
     42 1919
     43 1920
     43 1921
     47 1922
     55 1923
     52 1924
     45 1925
     44 1926
     60 1927
     55 1928
     42 1929
     56 1930
     54 1931
     61 1932
     50 1933
     47 1934
     54 1935
     55 1936
     62 1937
     49 1938
     52 1939
     64 1940
     44 1941
     48 1942
     50 1943
     50 1944
     57 1945
     48 1946
     58 1947
     50 1948
     50 1949
     35 1950
     54 1951
     46 1952
     32 1953
     51 1954
     50 1955
     52 1956
     43 1957
     28 1958
     48 1959
     43 1960
     33 1961
     40 1962
     45 1963
     38 1964
     37 1965
     40 1966
     43 1967
     47 1968
     34 1969
     40 1970
     36 1971
     48 1972
     38 1973
     40 1974
     27 1975
     36 1976
     41 1977
     29 1978
     30 1979
     28 1980
     35 1981
     23 1982
     27 1983
     36 1984
     35 1985
     40 1986
     29 1987
     35 1988
     44 1989
     29 1990
     32 1991
     46 1992
     34 1993
     40 1994
     45 1995
     32 1996
     29 1997
     55 1998
     37 1999
     37 2000
     48 2001
     54 2002
     50 2003
     38 2004
     54 2005
     37 2006
     30 2007
     51 2008
     37 2009
     51 2010
     59 2011
     35 2012
     46 2013
     46 2014
     34 2015
     33 2016
     52 2017
     44 2018
     34 2019
     28 2020
     40 2021
     40 2022
     32 2023
     43 2024
     22 2025
     31 2026
     30 2027
     35 2028
     38 2029
     25 2030
     46 2031
     24 2032
     35 2033
     20 2034
     25 2035
     36 2036
     35 2037
     39 2038
     41 2039
     35 2040
     31 2041
     37 2042
     30 2043
     20 2044
     29 2045
     30 2046
     28 2047
     23 2048
     33 2049
     34 2050
     35 2051
     28 2052
     25 2053
     26 2054
     38 2055
     22 2056
     38 2057
     30 2058
     35 2059
     34 2060
     28 2061
     43 2062
     39 2063
     34 2064
     33 2065
     39 2066
     42 2067
     38 2068
     36 2069
     35 2070
     27 2071
     40 2072
     54 2073
     33 2074
     46 2075
     41 2076
     37 2077
     37 2078
     44 2079
     37 2080
     36 2081
     31 2082
     40 2083
     34 2084
     30 2085
     38 2086
     38 2087
     41 2088
     34 2089
     38 2090
     36 2091
     31 2092
     29 2093
     30 2094
     36 2095
     39 2096
     33 2097
     28 2098
     28 2099
     21 2100
     28 2101
     18 2102
     26 2103
     35 2104
     18 2105
     19 2106
     17 2107
     27 2108
     23 2109
     18 2110
     22 2111
     26 2112
     25 2113
     28 2114
     22 2115
     15 2116
     22 2117
     23 2118
     22 2119
     20 2120
     32 2121
     22 2122
     27 2123
     32 2124
     27 2125
     23 2126
     37 2127
     28 2128
     31 2129
     33 2130
     23 2131
     33 2132
     16 2133
     29 2134
     21 2135
     31 2136
     34 2137
     25 2138
     23 2139
     23 2140
     34 2141
     39 2142
     33 2143
     30 2144
     26 2145
     37 2146
     37 2147
     35 2148
     33 2149
     34 2150
     19 2151
     30 2152
     32 2153
     32 2154
     24 2155
     22 2156
     35 2157
     32 2158
     24 2159
     23 2160
     19 2161
     26 2162
     21 2163
     24 2164
     22 2165
     21 2166
     28 2167
     20 2168
     22 2169
     23 2170
     22 2171
     22 2172
     16 2173
     22 2174
     19 2175
     19 2176
     26 2177
     16 2178
     30 2179
     32 2180
     24 2181
     17 2182
     28 2183
     25 2184
     16 2185
     21 2186
     22 2187
     21 2188
     18 2189
      9 2190
     18 2191
     16 2192
     24 2193
     22 2194
     29 2195
     26 2196
     22 2197
     14 2198
     23 2199
     20 2200
     26 2201
     32 2202
     22 2203
     25 2204
     27 2205
     24 2206
     23 2207
     26 2208
     20 2209
     24 2210
     32 2211
     37 2212
     28 2213
     27 2214
     22 2215
     26 2216
     10 2217
     24 2218
     26 2219
     24 2220
     25 2221
     28 2222
     13 2223
     19 2224
     27 2225
     24 2226
     21 2227
     27 2228
     34 2229
     19 2230
     23 2231
     15 2232
     15 2233
     20 2234
     24 2235
     19 2236
     16 2237
     22 2238
     22 2239
     25 2240
     27 2241
     22 2242
     22 2243
     15 2244
     16 2245
     16 2246
     18 2247
     18 2248
     21 2249
     19 2250
     16 2251
     12 2252
     16 2253
     11 2254
     24 2255
     11 2256
     14 2257
     13 2258
     14 2259
     17 2260
     12 2261
     19 2262
     19 2263
     16 2264
     24 2265
     18 2266
     22 2267
     14 2268
     32 2269
     29 2270
     29 2271
     21 2272
     15 2273
     24 2274
     19 2275
     26 2276
     18 2277
     27 2278
     15 2279
     22 2280
     12 2281
     25 2282
     20 2283
     19 2284
     24 2285
     27 2286
     15 2287
     21 2288
     24 2289
     25 2290
     14 2291
     18 2292
     23 2293
     16 2294
     18 2295
     20 2296
     19 2297
     12 2298
     13 2299
     22 2300
     10 2301
     20 2302
     12 2303
     18 2304
     17 2305
     18 2306
     13 2307
     16 2308
     17 2309
     16 2310
     14 2311
      8 2312
     12 2313
     17 2314
     19 2315
     11 2316
     14 2317
     24 2318
     14 2319
     14 2320
     13 2321
     21 2322
     10 2323
     11 2324
     14 2325
     13 2326
     15 2327
     11 2328
      8 2329
     17 2330
      8 2331
     16 2332
     11 2333
     10 2334
     17 2335
     22 2336
     14 2337
     16 2338
     16 2339
     11 2340
     10 2341
     23 2342
     21 2343
     20 2344
     17 2345
     14 2346
     18 2347
     14 2348
     18 2349
     13 2350
     19 2351
     11 2352
     10 2353
     10 2354
     18 2355
     12 2356
     17 2357
     16 2358
     10 2359
     14 2360
     13 2361
     21 2362
     14 2363
     11 2364
     16 2365
     15 2366
     10 2367
     14 2368
     21 2369
     14 2370
     15 2371
     17 2372
     12 2373
     11 2374
     10 2375
     16 2376
     12 2377
     14 2378
      9 2379
     12 2380
      9 2381
      8 2382
     12 2383
      9 2384
     12 2385
     11 2386
     15 2387
      7 2388
     10 2389
     14 2390
     14 2391
      6 2392
     14 2393
     12 2394
     11 2395
     12 2396
     10 2397
     10 2398
     11 2399
     12 2400
     14 2401
     16 2402
     12 2403
     11 2404
     16 2405
      6 2406
      9 2407
     12 2408
     13 2409
     10 2410
      9 2411
     12 2412
     18 2413
     15 2414
     21 2415
     14 2416
     13 2417
     16 2418
     13 2419
     11 2420
      9 2421
     23 2422
     16 2423
     15 2424
     11 2425
     11 2426
     12 2427
     11 2428
      7 2429
     19 2430
     13 2431
      8 2432
     16 2433
      7 2434
     14 2435
      8 2436
     11 2437
      8 2438
      8 2439
     10 2440
     12 2441
     10 2442
     14 2443
     12 2444
     11 2445
     14 2446
      9 2447
     10 2448
     10 2449
      9 2450
     12 2451
     10 2452
     15 2453
     12 2454
     14 2455
     10 2456
      8 2457
     12 2458
     10 2459
     11 2460
     11 2461
     13 2462
      8 2463
     11 2464
      7 2465
      8 2466
     12 2467
      7 2468
      6 2469
      6 2470
      8 2471
     16 2472
     13 2473
      5 2474
      8 2475
     10 2476
      8 2477
      8 2478
     14 2479
      9 2480
     12 2481
     12 2482
     11 2483
     10 2484
     13 2485
     10 2486
     19 2487
     15 2488
     13 2489
     11 2490
      8 2491
      8 2492
     11 2493
     10 2494
      6 2495
     10 2496
     15 2497
     18 2498
      9 2499
      2 2500
     17 2501
      8 2502
      3 2503
     15 2504
     13 2505
     13 2506
     12 2507
     12 2508
      9 2509
     11 2510
      7 2511
     12 2512
      8 2513
      7 2514
      8 2515
     10 2516
     10 2517
     11 2518
      5 2519
      5 2520
      9 2521
     11 2522
     12 2523
      2 2524
      9 2525
     12 2526
     10 2527
      9 2528
      9 2529
     13 2530
      7 2531
      6 2532
      5 2533
      8 2534
      6 2535
      4 2536
      8 2537
      7 2538
      4 2539
     11 2540
      3 2541
     11 2542
      7 2543
     11 2544
      9 2545
      6 2546
     10 2547
      8 2548
     10 2549
     11 2550
      9 2551
     12 2552
     14 2553
      6 2554
     12 2555
     10 2556
      5 2557
     11 2558
      7 2559
     12 2560
      9 2561
     12 2562
     13 2563
     14 2564
      9 2565
     12 2566
     10 2567
      5 2568
      7 2569
      8 2570
     12 2571
      7 2572
      6 2573
      9 2574
      3 2575
      4 2576
      9 2577
      7 2578
      3 2579
      5 2580
      7 2581
      7 2582
      5 2583
     14 2584
      5 2585
      5 2586
      5 2587
      3 2588
      7 2589
     10 2590
      5 2591
      7 2592
      5 2593
      7 2594
      4 2595
      6 2596
      5 2597
      5 2598
      5 2599
      9 2600
      9 2601
      5 2602
      7 2603
      7 2604
     12 2605
      7 2606
      6 2607
      5 2608
      6 2609
      4 2610
     10 2611
      5 2612
      6 2613
      3 2614
      6 2615
      6 2616
      3 2617
      7 2618
      5 2619
      6 2620
      6 2621
      7 2622
      4 2623
      6 2624
     11 2625
      8 2626
      8 2627
      6 2628
      6 2629
     10 2630
      5 2631
      2 2632
      9 2633
     11 2634
      9 2635
      3 2636
      6 2637
      4 2638
      2 2639
      4 2640
      8 2641
      8 2642
      6 2643
      7 2644
      6 2645
     10 2646
      8 2647
      5 2648
      3 2649
      6 2650
      5 2651
      4 2652
      5 2653
      2 2654
      4 2655
      7 2656
      3 2657
      4 2658
      5 2659
      4 2660
      5 2661
      4 2662
      7 2663
      6 2664
      5 2665
      4 2666
      1 2667
      2 2668
      2 2669
      1 2670
      5 2671
      3 2672
      4 2673
      5 2674
      4 2675
     10 2676
      8 2678
      3 2679
      3 2680
      9 2681
      5 2682
      8 2683
      5 2684
      6 2685
      5 2686
      5 2687
      7 2688
      5 2689
      6 2690
      4 2691
      6 2692
      8 2693
      7 2694
      8 2695
      5 2696
      8 2697
      6 2698
      7 2699
      6 2700
      2 2701
     12 2702
      4 2703
      6 2704
      5 2705
      4 2706
      3 2707
      8 2708
      6 2709
      3 2710
      4 2711
      3 2712
     10 2713
      6 2714
      4 2715
      4 2716
      5 2717
      2 2718
      4 2719
      2 2720
      3 2721
      3 2722
      8 2723
      5 2724
      5 2725
      1 2726
      5 2727
      4 2728
      5 2729
      6 2730
      6 2731
      1 2732
      1 2733
      5 2734
      6 2735
      5 2736
      1 2737
      6 2738
      5 2739
      2 2740
      2 2741
      4 2742
      4 2743
      7 2744
      5 2745
      6 2746
      6 2747
      3 2748
      2 2749
      3 2750
      2 2751
      2 2752
      3 2753
      4 2754
      6 2755
      3 2756
      4 2757
      2 2758
      2 2759
      4 2760
     10 2761
      4 2762
     10 2763
      9 2764
      3 2765
      6 2766
      2 2767
      1 2768
      7 2769
      6 2770
      5 2771
      3 2772
      4 2773
      5 2774
      5 2775
      6 2776
      9 2777
      3 2778
      4 2779
     10 2780
      5 2781
      6 2782
      5 2783
      5 2784
      5 2785
      3 2786
      2 2787
      5 2788
      2 2789
      2 2790
      2 2791
      1 2792
      1 2793
      6 2794
      4 2795
      2 2796
      2 2797
      4 2798
      4 2799
      8 2800
      3 2801
      2 2802
      3 2803
      5 2804
      2 2805
      3 2806
      1 2807
      6 2808
      3 2809
      6 2810
      5 2811
      2 2812
      3 2813
      3 2814
      3 2815
      3 2816
      5 2817
      3 2818
      2 2819
      1 2820
      4 2821
      3 2822
      6 2824
      2 2825
      1 2826
      5 2827
      4 2828
      2 2829
      5 2830
      5 2831
      3 2832
      4 2833
      1 2834
      8 2835
      5 2836
      2 2837
      4 2838
      4 2839
      7 2840
      3 2841
      2 2842
      4 2843
      4 2844
      3 2845
      4 2846
      4 2847
      6 2848
      3 2849
      3 2850
      1 2851
      5 2852
      2 2853
      3 2854
      3 2855
      8 2856
      3 2857
      2 2858
      4 2859
      3 2860
      6 2861
      3 2862
      5 2863
      4 2864
      4 2865
      4 2866
      3 2867
      2 2868
      1 2869
      2 2870
      2 2871
      4 2872
      4 2873
      1 2874
      3 2875
      1 2876
      2 2877
      6 2878
      1 2879
      6 2880
      3 2881
      1 2882
      2 2883
      1 2884
      1 2885
      2 2886
      2 2887
      1 2888
      2 2890
      6 2891
      6 2892
      2 2893
      3 2894
      6 2895
      4 2896
      4 2897
      7 2898
      3 2899
      3 2900
      3 2901
      1 2902
      2 2903
      6 2904
      5 2905
      2 2906
      6 2907
      3 2908
      2 2909
      4 2910
      2 2911
      5 2912
      1 2913
      6 2914
      5 2915
      3 2916
      2 2917
      4 2918
      6 2919
      4 2920
      3 2921
      3 2922
      4 2923
      3 2924
      2 2925
      6 2926
      1 2928
      4 2929
      2 2931
      3 2932
      5 2933
      3 2934
      3 2935
      3 2936
      8 2937
      4 2938
      3 2939
      2 2940
      1 2942
      3 2943
      4 2944
      5 2945
      4 2947
      4 2950
      4 2952
      3 2953
      4 2954
      1 2955
      3 2956
      3 2957
      2 2958
      2 2959
      4 2960
      3 2962
      3 2963
      6 2964
      3 2965
      3 2966
      8 2968
      2 2969
      2 2971
      4 2972
      5 2973
      3 2974
      5 2975
      1 2976
      1 2977
      4 2979
      3 2980
      2 2981
      3 2982
      2 2983
      2 2984
      2 2985
      6 2986
      1 2987
      3 2988
      5 2989
      3 2990
      4 2991
      2 2992
      3 2993
      7 2994
      2 2995
      1 2996
      1 2999
      1 3000
      2 3001
      2 3002
      3 3003
      2 3004
      3 3005
      2 3006
      1 3007
      1 3010
      1 3011
      4 3012
      2 3013
      3 3014
      2 3015
      1 3017
      5 3018
      1 3019
      3 3020
      1 3021
      1 3022
      3 3023
      2 3025
      3 3026
      4 3027
      3 3028
      3 3029
      3 3030
      2 3031
      1 3032
      1 3033
      2 3034
      2 3036
      4 3037
      3 3038
      3 3039
      3 3040
      5 3041
      2 3042
      4 3043
      1 3044
      4 3045
      3 3046
      3 3047
      5 3048
      2 3049
      4 3050
      1 3051
      3 3052
      4 3053
      2 3054
      5 3055
      3 3056
      1 3057
      2 3058
      1 3059
      1 3060
      2 3061
      3 3062
      3 3065
      3 3066
      1 3067
      2 3068
      1 3069
      3 3070
      1 3071
      3 3072
      4 3073
      6 3074
      1 3075
      2 3076
      1 3077
      1 3078
      4 3079
      2 3080
      1 3081
      1 3082
      1 3084
      1 3085
      1 3086
      1 3087
      2 3088
      4 3089
      3 3090
      4 3092
      4 3093
      4 3094
      1 3095
      4 3096
      4 3097
      5 3098
      2 3099
      6 3100
      1 3101
      3 3102
      1 3103
      2 3104
      2 3105
      1 3106
      3 3107
      3 3108
      3 3109
      3 3111
      2 3112
      1 3113
      3 3114
      3 3115
      1 3116
      2 3117
      3 3118
      2 3119
      4 3120
      1 3121
      2 3122
      3 3123
      2 3124
      2 3125
      2 3126
      3 3127
      4 3128
      5 3129
      2 3130
      5 3131
      2 3132
      1 3133
      2 3134
      1 3135
      1 3136
      1 3137
      1 3138
      6 3139
      3 3140
      1 3142
      2 3143
      3 3144
      2 3145
      1 3146
      1 3147
      1 3149
      1 3150
      1 3151
      3 3152
      1 3153
      3 3154
      1 3155
      3 3156
      3 3157
      4 3158
      2 3160
      1 3161
      2 3162
      2 3163
      3 3164
      1 3165
      1 3166
      3 3167
      1 3168
      2 3169
      1 3170
      1 3171
      2 3172
      1 3173
      3 3174
      3 3175
      3 3176
      3 3177
      1 3178
      4 3179
      1 3180
      2 3181
      1 3182
      3 3183
      5 3184
      2 3186
      2 3188
      3 3189
      2 3190
      3 3191
      1 3192
      1 3193
      1 3194
      1 3195
      1 3196
      4 3197
      1 3198
      3 3199
      3 3200
      4 3202
      2 3203
      3 3204
      1 3207
      2 3208
      2 3209
      1 3210
      1 3211
      6 3212
      2 3214
      2 3215
      3 3216
      2 3217
      3 3218
      3 3219
      2 3220
      3 3221
      2 3223
      1 3224
      3 3225
      5 3226
      5 3227
      3 3228
      3 3229
      1 3230
      3 3231
      1 3232
      1 3233
      2 3234
      2 3235
      1 3236
      2 3237
      1 3238
      3 3239
      1 3240
      5 3241
      2 3242
      1 3244
      3 3245
      2 3246
      3 3247
      4 3248
      4 3249
      1 3250
      1 3251
      1 3252
      1 3254
      1 3255
      3 3256
      3 3257
      3 3258
      3 3259
      1 3260
      5 3262
      3 3263
      1 3264
      1 3265
      2 3267
      1 3268
      1 3269
      3 3270
      1 3271
      1 3272
      2 3273
      1 3275
      1 3276
      2 3277
      3 3278
      6 3279
      4 3280
      1 3281
      3 3282
      1 3283
      1 3286
      2 3287
      1 3288
      1 3290
      3 3291
      5 3293
      1 3294
      1 3297
      1 3298
      3 3299
      3 3300
      2 3301
      2 3302
      2 3303
      3 3304
      2 3305
      3 3306
      1 3307
      1 3308
      1 3309
      2 3310
      1 3311
      3 3312
      1 3313
      3 3314
      1 3315
      4 3316
      2 3317
      2 3318
      2 3319
      2 3320
      3 3322
      1 3323
      4 3324
      3 3325
      1 3326
      2 3327
      1 3328
      1 3329
      3 3330
      3 3331
      4 3332
      1 3334
      1 3335
      3 3336
      1 3337
      1 3338
      4 3340
      2 3341
      2 3342
      1 3344
      2 3346
      2 3347
      3 3348
      4 3349
      2 3350
      3 3351
      1 3352
      3 3355
      2 3357
      2 3358
      3 3359
      2 3360
      2 3361
      3 3362
      3 3363
      2 3365
      2 3367
      1 3368
      2 3369
      1 3370
      2 3371
      2 3372
      1 3374
      2 3375
      1 3376
      3 3377
      1 3378
      1 3379
      1 3380
      1 3381
      1 3382
      3 3383
      1 3384
      1 3385
      1 3386
      1 3387
      1 3388
      1 3390
      1 3391
      2 3392
      2 3393
      3 3394
      5 3395
      1 3396
      3 3398
      1 3399
      1 3402
      1 3403
      2 3404
      2 3405
      3 3406
      2 3407
      2 3408
      3 3409
      2 3410
      1 3411
      2 3412
      1 3413
      2 3414
      2 3415
      5 3416
      1 3417
      1 3420
      1 3421
      3 3422
      1 3423
      3 3426
      2 3427
      2 3428
      1 3429
      2 3430
      5 3431
      1 3432
      1 3434
      2 3435
      2 3436
      1 3437
      3 3438
      1 3439
      3 3441
      2 3443
      2 3444
      3 3445
      1 3446
      1 3448
      2 3449
      1 3450
      1 3451
      2 3452
      3 3453
      1 3456
      4 3458
      1 3459
      1 3461
      3 3462
      1 3463
      1 3464
      1 3465
      3 3466
      1 3467
      1 3471
      3 3472
      1 3475
      2 3479
      1 3480
      2 3481
      2 3482
      2 3483
      3 3485
      4 3486
      1 3490
      2 3492
      1 3493
      1 3495
      1 3498
      2 3499
      1 3500
      2 3501
      1 3505
      2 3507
      1 3508
      1 3509
      2 3513
      2 3514
      3 3515
      2 3516
      2 3517
      3 3518
      1 3519
      2 3521
      2 3522
      2 3523
      3 3524
      1 3525
      3 3526
      1 3527
      1 3528
      1 3529
      5 3530
      1 3532
      3 3533
      1 3534
      2 3535
      1 3537
      2 3538
      1 3539
      2 3540
      1 3541
      1 3542
      1 3543
      2 3544
      1 3545
      1 3547
      1 3550
      1 3551
      1 3552
      2 3554
      1 3555
      2 3557
      1 3558
      1 3559
      2 3560
      2 3561
      1 3562
      1 3563
      2 3564
      2 3565
      1 3566
      1 3569
      1 3570
      2 3571
      1 3573
      1 3574
      1 3576
      4 3578
      2 3579
      1 3581
      2 3582
      2 3583
      1 3584
      1 3585
      2 3586
      2 3587
      2 3588
      2 3589
      1 3590
      1 3591
      2 3592
      1 3593
      3 3594
      3 3596
      2 3597
      1 3598
      1 3600
      2 3601
      1 3603
      1 3604
      2 3605
      2 3606
      1 3607
      2 3609
      1 3611
      2 3614
      2 3615
      2 3616
      2 3617
      1 3618
      2 3620
      1 3621
      1 3622
      1 3623
      2 3625
      1 3626
      2 3627
      1 3628
      1 3629
      3 3631
      1 3632
      5 3633
      2 3635
      1 3636
      1 3638
      2 3640
      3 3641
      1 3643
      2 3644
      1 3645
      2 3646
      2 3647
      2 3649
      2 3652
      1 3653
      1 3655
      1 3656
      1 3657
      1 3658
      3 3659
      1 3660
      3 3661
      2 3662
      2 3663
      3 3664
      1 3665
      3 3666
      1 3667
      1 3669
      3 3670
      2 3671
      2 3674
      2 3675
      3 3676
      1 3678
      3 3679
      1 3682
      1 3685
      2 3688
      1 3689
      1 3690
      1 3691
      1 3692
      1 3693
      2 3694
      1 3695
      3 3703
      1 3706
      2 3707
      1 3708
      2 3709
      3 3710
      3 3711
      1 3712
      1 3713
      2 3714
      3 3715
      1 3716
      1 3717
      1 3719
      1 3720
      2 3721
      1 3723
      1 3724
      1 3725
      1 3726
      3 3728
      3 3729
      1 3730
      2 3731
      2 3732
      2 3733
      1 3734
      2 3735
      2 3736
      3 3738
      2 3739
      2 3740
      1 3744
      1 3745
      1 3746
      2 3747
      2 3749
      1 3751
      1 3752
      1 3753
      2 3754
      1 3755
      1 3757
      1 3759
      2 3761
      2 3763
      2 3764
      1 3765
      1 3767
      1 3768
      2 3773
      1 3777
      1 3779
      1 3780
      1 3782
      1 3783
      1 3784
      2 3787
      3 3788
      1 3789
      1 3790
      1 3794
      1 3795
      2 3797
      1 3799
      1 3800
      2 3801
      1 3802
      2 3803
      1 3804
      2 3805
      2 3806
      3 3807
      3 3808
      1 3810
      2 3811
      1 3814
      2 3815
      3 3819
      2 3820
      1 3821
      1 3825
      1 3827
      3 3829
      2 3830
      3 3831
      2 3837
      3 3838
      1 3839
      1 3840
      1 3841
      2 3842
      2 3843
      1 3844
      3 3845
      2 3846
      1 3848
      1 3850
      2 3852
      2 3856
      2 3857
      1 3858
      3 3860
      1 3861
      2 3863
      1 3864
      3 3867
      4 3870
      5 3871
      1 3872
      2 3873
      1 3874
      2 3879
      1 3880
      2 3881
      2 3882
      1 3885
      1 3886
      2 3887
      2 3889
      2 3890
      3 3891
      1 3895
      1 3897
      1 3900
      1 3902
      1 3904
      1 3905
      1 3907
      2 3908
      1 3909
      3 3910
      3 3911
      1 3916
      1 3919
      2 3920
      2 3921
      1 3923
      1 3926
      1 3927
      1 3928
      1 3929
      1 3931
      2 3932
      1 3933
      2 3934
      1 3935
      3 3936
      1 3937
      1 3939
      1 3940
      2 3942
      2 3943
      3 3944
      2 3945
      1 3946
      2 3948
      2 3949
      4 3950
      1 3951
      3 3952
      2 3953
      2 3958
      1 3959
      2 3960
      1 3961
      1 3962
      1 3963
      1 3964
      2 3966
      2 3968
      1 3970
      1 3971
      1 3972
      2 3974
      2 3975
      1 3976
      2 3978
      1 3979
      2 3981
      1 3982
      2 3983
      2 3985
      1 3986
      1 3988
      1 3990
      3 3991
      1 3992
      1 3995
      2 3997
      3 3999
      1 4000
      2 4001
      1 4002
      1 4003
      1 4004
      1 4006
      1 4007
      1 4008
      1 4010
      2 4011
      1 4015
      3 4017
      1 4020
      1 4021
      3 4025
      1 4026
      3 4027
      1 4032
      3 4035
      1 4036
      2 4039
      2 4040
      1 4041
      2 4042
      2 4043
      1 4045
      1 4046
      1 4048
      1 4049
      1 4050
      1 4051
      2 4053
      2 4056
      3 4058
      1 4059
      2 4062
      1 4063
      1 4064
      1 4065
      2 4066
      1 4067
      1 4072
      3 4073
      3 4074
      1 4076
      1 4077
      2 4080
      2 4081
      4 4082
      1 4083
      1 4084
      1 4089
      1 4092
      1 4093
      1 4094
      1 4095
      1 4097
      2 4099
      1 4100
      2 4102
      2 4103
      1 4106
      1 4108
      1 4109
      2 4110
      1 4111
      2 4112
      1 4113
      1 4115
      2 4116
      1 4117
      3 4118
      1 4121
      2 4122
      1 4125
      1 4126
      2 4127
      2 4128
      1 4130
      1 4131
      1 4132
      1 4135
      3 4138
      1 4140
      3 4142
      1 4143
      1 4144
      1 4145
      2 4146
      1 4148
      2 4149
      1 4150
      2 4151
      1 4153
      1 4156
      1 4158
      1 4160
      2 4161
      1 4167
      1 4171
      1 4175
      1 4177
      1 4178
      2 4179
      4 4180
      3 4186
      2 4187
      1 4189
      1 4190
      2 4191
      2 4194
      1 4196
      2 4197
      1 4199
      2 4201
      2 4203
      2 4205
      2 4211
      2 4213
      1 4214
      1 4216
      1 4217
      1 4218
      2 4219
      1 4220
      1 4223
      1 4224
      1 4226
      4 4228
      1 4229
      1 4235
      2 4237
      3 4239
      1 4242
      1 4244
      1 4245
      1 4246
      1 4247
      2 4248
      2 4249
      1 4253
      1 4255
      1 4260
      1 4261
      3 4265
      2 4266
      2 4267
      1 4268
      1 4269
      2 4270
      1 4275
      1 4277
      2 4282
      3 4286
      1 4287
      1 4289
      1 4291
      1 4292
      1 4294
      2 4295
      1 4298
      1 4299
      2 4300
      1 4302
      1 4303
      5 4304
      1 4305
      1 4307
      1 4311
      2 4314
      2 4317
      1 4318
      1 4319
      1 4320
      1 4322
      1 4323
      1 4324
      1 4326
      1 4327
      1 4328
      2 4329
      1 4330
      1 4334
      1 4335
      1 4338
      2 4339
      1 4340
      1 4343
      2 4344
      1 4345
      2 4346
      2 4348
      1 4349
      1 4352
      2 4353
      2 4354
      1 4358
      1 4359
      4 4360
      1 4361
      1 4362
      1 4363
      1 4365
      1 4366
      2 4367
      1 4368
      1 4369
      1 4371
      1 4377
      1 4378
      1 4380
      1 4382
      1 4384
      3 4390
      1 4392
      1 4393
      1 4399
      2 4400
      1 4401
      1 4402
      1 4406
      1 4409
      2 4410
      1 4412
      1 4413
      1 4415
      1 4417
      2 4418
      1 4419
      1 4420
      3 4421
      4 4424
      1 4426
      1 4427
      1 4430
      2 4431
      2 4432
      1 4433
      1 4435
      3 4437
      1 4438
      1 4439
      1 4441
      1 4442
      3 4443
      2 4445
      2 4447
      1 4448
      2 4450
      1 4453
      1 4455
      1 4456
      1 4457
      1 4460
      1 4461
      2 4464
      1 4465
      1 4468
      1 4469
      1 4470
      1 4474
      3 4484
      1 4487
      3 4489
      1 4496
      2 4497
      1 4499
      1 4500
      1 4501
      2 4507
      2 4508
      2 4509
      2 4512
      1 4514
      1 4515
      2 4517
      1 4520
      1 4522
      1 4523
      1 4525
      2 4527
      2 4530
      2 4532
      1 4533
      1 4534
      1 4536
      2 4544
      3 4545
      2 4549
      1 4550
      1 4551
      1 4553
      1 4558
      1 4559
      2 4560
      2 4562
      2 4563
      1 4564
      1 4565
      1 4567
      1 4570
      2 4572
      1 4574
      1 4575
      1 4576
      1 4577
      1 4578
      1 4579
      2 4581
      1 4584
      1 4586
      1 4587
      1 4589
      1 4592
      3 4597
      2 4601
      1 4602
      1 4605
      2 4607
      1 4608
      1 4611
      1 4619
      1 4620
      1 4622
      1 4623
      2 4628
      1 4629
      1 4635
      2 4637
      1 4638
      1 4640
      1 4645
      1 4646
      2 4651
      1 4655
      2 4658
      1 4659
      1 4662
      1 4663
      1 4664
      1 4665
      1 4666
      1 4668
      1 4669
      1 4670
      1 4671
      2 4674
      1 4675
      1 4676
      1 4678
      1 4679
      1 4680
      1 4681
      1 4682
      2 4688
      1 4692
      1 4693
      1 4694
      1 4696
      2 4698
      1 4700
      2 4701
      1 4703
      1 4707
      1 4709
      1 4711
      1 4713
      1 4714
      1 4716
      1 4717
      1 4720
      2 4721
      3 4722
      1 4725
      1 4727
      3 4731
      1 4732
      1 4736
      3 4738
      1 4739
      1 4740
      1 4742
      2 4744
      3 4745
      1 4751
      1 4753
      1 4755
      1 4758
      1 4759
      1 4763
      1 4764
      1 4766
      2 4767
      1 4768
      1 4770
      1 4771
      1 4781
      1 4782
      2 4783
      1 4785
      1 4786
      1 4788
      2 4793
      1 4794
      1 4795
      1 4797
      1 4804
      1 4805
      1 4806
      1 4807
      1 4809
      1 4811
      1 4813
      1 4818
      1 4820
      1 4822
      1 4824
      2 4825
      1 4826
      2 4828
      1 4832
      1 4837
      1 4841
      1 4845
      1 4848
      1 4850
      1 4852
      1 4854
      1 4855
      1 4857
      1 4858
      1 4860
      1 4861
      2 4863
      1 4864
      1 4865
      2 4866
      1 4868
      1 4873
      1 4879
      1 4881
      1 4883
      1 4884
      1 4889
      1 4896
      1 4898
      2 4900
      1 4901
      2 4905
      1 4910
      1 4911
      1 4912
      1 4913
      1 4917
      1 4919
      1 4921
      1 4924
      1 4926
      1 4927
      1 4932
      1 4933
      1 4934
      1 4946
      1 4948
      1 4949
      2 4954
      1 4958
      1 4959
      1 4960
      3 4963
      3 4965
      2 4966
      2 4969
      1 4970
      1 4971
      2 4974
      1 4976
      1 4977
      1 4978
      2 4979
      1 4985
      1 4989
      1 4991
      1 4995
      1 4998
      1 4999
      2 5001
      1 5002
      1 5003
      2 5006
      1 5007
      1 5008
      1 5009
      2 5011
      1 5023
      1 5026
      1 5027
      1 5029
      1 5030
      1 5031
      1 5035
      1 5039
      1 5040
      1 5041
      1 5049
      2 5050
      1 5051
      1 5058
      1 5059
      1 5060
      2 5062
      2 5064
      1 5065
      1 5067
      2 5068
      1 5070
      1 5076
      1 5086
      1 5088
      1 5092
      1 5096
      2 5097
      1 5099
      1 5101
      1 5102
      1 5103
      1 5106
      1 5107
      1 5108
      1 5111
      1 5112
      1 5117
      1 5121
      2 5122
      1 5126
      2 5127
      1 5129
      1 5130
      1 5138
      1 5140
      1 5141
      1 5144
      1 5146
      1 5148
      1 5164
      1 5165
      1 5170
      1 5171
      2 5173
      2 5174
      1 5175
      1 5176
      1 5178
      2 5196
      1 5198
      2 5199
      1 5202
      1 5210
      2 5212
      1 5213
      1 5214
      2 5218
      2 5219
      1 5221
      1 5222
      1 5225
      1 5231
      1 5237
      1 5240
      1 5243
      1 5247
      1 5249
      1 5250
      1 5253
      1 5255
      3 5257
      1 5258
      1 5259
      1 5261
      1 5265
      1 5267
      1 5268
      1 5271
      1 5272
      1 5275
      1 5276
      1 5280
      1 5281
      1 5286
      1 5292
      1 5294
      1 5295
      2 5298
      1 5299
      2 5302
      1 5303
      1 5306
      1 5309
      1 5310
      1 5311
      1 5312
      1 5313
      1 5322
      2 5323
      1 5324
      1 5326
      2 5328
      1 5330
      1 5332
      1 5333
      2 5336
      1 5343
      1 5344
      1 5345
      1 5350
      1 5354
      2 5355
      1 5362
      1 5365
      1 5373
      1 5374
      1 5386
      1 5388
      1 5391
      1 5393
      1 5394
      1 5396
      1 5403
      1 5407
      1 5410
      1 5414
      3 5416
      1 5418
      1 5431
      1 5432
      1 5444
      1 5445
      1 5446
      1 5449
      1 5452
      1 5453
      1 5456
      1 5459
      1 5465
      1 5467
      1 5474
      1 5476
      1 5477
      1 5478
      1 5479
      2 5482
      1 5485
      1 5490
      1 5492
      2 5494
      1 5495
      1 5500
      1 5501
      1 5509
      1 5515
      1 5521
      1 5524
      1 5527
      1 5532
      1 5533
      1 5535
      1 5539
      1 5549
      1 5554
      1 5562
      1 5564
      1 5576
      1 5577
      1 5578
      1 5580
      1 5586
      2 5587
      1 5595
      1 5603
      1 5604
      1 5605
      1 5607
      2 5623
      1 5628
      1 5631
      1 5641
      1 5648
      1 5655
      2 5656
      1 5673
      1 5677
      1 5681
      2 5682
      1 5683
      1 5687
      1 5688
      1 5690
      1 5692
      1 5694
      2 5696
      1 5702
      1 5703
      1 5706
      1 5716
      1 5717
      2 5719
      1 5729
      2 5730
      1 5731
      1 5736
      1 5738
      1 5739
      1 5755
      1 5756
      1 5759
      1 5764
      1 5767
      1 5768
      2 5772
      1 5775
      1 5782
      1 5784
      1 5789
      1 5792
      2 5798
      1 5802
      1 5803
      1 5804
      1 5806
      1 5810
      1 5817
      1 5822
      2 5823
      1 5831
      1 5832
      1 5834
      1 5835
      1 5836
      1 5839
      1 5844
      1 5847
      1 5850
      1 5851
      1 5853
      1 5854
      2 5857
      1 5861
      1 5865
      1 5867
      1 5871
      1 5872
      1 5884
      1 5885
      1 5888
      1 5890
      1 5897
      2 5918
      1 5920
      1 5932
      1 5933
      1 5934
      1 5935
      1 5938
      1 5939
      1 5940
      1 5946
      1 5948
      1 5954
      1 5957
      1 5966
      1 5974
      1 5978
      1 5989
      1 5990
      1 5993
      1 5995
      1 6000
      1 6004
      1 6011
      1 6018
      1 6019
      1 6020
      1 6021
      1 6027
      1 6037
      1 6040
      1 6046
      1 6056
      1 6059
      1 6061
      1 6064
      1 6066
      1 6068
      1 6069
      2 6072
      1 6086
      1 6089
      1 6090
      2 6092
      1 6096
      1 6100
      1 6105
      1 6109
      1 6111
      1 6115
      2 6117
      1 6119
      1 6127
      1 6128
      1 6129
      1 6130
      1 6133
      1 6134
      1 6135
      1 6153
      1 6157
      1 6161
      1 6163
      1 6169
      2 6177
      1 6179
      1 6196
      1 6199
      1 6204
      1 6205
      1 6213
      1 6215
      2 6216
      1 6219
      1 6220
      1 6223
      1 6226
      1 6234
      1 6235
      1 6241
      1 6248
      1 6251
      1 6273
      1 6275
      1 6276
      1 6281
      1 6282
      1 6284
      1 6289
      1 6302
      1 6308
      1 6314
      1 6317
      1 6321
      1 6327
      1 6331
      1 6338
      2 6339
      1 6347
      1 6351
      2 6355
      1 6367
      1 6375
      2 6381
      2 6383
      1 6387
      3 6393
      1 6394
      1 6411
      2 6426
      1 6436
      1 6437
      1 6439
      1 6444
      1 6446
      1 6450
      1 6451
      1 6458
      1 6460
      1 6465
      1 6490
      2 6494
      1 6499
      1 6513
      1 6515
      1 6518
      1 6519
      1 6521
      1 6540
      1 6545
      1 6561
      1 6567
      1 6574
      2 6578
      1 6579
      1 6585
      1 6593
      2 6596
      1 6612
      2 6620
      1 6624
      1 6627
      1 6632
      2 6641
      1 6642
      1 6649
      1 6655
      2 6657
      1 6663
      1 6668
      1 6676
      1 6678
      1 6683
      1 6691
      1 6706
      1 6716
      1 6725
      1 6735
      1 6741
      1 6754
      1 6763
      1 6765
      1 6769
      1 6777
      1 6792
      1 6793
      1 6800
      1 6801
      1 6804
      1 6809
      1 6817
      1 6822
      1 6826
      1 6827
      1 6835
      1 6847
      1 6848
      1 6855
      1 6857
      1 6870
      1 6871
      1 6875
      1 6879
      2 6898
      1 6917
      1 6937
      1 6940
      1 6943
      1 6946
      1 6954
      1 6960
      1 6970
      1 6995
      1 6997
      1 7005
      1 7014
      1 7031
      2 7032
      1 7034
      1 7054
      1 7058
      1 7062
      1 7069
      1 7071
      1 7076
      1 7085
      1 7108
      1 7113
      1 7124
      1 7126
      1 7132
      1 7135
      1 7139
      1 7151
      1 7152
      1 7171
      1 7181
      1 7183
      1 7184
      1 7195
      1 7226
      1 7231
      1 7242
      1 7281
      1 7287
      1 7306
      1 7307
      1 7309
      1 7326
      1 7327
      1 7329
      1 7331
      1 7336
      1 7338
      1 7351
      1 7357
      1 7368
      1 7386
      1 7387
      1 7388
      2 7394
      1 7399
      1 7433
      1 7452
      1 7469
      1 7483
      1 7490
      1 7507
      1 7511
      2 7521
      1 7524
      1 7533
      1 7538
      1 7551
      1 7560
      2 7616
      1 7624
      1 7626
      1 7628
      1 7629
      1 7632
      1 7641
      1 7656
      1 7672
      1 7681
      1 7685
      1 7691
      1 7692
      1 7706
      1 7713
      1 7715
      1 7721
      1 7740
      1 7745
      1 7754
      1 7762
      1 7765
      1 7791
      1 7809
      1 7811
      1 7823
      1 7829
      1 7830
      1 7846
      1 7850
      1 7856
      1 7878
      1 7883
      1 7890
      1 7900
      1 7907
      1 7936
      1 7937
      1 7940
      2 7946
      1 7947
      1 7960
      1 7984
      1 7987
      1 7998
      1 8005
      1 8036
      1 8038
      1 8055
      1 8061
      1 8074
      2 8110
      1 8149
      1 8151
      1 8166
      1 8184
      1 8200
      1 8214
      1 8223
      1 8230
      1 8240
      1 8250
      1 8255
      1 8264
      1 8265
      1 8277
      1 8281
      1 8316
      2 8337
      1 8346
      1 8347
      1 8352
      1 8356
      1 8360
      1 8363
      1 8388
      1 8403
      1 8405
      1 8409
      1 8417
      1 8439
      1 8444
      1 8454
      1 8459
      1 8516
      1 8526
      1 8531
      1 8534
      1 8545
      1 8577
      1 8586
      1 8596
      1 8601
      1 8614
      1 8627
      1 8628
      1 8665
      1 8674
      1 8679
      1 8681
      1 8693
      1 8694
      1 8699
      1 8704
      1 8722
      1 8728
      1 8743
      1 8775
      1 8797
      1 8798
      1 8801
      1 8809
      1 8812
      1 8817
      1 8830
      1 8831
      1 8867
      1 8888
      1 8916
      1 8918
      1 8927
      2 8955
      1 8962
      1 8965
      1 8980
      1 8986
      1 9011
      1 9014
      1 9019
      1 9039
      1 9049
      1 9063
      1 9066
      1 9067
      1 9109
      1 9122
      1 9123
      1 9142
      1 9174
      1 9179
      1 9194
      1 9217
      1 9233
      1 9256
      1 9264
      1 9267
      1 9293
      1 9330
      1 9341
      1 9352
      1 9373
      1 9376
      1 9401
      1 9405
      1 9410
      1 9426
      1 9451
      1 9462
      1 9487
      1 9492
      1 9496
      1 9521
      1 9524
      1 9535
      1 9537
      1 9546
      1 9552
      1 9568
      1 9580
      1 9615
      1 9632
      1 9639
      1 9650
      1 9654
      1 9679
      1 9726
      1 9735
      1 9805
      1 9811
      1 9815
      1 9819
      1 9841
      1 9877
      1 9942
      1 9952
      1 9961
      1 9962
      1 10031
      1 10040
      1 10046
      1 10062
      1 10079
      1 10088
      1 10100
      1 10132
      1 10138
      1 10139
      1 10148
      1 10155
      1 10191
      1 10198
      1 10204
      1 10214
      1 10217
      1 10224
      1 10229
      1 10306
      1 10308
      1 10331
      1 10391
      1 10403
      1 10424
      1 10458
      1 10475
      1 10477
      1 10531
      1 10545
      1 10550
      1 10552
      1 10564
      1 10582
      1 10585
      1 10600
      1 10605
      1 10649
      1 10661
      1 10664
      1 10679
      1 10700
      1 10716
      1 10793
      1 10820
      1 10847
      1 10880
      1 10922
      1 10936
      1 10954
      1 10996
      1 11011
      1 11041
      1 11067
      1 11069
      1 11083
      1 11091
      1 11145
      1 11151
      1 11152
      1 11167
      1 11173
      1 11177
      2 11210
      1 11250
      1 11278
      2 11283
      1 11313
      1 11320
      1 11353
      1 11361
      1 11363
      1 11409
      1 11412
      1 11425
      1 11434
      1 11463
      1 11507
      1 11509
      1 11526
      1 11543
      1 11551
      1 11586
      1 11595
      1 11616
      1 11648
      1 11655
      1 11679
      1 11691
      1 11755
      1 11781
      1 11813
      1 11877
      1 11884
      1 11903
      1 11905
      1 11924
      2 11957
      1 11967
      1 11986
      1 12076
      1 12079
      1 12175
      1 12210
      1 12241
      1 12242
      1 12288
      1 12320
      1 12410
      1 12421
      1 12423
      1 12432
      1 12455
      1 12494
      1 12500
      1 12503
      1 12507
      1 12515
      1 12540
      1 12665
      1 12689
      1 12708
      1 12753
      1 12765
      1 12766
      1 12810
      1 12857
      1 12871
      1 12903
      1 13063
      1 13071
      1 13098
      1 13183
      1 13301
      1 13308
      1 13309
      1 13333
      1 13339
      1 13439
      1 13585
      1 13632
      1 13669
      1 13670
      1 13698
      1 13724
      1 13764
      1 13808
      1 13846
      1 13859
      1 13860
      1 13904
      1 13938
      1 13951
      1 13974
      1 13977
      1 13989
      1 14043
      1 14063
      1 14144
      1 14190
      1 14192
      1 14193
      1 14242
      1 14250
      1 14277
      1 14317
      1 14327
      1 14403
      1 14418
      1 14434
      1 14440
      1 14457
      1 14504
      1 14516
      1 14540
      1 14562
      1 14616
      1 14677
      1 14710
      1 14813
      1 14890
      1 14895
      1 14896
      1 14951
      1 14953
      1 14999
      1 15023
      1 15048
      1 15065
      1 15094
      1 15139
      1 15165
      1 15264
      1 15265
      1 15311
      1 15420
      1 15454
      1 15493
      1 15495
      1 15512
      1 15519
      1 15522
      1 15524
      1 15706
      1 15716
      1 15729
      1 15803
      1 15864
      1 15932
      1 15945
      1 15955
      1 16019
      1 16084
      1 16150
      1 16233
      1 16235
      1 16337
      1 16410
      1 16486
      1 16487
      1 16516
      1 16571
      1 16591
      1 16651
      1 16834
      1 16954
      1 16966
      1 17043
      1 17098
      1 17136
      1 17153
      1 17180
      1 17193
      1 17217
      1 17271
      1 17387
      1 17407
      1 17458
      1 17546
      1 17585
      1 17668
      1 17670
      1 17735
      1 17771
      1 17780
      1 18031
      1 18085
      1 18103
      1 18111
      1 18171
      1 18276
      1 18295
      1 18314
      1 18347
      1 18413
      1 18433
      1 18440
      1 18454
      1 18621
      1 18781
      1 19037
      1 19206
      1 19244
      1 19262
      1 19292
      1 19299
      1 19394
      1 19574
      1 19585
      1 19590
      2 19656
      1 19688
      1 19703
      1 19723
      1 19777
      1 19947
      1 19955
      1 19987
      1 20046
      1 20050
      1 20155
      1 20323
      1 20353
      1 20447
      1 20513
      1 20556
      1 20606
      1 20683
      1 20751
      1 20874
      1 21061
      1 21071
      1 21215
      1 21248
      1 21371
      1 21425
      1 21439
      1 21590
      1 21682
      1 22010
      1 22047
      1 22126
      1 22202
      1 22251
      1 22566
      1 22619
      1 22997
      1 23455
      1 23586
      1 23654
      1 23701
      1 23702
      1 23935
      1 24377
      1 24446
      1 24577
      1 24698
      1 24785
      1 24876
      1 25211
      1 25233
      1 25272
      1 25380
      1 25505
      1 25748
      1 25807
      1 25862
      1 26143
      1 26404
      1 26619
      1 26859
      1 26860
      1 26866
      1 27039
      1 27149
      1 27460
      1 27872
      1 27952
      1 27992
      1 28201
      1 28307
      1 28326
      1 28387
      1 28410
      1 28711
      1 28750
      1 29086
      1 29253
      1 29260
      1 29474
      1 29559
      1 29621
      1 29653
      1 29847
      1 30013
      1 30135
      1 30340
      1 30532
      1 30652
      1 30895
      1 30993
      1 31189
      1 31566
      1 31881
      1 32261
      1 32945
      1 33003
      1 33131
      1 33344
      1 33714
      1 34516
      1 34879
      1 35520
      1 35560
      1 35972
      1 37315
      1 37757
      1 40333
      1 40621
      1 43740
      1 43886
      1 53348
      1 60733
      1 79544
      1 89757
      1 97746
---AAD-PGBENCH-LAG-US---
