pgbench (18.6 (Debian 18.6-1.pgdg13+2))
starting vacuum...end.
transaction type: <builtin: select only>
scaling factor: 1000
query mode: simple
number of clients: 128
number of threads: 16
maximum number of tries: 1
duration: 480 s
number of transactions actually processed: 96249931
number of failed transactions: 0 (0.000%)
latency average = 0.419 ms
latency stddev = 0.125 ms
rate limit schedule lag: avg 0.052 (max 20.626) ms
initial connection time = 206.833 ms
tps = 200597.914347 (without initial connection time)
---AAD-PGBENCH-LATENCY-US---
rc=0
samples=1923029
      1 214
      2 216
      4 217
      6 218
      4 219
      8 220
     13 221
     17 222
     12 223
     18 224
     27 225
     35 226
     38 227
     50 228
     53 229
     75 230
     98 231
     74 232
    121 233
    153 234
    152 235
    166 236
    215 237
    257 238
    266 239
    289 240
    322 241
    373 242
    436 243
    428 244
    514 245
    585 246
    617 247
    688 248
    784 249
    833 250
    942 251
    982 252
   1042 253
   1161 254
   1278 255
   1369 256
   1497 257
   1551 258
   1718 259
   1780 260
   1971 261
   2101 262
   2228 263
   2349 264
   2500 265
   2674 266
   2864 267
   3114 268
   3269 269
   3526 270
   3582 271
   3888 272
   4126 273
   4246 274
   4608 275
   4709 276
   4937 277
   5067 278
   5281 279
   5404 280
   5683 281
   5767 282
   5905 283
   6068 284
   6179 285
   6430 286
   6512 287
   6517 288
   6930 289
   6844 290
   7235 291
   7223 292
   7279 293
   7507 294
   7883 295
   7728 296
   7911 297
   8235 298
   8345 299
   8530 300
   8686 301
   8932 302
   9117 303
   9196 304
   9672 305
   9772 306
  10000 307
  10215 308
  10491 309
  10625 310
  10609 311
  11006 312
  11414 313
  11236 314
  11713 315
  11640 316
  11991 317
  11943 318
  12204 319
  12452 320
  12353 321
  12793 322
  12931 323
  13006 324
  13333 325
  13426 326
  13440 327
  13866 328
  14187 329
  14393 330
  14469 331
  14568 332
  14914 333
  15103 334
  15278 335
  15405 336
  15954 337
  15830 338
  16057 339
  16365 340
  16588 341
  16771 342
  16913 343
  17002 344
  17111 345
  17007 346
  16907 347
  17086 348
  16791 349
  16711 350
  16279 351
  16154 352
  15965 353
  15722 354
  15530 355
  15307 356
  14841 357
  14645 358
  14451 359
  14347 360
  13997 361
  13879 362
  13621 363
  13280 364
  13421 365
  12970 366
  12788 367
  12628 368
  12599 369
  12178 370
  12151 371
  11895 372
  11737 373
  11650 374
  11404 375
  11426 376
  11258 377
  11033 378
  10850 379
  10922 380
  10555 381
  10481 382
  10401 383
  10363 384
  10281 385
  10022 386
   9736 387
   9837 388
   9572 389
   9507 390
   9526 391
   9362 392
   9320 393
   9233 394
   9006 395
   9035 396
   9000 397
   8600 398
   8802 399
   8628 400
   8657 401
   8678 402
   8443 403
   8484 404
   8390 405
   8234 406
   8273 407
   8240 408
   8181 409
   8032 410
   8144 411
   7984 412
   7708 413
   7700 414
   7566 415
   7388 416
   7234 417
   7111 418
   6816 419
   6684 420
   6606 421
   6418 422
   6162 423
   6031 424
   5907 425
   5651 426
   5342 427
   5203 428
   5073 429
   4860 430
   4819 431
   4588 432
   4621 433
   4339 434
   4253 435
   4129 436
   4107 437
   3840 438
   3865 439
   3712 440
   3560 441
   3482 442
   3450 443
   3361 444
   3243 445
   3136 446
   3114 447
   3220 448
   3006 449
   3013 450
   2923 451
   2749 452
   2642 453
   2631 454
   2519 455
   2514 456
   2437 457
   2423 458
   2376 459
   2245 460
   2267 461
   2251 462
   2150 463
   2092 464
   2134 465
   2071 466
   2006 467
   2005 468
   1917 469
   1952 470
   1821 471
   1884 472
   1849 473
   1822 474
   1778 475
   1756 476
   1686 477
   1740 478
   1671 479
   1647 480
   1628 481
   1605 482
   1520 483
   1504 484
   1448 485
   1445 486
   1437 487
   1396 488
   1314 489
   1292 490
   1232 491
   1248 492
   1193 493
   1103 494
   1018 495
   1001 496
   1011 497
    938 498
    921 499
    890 500
    867 501
    829 502
    842 503
    795 504
    743 505
    684 506
    652 507
    675 508
    639 509
    635 510
    637 511
    629 512
    593 513
    545 514
    576 515
    556 516
    522 517
    467 518
    542 519
    515 520
    472 521
    461 522
    432 523
    456 524
    439 525
    406 526
    403 527
    392 528
    426 529
    411 530
    392 531
    340 532
    360 533
    367 534
    364 535
    351 536
    326 537
    342 538
    306 539
    342 540
    336 541
    306 542
    331 543
    311 544
    302 545
    293 546
    300 547
    290 548
    305 549
    307 550
    256 551
    294 552
    245 553
    261 554
    303 555
    242 556
    254 557
    242 558
    221 559
    212 560
    214 561
    186 562
    202 563
    195 564
    168 565
    179 566
    170 567
    157 568
    164 569
    144 570
    151 571
    160 572
    143 573
    158 574
    128 575
    119 576
    127 577
    116 578
    110 579
     99 580
    126 581
    123 582
    115 583
    109 584
     94 585
    103 586
     98 587
     98 588
     84 589
    105 590
     90 591
     95 592
     74 593
    104 594
     76 595
     76 596
     87 597
     85 598
     83 599
     83 600
     86 601
     81 602
     69 603
     83 604
     71 605
     91 606
     84 607
     87 608
     75 609
     69 610
     83 611
     71 612
     77 613
     71 614
     73 615
     63 616
     92 617
     70 618
     81 619
     74 620
     62 621
     93 622
     80 623
     68 624
     77 625
     75 626
     62 627
     55 628
     71 629
     66 630
     59 631
     50 632
     54 633
     43 634
     57 635
     46 636
     49 637
     48 638
     42 639
     44 640
     71 641
     39 642
     51 643
     43 644
     37 645
     32 646
     33 647
     33 648
     40 649
     33 650
     24 651
     33 652
     30 653
     30 654
     37 655
     38 656
     29 657
     30 658
     25 659
     29 660
     17 661
     29 662
     30 663
     25 664
     38 665
     27 666
     33 667
     26 668
     35 669
     36 670
     29 671
     35 672
     31 673
     30 674
     34 675
     42 676
     31 677
     33 678
     34 679
     40 680
     40 681
     35 682
     36 683
     45 684
     29 685
     32 686
     30 687
     37 688
     46 689
     34 690
     30 691
     39 692
     34 693
     46 694
     42 695
     34 696
     43 697
     42 698
     34 699
     26 700
     24 701
     16 702
     24 703
     25 704
     36 705
     27 706
     28 707
     21 708
     29 709
     32 710
     36 711
     29 712
     24 713
     33 714
     28 715
     20 716
     23 717
     19 718
     18 719
     21 720
     19 721
     13 722
     21 723
     22 724
     21 725
     15 726
     20 727
     21 728
     18 729
     24 730
     15 731
     13 732
     24 733
     21 734
     13 735
     21 736
     20 737
     23 738
     15 739
     24 740
     23 741
     23 742
     17 743
     22 744
     16 745
     19 746
     26 747
     18 748
     19 749
     10 750
     17 751
     23 752
     19 753
     23 754
     24 755
     22 756
     14 757
     19 758
     23 759
     24 760
     24 761
     32 762
     24 763
     23 764
     19 765
     25 766
     18 767
     30 768
     24 769
     18 770
     10 771
     20 772
     19 773
     17 774
     17 775
     15 776
     23 777
     19 778
     16 779
     17 780
     14 781
     13 782
     18 783
     17 784
     13 785
     16 786
     15 787
     20 788
     15 789
     11 790
     21 791
     17 792
     14 793
      8 794
     14 795
     12 796
     11 797
     14 798
     14 799
      8 800
     10 801
     14 802
     15 803
     19 804
     22 805
     12 806
     18 807
     17 808
     14 809
     18 810
     22 811
     15 812
     17 813
     13 814
     19 815
     11 816
     18 817
     20 818
     16 819
     24 820
     13 821
     20 822
     22 823
     15 824
     20 825
     21 826
     17 827
     24 828
     13 829
     16 830
     13 831
     25 832
     17 833
     17 834
     21 835
     17 836
     24 837
     21 838
      7 839
     19 840
     17 841
     20 842
     17 843
     20 844
     17 845
     13 846
     12 847
     23 848
     13 849
     18 850
     13 851
     10 852
     11 853
     16 854
     17 855
     15 856
     10 857
     12 858
     12 859
     15 860
      9 861
     11 862
     10 863
     11 864
      7 865
     16 866
     27 867
     18 868
     13 869
     12 870
     10 871
     19 872
      8 873
      7 874
     14 875
     13 876
      8 877
     17 878
      8 879
     11 880
     23 881
     14 882
     15 883
     12 884
     15 885
     19 886
     18 887
     14 888
     22 889
     14 890
     15 891
     13 892
     19 893
     18 894
     13 895
     22 896
      8 897
     16 898
      9 899
      9 900
     15 901
     15 902
     14 903
     17 904
     24 905
     11 906
     13 907
     15 908
     10 909
     18 910
     17 911
     10 912
     20 913
     10 914
     17 915
     16 916
     12 917
     19 918
     13 919
      9 920
      8 921
     14 922
     10 923
     17 924
      8 925
     17 926
     10 927
     16 928
     12 929
      8 930
      7 931
      9 932
      9 933
     12 934
      9 935
     21 936
     18 937
     18 938
     17 939
     10 940
     12 941
      8 942
     10 943
     14 944
     11 945
     12 946
     16 947
     11 948
     13 949
     11 950
     11 951
     19 952
     10 953
     15 954
      9 955
     12 956
     11 957
     22 958
     16 959
     16 960
     16 961
     20 962
     19 963
     14 964
     16 965
     10 966
     20 967
     16 968
     17 969
     16 970
     13 971
      7 972
     15 973
     14 974
      9 975
     19 976
     14 977
     14 978
     14 979
     15 980
      9 981
      9 982
     12 983
     21 984
     14 985
     20 986
     12 987
     15 988
      9 989
     19 990
     10 991
      7 992
     12 993
     12 994
     11 995
     11 996
     15 997
     14 998
     10 999
     11 1000
     14 1001
     14 1002
      4 1003
      5 1004
     14 1005
      7 1006
     14 1007
     10 1008
     10 1009
      7 1010
     11 1011
     11 1012
      8 1013
     11 1014
     12 1015
     13 1016
     13 1017
     14 1018
     14 1019
     14 1020
     10 1021
     16 1022
     11 1023
     13 1024
     18 1025
     18 1026
     14 1027
     12 1028
     12 1029
     16 1030
     11 1031
     11 1032
     15 1033
      9 1034
     12 1035
     13 1036
     11 1037
     11 1038
     11 1039
     14 1040
     13 1041
     17 1042
     15 1043
     12 1044
     17 1045
     10 1046
     11 1047
     21 1048
     13 1049
     12 1050
     12 1051
     14 1052
     15 1053
     11 1054
     14 1055
     13 1056
     15 1057
     10 1058
     12 1059
     13 1060
     14 1061
     15 1062
     10 1063
     18 1064
     15 1065
     13 1066
     10 1067
      7 1068
     14 1069
     10 1070
      9 1071
     11 1072
     14 1073
      9 1074
     10 1075
     11 1076
     16 1077
     16 1078
      8 1079
     17 1080
     10 1081
     12 1082
      7 1083
      9 1084
     16 1085
     14 1086
     13 1087
     16 1088
     11 1089
     10 1090
     15 1091
     12 1092
     21 1093
     21 1094
     11 1095
     12 1096
     12 1097
     19 1098
     10 1099
      9 1100
     16 1101
     13 1102
     20 1103
     16 1104
     14 1105
     21 1106
     16 1107
     12 1108
     12 1109
     11 1110
     18 1111
     11 1112
     15 1113
     19 1114
     12 1115
      4 1116
     14 1117
     12 1118
     14 1119
     13 1120
     14 1121
      6 1122
     18 1123
     11 1124
     10 1125
     11 1126
     17 1127
     21 1128
     16 1129
     14 1130
     13 1131
     11 1132
     13 1133
     14 1134
      9 1135
      9 1136
     12 1137
     14 1138
     11 1139
     11 1140
     11 1141
      9 1142
     15 1143
     10 1144
      9 1145
     14 1146
     10 1147
     16 1148
     18 1149
     14 1150
     13 1151
     12 1152
      9 1153
     11 1154
     17 1155
     10 1156
     13 1157
     15 1158
      9 1159
      8 1160
     10 1161
      9 1162
     10 1163
     13 1164
     11 1165
     14 1166
     14 1167
     14 1168
      8 1169
     11 1170
     16 1171
     11 1172
     11 1173
     13 1174
     12 1175
      9 1176
      8 1177
     18 1178
     10 1179
     12 1180
     12 1181
      8 1182
     13 1183
     15 1184
      8 1185
     11 1186
     10 1187
     13 1188
     15 1189
     13 1190
     18 1191
     11 1192
      9 1193
      7 1194
     12 1195
     15 1196
     20 1197
     15 1198
     11 1199
     11 1200
     10 1201
     12 1202
     14 1203
     13 1204
     13 1205
     11 1206
     16 1207
     15 1208
     21 1209
     14 1210
     12 1211
     10 1212
     17 1213
     13 1214
     11 1215
      7 1216
     18 1217
     18 1218
     12 1219
     12 1220
     12 1221
     12 1222
     12 1223
      6 1224
     10 1225
     16 1226
      9 1227
     12 1228
      4 1229
     14 1230
     16 1231
      5 1232
     13 1233
     10 1234
     12 1235
     10 1236
     12 1237
     20 1238
     19 1239
     19 1240
     16 1241
      9 1242
     14 1243
     13 1244
     16 1245
     20 1246
     10 1247
      9 1248
     12 1249
     13 1250
      8 1251
     15 1252
     12 1253
     11 1254
     10 1255
     14 1256
     10 1257
     16 1258
     20 1259
     10 1260
      9 1261
     13 1262
     19 1263
     15 1264
     13 1265
     16 1266
     13 1267
     15 1268
     10 1269
     14 1270
      6 1271
     15 1272
      9 1273
     18 1274
     15 1275
     13 1276
     11 1277
      9 1278
     10 1279
     12 1280
     21 1281
      9 1282
     10 1283
     13 1284
     13 1285
     10 1286
      9 1287
      8 1288
     12 1289
     10 1290
      7 1291
     14 1292
     15 1293
     18 1294
     12 1295
     14 1296
     15 1297
      9 1298
     10 1299
     11 1300
     16 1301
     14 1302
     10 1303
     15 1304
     11 1305
      9 1306
     14 1307
     16 1308
     14 1309
     14 1310
      9 1311
     18 1312
     17 1313
     15 1314
     13 1315
     12 1316
     12 1317
      8 1318
     22 1319
     11 1320
     17 1321
     13 1322
     11 1323
     18 1324
      8 1325
     18 1326
     19 1327
     11 1328
     16 1329
     16 1330
     19 1331
     15 1332
     12 1333
     17 1334
     18 1335
     21 1336
     12 1337
     17 1338
     10 1339
     13 1340
     19 1341
     17 1342
     12 1343
     11 1344
     13 1345
     11 1346
      9 1347
     16 1348
     13 1349
     14 1350
     14 1351
     15 1352
     13 1353
      8 1354
     23 1355
     18 1356
      7 1357
     17 1358
     24 1359
     15 1360
     16 1361
     12 1362
     10 1363
     18 1364
     24 1365
     19 1366
     13 1367
     22 1368
     18 1369
     13 1370
     12 1371
     18 1372
     18 1373
     10 1374
     15 1375
      8 1376
     14 1377
     19 1378
     19 1379
     13 1380
     16 1381
     15 1382
     17 1383
     17 1384
     14 1385
      6 1386
     13 1387
     19 1388
     11 1389
     19 1390
     26 1391
     20 1392
     18 1393
     18 1394
     21 1395
     24 1396
     20 1397
     17 1398
     23 1399
     23 1400
     19 1401
     16 1402
     27 1403
     17 1404
     17 1405
     17 1406
     19 1407
     16 1408
     17 1409
     16 1410
     20 1411
     21 1412
     22 1413
     13 1414
     23 1415
     13 1416
     21 1417
     12 1418
     15 1419
     18 1420
     17 1421
     26 1422
     17 1423
     11 1424
     22 1425
     18 1426
     19 1427
     24 1428
     20 1429
     21 1430
     22 1431
     17 1432
     11 1433
     13 1434
     26 1435
     14 1436
     23 1437
     19 1438
     21 1439
     24 1440
     17 1441
     14 1442
     23 1443
     22 1444
     22 1445
     27 1446
     16 1447
     19 1448
     25 1449
     26 1450
     25 1451
     17 1452
     20 1453
     21 1454
     23 1455
     18 1456
     10 1457
     18 1458
     22 1459
     22 1460
     25 1461
     21 1462
     16 1463
     21 1464
     19 1465
     21 1466
     18 1467
     13 1468
     11 1469
     10 1470
     23 1471
     17 1472
     22 1473
     16 1474
     25 1475
     16 1476
     19 1477
     10 1478
     19 1479
     20 1480
     23 1481
     23 1482
     17 1483
     17 1484
     25 1485
     20 1486
     16 1487
     13 1488
     13 1489
     16 1490
     10 1491
     18 1492
     10 1493
     19 1494
     10 1495
     12 1496
     16 1497
      9 1498
     16 1499
     13 1500
     24 1501
     14 1502
     16 1503
      9 1504
     11 1505
     15 1506
     20 1507
     20 1508
     24 1509
     12 1510
     18 1511
     17 1512
     15 1513
     15 1514
     17 1515
     16 1516
     11 1517
     17 1518
     21 1519
     24 1520
     15 1521
     13 1522
     19 1523
     10 1524
     11 1525
     20 1526
     12 1527
     16 1528
     18 1529
     25 1530
     12 1531
     20 1532
     15 1533
      9 1534
     12 1535
     14 1536
     11 1537
      7 1538
     18 1539
      9 1540
     16 1541
      9 1542
     11 1543
     15 1544
      9 1545
      8 1546
     12 1547
     12 1548
     11 1549
     11 1550
     14 1551
      4 1552
     15 1553
     11 1554
     16 1555
     11 1556
     10 1557
     16 1558
     11 1559
     10 1560
     12 1561
      8 1562
      8 1563
     12 1564
      9 1565
      7 1566
     10 1567
      8 1568
     14 1569
      6 1570
      8 1571
     10 1572
     11 1573
     11 1574
      9 1575
      4 1576
     11 1577
      5 1578
      6 1579
      8 1580
      6 1581
      4 1582
      3 1583
      4 1584
     10 1585
      9 1586
      7 1587
     11 1588
      6 1589
      4 1590
      7 1591
      2 1592
      9 1593
      6 1594
     10 1595
      7 1596
      5 1597
      6 1598
      4 1599
      8 1600
      5 1601
      6 1602
      9 1603
      9 1604
     11 1605
      9 1606
      6 1607
      4 1608
      4 1609
      3 1610
     10 1611
      3 1612
      1 1613
      7 1614
      5 1615
      5 1616
      2 1617
      8 1618
      2 1619
      5 1620
      6 1621
      5 1622
      7 1623
      4 1624
     10 1625
      5 1626
      2 1627
      2 1628
      5 1629
      4 1630
      5 1631
      4 1632
      2 1633
      4 1634
      5 1635
      4 1636
      5 1637
      2 1638
      6 1639
      2 1640
      5 1641
      7 1642
      2 1643
      2 1644
      3 1645
      3 1646
      3 1647
      2 1648
      3 1649
      1 1650
      3 1651
      2 1652
      3 1653
      3 1654
      3 1655
      3 1656
      6 1657
      7 1658
      3 1659
      2 1660
      3 1661
      3 1662
      3 1663
      4 1664
      4 1665
      4 1666
      1 1667
      3 1668
      1 1669
      2 1670
      1 1671
      8 1672
      4 1673
      1 1674
      2 1675
      3 1676
      1 1677
      5 1679
      3 1680
      3 1681
      1 1682
      3 1683
      1 1685
      1 1686
      1 1687
      2 1688
      2 1689
      2 1690
      1 1691
      2 1692
      1 1693
      2 1694
      1 1695
      1 1696
      2 1697
      1 1698
      1 1699
      2 1700
      1 1701
      2 1703
      2 1704
      2 1705
      1 1706
      4 1707
      2 1708
      5 1709
      1 1710
      1 1713
      1 1715
      2 1716
      2 1718
      4 1719
      2 1722
      3 1723
      5 1725
      1 1726
      1 1727
      2 1728
      3 1732
      1 1733
      2 1734
      1 1736
      1 1737
      2 1739
      4 1740
      2 1741
      1 1742
      4 1743
      1 1745
      2 1746
      2 1748
      2 1749
      1 1752
      1 1758
      1 1759
      1 1760
      1 1761
      1 1762
      1 1763
      1 1764
      1 1765
      2 1767
      1 1768
      1 1770
      1 1771
      1 1772
      1 1774
      2 1775
      2 1776
      2 1778
      1 1781
      1 1783
      1 1789
      1 1791
      1 1792
      3 1794
      2 1795
      1 1796
      1 1801
      1 1802
      1 1803
      1 1806
      2 1808
      1 1810
      1 1811
      2 1813
      1 1815
      1 1817
      1 1818
      1 1820
      1 1826
      1 1827
      2 1829
      1 1831
      1 1832
      1 1835
      2 1836
      2 1838
      3 1840
      1 1844
      2 1845
      1 1846
      1 1848
      1 1849
      2 1850
      1 1851
      3 1856
      2 1857
      1 1862
      1 1863
      1 1865
      1 1869
      1 1876
      1 1877
      2 1878
      1 1879
      2 1893
      1 1895
      1 1896
      1 1897
      1 1899
      1 1901
      1 1903
      1 1908
      1 1912
      2 1925
      2 1928
      2 1930
      1 1938
      1 1939
      1 1943
      2 1945
      1 1947
      1 1948
      1 1954
      1 1956
      1 1972
      1 1979
      1 1981
      1 1992
      1 1993
      1 1995
      1 1997
      1 2007
      1 2020
      1 2034
      2 2036
      1 2040
      1 2042
      1 2046
      1 2048
      1 2049
      1 2055
      1 2061
      1 2070
      1 2074
      1 2075
      1 2082
      1 2117
      1 2122
      1 2123
      1 2137
      1 2141
      1 2142
      1 2155
      1 2191
      1 2220
      1 2238
      1 2245
      1 2284
      1 2287
      1 2289
      1 2304
      1 2328
      1 2329
      1 2351
      1 2352
      1 2367
      1 2368
      1 2376
      1 2377
      1 2385
      1 2396
      1 2431
      1 2436
      1 2437
      1 2465
      1 2502
      1 2504
      1 2509
      1 2530
      1 2534
      1 2545
      1 2566
      1 2578
      1 2579
      1 2596
      1 2608
      1 2615
      1 2670
      1 2765
      1 2792
      1 2846
      1 2962
      1 3431
      1 3575
      1 3688
      1 3771
      1 3775
      1 3950
      1 4302
      1 6080
      1 6413
      1 9766
      1 24477
---AAD-PGBENCH-LAG-US---
  37628 0
  31876 1
  28565 2
  26972 3
  25758 4
  25095 5
  24245 6
  23177 7
  22795 8
  21880 9
  21702 10
  21099 11
  20851 12
  20691 13
  20329 14
  20295 15
  20312 16
  19944 17
  20002 18
  19833 19
  19960 20
  19662 21
  19489 22
  19343 23
  19380 24
  19422 25
  19181 26
  19414 27
  19378 28
  19140 29
  19331 30
  19127 31
  19189 32
  18853 33
  18726 34
  18395 35
  18304 36
  18015 37
  17869 38
  17495 39
  17324 40
  17280 41
  16863 42
  16672 43
  16694 44
  16575 45
  16370 46
  16036 47
  15653 48
  15589 49
  15184 50
  14614 51
  13757 52
  12743 53
  12417 54
  22897 55
  42143 56
  25231 57
  19142 58
  18495 59
  17378 60
  20958 61
  37912 62
  51766 63
  64419 64
  60427 65
  33234 66
  24955 67
  26284 68
  25761 69
  26527 70
  25774 71
  25102 72
  21852 73
  15471 74
  12474 75
  11072 76
  10156 77
   9517 78
   9460 79
   7841 80
   6639 81
   5603 82
   5157 83
   4476 84
   3977 85
   3605 86
   3072 87
   2976 88
   2642 89
   2480 90
   2340 91
   2226 92
   2033 93
   1921 94
   1863 95
   1810 96
   1681 97
   1631 98
   1488 99
   1511 100
   1411 101
   1423 102
   1360 103
   1373 104
   1347 105
   1323 106
   1338 107
   1248 108
   1294 109
   1249 110
   1199 111
   1218 112
   1209 113
   1139 114
   1112 115
   1166 116
   1096 117
   1102 118
   1188 119
   1096 120
   1077 121
   1012 122
   1005 123
   1041 124
   1021 125
    999 126
   1034 127
    989 128
    967 129
    949 130
    989 131
    947 132
    926 133
    933 134
    923 135
    938 136
    901 137
    887 138
    863 139
    831 140
    864 141
    813 142
    809 143
    879 144
    801 145
    771 146
    810 147
    777 148
    829 149
    717 150
    735 151
    693 152
    781 153
    770 154
    710 155
    690 156
    699 157
    727 158
    638 159
    645 160
    660 161
    649 162
    633 163
    643 164
    616 165
    665 166
    595 167
    604 168
    559 169
    607 170
    588 171
    580 172
    576 173
    536 174
    520 175
    580 176
    530 177
    531 178
    490 179
    509 180
    526 181
    528 182
    500 183
    481 184
    466 185
    472 186
    470 187
    453 188
    465 189
    427 190
    438 191
    434 192
    424 193
    413 194
    418 195
    381 196
    398 197
    398 198
    368 199
    395 200
    399 201
    332 202
    357 203
    371 204
    385 205
    308 206
    331 207
    336 208
    347 209
    311 210
    340 211
    298 212
    292 213
    329 214
    319 215
    296 216
    320 217
    274 218
    292 219
    271 220
    267 221
    287 222
    249 223
    265 224
    258 225
    248 226
    225 227
    239 228
    217 229
    221 230
    202 231
    219 232
    232 233
    239 234
    186 235
    227 236
    202 237
    196 238
    210 239
    198 240
    174 241
    173 242
    183 243
    175 244
    142 245
    165 246
    203 247
    155 248
    156 249
    149 250
    149 251
    147 252
    158 253
    145 254
    145 255
    139 256
    132 257
    149 258
    128 259
    125 260
    125 261
    145 262
    149 263
    126 264
    130 265
    113 266
    125 267
    100 268
    108 269
    128 270
    127 271
     97 272
    113 273
    109 274
    113 275
     95 276
    105 277
    111 278
     97 279
     93 280
     88 281
    103 282
     85 283
     82 284
     81 285
     90 286
     81 287
     83 288
     83 289
     89 290
     91 291
     85 292
     69 293
     74 294
     68 295
     93 296
     77 297
     80 298
     74 299
     72 300
     74 301
     74 302
     76 303
     94 304
     64 305
     61 306
     72 307
     56 308
     66 309
     70 310
     72 311
     47 312
     59 313
     60 314
     62 315
     53 316
     46 317
     67 318
     45 319
     53 320
     56 321
     48 322
     51 323
     38 324
     54 325
     50 326
     50 327
     45 328
     49 329
     57 330
     39 331
     41 332
     38 333
     41 334
     36 335
     42 336
     47 337
     63 338
     46 339
     44 340
     33 341
     40 342
     40 343
     45 344
     39 345
     42 346
     51 347
     40 348
     34 349
     45 350
     42 351
     33 352
     43 353
     43 354
     27 355
     30 356
     34 357
     35 358
     33 359
     39 360
     40 361
     45 362
     35 363
     41 364
     35 365
     37 366
     33 367
     48 368
     22 369
     28 370
     33 371
     31 372
     31 373
     30 374
     20 375
     26 376
     35 377
     27 378
     36 379
     36 380
     22 381
     26 382
     35 383
     28 384
     22 385
     34 386
     25 387
     31 388
     30 389
     29 390
     25 391
     17 392
     15 393
     23 394
     19 395
     28 396
     27 397
     22 398
     33 399
     19 400
     26 401
     25 402
     22 403
     24 404
     23 405
     26 406
     30 407
     24 408
     21 409
     20 410
     27 411
     26 412
     21 413
     22 414
     25 415
     23 416
     14 417
     23 418
     19 419
     20 420
     16 421
     18 422
     22 423
     21 424
     21 425
     22 426
     18 427
     18 428
     21 429
     23 430
     20 431
     18 432
     27 433
     19 434
     13 435
     18 436
     19 437
     20 438
     19 439
     19 440
     20 441
     13 442
     28 443
     23 444
     15 445
     21 446
     19 447
     16 448
     13 449
     20 450
     13 451
     18 452
     23 453
     21 454
     22 455
     19 456
     13 457
     19 458
     19 459
     15 460
     19 461
     28 462
     24 463
     13 464
     19 465
     23 466
     17 467
     18 468
     13 469
      9 470
     14 471
     19 472
     15 473
     17 474
     12 475
     17 476
     11 477
     14 478
     18 479
     16 480
     17 481
     13 482
     14 483
     12 484
     15 485
     14 486
     13 487
     15 488
     19 489
     10 490
     18 491
     18 492
     10 493
     14 494
     11 495
     21 496
     20 497
     16 498
     10 499
     11 500
     12 501
     13 502
     15 503
     11 504
     14 505
     12 506
     20 507
     16 508
     12 509
     17 510
     16 511
     14 512
     18 513
     20 514
     12 515
     20 516
     10 517
     15 518
     16 519
     22 520
     12 521
     19 522
     16 523
     16 524
     11 525
      7 526
     13 527
     16 528
     11 529
     18 530
     14 531
     18 532
     12 533
     10 534
     14 535
     17 536
     13 537
     13 538
      8 539
      9 540
      9 541
     14 542
     18 543
     13 544
     14 545
     10 546
     12 547
     10 548
     12 549
     13 550
     14 551
      8 552
     12 553
     13 554
      8 555
     13 556
      6 557
     14 558
     10 559
     12 560
     18 561
     11 562
     14 563
     17 564
     18 565
      8 566
     10 567
     12 568
      7 569
     10 570
     10 571
     16 572
      8 573
     12 574
     11 575
     10 576
      8 577
      5 578
     11 579
     11 580
     12 581
     15 582
     24 583
     14 584
      7 585
     11 586
     13 587
     10 588
      9 589
      3 590
     10 591
     12 592
      9 593
      9 594
     14 595
     14 596
     17 597
      8 598
     13 599
     11 600
     14 601
     12 602
     17 603
     11 604
     11 605
     12 606
     10 607
      8 608
     14 609
     15 610
     18 611
      7 612
     20 613
      9 614
      7 615
      9 616
     20 617
      7 618
     13 619
      8 620
      7 621
     17 622
     14 623
      4 624
      9 625
     12 626
     13 627
      8 628
     15 629
      8 630
     10 631
     10 632
     15 633
     11 634
     13 635
     12 636
     10 637
     10 638
     15 639
      9 640
     12 641
     17 642
      9 643
      6 644
      9 645
     10 646
     11 647
     12 648
     10 649
     10 650
     14 651
     11 652
     10 653
      9 654
     10 655
     10 656
      8 657
      7 658
      9 659
      8 660
      9 661
     13 662
     17 663
     13 664
     15 665
      9 666
      5 667
     11 668
     11 669
      5 670
      9 671
     13 672
      6 673
      5 674
     17 675
      8 676
     11 677
     10 678
     13 679
      9 680
     10 681
      9 682
     12 683
      4 684
     13 685
      7 686
     11 687
     11 688
      9 689
     12 690
     13 691
      6 692
      8 693
     14 694
     11 695
      9 696
     11 697
     12 698
     11 699
     15 700
      6 701
     19 702
     20 703
     12 704
      7 705
     10 706
     13 707
      7 708
      8 709
      6 710
     10 711
     14 712
     11 713
     12 714
      5 715
     10 716
     12 717
     11 718
     12 719
     12 720
      8 721
     14 722
     11 723
      9 724
     15 725
      7 726
     15 727
     12 728
     16 729
      7 730
      9 731
      7 732
     10 733
     11 734
     12 735
     13 736
     10 737
      9 738
     13 739
     10 740
      7 741
      4 742
      8 743
      6 744
      8 745
     12 746
     11 747
     14 748
      7 749
      9 750
     11 751
      7 752
      5 753
      7 754
      8 755
      6 756
      6 757
     10 758
      8 759
     10 760
      8 761
     11 762
      7 763
      6 764
     10 765
     10 766
     15 767
      7 768
     10 769
      6 770
     11 771
      7 772
     13 773
     14 774
      8 775
      6 776
     10 777
      8 778
      5 779
      5 780
     13 781
     10 782
      7 783
      7 784
      6 785
     12 786
      4 787
      5 788
      1 789
      6 790
     13 791
     12 792
     12 793
      9 794
     11 795
     13 796
      8 797
      9 798
      7 799
     13 800
     11 801
     11 802
     11 803
     12 804
      9 805
      7 806
      6 807
      9 808
     12 809
     12 810
      8 811
      7 812
     10 813
     12 814
     13 815
     12 816
     10 817
     14 818
     13 819
      3 820
     10 821
      9 822
      8 823
      7 824
      8 825
     10 826
      8 827
      9 828
      8 829
      7 830
      9 831
      7 832
      9 833
      6 834
      4 835
      5 836
      9 837
     12 838
      6 839
      9 840
      7 841
      9 842
      9 843
      8 844
      6 845
     17 846
      7 847
      9 848
      7 849
     10 850
      8 851
     11 852
      6 853
      8 854
     11 855
      7 856
     10 857
     10 858
     13 859
      8 860
     12 861
      5 862
      8 863
      8 864
      8 865
      7 866
     11 867
     11 868
      8 869
      7 870
      6 871
      5 872
      4 873
     11 874
      5 875
     13 876
     11 877
      5 878
     16 879
      9 880
      7 881
     11 882
     10 883
      7 884
     12 885
      8 886
     11 887
      7 888
      9 889
      8 890
      9 891
      6 892
      8 893
      7 894
     14 895
      5 896
      9 897
      8 898
      6 899
      8 900
      9 901
      8 902
     11 903
      6 904
     10 905
      5 906
      9 907
      5 908
      5 909
     12 910
      6 911
      6 912
     14 913
      2 914
     12 915
      5 916
      5 917
      9 918
     13 919
      5 920
      6 921
     10 922
      9 923
      6 924
     12 925
     11 926
     12 927
      9 928
      9 929
      5 930
      7 931
      5 932
     13 933
      7 934
      6 935
     10 936
      7 937
      8 938
     10 939
      5 940
     17 941
      9 942
      3 943
      6 944
      7 945
     10 946
      9 947
      8 948
      7 949
      9 950
      9 951
     12 952
      6 953
     10 954
      7 955
      9 956
     12 957
      7 958
      9 959
     10 960
      9 961
      6 962
      4 963
     10 964
      4 965
      6 966
     11 967
     10 968
     10 969
     10 970
     12 971
      2 972
      8 973
     10 974
      6 975
     13 976
      7 977
      4 978
     11 979
      4 980
      7 981
      7 982
      5 983
      7 984
     15 985
      3 986
     10 987
      8 988
     10 989
      2 990
      4 991
      9 992
      9 993
     12 994
      6 995
      5 996
     13 997
      6 998
     10 999
      5 1000
     19 1001
     15 1002
      3 1003
      9 1004
      8 1005
      5 1006
      5 1007
      5 1008
      9 1009
     11 1010
      8 1011
      6 1012
     10 1013
      9 1014
      7 1015
      7 1016
     11 1017
      7 1018
     11 1019
      9 1020
      6 1021
      5 1022
     12 1023
      4 1024
      7 1025
      5 1026
      3 1027
      4 1028
      6 1029
      5 1030
      3 1031
      5 1032
      9 1033
      8 1034
      6 1035
      5 1036
      7 1037
     11 1038
      7 1039
     12 1040
      9 1041
      4 1042
      5 1043
      5 1044
      5 1045
     11 1046
      4 1047
     10 1048
      9 1049
      7 1050
      9 1051
     15 1052
      9 1053
      5 1054
      7 1055
      8 1056
     11 1057
      4 1058
      8 1059
      6 1060
      9 1061
      7 1062
      4 1063
      6 1064
      5 1065
      3 1066
      4 1067
      3 1068
      7 1069
      8 1070
     12 1071
     12 1072
      5 1073
     10 1074
      7 1075
     10 1076
      5 1077
      4 1078
      9 1079
      6 1080
      7 1081
     11 1082
      3 1083
      5 1084
      5 1085
      4 1086
      5 1087
      1 1088
      7 1089
      7 1090
      8 1091
     13 1092
      4 1093
      8 1094
     11 1095
      2 1096
      8 1097
      5 1098
      6 1099
      8 1100
      9 1101
      3 1102
     11 1103
      4 1104
      6 1105
      3 1106
      3 1107
      6 1108
      6 1109
      3 1110
      4 1111
      7 1112
      8 1113
      6 1114
      3 1115
      8 1116
      6 1117
      4 1118
      6 1119
      3 1120
      5 1121
      3 1122
      5 1123
      5 1124
      5 1125
      7 1126
      5 1127
      4 1128
      6 1129
     10 1130
      5 1131
      6 1132
      5 1133
      8 1134
      3 1135
      6 1136
      2 1137
      5 1138
      7 1139
      7 1140
      5 1141
     10 1142
      4 1143
      3 1144
      2 1145
      4 1146
      5 1147
      9 1148
      4 1149
      5 1150
      6 1151
      4 1152
      6 1153
      5 1154
      5 1155
      3 1156
      2 1157
      6 1158
      4 1159
      2 1160
      6 1161
      7 1162
      5 1163
      3 1164
      5 1165
      2 1166
      2 1167
      6 1168
      4 1169
      7 1170
      4 1171
      6 1172
      3 1173
      5 1174
      3 1175
      6 1176
      8 1177
      5 1178
      6 1179
      2 1180
      2 1181
      5 1182
      2 1183
      5 1184
      8 1185
      1 1186
      5 1187
      4 1188
      6 1189
      7 1190
      2 1191
      7 1192
      2 1193
      4 1194
      3 1195
      1 1196
      3 1197
      9 1198
      1 1199
      1 1200
      6 1201
      3 1202
      5 1203
      1 1204
      1 1205
      7 1206
      5 1207
      5 1208
      4 1209
      6 1210
      4 1211
      5 1212
      2 1213
      4 1214
      4 1215
      2 1216
      6 1217
      1 1218
      4 1219
      2 1220
      7 1221
      4 1222
      2 1223
      6 1224
      5 1225
      1 1226
      2 1227
      3 1228
      7 1229
      8 1230
      1 1231
      5 1232
      6 1233
      4 1234
      5 1235
      4 1236
      7 1237
      3 1238
      2 1239
      2 1240
      1 1241
      4 1242
      2 1243
      7 1244
      4 1245
      2 1246
      5 1247
      2 1248
      4 1249
      2 1250
      2 1251
      4 1252
      6 1253
      1 1254
      4 1255
      5 1256
      2 1257
      2 1258
      4 1259
      2 1260
      2 1261
      6 1262
      5 1263
      6 1264
      3 1265
      9 1266
      3 1267
      7 1268
      1 1269
      6 1270
      5 1271
      3 1272
      1 1273
      3 1274
      2 1275
      2 1276
      5 1277
      2 1278
      3 1279
      5 1280
      4 1281
      3 1282
      4 1283
      2 1284
      3 1285
      2 1286
      3 1287
      3 1288
      2 1289
      3 1290
      1 1292
      1 1294
      5 1295
      4 1296
      2 1297
      4 1298
      1 1299
      3 1300
      1 1301
      3 1302
      2 1303
      1 1305
      1 1306
      4 1307
      1 1308
      3 1309
      3 1310
      4 1311
      2 1312
      2 1313
      3 1314
      4 1316
      3 1317
      1 1318
      4 1319
      1 1320
      1 1321
      2 1322
      3 1323
      2 1324
      2 1325
      2 1326
      1 1327
      4 1328
      1 1329
      3 1330
      2 1331
      2 1332
      1 1333
      2 1334
      3 1335
      1 1336
      6 1337
      2 1338
      2 1339
      3 1340
      3 1341
      3 1342
      1 1343
      1 1344
      3 1345
      2 1346
      1 1347
      2 1349
      2 1350
      4 1351
      1 1352
      2 1353
      4 1354
      3 1355
      2 1356
      4 1357
      2 1358
      4 1359
      3 1361
      2 1362
      1 1363
      3 1364
      3 1365
      1 1366
      1 1367
      1 1368
      1 1369
      4 1370
      2 1371
      1 1372
      3 1373
      1 1375
      1 1376
      4 1378
      2 1379
      1 1380
      1 1381
      3 1382
      2 1383
      2 1384
      3 1385
      3 1386
      2 1387
      4 1390
      5 1392
      1 1393
      1 1394
      3 1396
      1 1397
      2 1398
      1 1400
      1 1402
      1 1403
      2 1405
      3 1406
      2 1407
      1 1408
      2 1409
      1 1411
      1 1412
      3 1413
      2 1415
      1 1416
      2 1418
      1 1419
      1 1420
      1 1423
      2 1425
      1 1426
      4 1427
      1 1428
      2 1429
      1 1430
      1 1431
      1 1433
      1 1434
      2 1435
      1 1436
      3 1438
      1 1440
      2 1441
      1 1442
      2 1443
      3 1444
      1 1445
      1 1446
      1 1448
      1 1453
      3 1454
      1 1455
      1 1456
      1 1457
      1 1460
      1 1462
      3 1463
      3 1464
      4 1465
      2 1466
      1 1467
      1 1468
      1 1470
      2 1471
      2 1473
      1 1475
      2 1477
      2 1478
      1 1479
      2 1480
      2 1483
      1 1487
      1 1489
      1 1490
      1 1491
      2 1492
      1 1493
      1 1496
      2 1497
      3 1498
      1 1499
      3 1502
      1 1503
      1 1505
      1 1506
      1 1507
      3 1508
      1 1509
      2 1511
      1 1513
      1 1514
      1 1515
      1 1516
      1 1518
      1 1519
      2 1521
      1 1523
      2 1524
      1 1525
      1 1526
      1 1527
      6 1529
      1 1531
      1 1533
      3 1535
      1 1538
      1 1539
      2 1540
      1 1541
      1 1543
      2 1546
      1 1548
      1 1549
      2 1551
      3 1553
      2 1556
      1 1558
      1 1560
      2 1561
      3 1562
      2 1566
      2 1567
      1 1568
      1 1569
      1 1571
      1 1575
      1 1576
      1 1579
      2 1581
      1 1583
      1 1587
      1 1588
      1 1589
      1 1591
      1 1593
      2 1594
      2 1595
      1 1596
      1 1599
      1 1602
      1 1606
      2 1607
      2 1608
      1 1610
      1 1611
      2 1613
      1 1614
      1 1617
      1 1621
      1 1622
      2 1623
      2 1626
      2 1627
      2 1628
      1 1630
      1 1632
      1 1634
      1 1637
      2 1645
      1 1646
      2 1648
      1 1653
      2 1655
      2 1657
      1 1661
      1 1663
      1 1665
      1 1666
      2 1667
      1 1669
      3 1674
      3 1676
      1 1677
      1 1680
      1 1682
      2 1683
      1 1684
      1 1686
      2 1689
      1 1690
      2 1694
      1 1696
      2 1698
      1 1699
      2 1705
      1 1706
      1 1721
      1 1722
      1 1727
      1 1730
      1 1736
      1 1746
      1 1748
      1 1750
      1 1751
      1 1754
      1 1766
      1 1767
      1 1771
      4 1772
      1 1776
      1 1779
      2 1780
      1 1781
      1 1787
      2 1791
      2 1793
      1 1794
      1 1799
      1 1801
      1 1803
      1 1808
      1 1810
      1 1811
      1 1813
      2 1815
      1 1817
      1 1823
      1 1825
      1 1827
      1 1832
      1 1836
      1 1837
      1 1840
      1 1842
      2 1852
      1 1854
      1 1856
      1 1860
      1 1863
      1 1864
      1 1870
      1 1872
      1 1874
      1 1877
      1 1884
      1 1885
      1 1891
      1 1892
      2 1893
      1 1904
      1 1905
      1 1915
      1 1920
      2 1928
      1 1932
      1 1934
      1 1937
      1 1938
      2 1940
      1 1941
      1 1943
      1 1946
      2 1947
      1 1956
      1 1970
      3 1972
      1 1977
      1 1980
      1 1985
      1 1992
      1 1993
      1 1994
      1 2000
      1 2011
      1 2013
      1 2025
      1 2027
      1 2029
      1 2031
      1 2032
      1 2033
      1 2034
      1 2037
      1 2044
      1 2053
      1 2060
      1 2065
      1 2081
      1 2082
      1 2090
      1 2103
      1 2109
      1 2122
      1 2124
      1 2131
      1 2142
      1 2151
      1 2161
      1 2164
      1 2178
      1 2179
      1 2186
      1 2194
      1 2195
      1 2207
      1 2230
      1 2235
      1 2248
      1 2250
      1 2256
      1 2265
      1 2268
      1 2293
      1 2304
      1 2318
      1 2322
      1 2333
      1 2338
      1 2352
      1 2357
      1 2363
      1 2368
      1 2369
      1 2378
      1 2400
      1 2412
      1 2430
      1 2443
      1 2459
      1 2461
      1 2498
      1 2539
      1 2541
      1 2572
      1 2598
      1 2613
      1 2644
      1 2664
      1 2677
      1 2688
      1 2689
      1 2738
      1 2774
      1 2776
      1 2819
      1 3166
      1 3173
      1 3497
      1 3580
      1 3720
      1 3749
      1 3777
      1 4110
      1 4202
      1 7529
      1 9204
      1 12215
      1 12529
      1 15532
      1 15610
      1 16713
      1 18288
