pgbench (18.6 (Debian 18.6-1.pgdg13+2))
starting vacuum...end.
transaction type: <builtin: select only>
scaling factor: 1000
query mode: simple
number of clients: 16
number of threads: 16
maximum number of tries: 1
duration: 60 s
number of transactions actually processed: 3502958
number of failed transactions: 0 (0.000%)
latency average = 0.274 ms
initial connection time = 7.799 ms
tps = 58389.584613 (without initial connection time)
---AAD-PGBENCH-LATENCY-US---
rc=0
samples=69892
      1 218
      2 220
      5 221
     12 222
     11 223
     19 224
     24 225
     36 226
     53 227
     63 228
     98 229
    123 230
    158 231
    198 232
    220 233
    254 234
    328 235
    354 236
    394 237
    504 238
    564 239
    828 240
    944 241
   1180 242
   1382 243
   1641 244
   1811 245
   1924 246
   1919 247
   1934 248
   1905 249
   1848 250
   1775 251
   1616 252
   1629 253
   1526 254
   1407 255
   1383 256
   1351 257
   1273 258
   1121 259
   1155 260
   1193 261
   1043 262
    901 263
    959 264
    921 265
    880 266
    875 267
    933 268
    860 269
    818 270
    796 271
    889 272
    881 273
    894 274
    856 275
    959 276
    898 277
    736 278
    673 279
    652 280
    571 281
    510 282
    496 283
    460 284
    424 285
    429 286
    374 287
    400 288
    359 289
    326 290
    334 291
    275 292
    289 293
    295 294
    249 295
    266 296
    206 297
    244 298
    242 299
    212 300
    192 301
    185 302
    203 303
    189 304
    177 305
    217 306
    183 307
    164 308
    195 309
    154 310
    171 311
    152 312
    180 313
    170 314
    152 315
    170 316
    189 317
    158 318
    168 319
    183 320
    168 321
    192 322
    163 323
    170 324
    185 325
    200 326
    185 327
    205 328
    252 329
    253 330
    201 331
    165 332
    154 333
    128 334
     91 335
    127 336
     99 337
    106 338
     62 339
     74 340
     82 341
     49 342
     55 343
     71 344
     49 345
     53 346
     47 347
     37 348
     35 349
     35 350
     36 351
     30 352
     38 353
     40 354
     39 355
     35 356
     45 357
     41 358
     30 359
     41 360
     33 361
     21 362
     31 363
     34 364
     31 365
     39 366
     23 367
     31 368
     35 369
     28 370
     36 371
     34 372
     33 373
     26 374
     24 375
     35 376
     26 377
     19 378
     23 379
     25 380
     26 381
     21 382
     20 383
     16 384
     18 385
     16 386
     15 387
      8 388
     16 389
     15 390
     21 391
     13 392
     10 393
     14 394
     23 395
     12 396
     15 397
     16 398
     12 399
     19 400
     14 401
      6 402
     11 403
     11 404
     14 405
     14 406
     14 407
     11 408
      6 409
     10 410
      7 411
     14 412
      7 413
      2 414
      7 415
      7 416
      6 417
      6 418
      9 419
      8 420
      7 421
      3 422
      7 423
      7 424
      3 425
      9 426
      5 427
      9 428
      2 429
      7 430
      9 431
      4 432
      7 433
      8 434
      4 435
      6 436
      5 437
      8 438
      6 439
      7 440
      6 441
      4 442
      7 443
      6 444
      4 445
      4 446
      3 447
      7 448
      3 449
      5 450
      7 451
      5 452
      6 453
      7 454
      5 455
      7 456
      7 457
      8 458
      9 459
      3 460
     10 461
     12 462
      4 463
      8 464
      9 465
      8 466
      9 467
     14 468
      9 469
      9 470
     15 471
     17 472
     12 473
     11 474
     22 475
     17 476
     20 477
     23 478
     14 479
     17 480
     17 481
     25 482
     26 483
     37 484
     34 485
     24 486
     26 487
     29 488
     33 489
     30 490
     25 491
     36 492
     36 493
     32 494
     30 495
     34 496
     26 497
     27 498
     36 499
     28 500
     24 501
     31 502
     30 503
     27 504
     27 505
     24 506
     33 507
     19 508
     23 509
     22 510
     22 511
     15 512
     21 513
     17 514
     11 515
     13 516
      4 517
     11 518
      7 519
      6 520
      9 521
      9 522
      7 523
      4 524
      5 525
      3 526
      4 527
      3 528
      5 529
      5 530
      4 531
      5 532
      5 533
      3 534
      3 535
      2 536
      2 537
      5 538
      5 540
      2 541
      3 542
      3 543
      3 544
      8 545
      2 546
      3 547
      3 548
      2 549
      2 550
      4 551
      1 552
      3 553
      1 554
      3 555
      2 556
      1 559
      1 562
      1 566
      1 568
      1 569
      1 572
      2 573
      1 574
      1 576
      1 577
      1 578
      1 581
      1 585
      1 616
      1 651
      1 701
---AAD-PGBENCH-LAG-US---
