pgbench (18.6 (Debian 18.6-1.pgdg13+2))
starting vacuum...end.
transaction type: <builtin: select only>
scaling factor: 1000
query mode: simple
number of clients: 8
number of threads: 8
maximum number of tries: 1
duration: 60 s
number of transactions actually processed: 1901579
number of failed transactions: 0 (0.000%)
latency average = 0.252 ms
initial connection time = 5.307 ms
tps = 31695.461390 (without initial connection time)
---AAD-PGBENCH-LATENCY-US---
rc=0
samples=37940
      1 210
      2 213
      2 214
      5 215
      7 216
     20 217
     23 218
     20 219
     38 220
     39 221
     56 222
     93 223
     87 224
    124 225
    208 226
    284 227
    380 228
    360 229
    408 230
    436 231
    485 232
    585 233
    608 234
    705 235
    759 236
    925 237
   1062 238
   1201 239
   1389 240
   1704 241
   1819 242
   1943 243
   2012 244
   1856 245
   1684 246
   1520 247
   1371 248
   1211 249
   1098 250
    946 251
    799 252
    741 253
    615 254
    490 255
    478 256
    434 257
    365 258
    340 259
    337 260
    283 261
    230 262
    218 263
    200 264
    193 265
    187 266
    174 267
    171 268
    171 269
    147 270
    140 271
    137 272
    149 273
    118 274
    125 275
    145 276
    130 277
    112 278
    102 279
     69 280
     79 281
     79 282
     76 283
     67 284
     62 285
     70 286
     81 287
     54 288
     47 289
     54 290
     47 291
     27 292
     54 293
     41 294
     40 295
     39 296
     47 297
     39 298
     32 299
     45 300
     31 301
     38 302
     34 303
     40 304
     42 305
     32 306
     32 307
     28 308
     31 309
     23 310
     20 311
     23 312
     20 313
     22 314
     20 315
     14 316
     26 317
     18 318
     19 319
     16 320
     11 321
     17 322
     19 323
     20 324
     14 325
     11 326
      6 327
     13 328
      6 329
     11 330
      7 331
     18 332
     17 333
     11 334
      8 335
     10 336
     11 337
     14 338
      8 339
      3 340
      4 341
     10 342
      6 343
      4 344
      9 345
     10 346
      5 347
      7 348
      7 349
      6 350
     13 351
     10 352
     14 353
     10 354
      4 355
      7 356
      4 357
      5 358
      8 359
      6 360
     11 361
     11 362
      7 363
      9 364
      8 365
     10 366
     11 367
      8 368
      9 369
      4 370
      5 371
      5 372
      6 373
      2 374
      8 375
      6 376
      2 377
      5 378
     10 379
      4 380
      4 381
      7 382
      2 383
      1 384
      3 385
      1 386
      6 387
      6 388
     10 389
      2 390
      3 391
      2 392
      4 393
      3 394
      5 395
      5 396
      3 397
      2 398
      3 399
      1 400
      2 401
      2 403
      3 404
      2 405
      7 407
      8 408
     10 409
      3 410
      3 411
      6 413
      5 414
      3 415
      5 416
     10 417
      4 418
      5 419
      4 420
      4 422
      3 423
      7 424
      5 425
      7 426
      3 427
      5 428
      5 429
      7 430
      7 431
      1 432
      6 433
      4 434
      3 435
      6 436
      4 437
      1 438
      3 439
      1 440
      3 441
      2 442
      2 443
      3 444
      2 445
      3 447
      5 448
      3 449
      1 450
      3 451
      4 452
      6 453
      2 454
      6 455
      4 456
      3 457
      9 458
      8 460
      3 461
      5 462
      1 463
      2 464
      1 465
      4 466
      4 467
      1 468
      5 469
      2 470
      4 471
      4 472
      2 473
      5 474
      5 475
      6 476
      2 477
      9 478
      4 479
      5 480
      5 481
      5 482
      7 483
      4 484
     10 485
      9 486
      2 487
      4 488
      5 489
      5 490
      5 491
      4 492
      7 493
      4 494
      3 495
      4 496
      3 497
      3 498
      3 499
      4 500
      3 501
      2 502
      3 504
      1 505
      1 507
      1 509
      1 510
      2 511
      4 512
      1 513
      1 515
      1 517
      1 518
      3 522
      3 532
      1 535
      1 538
      1 543
      1 554
      1 556
      1 565
      1 566
      1 568
      1 571
      2 598
      1 599
      1 601
      1 603
      1 607
      1 616
      1 620
      1 622
      1 631
      1 655
      1 669
      1 674
      1 686
      1 715
      1 981
      1 1243
---AAD-PGBENCH-LAG-US---
