pgbench (18.6 (Debian 18.6-1.pgdg13+2))
starting vacuum...end.
transaction type: <builtin: select only>
scaling factor: 1000
query mode: simple
number of clients: 256
number of threads: 16
maximum number of tries: 1
duration: 60 s
number of transactions actually processed: 9703259
number of failed transactions: 0 (0.000%)
latency average = 1.557 ms
initial connection time = 1029.164 ms
tps = 164393.141795 (without initial connection time)
---AAD-PGBENCH-LATENCY-US---
rc=0
samples=193795
      1 248
      1 251
      3 257
      1 258
      1 259
      1 260
      4 263
      1 264
      2 265
      1 266
      2 267
      1 270
      2 273
      5 275
      2 276
      4 278
      1 279
      1 280
      1 281
      4 282
      1 283
      2 284
      2 285
      2 286
      2 288
      2 289
      2 290
      3 291
      4 292
      2 293
      1 294
      3 295
      2 296
      2 297
      3 299
      3 300
      5 301
      3 302
      3 303
      1 304
      1 305
      1 306
      3 307
      3 308
      4 309
      4 310
      4 311
      3 312
      1 313
      3 314
      3 315
      3 316
      4 317
      3 318
      1 319
      2 320
      2 321
      3 322
      5 323
      4 324
      5 325
      5 326
      4 327
      7 328
     11 329
      4 330
      2 331
      8 332
      2 333
      6 334
      9 335
     11 336
     10 337
     12 338
     10 339
     13 340
     12 341
     13 342
      9 343
      8 344
     11 345
     10 346
     18 347
      5 348
      7 349
     15 350
      9 351
     15 352
      6 353
      9 354
     14 355
     15 356
      9 357
      7 358
      7 359
      7 360
     10 361
     11 362
      7 363
     11 364
     11 365
     10 366
      9 367
     10 368
      6 369
      7 370
      8 371
      5 372
      8 373
      2 374
      8 375
      7 376
      4 377
     12 378
      8 379
      6 380
     12 381
      7 382
      8 383
      9 384
      4 385
      8 386
     11 387
     13 388
      5 389
     11 390
     13 391
      9 392
     10 393
      7 394
     10 395
     12 396
     18 397
     10 398
     15 399
     10 400
     15 401
     21 402
     18 403
     20 404
     12 405
     12 406
     17 407
     18 408
     29 409
     16 410
     22 411
     20 412
     15 413
     19 414
     24 415
     25 416
     21 417
     24 418
     17 419
     13 420
     14 421
     23 422
     22 423
     20 424
     23 425
     14 426
     19 427
     18 428
     14 429
     11 430
     19 431
     17 432
     21 433
     18 434
     11 435
      9 436
     10 437
     16 438
     14 439
      9 440
     12 441
     17 442
     10 443
     18 444
     17 445
     21 446
     16 447
     15 448
     15 449
     20 450
     21 451
     16 452
     14 453
     20 454
     10 455
     21 456
     14 457
     22 458
     16 459
     12 460
     18 461
     22 462
     23 463
     15 464
     14 465
     26 466
     31 467
     22 468
     25 469
     25 470
     30 471
     27 472
     28 473
     27 474
     27 475
     32 476
     30 477
     20 478
     23 479
     37 480
     28 481
     34 482
     41 483
     31 484
     42 485
     34 486
     35 487
     25 488
     30 489
     27 490
     29 491
     42 492
     29 493
     21 494
     19 495
     24 496
     19 497
     33 498
     25 499
     21 500
     15 501
     24 502
     19 503
     18 504
     25 505
     17 506
     17 507
     33 508
     25 509
     21 510
     20 511
     20 512
     23 513
     15 514
     19 515
     20 516
     26 517
     23 518
     22 519
     24 520
     20 521
     19 522
     21 523
     15 524
     28 525
     15 526
     23 527
     17 528
     22 529
     16 530
     31 531
     20 532
     14 533
     22 534
     27 535
     24 536
     16 537
     23 538
     25 539
     25 540
     34 541
     25 542
     31 543
     32 544
     25 545
     29 546
     29 547
     32 548
     20 549
     34 550
     36 551
     36 552
     30 553
     29 554
     37 555
     30 556
     35 557
     27 558
     30 559
     31 560
     29 561
     27 562
     32 563
     16 564
     33 565
     24 566
     15 567
     27 568
     32 569
     26 570
     36 571
     20 572
     24 573
     20 574
     25 575
     26 576
     31 577
     19 578
     17 579
     20 580
     32 581
     23 582
     12 583
     33 584
     19 585
     19 586
     22 587
     16 588
     27 589
     16 590
     20 591
     17 592
     18 593
     25 594
     17 595
     18 596
     19 597
     21 598
     14 599
     23 600
     23 601
     32 602
     22 603
     15 604
     18 605
     36 606
     25 607
     26 608
     29 609
     28 610
     23 611
     27 612
     25 613
     24 614
     24 615
     27 616
     19 617
     31 618
     33 619
     28 620
     36 621
     26 622
     27 623
     24 624
     32 625
     27 626
     22 627
     26 628
     21 629
     21 630
     28 631
     25 632
     21 633
     25 634
     20 635
     30 636
     24 637
     23 638
     19 639
     18 640
     16 641
     23 642
     15 643
     14 644
     15 645
     20 646
     15 647
     25 648
     22 649
     26 650
     22 651
     21 652
     14 653
     18 654
     20 655
     16 656
     17 657
     19 658
     24 659
     13 660
     17 661
      8 662
     24 663
     22 664
     25 665
     16 666
     28 667
     16 668
     20 669
     18 670
     19 671
     17 672
     19 673
     27 674
     18 675
     22 676
     18 677
     16 678
     20 679
     18 680
     30 681
     12 682
     20 683
     15 684
     22 685
     26 686
     20 687
     33 688
     26 689
     26 690
     33 691
     29 692
     34 693
     22 694
     24 695
     25 696
     18 697
     21 698
     27 699
     25 700
     23 701
     22 702
     25 703
     28 704
     20 705
     17 706
     17 707
     12 708
     21 709
     22 710
     30 711
     21 712
     20 713
     20 714
     21 715
     22 716
     19 717
     18 718
     17 719
     15 720
     22 721
     23 722
     20 723
     14 724
     18 725
     18 726
     12 727
     16 728
     25 729
     16 730
     19 731
     15 732
     25 733
     24 734
     10 735
     18 736
     17 737
     16 738
     18 739
     14 740
     12 741
     22 742
     19 743
     22 744
     17 745
     17 746
     22 747
     16 748
     18 749
     22 750
     21 751
     26 752
     18 753
     18 754
     22 755
     13 756
     17 757
     29 758
     25 759
     20 760
     22 761
     18 762
     18 763
     19 764
     23 765
     15 766
     22 767
     30 768
     24 769
     25 770
     26 771
     28 772
     21 773
     17 774
      8 775
     24 776
     21 777
     22 778
     13 779
     18 780
     22 781
     27 782
     25 783
     15 784
     25 785
     14 786
     20 787
     20 788
     17 789
     17 790
     29 791
     23 792
     22 793
     20 794
     22 795
     20 796
     18 797
     16 798
     27 799
     20 800
     18 801
     19 802
     16 803
     22 804
     11 805
     27 806
     28 807
     18 808
     21 809
     39 810
     20 811
     34 812
     29 813
     32 814
     26 815
     19 816
     31 817
     31 818
     21 819
     32 820
     27 821
     35 822
     26 823
     18 824
     30 825
     26 826
     30 827
     27 828
     43 829
     31 830
     29 831
     34 832
     19 833
     26 834
     41 835
     37 836
     33 837
     28 838
     29 839
     32 840
     28 841
     31 842
     40 843
     41 844
     25 845
     33 846
     33 847
     34 848
     28 849
     37 850
     37 851
     32 852
     29 853
     34 854
     26 855
     38 856
     29 857
     33 858
     38 859
     23 860
     34 861
     30 862
     33 863
     35 864
     43 865
     32 866
     31 867
     45 868
     39 869
     34 870
     33 871
     36 872
     38 873
     42 874
     33 875
     49 876
     36 877
     35 878
     34 879
     41 880
     47 881
     47 882
     56 883
     56 884
     58 885
     38 886
     60 887
     64 888
     52 889
     51 890
     53 891
     57 892
     70 893
     58 894
     67 895
     70 896
     54 897
     60 898
     66 899
     66 900
     65 901
     69 902
     78 903
     71 904
     71 905
     50 906
     77 907
     63 908
     60 909
     50 910
     69 911
     71 912
     62 913
     53 914
     70 915
     59 916
     59 917
     54 918
     78 919
     61 920
     91 921
     78 922
     64 923
     76 924
     87 925
     64 926
     75 927
     55 928
     72 929
     59 930
     78 931
     75 932
     70 933
     80 934
     76 935
     76 936
     80 937
     97 938
     69 939
     70 940
     78 941
     69 942
     86 943
     71 944
     92 945
     72 946
     95 947
     85 948
     78 949
     81 950
     81 951
    112 952
     90 953
    114 954
     86 955
     92 956
    107 957
    106 958
    114 959
    118 960
    136 961
    107 962
    123 963
    126 964
    121 965
    108 966
    126 967
    138 968
    109 969
    127 970
    101 971
    113 972
    130 973
    153 974
    123 975
    130 976
    141 977
    125 978
    111 979
    127 980
    169 981
    146 982
    141 983
    136 984
    130 985
    133 986
    138 987
    136 988
    126 989
    132 990
    146 991
    136 992
    125 993
    132 994
    141 995
    132 996
    112 997
    137 998
    125 999
    145 1000
    153 1001
    152 1002
    130 1003
    128 1004
    148 1005
    137 1006
    148 1007
    141 1008
    143 1009
    144 1010
    149 1011
    146 1012
    161 1013
    179 1014
    151 1015
    156 1016
    150 1017
    169 1018
    168 1019
    179 1020
    177 1021
    169 1022
    174 1023
    178 1024
    169 1025
    190 1026
    185 1027
    183 1028
    188 1029
    217 1030
    187 1031
    221 1032
    221 1033
    208 1034
    199 1035
    220 1036
    225 1037
    234 1038
    225 1039
    207 1040
    232 1041
    228 1042
    204 1043
    219 1044
    258 1045
    220 1046
    224 1047
    214 1048
    252 1049
    216 1050
    210 1051
    233 1052
    217 1053
    211 1054
    211 1055
    205 1056
    214 1057
    199 1058
    197 1059
    218 1060
    217 1061
    225 1062
    197 1063
    226 1064
    226 1065
    251 1066
    234 1067
    206 1068
    232 1069
    251 1070
    219 1071
    213 1072
    260 1073
    267 1074
    239 1075
    244 1076
    199 1077
    220 1078
    222 1079
    224 1080
    196 1081
    230 1082
    230 1083
    230 1084
    245 1085
    211 1086
    223 1087
    239 1088
    235 1089
    253 1090
    225 1091
    250 1092
    274 1093
    271 1094
    246 1095
    267 1096
    276 1097
    262 1098
    261 1099
    293 1100
    275 1101
    284 1102
    295 1103
    297 1104
    263 1105
    289 1106
    310 1107
    300 1108
    303 1109
    314 1110
    262 1111
    311 1112
    321 1113
    287 1114
    290 1115
    271 1116
    304 1117
    308 1118
    267 1119
    253 1120
    285 1121
    263 1122
    253 1123
    267 1124
    272 1125
    290 1126
    257 1127
    265 1128
    250 1129
    273 1130
    221 1131
    292 1132
    234 1133
    246 1134
    230 1135
    244 1136
    222 1137
    267 1138
    252 1139
    230 1140
    252 1141
    240 1142
    246 1143
    241 1144
    259 1145
    252 1146
    219 1147
    244 1148
    224 1149
    227 1150
    253 1151
    215 1152
    228 1153
    243 1154
    238 1155
    231 1156
    240 1157
    239 1158
    239 1159
    241 1160
    230 1161
    213 1162
    263 1163
    277 1164
    250 1165
    266 1166
    260 1167
    265 1168
    242 1169
    266 1170
    267 1171
    306 1172
    243 1173
    255 1174
    273 1175
    246 1176
    246 1177
    257 1178
    229 1179
    262 1180
    247 1181
    228 1182
    252 1183
    228 1184
    233 1185
    241 1186
    216 1187
    232 1188
    257 1189
    215 1190
    218 1191
    197 1192
    230 1193
    189 1194
    233 1195
    187 1196
    181 1197
    232 1198
    199 1199
    210 1200
    205 1201
    212 1202
    178 1203
    217 1204
    207 1205
    201 1206
    204 1207
    190 1208
    207 1209
    189 1210
    200 1211
    187 1212
    172 1213
    177 1214
    186 1215
    172 1216
    178 1217
    178 1218
    195 1219
    169 1220
    182 1221
    191 1222
    188 1223
    176 1224
    191 1225
    185 1226
    164 1227
    178 1228
    175 1229
    163 1230
    194 1231
    172 1232
    207 1233
    187 1234
    207 1235
    176 1236
    175 1237
    167 1238
    194 1239
    193 1240
    192 1241
    189 1242
    178 1243
    204 1244
    215 1245
    177 1246
    181 1247
    206 1248
    153 1249
    159 1250
    193 1251
    180 1252
    181 1253
    191 1254
    184 1255
    201 1256
    172 1257
    196 1258
    173 1259
    178 1260
    175 1261
    171 1262
    194 1263
    179 1264
    168 1265
    168 1266
    156 1267
    141 1268
    146 1269
    153 1270
    160 1271
    164 1272
    156 1273
    154 1274
    162 1275
    159 1276
    169 1277
    144 1278
    160 1279
    144 1280
    125 1281
    140 1282
    130 1283
    127 1284
    171 1285
    138 1286
    140 1287
    154 1288
    146 1289
    121 1290
    166 1291
    129 1292
    169 1293
    115 1294
    148 1295
    159 1296
    151 1297
    151 1298
    141 1299
    143 1300
    139 1301
    142 1302
    129 1303
    148 1304
    160 1305
    153 1306
    124 1307
    173 1308
    151 1309
    146 1310
    146 1311
    160 1312
    145 1313
    149 1314
    121 1315
    147 1316
    150 1317
    146 1318
    148 1319
    137 1320
    139 1321
    159 1322
    119 1323
    138 1324
    128 1325
    146 1326
    133 1327
    146 1328
    133 1329
    135 1330
    143 1331
    131 1332
    145 1333
    131 1334
    132 1335
    139 1336
    141 1337
    153 1338
    131 1339
    124 1340
    137 1341
    155 1342
    125 1343
    116 1344
    131 1345
    125 1346
    133 1347
    112 1348
    121 1349
    115 1350
    116 1351
    109 1352
    107 1353
    105 1354
    121 1355
    112 1356
    134 1357
    114 1358
    114 1359
    116 1360
    130 1361
    120 1362
    124 1363
    115 1364
    118 1365
    118 1366
    124 1367
    102 1368
    116 1369
    125 1370
    131 1371
    112 1372
    125 1373
    118 1374
    104 1375
    114 1376
    128 1377
    131 1378
    127 1379
    136 1380
    123 1381
    114 1382
    129 1383
    113 1384
    131 1385
    131 1386
    120 1387
    121 1388
    118 1389
    128 1390
    129 1391
    127 1392
    127 1393
    118 1394
    114 1395
    115 1396
    117 1397
    102 1398
    100 1399
    103 1400
    125 1401
    114 1402
    123 1403
    109 1404
    104 1405
    108 1406
    101 1407
     93 1408
    118 1409
     95 1410
     97 1411
    107 1412
    111 1413
    107 1414
     99 1415
    103 1416
    115 1417
     73 1418
    130 1419
    104 1420
    119 1421
    101 1422
    100 1423
    102 1424
    101 1425
    118 1426
    105 1427
     86 1428
    103 1429
     98 1430
    102 1431
     96 1432
     96 1433
    123 1434
    112 1435
     86 1436
     97 1437
    103 1438
    103 1439
    116 1440
    110 1441
    121 1442
    105 1443
    106 1444
    109 1445
    123 1446
    113 1447
    116 1448
    111 1449
    110 1450
    111 1451
    122 1452
    114 1453
    133 1454
    111 1455
     97 1456
    104 1457
    106 1458
     79 1459
    100 1460
    101 1461
    108 1462
    108 1463
    100 1464
    105 1465
     91 1466
    105 1467
    107 1468
     93 1469
    106 1470
     81 1471
     96 1472
    101 1473
    104 1474
     83 1475
    110 1476
     88 1477
     89 1478
     89 1479
     93 1480
     99 1481
     98 1482
     86 1483
     93 1484
     92 1485
    100 1486
     80 1487
     99 1488
     89 1489
     92 1490
    101 1491
    108 1492
     94 1493
     91 1494
     84 1495
    100 1496
    105 1497
    105 1498
     86 1499
     99 1500
     92 1501
     91 1502
     81 1503
     94 1504
     94 1505
     98 1506
     94 1507
     73 1508
     91 1509
     81 1510
     77 1511
     98 1512
     79 1513
     97 1514
    105 1515
    103 1516
    113 1517
     69 1518
    111 1519
     97 1520
     86 1521
     76 1522
     95 1523
     79 1524
     85 1525
     83 1526
     93 1527
     85 1528
     91 1529
     82 1530
     84 1531
     79 1532
     83 1533
     98 1534
     84 1535
     71 1536
     87 1537
     77 1538
     75 1539
     84 1540
     78 1541
     77 1542
    101 1543
     92 1544
     79 1545
     75 1546
     77 1547
    101 1548
     92 1549
     84 1550
     94 1551
     75 1552
     63 1553
     83 1554
     80 1555
     95 1556
     77 1557
     84 1558
     70 1559
     85 1560
     70 1561
     90 1562
     71 1563
     66 1564
     87 1565
     89 1566
     85 1567
     61 1568
     67 1569
     59 1570
     93 1571
     86 1572
     94 1573
     80 1574
     72 1575
     56 1576
     76 1577
     77 1578
     72 1579
     88 1580
     87 1581
     81 1582
     79 1583
     93 1584
     70 1585
     85 1586
    108 1587
     75 1588
     68 1589
     95 1590
     73 1591
     94 1592
     82 1593
     80 1594
     80 1595
     78 1596
     72 1597
     90 1598
    102 1599
     72 1600
     65 1601
     91 1602
     65 1603
     72 1604
     63 1605
     79 1606
     77 1607
     80 1608
     73 1609
     73 1610
     72 1611
     82 1612
     77 1613
     61 1614
     79 1615
     69 1616
     69 1617
     82 1618
     69 1619
     70 1620
     67 1621
     68 1622
     63 1623
     73 1624
     63 1625
     55 1626
     78 1627
     71 1628
     71 1629
     86 1630
     67 1631
     56 1632
     74 1633
     58 1634
     78 1635
     69 1636
     75 1637
     76 1638
     56 1639
     57 1640
     64 1641
     71 1642
     72 1643
     64 1644
     64 1645
     52 1646
     57 1647
     74 1648
     62 1649
     66 1650
     73 1651
     64 1652
     68 1653
     75 1654
     74 1655
     73 1656
     78 1657
     78 1658
     56 1659
     86 1660
     70 1661
     67 1662
     70 1663
     72 1664
     66 1665
     71 1666
     70 1667
     64 1668
     69 1669
     77 1670
     79 1671
     61 1672
     68 1673
     67 1674
     81 1675
     53 1676
     75 1677
     75 1678
     65 1679
     53 1680
     73 1681
     63 1682
     81 1683
     59 1684
     65 1685
     66 1686
     62 1687
     68 1688
     50 1689
     58 1690
     64 1691
     52 1692
     65 1693
     69 1694
     70 1695
     65 1696
     61 1697
     71 1698
     63 1699
     58 1700
     51 1701
     72 1702
     67 1703
     65 1704
     62 1705
     71 1706
     57 1707
     63 1708
     89 1709
     70 1710
     69 1711
     73 1712
     71 1713
     51 1714
     65 1715
     66 1716
     70 1717
     70 1718
     69 1719
     59 1720
     64 1721
     91 1722
     72 1723
     71 1724
     84 1725
     78 1726
     58 1727
     62 1728
     74 1729
     77 1730
     75 1731
     82 1732
     90 1733
     64 1734
     67 1735
     56 1736
     80 1737
     83 1738
     84 1739
     97 1740
     69 1741
     74 1742
     87 1743
     77 1744
     61 1745
     62 1746
     67 1747
     74 1748
     80 1749
     71 1750
     68 1751
     54 1752
     65 1753
     74 1754
     79 1755
     67 1756
     78 1757
     86 1758
     69 1759
     73 1760
     70 1761
     63 1762
     59 1763
     59 1764
     76 1765
     62 1766
     65 1767
     56 1768
     70 1769
     58 1770
     62 1771
     61 1772
     55 1773
     75 1774
     61 1775
     63 1776
     70 1777
     73 1778
     78 1779
     70 1780
     70 1781
     57 1782
     68 1783
     69 1784
     53 1785
     68 1786
     75 1787
     75 1788
     63 1789
     79 1790
     72 1791
     84 1792
     70 1793
     84 1794
     71 1795
     73 1796
     64 1797
     73 1798
     71 1799
     80 1800
     92 1801
     73 1802
     73 1803
     70 1804
     58 1805
     75 1806
     71 1807
     75 1808
     83 1809
     77 1810
     57 1811
     77 1812
     92 1813
     76 1814
     69 1815
     82 1816
     76 1817
     75 1818
     68 1819
     85 1820
     70 1821
     63 1822
     78 1823
     63 1824
     82 1825
     69 1826
     65 1827
     64 1828
     71 1829
     74 1830
     72 1831
     87 1832
     69 1833
     65 1834
     59 1835
     71 1836
     60 1837
     62 1838
     59 1839
     68 1840
     63 1841
     59 1842
     79 1843
     74 1844
     77 1845
     67 1846
     96 1847
     80 1848
     73 1849
     81 1850
     73 1851
     75 1852
     85 1853
     66 1854
     75 1855
     86 1856
     74 1857
     84 1858
     84 1859
     67 1860
     84 1861
     85 1862
     80 1863
     66 1864
     92 1865
     80 1866
     82 1867
     66 1868
     76 1869
     88 1870
     93 1871
     90 1872
     82 1873
     76 1874
     76 1875
     67 1876
     88 1877
     73 1878
     88 1879
     89 1880
     82 1881
     92 1882
     97 1883
     70 1884
     81 1885
     79 1886
     79 1887
     81 1888
     78 1889
     98 1890
     86 1891
     81 1892
     81 1893
     80 1894
     97 1895
     82 1896
     89 1897
     72 1898
     79 1899
     79 1900
     83 1901
     91 1902
     77 1903
     81 1904
     75 1905
     78 1906
     78 1907
     79 1908
     76 1909
     69 1910
     77 1911
     87 1912
     66 1913
     82 1914
     66 1915
     88 1916
     80 1917
     84 1918
     96 1919
     91 1920
     77 1921
     86 1922
     75 1923
     89 1924
     72 1925
     92 1926
     75 1927
     83 1928
     84 1929
     90 1930
    103 1931
     97 1932
     86 1933
     87 1934
     76 1935
     77 1936
     80 1937
     95 1938
     76 1939
    118 1940
     98 1941
     76 1942
     97 1943
    109 1944
     85 1945
     81 1946
    108 1947
     94 1948
     99 1949
     93 1950
    100 1951
     94 1952
    113 1953
     86 1954
     71 1955
     86 1956
     92 1957
     93 1958
     81 1959
    100 1960
     67 1961
     89 1962
     87 1963
    111 1964
     86 1965
     75 1966
     78 1967
     88 1968
    108 1969
     81 1970
     66 1971
     79 1972
    101 1973
     82 1974
     79 1975
     78 1976
     83 1977
     83 1978
     99 1979
    100 1980
     69 1981
    103 1982
     98 1983
     90 1984
     92 1985
     88 1986
     97 1987
    105 1988
     90 1989
     86 1990
     88 1991
     96 1992
     73 1993
    101 1994
     95 1995
    106 1996
     94 1997
    105 1998
     96 1999
    101 2000
     95 2001
     98 2002
    104 2003
     92 2004
    103 2005
     92 2006
    105 2007
    100 2008
     85 2009
    103 2010
     93 2011
     99 2012
     93 2013
     97 2014
    102 2015
    104 2016
    106 2017
     89 2018
     83 2019
    101 2020
     77 2021
     78 2022
     86 2023
     97 2024
    105 2025
     90 2026
     97 2027
     90 2028
     92 2029
     83 2030
    103 2031
     99 2032
     96 2033
     85 2034
     95 2035
     90 2036
     90 2037
    101 2038
     95 2039
    104 2040
     87 2041
     78 2042
     87 2043
     87 2044
     83 2045
     90 2046
     88 2047
     73 2048
     88 2049
     99 2050
     96 2051
     74 2052
     95 2053
    108 2054
     77 2055
     79 2056
     96 2057
     97 2058
     83 2059
     75 2060
     92 2061
    105 2062
    105 2063
     90 2064
    102 2065
    102 2066
     79 2067
     81 2068
     91 2069
     92 2070
     79 2071
    101 2072
    114 2073
     84 2074
     96 2075
     83 2076
     95 2077
     93 2078
     74 2079
     88 2080
     98 2081
    102 2082
    100 2083
     76 2084
     85 2085
     85 2086
     93 2087
     86 2088
     77 2089
     71 2090
     76 2091
     84 2092
     76 2093
     85 2094
     94 2095
     98 2096
     84 2097
     84 2098
     87 2099
     86 2100
    102 2101
     85 2102
    104 2103
     82 2104
     95 2105
     78 2106
     71 2107
    100 2108
     82 2109
     84 2110
     91 2111
     85 2112
     85 2113
     70 2114
     89 2115
     72 2116
     85 2117
     64 2118
     88 2119
     88 2120
     95 2121
     73 2122
     85 2123
    106 2124
     91 2125
     87 2126
     80 2127
     82 2128
     91 2129
     80 2130
     88 2131
     65 2132
     93 2133
     83 2134
     81 2135
     74 2136
     80 2137
    107 2138
     78 2139
     90 2140
     88 2141
     89 2142
     83 2143
     92 2144
    104 2145
     92 2146
     84 2147
     90 2148
     80 2149
     87 2150
     81 2151
    105 2152
     82 2153
     85 2154
     86 2155
     77 2156
     78 2157
     84 2158
     81 2159
     79 2160
     87 2161
     98 2162
     90 2163
     72 2164
     83 2165
     98 2166
     85 2167
     81 2168
     81 2169
     73 2170
     73 2171
     78 2172
     78 2173
     90 2174
    104 2175
     82 2176
     90 2177
     80 2178
     84 2179
     68 2180
     76 2181
     66 2182
     98 2183
     87 2184
     89 2185
     86 2186
     86 2187
     73 2188
     74 2189
     78 2190
     75 2191
     61 2192
     76 2193
     75 2194
     75 2195
     81 2196
     82 2197
     81 2198
     71 2199
     78 2200
     77 2201
     81 2202
     76 2203
     73 2204
     61 2205
     73 2206
     77 2207
     66 2208
     86 2209
     66 2210
     64 2211
     72 2212
     74 2213
     75 2214
     84 2215
     85 2216
    100 2217
     81 2218
     79 2219
     78 2220
     77 2221
     76 2222
     68 2223
     68 2224
     78 2225
     80 2226
     65 2227
     84 2228
     69 2229
     73 2230
     70 2231
     75 2232
     85 2233
     60 2234
     66 2235
     66 2236
     83 2237
     62 2238
     66 2239
     65 2240
     57 2241
     62 2242
     90 2243
     69 2244
     88 2245
     69 2246
     70 2247
     63 2248
     81 2249
     76 2250
     71 2251
     58 2252
     70 2253
     78 2254
     64 2255
     42 2256
     76 2257
     82 2258
     60 2259
     69 2260
     60 2261
     59 2262
     63 2263
     67 2264
     52 2265
     68 2266
     68 2267
     72 2268
     60 2269
     56 2270
     78 2271
     67 2272
     77 2273
     64 2274
     71 2275
     57 2276
     60 2277
     82 2278
     65 2279
     69 2280
     55 2281
     87 2282
     74 2283
     83 2284
     72 2285
     59 2286
     60 2287
     64 2288
     71 2289
     51 2290
     60 2291
     65 2292
     64 2293
     55 2294
     54 2295
     68 2296
     63 2297
     65 2298
     75 2299
     69 2300
     53 2301
     66 2302
     54 2303
     69 2304
     67 2305
     54 2306
     56 2307
     65 2308
     66 2309
     70 2310
     56 2311
     49 2312
     69 2313
     61 2314
     65 2315
     68 2316
     64 2317
     56 2318
     78 2319
     47 2320
     73 2321
     58 2322
     50 2323
     56 2324
     50 2325
     53 2326
     52 2327
     51 2328
     53 2329
     59 2330
     67 2331
     57 2332
     52 2333
     52 2334
     55 2335
     54 2336
     54 2337
     47 2338
     54 2339
     53 2340
     53 2341
     55 2342
     61 2343
     60 2344
     45 2345
     63 2346
     65 2347
     62 2348
     58 2349
     52 2350
     50 2351
     51 2352
     57 2353
     53 2354
     54 2355
     51 2356
     54 2357
     53 2358
     62 2359
     73 2360
     46 2361
     54 2362
     43 2363
     56 2364
     42 2365
     47 2366
     59 2367
     54 2368
     60 2369
     47 2370
     54 2371
     49 2372
     63 2373
     46 2374
     41 2375
     54 2376
     42 2377
     52 2378
     43 2379
     49 2380
     48 2381
     60 2382
     47 2383
     43 2384
     39 2385
     45 2386
     41 2387
     46 2388
     41 2389
     64 2390
     44 2391
     41 2392
     44 2393
     41 2394
     59 2395
     52 2396
     53 2397
     53 2398
     48 2399
     61 2400
     36 2401
     61 2402
     30 2403
     41 2404
     54 2405
     40 2406
     44 2407
     49 2408
     49 2409
     52 2410
     44 2411
     47 2412
     54 2413
     43 2414
     49 2415
     43 2416
     44 2417
     57 2418
     53 2419
     48 2420
     45 2421
     48 2422
     49 2423
     51 2424
     52 2425
     46 2426
     38 2427
     58 2428
     36 2429
     48 2430
     37 2431
     48 2432
     34 2433
     48 2434
     39 2435
     43 2436
     43 2437
     47 2438
     36 2439
     38 2440
     37 2441
     47 2442
     42 2443
     40 2444
     38 2445
     42 2446
     37 2447
     50 2448
     45 2449
     44 2450
     46 2451
     31 2452
     33 2453
     36 2454
     41 2455
     49 2456
     44 2457
     39 2458
     40 2459
     41 2460
     44 2461
     33 2462
     36 2463
     31 2464
     40 2465
     47 2466
     40 2467
     43 2468
     29 2469
     34 2470
     43 2471
     36 2472
     36 2473
     41 2474
     42 2475
     46 2476
     35 2477
     51 2478
     42 2479
     31 2480
     43 2481
     32 2482
     40 2483
     30 2484
     40 2485
     31 2486
     39 2487
     35 2488
     36 2489
     36 2490
     34 2491
     41 2492
     42 2493
     30 2494
     40 2495
     40 2496
     37 2497
     34 2498
     48 2499
     44 2500
     26 2501
     31 2502
     33 2503
     35 2504
     31 2505
     40 2506
     43 2507
     36 2508
     35 2509
     29 2510
     24 2511
     32 2512
     27 2513
     33 2514
     20 2515
     33 2516
     37 2517
     29 2518
     31 2519
     27 2520
     24 2521
     22 2522
     39 2523
     39 2524
     33 2525
     29 2526
     46 2527
     31 2528
     22 2529
     31 2530
     33 2531
     26 2532
     32 2533
     37 2534
     37 2535
     33 2536
     33 2537
     28 2538
     25 2539
     34 2540
     31 2541
     21 2542
     31 2543
     23 2544
     28 2545
     27 2546
     36 2547
     40 2548
     37 2549
     33 2550
     36 2551
     29 2552
     29 2553
     37 2554
     33 2555
     26 2556
     33 2557
     29 2558
     30 2559
     29 2560
     23 2561
     26 2562
     30 2563
     27 2564
     21 2565
     28 2566
     28 2567
     29 2568
     36 2569
     30 2570
     31 2571
     29 2572
     28 2573
     26 2574
     24 2575
     27 2576
     32 2577
     18 2578
     25 2579
     22 2580
     25 2581
     31 2582
     38 2583
     35 2584
     25 2585
     21 2586
     25 2587
     34 2588
     30 2589
     25 2590
     25 2591
     31 2592
     30 2593
     28 2594
     27 2595
     24 2596
     21 2597
     23 2598
     23 2599
     27 2600
     27 2601
     15 2602
     26 2603
     22 2604
     20 2605
     24 2606
     24 2607
     19 2608
     25 2609
     22 2610
     16 2611
     27 2612
     29 2613
     23 2614
     21 2615
     25 2616
     26 2617
     16 2618
     25 2619
     20 2620
     24 2621
     24 2622
     28 2623
     21 2624
     23 2625
     27 2626
     20 2627
     28 2628
     29 2629
     18 2630
     26 2631
     35 2632
     32 2633
     33 2634
     19 2635
     21 2636
     25 2637
     19 2638
     17 2639
     25 2640
     19 2641
     21 2642
     21 2643
     20 2644
     21 2645
     28 2646
     12 2647
     23 2648
     16 2649
     16 2650
     24 2651
     17 2652
     21 2653
     25 2654
     26 2655
     18 2656
     19 2657
     23 2658
     12 2659
     24 2660
     17 2661
     22 2662
     17 2663
     16 2664
     27 2665
     28 2666
     24 2667
     14 2668
     21 2669
     17 2670
     22 2671
     17 2672
     17 2673
     20 2674
     19 2675
      9 2676
     27 2677
     28 2678
     18 2679
     18 2680
     14 2681
     22 2682
     20 2683
     16 2684
     21 2685
     18 2686
     12 2687
     17 2688
     17 2689
     22 2690
     18 2691
     18 2692
     21 2693
     27 2694
     19 2695
     23 2696
     12 2697
     13 2698
     18 2699
     11 2700
     24 2701
     17 2702
     21 2703
     13 2704
     11 2705
     16 2706
     19 2707
     19 2708
     24 2709
     17 2710
     20 2711
     22 2712
     12 2713
     12 2714
     22 2715
     24 2716
     19 2717
      9 2718
     18 2719
     15 2720
     14 2721
     12 2722
     13 2723
     16 2724
     21 2725
     10 2726
     20 2727
     24 2728
     13 2729
     24 2730
     14 2731
     16 2732
     16 2733
     15 2734
     17 2735
     11 2736
     12 2737
     15 2738
     17 2739
     19 2740
     19 2741
     11 2742
     13 2743
     12 2744
     10 2745
     14 2746
     15 2747
     19 2748
     13 2749
     12 2750
     16 2751
     14 2752
     21 2753
     18 2754
     17 2755
     12 2756
     18 2757
     21 2758
     15 2759
     17 2760
      4 2761
     14 2762
     12 2763
     13 2764
     15 2765
      8 2766
     16 2767
     17 2768
      8 2769
     13 2770
     14 2771
     17 2772
     13 2773
     16 2774
     13 2775
     11 2776
     11 2777
     13 2778
     14 2779
     12 2780
     15 2781
     19 2782
     20 2783
     19 2784
     15 2785
      9 2786
      9 2787
     15 2788
     10 2789
     20 2790
     14 2791
     12 2792
     12 2793
     17 2794
     15 2795
      7 2796
      8 2797
     11 2798
     17 2799
     17 2800
     11 2801
     12 2802
     15 2803
      9 2804
      6 2805
     19 2806
     10 2807
     13 2808
     11 2809
     10 2810
     13 2811
      4 2812
      8 2813
     15 2814
      3 2815
     17 2816
     12 2817
     13 2818
      8 2819
     14 2820
      8 2821
     11 2822
     14 2823
     12 2824
     13 2825
     16 2826
      9 2827
     17 2828
     13 2829
      7 2830
     10 2831
     11 2832
     14 2833
     12 2834
     11 2835
     11 2836
      8 2837
     11 2838
      8 2839
     13 2840
     15 2841
     11 2842
      5 2843
     15 2844
     12 2845
     13 2846
     16 2847
     12 2848
     11 2849
     11 2850
     11 2851
     17 2852
      9 2853
      8 2854
     14 2855
      9 2856
      9 2857
     13 2858
     14 2859
     17 2860
     10 2861
     11 2862
     11 2863
      6 2864
     11 2865
     11 2866
      8 2867
      9 2868
     10 2869
      7 2870
      9 2871
      6 2872
     11 2873
      9 2874
     18 2875
     13 2876
      9 2877
      8 2878
     14 2879
     12 2880
     10 2881
      6 2882
     11 2883
     14 2884
     11 2885
     18 2886
     10 2887
     16 2888
     13 2889
     13 2890
     15 2891
      3 2892
      7 2893
     13 2894
     18 2895
     11 2896
      9 2897
     11 2898
      3 2899
      7 2900
     10 2901
     10 2902
      5 2903
     11 2904
     13 2905
      8 2906
     16 2907
      8 2908
      6 2909
      3 2910
      7 2911
     12 2912
      8 2913
      5 2914
     11 2915
     10 2916
     13 2917
      7 2918
     13 2919
     13 2920
     11 2921
      9 2922
     15 2923
     10 2924
     13 2925
     13 2926
     13 2927
      7 2928
     14 2929
      7 2930
      7 2931
      9 2932
     12 2933
      6 2934
      7 2935
      9 2936
     12 2937
      6 2938
      8 2939
      4 2940
      7 2941
      7 2942
      9 2943
      5 2944
      6 2945
      7 2946
      6 2947
      6 2948
      5 2949
      4 2950
     14 2951
      4 2952
      7 2953
      8 2954
      6 2955
      6 2956
      7 2957
      8 2958
      8 2959
     10 2960
      4 2961
      6 2962
      6 2963
      2 2964
      2 2965
      8 2966
      6 2967
      6 2968
      9 2969
     11 2970
      9 2971
      6 2972
      6 2973
     12 2974
      5 2975
      7 2976
      7 2977
      7 2978
     11 2979
      5 2980
     10 2981
      7 2982
      8 2983
      7 2984
      8 2985
     11 2986
      4 2987
     11 2988
     10 2989
      6 2990
     10 2991
      8 2992
      8 2993
      7 2994
      9 2995
      4 2996
     12 2997
      8 2998
      7 2999
      5 3000
      4 3001
      7 3002
      3 3003
      7 3004
      8 3005
      6 3006
      5 3007
      7 3008
      7 3009
      6 3010
      7 3011
     11 3012
      3 3013
      4 3014
      4 3015
      4 3016
      4 3017
      7 3018
      9 3019
      7 3020
      4 3021
      3 3022
      6 3023
      3 3024
      2 3025
      2 3026
      4 3027
      6 3028
      4 3029
      5 3030
      6 3031
     11 3032
      6 3033
      4 3034
      4 3035
      6 3036
      2 3037
      4 3038
      3 3039
      8 3040
      5 3041
     11 3042
      6 3043
      8 3044
      2 3045
      6 3046
      8 3047
      5 3048
      4 3049
      6 3050
      3 3051
      4 3052
      6 3053
      6 3054
      4 3055
      8 3056
      7 3057
      3 3058
      6 3059
      7 3060
      4 3061
      4 3062
      5 3063
      4 3064
      8 3065
      5 3066
      6 3067
      3 3068
      7 3069
      2 3070
      2 3071
      6 3072
      5 3073
      7 3074
      5 3075
      8 3076
      7 3077
      4 3078
      4 3079
      4 3080
      6 3081
      5 3082
      7 3083
      3 3084
      5 3085
      5 3086
      7 3087
      8 3088
      3 3089
      4 3090
      6 3091
      2 3092
      3 3093
      5 3094
     10 3095
      2 3096
      3 3097
      7 3098
      6 3099
      3 3100
      6 3101
      5 3102
      4 3103
      1 3104
      6 3105
      6 3106
      6 3108
      8 3109
      9 3110
      4 3111
      7 3112
      7 3113
      5 3114
      3 3115
      6 3116
      5 3117
      7 3118
      6 3119
      4 3120
      3 3121
      4 3122
      7 3123
      8 3124
      4 3125
      4 3126
      6 3127
      4 3128
      4 3129
      2 3130
      3 3131
      2 3132
      4 3133
      3 3134
      4 3135
      3 3136
      3 3137
      2 3138
      6 3139
      4 3140
      3 3141
      1 3142
      3 3143
      6 3144
      3 3145
      3 3146
      2 3147
      2 3148
      3 3149
      2 3150
      2 3151
      1 3152
      7 3153
      3 3154
      2 3155
      7 3156
      1 3157
      5 3158
      4 3159
      9 3160
      4 3161
      3 3162
      3 3163
      2 3164
      2 3165
      5 3166
      2 3167
      5 3168
      4 3169
      1 3170
      3 3171
      4 3172
      5 3173
      4 3174
      4 3175
      3 3176
      5 3177
      1 3178
      1 3179
      6 3180
      9 3181
      5 3182
      8 3183
      7 3184
      5 3185
      2 3186
      2 3187
      1 3188
      3 3189
      5 3190
      2 3191
      1 3192
      2 3193
      4 3194
      4 3195
      2 3196
      3 3197
      2 3198
      4 3199
      5 3200
      7 3201
      3 3202
      3 3203
      2 3204
      2 3205
      4 3206
      3 3208
      8 3209
      5 3210
      6 3211
      3 3212
      2 3213
      1 3214
      2 3215
      3 3216
      1 3217
      2 3218
      4 3219
      4 3220
      2 3221
      1 3222
      5 3223
      6 3224
      5 3225
      2 3226
      7 3227
      5 3228
      3 3229
      2 3230
      5 3231
      5 3232
      6 3233
      4 3234
      4 3236
      3 3237
      6 3238
      1 3239
      1 3240
      3 3241
      4 3242
      1 3243
      5 3244
      2 3245
      4 3246
      4 3247
      2 3248
      4 3249
      4 3250
      3 3251
      2 3252
      2 3253
      1 3254
      3 3255
      4 3256
      1 3257
      4 3258
      3 3260
      4 3261
      2 3262
      3 3263
      2 3264
      2 3265
      2 3267
      2 3268
      1 3269
      5 3270
      2 3272
      1 3273
      5 3274
      5 3275
      5 3276
      4 3277
      1 3278
      4 3280
      4 3281
      3 3282
      3 3283
      1 3284
      1 3285
      3 3286
      2 3287
      2 3288
      5 3289
      4 3290
      2 3292
      2 3293
      4 3294
      2 3295
      3 3296
      4 3297
      1 3299
      3 3300
      2 3301
      1 3302
      1 3303
      1 3304
      6 3305
      1 3306
      4 3307
      2 3308
      2 3309
      2 3310
      3 3311
      3 3312
      2 3313
      4 3314
      4 3315
      2 3316
      4 3317
      2 3318
      3 3319
      2 3320
      4 3322
      3 3323
      2 3324
      4 3325
      1 3326
      3 3327
      1 3328
      1 3329
      2 3330
      2 3331
      3 3332
      4 3333
      4 3334
      2 3335
      2 3336
      1 3337
      4 3338
      1 3339
      2 3340
      2 3342
      2 3343
      3 3344
      3 3346
      2 3347
      1 3348
      2 3349
      1 3350
      1 3351
      3 3352
      6 3354
      5 3355
      1 3356
      6 3357
      4 3358
      3 3359
      1 3360
      4 3361
      2 3362
      1 3363
      1 3364
      2 3365
      2 3367
      2 3368
      1 3369
      2 3370
      2 3371
      1 3372
      1 3373
      2 3374
      1 3375
      2 3376
      3 3377
      1 3378
      6 3379
      3 3380
      4 3381
      2 3382
      2 3383
      1 3384
      2 3385
      2 3386
      1 3387
      3 3388
      1 3389
      2 3390
      2 3392
      4 3393
      2 3394
      1 3395
      4 3397
      1 3399
      7 3402
      1 3403
      2 3404
      3 3405
      1 3406
      4 3407
      2 3409
      2 3410
      1 3411
      1 3412
      4 3414
      1 3415
      1 3416
      1 3417
      3 3418
      6 3420
      5 3421
      5 3422
      1 3423
      3 3424
      4 3426
      2 3427
      2 3428
      1 3429
      2 3430
      1 3431
      2 3432
      4 3433
      1 3434
      4 3435
      2 3436
      2 3437
      2 3438
      1 3440
      1 3442
      2 3444
      3 3445
      1 3446
      3 3447
      2 3449
      1 3450
      3 3453
      3 3454
      5 3455
      2 3456
      2 3457
      1 3458
      2 3459
      2 3460
      3 3461
      5 3462
      1 3463
      1 3465
      1 3466
      2 3468
      2 3470
      1 3471
      3 3472
      1 3473
      2 3474
      3 3475
      1 3480
      3 3481
      1 3482
      2 3485
      1 3487
      2 3488
      2 3490
      2 3491
      2 3492
      2 3493
      1 3494
      2 3495
      6 3497
      1 3498
      1 3499
      1 3500
      2 3501
      1 3502
      2 3503
      2 3504
      3 3505
      1 3506
      1 3507
      1 3508
      1 3510
      2 3511
      1 3512
      1 3513
      1 3514
      1 3515
      2 3516
      2 3518
      2 3519
      4 3520
      2 3522
      2 3524
      3 3525
      2 3526
      1 3528
      1 3531
      1 3533
      2 3534
      3 3535
      1 3536
      3 3537
      1 3538
      3 3539
      1 3540
      2 3542
      2 3543
      4 3544
      1 3545
      2 3546
      2 3547
      2 3549
      1 3550
      2 3551
      1 3553
      2 3554
      2 3555
      1 3556
      2 3557
      2 3558
      3 3559
      1 3562
      5 3563
      1 3564
      4 3565
      3 3566
      1 3568
      1 3569
      2 3571
      1 3572
      1 3573
      1 3574
      1 3575
      1 3577
      4 3578
      4 3580
      1 3581
      1 3582
      1 3585
      1 3588
      1 3589
      1 3590
      2 3591
      1 3593
      1 3595
      2 3596
      2 3597
      2 3598
      1 3599
      2 3601
      1 3602
      2 3605
      1 3606
      2 3607
      1 3608
      1 3609
      3 3610
      2 3611
      2 3613
      1 3615
      1 3617
      1 3618
      1 3619
      2 3620
      1 3621
      2 3622
      2 3624
      2 3625
      1 3626
      1 3627
      2 3629
      1 3631
      2 3632
      1 3633
      1 3634
      1 3638
      1 3639
      1 3640
      4 3643
      1 3644
      2 3646
      3 3647
      3 3648
      1 3649
      2 3651
      1 3652
      2 3657
      3 3658
      2 3659
      1 3662
      1 3663
      2 3664
      1 3665
      2 3666
      3 3667
      2 3668
      2 3669
      1 3671
      4 3672
      1 3676
      2 3681
      1 3683
      2 3684
      1 3685
      1 3686
      3 3687
      3 3688
      1 3689
      1 3691
      2 3692
      1 3693
      3 3696
      1 3698
      3 3701
      1 3702
      1 3703
      2 3704
      1 3706
      2 3707
      1 3712
      1 3713
      3 3714
      2 3715
      1 3716
      2 3717
      1 3718
      1 3719
      1 3720
      2 3721
      1 3722
      1 3723
      1 3724
      1 3728
      1 3730
      2 3731
      2 3736
      1 3738
      1 3740
      1 3741
      1 3742
      3 3744
      1 3747
      2 3748
      2 3749
      2 3751
      1 3753
      1 3754
      1 3755
      1 3756
      1 3760
      2 3761
      1 3764
      1 3767
      1 3768
      2 3769
      5 3772
      1 3773
      2 3774
      1 3775
      2 3776
      1 3778
      1 3779
      1 3780
      1 3781
      1 3782
      1 3784
      1 3786
      1 3787
      1 3788
      1 3791
      1 3792
      1 3793
      1 3794
      1 3795
      2 3798
      1 3800
      1 3802
      2 3807
      1 3809
      1 3810
      1 3811
      1 3812
      1 3813
      1 3815
      1 3816
      1 3817
      1 3818
      1 3820
      1 3823
      2 3824
      1 3827
      1 3828
      2 3831
      1 3836
      1 3839
      3 3843
      1 3844
      2 3847
      1 3850
      1 3851
      1 3852
      3 3853
      1 3854
      1 3855
      1 3856
      1 3858
      1 3859
      1 3861
      3 3862
      1 3866
      1 3867
      3 3868
      1 3872
      1 3873
      2 3874
      1 3875
      2 3876
      1 3878
      1 3880
      1 3882
      3 3883
      1 3886
      1 3887
      1 3888
      2 3892
      1 3893
      1 3894
      1 3895
      1 3896
      1 3898
      1 3902
      1 3904
      1 3906
      3 3907
      1 3910
      3 3913
      1 3915
      1 3916
      1 3917
      2 3918
      1 3922
      2 3923
      1 3924
      1 3925
      2 3926
      1 3928
      1 3929
      1 3930
      2 3931
      2 3932
      2 3934
      1 3935
      1 3936
      1 3937
      2 3939
      2 3940
      1 3941
      1 3942
      1 3944
      2 3947
      1 3948
      1 3950
      1 3953
      1 3958
      1 3961
      1 3963
      1 3964
      1 3967
      1 3968
      1 3969
      1 3970
      1 3971
      2 3972
      1 3974
      1 3975
      3 3977
      1 3978
      3 3979
      2 3980
      1 3984
      1 3986
      1 3990
      1 3991
      1 3992
      1 3994
      1 3995
      2 3996
      1 3997
      2 4001
      1 4002
      1 4005
      2 4006
      1 4008
      1 4010
      2 4011
      1 4015
      1 4016
      1 4017
      2 4018
      2 4021
      3 4023
      1 4025
      1 4029
      1 4030
      1 4032
      1 4033
      3 4034
      2 4037
      1 4042
      1 4043
      1 4044
      3 4046
      1 4047
      1 4048
      2 4049
      1 4050
      1 4051
      1 4052
      1 4058
      2 4060
      1 4062
      1 4064
      1 4065
      2 4068
      1 4070
      2 4077
      2 4079
      1 4080
      2 4082
      1 4084
      2 4086
      1 4087
      2 4088
      1 4089
      1 4090
      1 4094
      2 4095
      2 4097
      1 4098
      2 4099
      1 4102
      3 4104
      1 4105
      2 4108
      1 4112
      2 4113
      1 4116
      1 4117
      1 4118
      1 4119
      2 4120
      1 4121
      2 4122
      1 4124
      1 4126
      1 4127
      1 4129
      1 4132
      3 4134
      1 4140
      2 4142
      1 4144
      1 4148
      1 4151
      1 4153
      1 4155
      1 4159
      2 4160
      1 4161
      1 4162
      3 4163
      1 4166
      1 4169
      2 4170
      1 4172
      1 4173
      1 4174
      1 4178
      3 4180
      2 4181
      2 4185
      1 4186
      1 4187
      1 4189
      1 4190
      1 4191
      1 4192
      2 4193
      1 4195
      1 4196
      1 4199
      1 4200
      4 4201
      2 4206
      1 4210
      1 4212
      1 4213
      2 4215
      1 4217
      1 4219
      1 4221
      1 4226
      1 4228
      1 4229
      3 4231
      1 4235
      1 4239
      1 4241
      1 4243
      1 4245
      1 4246
      1 4247
      1 4250
      1 4252
      2 4253
      1 4256
      1 4257
      1 4258
      3 4260
      3 4261
      1 4271
      2 4272
      1 4273
      1 4275
      2 4277
      1 4278
      1 4279
      2 4280
      1 4281
      1 4282
      1 4284
      1 4285
      3 4292
      1 4294
      2 4295
      1 4298
      3 4301
      1 4303
      1 4306
      2 4307
      1 4312
      1 4314
      2 4317
      2 4318
      1 4320
      1 4321
      1 4322
      1 4323
      1 4325
      1 4327
      1 4328
      2 4329
      1 4330
      1 4332
      1 4333
      1 4334
      1 4336
      1 4340
      1 4341
      2 4343
      1 4344
      1 4349
      1 4355
      2 4356
      1 4360
      2 4364
      2 4366
      1 4368
      1 4372
      2 4375
      2 4376
      1 4377
      1 4378
      1 4380
      2 4384
      2 4390
      1 4391
      1 4397
      2 4402
      1 4403
      1 4404
      1 4406
      1 4408
      1 4409
      1 4411
      1 4415
      1 4416
      1 4417
      1 4418
      1 4421
      1 4423
      1 4425
      1 4427
      1 4428
      1 4429
      2 4432
      2 4436
      1 4440
      1 4447
      1 4448
      1 4449
      1 4450
      1 4453
      1 4454
      2 4456
      1 4463
      1 4465
      1 4468
      1 4469
      1 4473
      1 4476
      1 4478
      1 4479
      1 4483
      1 4487
      2 4488
      2 4490
      2 4491
      1 4493
      1 4494
      1 4498
      1 4501
      1 4502
      1 4504
      1 4508
      1 4509
      1 4511
      1 4513
      1 4515
      1 4518
      1 4520
      1 4523
      1 4524
      2 4526
      1 4527
      1 4533
      1 4535
      1 4536
      1 4538
      2 4539
      2 4540
      1 4551
      2 4558
      1 4560
      1 4566
      2 4569
      1 4570
      1 4572
      2 4573
      1 4575
      1 4576
      1 4577
      1 4581
      1 4582
      1 4585
      2 4587
      2 4589
      1 4590
      1 4593
      2 4594
      1 4596
      1 4597
      2 4598
      1 4599
      3 4603
      1 4608
      1 4610
      1 4612
      1 4623
      1 4624
      1 4626
      1 4630
      1 4632
      1 4634
      1 4637
      2 4643
      1 4647
      1 4648
      1 4659
      1 4662
      2 4663
      1 4667
      1 4668
      1 4672
      1 4673
      1 4678
      3 4679
      1 4691
      1 4694
      2 4695
      3 4697
      1 4699
      1 4701
      1 4702
      2 4708
      1 4712
      1 4716
      2 4718
      2 4724
      1 4731
      1 4732
      1 4742
      2 4745
      1 4746
      1 4748
      2 4750
      1 4751
      1 4762
      1 4767
      1 4771
      1 4772
      1 4784
      1 4789
      1 4791
      1 4795
      1 4798
      1 4800
      1 4801
      1 4804
      1 4808
      1 4809
      1 4810
      1 4811
      1 4816
      1 4823
      1 4826
      1 4827
      1 4831
      1 4834
      1 4841
      1 4842
      1 4844
      2 4847
      1 4848
      2 4850
      1 4851
      1 4852
      1 4855
      1 4857
      1 4859
      1 4860
      1 4861
      1 4863
      1 4867
      1 4869
      1 4870
      1 4879
      1 4881
      1 4883
      1 4886
      1 4888
      1 4889
      1 4890
      1 4894
      1 4897
      2 4899
      1 4902
      1 4903
      2 4910
      1 4911
      1 4912
      1 4913
      1 4914
      1 4918
      1 4919
      1 4923
      2 4925
      3 4926
      1 4930
      1 4932
      1 4933
      1 4939
      1 4942
      1 4943
      2 4945
      1 4946
      1 4947
      1 4948
      1 4963
      1 4973
      2 4976
      1 4978
      1 4979
      2 4981
      1 4985
      1 4992
      1 5002
      1 5003
      1 5004
      1 5006
      1 5007
      1 5011
      2 5013
      2 5015
      2 5025
      1 5028
      1 5029
      1 5031
      2 5035
      1 5039
      2 5041
      1 5050
      1 5052
      1 5053
      1 5059
      1 5061
      1 5068
      1 5072
      1 5079
      1 5090
      1 5091
      1 5094
      1 5098
      1 5101
      1 5106
      1 5113
      1 5114
      1 5116
      1 5117
      1 5120
      1 5122
      2 5129
      1 5134
      1 5150
      1 5158
      1 5161
      1 5167
      2 5178
      1 5179
      1 5180
      1 5182
      1 5197
      1 5208
      1 5210
      1 5214
      2 5221
      2 5222
      1 5229
      1 5230
      2 5233
      2 5236
      1 5237
      1 5241
      1 5242
      1 5243
      1 5244
      1 5246
      1 5247
      1 5250
      1 5257
      1 5259
      1 5262
      1 5263
      1 5267
      1 5268
      1 5269
      1 5275
      1 5284
      2 5285
      1 5288
      1 5298
      1 5304
      1 5308
      1 5326
      1 5328
      1 5331
      1 5333
      1 5335
      1 5337
      1 5338
      1 5344
      1 5347
      1 5354
      1 5363
      1 5364
      1 5365
      1 5371
      1 5380
      1 5387
      1 5397
      1 5402
      1 5405
      1 5408
      1 5409
      1 5418
      1 5426
      1 5443
      1 5444
      1 5451
      1 5454
      1 5457
      2 5458
      1 5460
      1 5462
      1 5471
      1 5474
      1 5475
      1 5476
      2 5478
      1 5484
      1 5502
      1 5509
      1 5513
      1 5521
      1 5524
      1 5528
      1 5531
      1 5532
      1 5534
      1 5537
      1 5546
      1 5547
      1 5554
      1 5568
      1 5586
      1 5587
      1 5590
      1 5603
      2 5610
      1 5623
      1 5634
      1 5640
      1 5641
      1 5642
      1 5645
      1 5646
      1 5649
      1 5668
      1 5670
      1 5671
      1 5673
      1 5676
      1 5692
      1 5695
      1 5702
      1 5704
      1 5705
      1 5706
      1 5707
      1 5712
      1 5713
      1 5720
      1 5723
      1 5729
      1 5731
      1 5732
      1 5739
      1 5754
      1 5756
      1 5758
      1 5764
      1 5765
      1 5766
      1 5779
      1 5781
      1 5789
      1 5797
      1 5798
      1 5801
      1 5805
      1 5816
      2 5818
      1 5820
      1 5822
      1 5826
      1 5836
      1 5848
      2 5854
      1 5858
      1 5859
      1 5861
      1 5862
      1 5867
      1 5870
      1 5871
      2 5872
      1 5877
      1 5882
      1 5891
      1 5894
      1 5903
      3 5907
      1 5909
      1 5925
      1 5926
      1 5930
      1 5932
      1 5934
      1 5939
      1 5940
      1 5942
      1 5969
      1 5970
      1 5972
      1 5988
      1 5990
      1 5991
      1 6021
      1 6027
      1 6034
      1 6038
      1 6042
      1 6052
      1 6069
      1 6104
      1 6117
      1 6123
      1 6138
      1 6139
      1 6140
      1 6146
      1 6148
      1 6149
      1 6187
      1 6191
      1 6212
      1 6220
      1 6221
      2 6226
      1 6243
      1 6257
      1 6277
      1 6282
      1 6300
      1 6318
      1 6330
      1 6367
      1 6375
      1 6387
      1 6388
      2 6402
      1 6405
      1 6418
      1 6442
      1 6459
      1 6464
      1 6466
      1 6483
      1 6491
      1 6516
      1 6518
      1 6519
      1 6525
      1 6539
      1 6553
      1 6572
      1 6575
      1 6613
      1 6634
      1 6640
      1 6643
      1 6644
      1 6659
      1 6661
      1 6692
      1 6752
      1 6753
      1 6761
      1 6830
      1 6848
      1 6858
      1 6867
      1 6891
      1 6916
      1 6961
      1 7009
      1 7019
      1 7046
      1 7077
      1 7132
      1 7148
      1 7172
      1 7193
      1 7243
      1 7255
      1 7298
      1 7303
      1 7438
      1 7516
      1 7585
      1 7634
      1 7672
      1 7689
      1 7693
      1 7782
      1 7803
      1 7837
      1 7982
      1 8201
      1 8251
      1 8272
      1 8640
      1 8714
      1 9343
      1 9740
      1 9833
      1 10055
      1 10074
      1 10401
      1 10407
      1 10567
      1 10619
      1 10632
      1 10833
      1 10916
      1 11193
      1 11197
      1 11304
      1 11540
      1 11645
      1 11793
      1 12120
      1 12818
      1 12947
      1 12964
      1 13338
      1 13687
      1 13716
      1 14390
      1 15957
      1 19078
      1 26296
      1 27533
      1 32060
      1 37654
---AAD-PGBENCH-LAG-US---
