pgbench (18.6 (Debian 18.6-1.pgdg13+2))
starting vacuum...end.
transaction type: <builtin: select only>
scaling factor: 1000
query mode: simple
number of clients: 64
number of threads: 16
maximum number of tries: 1
duration: 60 s
number of transactions actually processed: 9694742
number of failed transactions: 0 (0.000%)
latency average = 0.395 ms
initial connection time = 152.471 ms
tps = 161976.594085 (without initial connection time)
---AAD-PGBENCH-LATENCY-US---
rc=0
samples=195089
      1 221
      1 226
      3 228
      3 230
      3 231
      2 232
      2 233
      1 234
      4 235
     14 236
      6 237
      8 238
      8 239
      6 240
     13 241
     16 242
     20 243
     14 244
     26 245
     25 246
     19 247
     26 248
     26 249
     36 250
     40 251
     46 252
     53 253
     41 254
     51 255
     73 256
     82 257
     83 258
    107 259
    102 260
    103 261
    118 262
    176 263
    151 264
    182 265
    210 266
    235 267
    240 268
    265 269
    287 270
    307 271
    344 272
    369 273
    351 274
    414 275
    383 276
    425 277
    426 278
    404 279
    440 280
    431 281
    432 282
    415 283
    418 284
    418 285
    402 286
    408 287
    440 288
    367 289
    447 290
    379 291
    399 292
    398 293
    417 294
    400 295
    385 296
    405 297
    412 298
    414 299
    409 300
    393 301
    446 302
    437 303
    420 304
    456 305
    447 306
    454 307
    462 308
    468 309
    452 310
    493 311
    491 312
    482 313
    515 314
    533 315
    521 316
    591 317
    536 318
    594 319
    599 320
    617 321
    638 322
    648 323
    691 324
    740 325
    784 326
    836 327
    867 328
    927 329
    938 330
   1069 331
   1115 332
   1219 333
   1263 334
   1405 335
   1463 336
   1564 337
   1654 338
   1673 339
   1784 340
   1792 341
   1848 342
   2013 343
   2042 344
   2041 345
   2124 346
   1969 347
   1796 348
   1830 349
   1755 350
   1606 351
   1633 352
   1466 353
   1424 354
   1368 355
   1332 356
   1308 357
   1232 358
   1139 359
   1110 360
   1093 361
   1019 362
   1050 363
    924 364
    948 365
    876 366
    874 367
    857 368
    876 369
    822 370
    815 371
    805 372
    780 373
    799 374
    775 375
    719 376
    768 377
    728 378
    706 379
    714 380
    687 381
    701 382
    678 383
    754 384
    662 385
    723 386
    750 387
    684 388
    709 389
    691 390
    694 391
    769 392
    733 393
    745 394
    808 395
    807 396
    812 397
    900 398
    876 399
    975 400
    972 401
    979 402
   1020 403
   1076 404
   1129 405
   1130 406
   1251 407
   1165 408
   1252 409
   1260 410
   1300 411
   1263 412
   1298 413
   1361 414
   1291 415
   1293 416
   1272 417
   1148 418
   1175 419
   1016 420
   1039 421
   1031 422
    991 423
    926 424
    860 425
    850 426
    774 427
    762 428
    734 429
    712 430
    698 431
    678 432
    617 433
    641 434
    627 435
    612 436
    586 437
    583 438
    544 439
    536 440
    538 441
    550 442
    536 443
    522 444
    484 445
    476 446
    499 447
    454 448
    488 449
    441 450
    489 451
    448 452
    426 453
    463 454
    454 455
    444 456
    456 457
    419 458
    466 459
    424 460
    447 461
    413 462
    467 463
    452 464
    437 465
    491 466
    510 467
    476 468
    503 469
    508 470
    499 471
    569 472
    555 473
    550 474
    581 475
    592 476
    622 477
    569 478
    574 479
    575 480
    605 481
    575 482
    599 483
    580 484
    568 485
    542 486
    543 487
    468 488
    440 489
    453 490
    448 491
    448 492
    423 493
    401 494
    325 495
    343 496
    344 497
    317 498
    301 499
    322 500
    255 501
    293 502
    284 503
    244 504
    252 505
    255 506
    252 507
    224 508
    216 509
    225 510
    218 511
    226 512
    217 513
    210 514
    173 515
    192 516
    183 517
    169 518
    177 519
    180 520
    175 521
    162 522
    161 523
    178 524
    170 525
    144 526
    158 527
    169 528
    136 529
    170 530
    147 531
    150 532
    138 533
    150 534
    164 535
    137 536
    169 537
    179 538
    181 539
    145 540
    168 541
    153 542
    166 543
    166 544
    155 545
    154 546
    166 547
    152 548
    152 549
    178 550
    157 551
    137 552
    164 553
    146 554
    136 555
    143 556
    124 557
    144 558
    124 559
    132 560
    121 561
    117 562
    104 563
    104 564
    110 565
    112 566
     97 567
     83 568
     78 569
     74 570
     86 571
     84 572
     77 573
     90 574
     60 575
     66 576
     66 577
     65 578
     71 579
     64 580
     46 581
     59 582
     44 583
     60 584
     65 585
     56 586
     52 587
     40 588
     48 589
     41 590
     55 591
     48 592
     45 593
     47 594
     50 595
     46 596
     45 597
     44 598
     35 599
     39 600
     34 601
     42 602
     41 603
     37 604
     35 605
     43 606
     47 607
     28 608
     40 609
     54 610
     45 611
     37 612
     43 613
     39 614
     38 615
     33 616
     37 617
     37 618
     46 619
     37 620
     35 621
     41 622
     36 623
     41 624
     39 625
     35 626
     24 627
     28 628
     28 629
     33 630
     35 631
     30 632
     25 633
     23 634
     30 635
     19 636
     14 637
     18 638
     25 639
     26 640
     21 641
     19 642
     25 643
     27 644
     20 645
     15 646
     18 647
     15 648
     18 649
     23 650
     19 651
     16 652
     16 653
     15 654
     25 655
     21 656
     12 657
     16 658
     18 659
      7 660
     13 661
     13 662
     15 663
     18 664
     21 665
     14 666
     13 667
     19 668
      8 669
      7 670
     10 671
     14 672
     12 673
     12 674
      9 675
     13 676
     10 677
     20 678
     10 679
      9 680
     14 681
     13 682
     17 683
      8 684
     18 685
     17 686
     11 687
     15 688
     17 689
     17 690
      8 691
      7 692
      9 693
     15 694
     13 695
     15 696
     12 697
     10 698
      9 699
     11 700
      4 701
      7 702
      9 703
      8 704
     11 705
     10 706
      9 707
      7 708
     10 709
      4 710
      8 711
      3 712
      6 713
      5 714
      8 715
      3 716
      8 717
      4 718
      3 719
      4 720
      6 721
      4 722
     11 723
      4 724
      5 725
      4 726
      7 727
      4 728
      5 729
      5 730
      4 731
      4 732
      5 733
      4 734
      2 735
      1 737
      5 738
      3 739
      7 741
      4 742
      4 743
      4 744
      2 745
      6 746
      1 747
      5 748
      2 749
      4 750
      5 751
      1 752
      4 753
      3 754
      6 755
      1 756
      5 757
      2 758
      5 759
      3 760
      4 761
      4 762
      1 763
      2 764
      2 765
      4 766
      3 767
      2 768
      3 769
      3 770
      4 771
      5 772
      4 773
      1 774
      3 775
      2 777
      1 778
      2 781
      2 782
      2 783
      2 784
      2 785
      5 786
      1 787
      2 788
      3 789
      1 791
      1 792
      1 796
      3 797
      4 798
      1 799
      4 800
      2 801
      2 802
      2 803
      1 804
      3 807
      2 808
      1 809
      1 811
      1 812
      1 813
      2 814
      2 815
      1 816
      2 819
      1 820
      2 821
      1 822
      4 823
      1 825
      2 826
      1 827
      1 828
      1 829
      2 832
      4 834
      2 835
      1 836
      2 837
      1 839
      2 840
      1 841
      1 842
      1 843
      1 844
      3 845
      1 846
      1 847
      3 848
      2 849
      1 853
      1 854
      1 857
      2 858
      2 859
      1 862
      3 867
      2 869
      2 871
      1 873
      2 879
      1 886
      1 887
      1 888
      2 890
      2 891
      3 893
      1 894
      1 895
      1 896
      1 898
      1 903
      1 905
      1 907
      1 909
      1 912
      1 913
      3 914
      1 915
      1 917
      1 919
      1 932
      1 939
      1 947
      1 952
      1 955
      1 965
      2 968
      1 979
      1 980
      1 986
      1 994
      1 1001
      1 1018
      1 1027
      1 1031
      1 1041
      1 1042
      1 1046
      1 1072
      1 1144
      1 1163
      1 1235
      1 1292
      1 1309
      1 1338
      1 1426
      1 1468
      1 1533
      1 1681
      1 1799
      1 1876
      1 1906
      1 1959
      1 2173
      1 2298
      1 2553
      1 2609
      1 5626
---AAD-PGBENCH-LAG-US---
