pgbench (18.6 (Debian 18.6-1.pgdg13+2))
starting vacuum...end.
transaction type: <builtin: select only>
scaling factor: 1000
query mode: simple
number of clients: 128
number of threads: 16
maximum number of tries: 1
duration: 60 s
number of transactions actually processed: 10012072
number of failed transactions: 0 (0.000%)
latency average = 0.764 ms
initial connection time = 251.906 ms
tps = 167518.301142 (without initial connection time)
---AAD-PGBENCH-LATENCY-US---
rc=0
samples=200232
      1 237
      1 238
      3 241
      2 247
      1 248
      3 249
      1 250
      1 252
      2 253
      4 254
      4 255
      4 256
      2 257
      4 258
      7 259
      8 260
     10 261
      7 262
     12 263
     18 264
     11 265
     12 266
     14 267
     12 268
     12 269
     20 270
     19 271
     18 272
     30 273
     29 274
     31 275
     30 276
     19 277
     29 278
     34 279
     22 280
     27 281
     20 282
     32 283
     24 284
     21 285
     25 286
     24 287
     24 288
     39 289
     38 290
     27 291
     26 292
     31 293
     18 294
     34 295
     32 296
     24 297
     31 298
     30 299
     27 300
     35 301
     27 302
     32 303
     35 304
     26 305
     29 306
     28 307
     30 308
     38 309
     32 310
     37 311
     31 312
     37 313
     46 314
     43 315
     37 316
     51 317
     38 318
     39 319
     55 320
     48 321
     61 322
     67 323
     54 324
     80 325
     59 326
     73 327
     79 328
     75 329
     81 330
     91 331
    105 332
     95 333
    127 334
    127 335
    136 336
    107 337
    148 338
    141 339
    128 340
    159 341
    138 342
    177 343
    169 344
    201 345
    163 346
    177 347
    157 348
    161 349
    154 350
    201 351
    165 352
    166 353
    124 354
    155 355
    151 356
    124 357
    109 358
    147 359
    130 360
    123 361
    109 362
    115 363
    115 364
     98 365
    105 366
    110 367
    109 368
     94 369
     96 370
    108 371
     97 372
     92 373
    110 374
     94 375
    113 376
    100 377
    107 378
    109 379
     90 380
    108 381
    114 382
    125 383
    108 384
    118 385
    102 386
    102 387
    111 388
    144 389
    122 390
    117 391
    160 392
    145 393
    146 394
    161 395
    150 396
    152 397
    173 398
    201 399
    211 400
    238 401
    231 402
    212 403
    238 404
    249 405
    277 406
    277 407
    292 408
    336 409
    336 410
    323 411
    354 412
    371 413
    359 414
    392 415
    358 416
    363 417
    364 418
    307 419
    365 420
    332 421
    356 422
    310 423
    295 424
    311 425
    329 426
    298 427
    277 428
    258 429
    243 430
    280 431
    286 432
    260 433
    217 434
    232 435
    219 436
    250 437
    215 438
    211 439
    226 440
    226 441
    203 442
    225 443
    219 444
    235 445
    214 446
    240 447
    241 448
    227 449
    241 450
    231 451
    250 452
    236 453
    217 454
    248 455
    236 456
    272 457
    262 458
    245 459
    253 460
    276 461
    287 462
    288 463
    294 464
    305 465
    315 466
    309 467
    338 468
    362 469
    355 470
    358 471
    381 472
    424 473
    419 474
    460 475
    450 476
    517 477
    516 478
    475 479
    530 480
    541 481
    512 482
    558 483
    548 484
    510 485
    507 486
    501 487
    502 488
    518 489
    491 490
    477 491
    438 492
    444 493
    419 494
    434 495
    396 496
    389 497
    402 498
    344 499
    372 500
    364 501
    335 502
    357 503
    343 504
    310 505
    315 506
    345 507
    362 508
    281 509
    271 510
    264 511
    284 512
    297 513
    248 514
    249 515
    278 516
    255 517
    268 518
    261 519
    277 520
    281 521
    263 522
    278 523
    268 524
    251 525
    269 526
    247 527
    274 528
    250 529
    300 530
    293 531
    270 532
    288 533
    298 534
    316 535
    312 536
    303 537
    314 538
    346 539
    346 540
    363 541
    365 542
    395 543
    369 544
    367 545
    395 546
    400 547
    398 548
    380 549
    396 550
    407 551
    431 552
    449 553
    420 554
    414 555
    410 556
    394 557
    390 558
    338 559
    393 560
    354 561
    377 562
    349 563
    311 564
    351 565
    316 566
    301 567
    319 568
    279 569
    263 570
    308 571
    307 572
    285 573
    261 574
    282 575
    280 576
    258 577
    212 578
    259 579
    246 580
    247 581
    245 582
    238 583
    265 584
    240 585
    237 586
    221 587
    222 588
    250 589
    251 590
    246 591
    232 592
    228 593
    249 594
    238 595
    235 596
    259 597
    252 598
    226 599
    262 600
    250 601
    270 602
    236 603
    308 604
    271 605
    291 606
    269 607
    286 608
    288 609
    312 610
    304 611
    319 612
    327 613
    328 614
    355 615
    392 616
    362 617
    404 618
    347 619
    370 620
    365 621
    371 622
    406 623
    358 624
    375 625
    353 626
    349 627
    362 628
    342 629
    356 630
    325 631
    382 632
    356 633
    298 634
    311 635
    308 636
    292 637
    300 638
    297 639
    308 640
    267 641
    253 642
    263 643
    275 644
    225 645
    267 646
    232 647
    246 648
    262 649
    239 650
    243 651
    214 652
    254 653
    261 654
    228 655
    238 656
    221 657
    247 658
    226 659
    246 660
    216 661
    232 662
    244 663
    221 664
    262 665
    225 666
    266 667
    225 668
    248 669
    227 670
    235 671
    280 672
    242 673
    256 674
    256 675
    236 676
    235 677
    263 678
    272 679
    309 680
    298 681
    279 682
    298 683
    301 684
    316 685
    301 686
    322 687
    319 688
    279 689
    312 690
    342 691
    337 692
    331 693
    328 694
    305 695
    340 696
    265 697
    302 698
    291 699
    278 700
    272 701
    289 702
    264 703
    250 704
    260 705
    252 706
    255 707
    216 708
    261 709
    228 710
    235 711
    226 712
    215 713
    217 714
    214 715
    200 716
    235 717
    211 718
    187 719
    234 720
    188 721
    202 722
    186 723
    216 724
    209 725
    209 726
    198 727
    175 728
    201 729
    222 730
    201 731
    195 732
    188 733
    195 734
    197 735
    238 736
    207 737
    207 738
    191 739
    193 740
    200 741
    188 742
    201 743
    216 744
    194 745
    183 746
    227 747
    226 748
    194 749
    228 750
    219 751
    210 752
    252 753
    237 754
    230 755
    239 756
    204 757
    253 758
    239 759
    250 760
    247 761
    265 762
    262 763
    225 764
    233 765
    213 766
    236 767
    237 768
    226 769
    203 770
    211 771
    212 772
    193 773
    198 774
    180 775
    202 776
    186 777
    189 778
    193 779
    179 780
    192 781
    172 782
    192 783
    185 784
    163 785
    172 786
    179 787
    158 788
    157 789
    153 790
    150 791
    156 792
    161 793
    150 794
    151 795
    160 796
    131 797
    152 798
    152 799
    129 800
    148 801
    158 802
    165 803
    142 804
    153 805
    156 806
    169 807
    134 808
    150 809
    163 810
    139 811
    169 812
    148 813
    174 814
    147 815
    186 816
    168 817
    198 818
    217 819
    197 820
    191 821
    161 822
    194 823
    181 824
    201 825
    183 826
    178 827
    205 828
    203 829
    181 830
    177 831
    231 832
    194 833
    218 834
    184 835
    189 836
    163 837
    149 838
    196 839
    161 840
    174 841
    182 842
    174 843
    172 844
    151 845
    149 846
    120 847
    153 848
    150 849
    140 850
    161 851
    155 852
    152 853
    137 854
    133 855
    130 856
    142 857
    171 858
    143 859
    138 860
    152 861
    153 862
    136 863
    126 864
    133 865
    142 866
    129 867
    131 868
    147 869
    140 870
    126 871
    115 872
    137 873
    141 874
    130 875
    116 876
    147 877
    138 878
    134 879
    124 880
    135 881
    142 882
    156 883
    157 884
    153 885
    128 886
    158 887
    139 888
    142 889
    151 890
    171 891
    178 892
    164 893
    157 894
    171 895
    178 896
    181 897
    188 898
    185 899
    194 900
    172 901
    169 902
    186 903
    181 904
    139 905
    180 906
    149 907
    166 908
    148 909
    174 910
    139 911
    165 912
    141 913
    154 914
    154 915
    143 916
    127 917
    157 918
    141 919
    154 920
    174 921
    143 922
    148 923
    150 924
    142 925
    143 926
    141 927
    138 928
    135 929
    144 930
    132 931
    131 932
    136 933
    124 934
    132 935
    133 936
    127 937
    147 938
    120 939
    120 940
    145 941
    113 942
    117 943
    131 944
    139 945
    137 946
    133 947
    152 948
    128 949
    136 950
    156 951
    141 952
    164 953
    169 954
    146 955
    166 956
    124 957
    173 958
    181 959
    173 960
    168 961
    185 962
    179 963
    195 964
    178 965
    187 966
    200 967
    188 968
    178 969
    198 970
    191 971
    183 972
    162 973
    175 974
    207 975
    158 976
    171 977
    170 978
    164 979
    156 980
    151 981
    155 982
    158 983
    164 984
    160 985
    117 986
    173 987
    174 988
    144 989
    138 990
    148 991
    126 992
    156 993
    148 994
    134 995
    142 996
    156 997
    148 998
    150 999
    140 1000
    134 1001
    150 1002
    155 1003
    130 1004
    148 1005
    126 1006
    129 1007
    152 1008
    131 1009
    147 1010
    126 1011
    145 1012
    143 1013
    140 1014
    136 1015
    145 1016
    151 1017
    141 1018
    137 1019
    132 1020
    144 1021
    133 1022
    152 1023
    140 1024
    185 1025
    153 1026
    151 1027
    146 1028
    171 1029
    158 1030
    177 1031
    159 1032
    161 1033
    156 1034
    167 1035
    177 1036
    175 1037
    164 1038
    167 1039
    173 1040
    166 1041
    163 1042
    171 1043
    169 1044
    166 1045
    145 1046
    169 1047
    152 1048
    153 1049
    166 1050
    144 1051
    143 1052
    134 1053
    165 1054
    149 1055
    139 1056
    143 1057
    140 1058
    114 1059
    145 1060
    112 1061
    129 1062
    141 1063
    153 1064
    134 1065
    106 1066
    121 1067
    121 1068
    132 1069
    113 1070
    116 1071
    117 1072
    117 1073
    106 1074
    107 1075
    109 1076
    121 1077
    110 1078
    133 1079
    114 1080
    109 1081
    123 1082
    111 1083
    137 1084
    124 1085
    137 1086
    121 1087
    125 1088
    141 1089
    123 1090
    121 1091
    113 1092
    144 1093
    137 1094
    130 1095
    151 1096
    150 1097
    141 1098
    148 1099
    120 1100
    135 1101
    139 1102
    139 1103
    149 1104
    159 1105
    133 1106
    149 1107
    130 1108
    133 1109
    137 1110
    149 1111
    139 1112
    136 1113
    145 1114
    134 1115
    118 1116
    139 1117
    121 1118
    111 1119
    117 1120
    118 1121
    117 1122
    119 1123
    123 1124
     91 1125
    103 1126
    115 1127
    125 1128
    128 1129
    119 1130
    101 1131
    112 1132
     84 1133
    100 1134
     95 1135
     97 1136
    111 1137
     78 1138
    110 1139
    101 1140
    105 1141
    109 1142
    126 1143
    102 1144
     88 1145
     89 1146
     94 1147
     98 1148
     95 1149
     71 1150
    105 1151
     88 1152
     88 1153
    111 1154
     94 1155
     99 1156
     87 1157
    106 1158
     94 1159
     94 1160
    109 1161
    120 1162
     92 1163
    105 1164
     89 1165
     82 1166
     93 1167
    105 1168
    113 1169
    125 1170
     88 1171
    109 1172
     89 1173
    105 1174
    109 1175
    108 1176
    105 1177
    104 1178
     85 1179
     93 1180
    100 1181
     99 1182
     90 1183
    101 1184
    101 1185
     93 1186
    108 1187
     90 1188
     94 1189
     87 1190
     79 1191
     87 1192
    104 1193
     85 1194
     86 1195
     74 1196
     88 1197
    110 1198
     86 1199
     77 1200
     75 1201
     82 1202
     67 1203
     93 1204
     84 1205
     93 1206
     82 1207
     75 1208
     81 1209
     93 1210
     79 1211
     72 1212
     96 1213
     79 1214
     81 1215
     71 1216
     72 1217
     69 1218
     74 1219
     76 1220
     78 1221
     68 1222
     85 1223
     93 1224
     69 1225
     74 1226
     63 1227
     77 1228
     84 1229
     71 1230
     72 1231
     65 1232
     66 1233
     85 1234
     93 1235
     75 1236
     73 1237
     67 1238
     79 1239
     88 1240
     75 1241
     66 1242
     75 1243
     80 1244
     83 1245
     88 1246
     69 1247
     77 1248
     66 1249
     71 1250
     79 1251
     74 1252
     89 1253
     63 1254
     74 1255
     69 1256
     67 1257
     77 1258
     71 1259
     77 1260
     68 1261
     71 1262
     50 1263
     61 1264
     69 1265
     48 1266
     73 1267
     60 1268
     62 1269
     82 1270
     51 1271
     70 1272
     56 1273
     60 1274
     48 1275
     57 1276
     57 1277
     59 1278
     46 1279
     66 1280
     69 1281
     62 1282
     59 1283
     50 1284
     67 1285
     53 1286
     58 1287
     58 1288
     52 1289
     54 1290
     57 1291
     64 1292
     59 1293
     43 1294
     57 1295
     65 1296
     61 1297
     45 1298
     53 1299
     52 1300
     49 1301
     65 1302
     42 1303
     66 1304
     49 1305
     68 1306
     68 1307
     56 1308
     52 1309
     65 1310
     57 1311
     79 1312
     60 1313
     63 1314
     70 1315
     67 1316
     71 1317
     66 1318
     69 1319
     50 1320
     52 1321
     57 1322
     55 1323
     51 1324
     52 1325
     51 1326
     53 1327
     53 1328
     61 1329
     37 1330
     52 1331
     58 1332
     49 1333
     55 1334
     51 1335
     36 1336
     42 1337
     51 1338
     39 1339
     49 1340
     48 1341
     57 1342
     57 1343
     44 1344
     35 1345
     42 1346
     40 1347
     48 1348
     39 1349
     48 1350
     44 1351
     49 1352
     34 1353
     48 1354
     40 1355
     42 1356
     52 1357
     43 1358
     44 1359
     35 1360
     41 1361
     36 1362
     42 1363
     28 1364
     39 1365
     42 1366
     42 1367
     33 1368
     44 1369
     40 1370
     47 1371
     40 1372
     31 1373
     37 1374
     46 1375
     30 1376
     44 1377
     42 1378
     45 1379
     32 1380
     48 1381
     45 1382
     41 1383
     36 1384
     40 1385
     46 1386
     55 1387
     42 1388
     38 1389
     44 1390
     29 1391
     43 1392
     33 1393
     47 1394
     39 1395
     39 1396
     34 1397
     29 1398
     44 1399
     40 1400
     37 1401
     33 1402
     26 1403
     41 1404
     25 1405
     29 1406
     32 1407
     32 1408
     28 1409
     31 1410
     35 1411
     39 1412
     38 1413
     31 1414
     34 1415
     26 1416
     34 1417
     31 1418
     26 1419
     28 1420
     34 1421
     27 1422
     27 1423
     32 1424
     33 1425
     29 1426
     30 1427
     33 1428
     30 1429
     26 1430
     29 1431
     49 1432
     26 1433
     31 1434
     28 1435
     35 1436
     40 1437
     20 1438
     31 1439
     36 1440
     33 1441
     37 1442
     36 1443
     23 1444
     30 1445
     37 1446
     33 1447
     37 1448
     33 1449
     26 1450
     35 1451
     33 1452
     36 1453
     30 1454
     32 1455
     30 1456
     23 1457
     27 1458
     31 1459
     28 1460
     26 1461
     40 1462
     22 1463
     31 1464
     24 1465
     24 1466
     30 1467
     37 1468
     24 1469
     26 1470
     31 1471
     30 1472
     24 1473
     32 1474
     24 1475
     24 1476
     20 1477
     26 1478
     29 1479
     22 1480
     32 1481
     28 1482
     19 1483
     22 1484
     20 1485
     27 1486
     24 1487
     18 1488
     26 1489
     22 1490
     26 1491
     18 1492
     32 1493
     18 1494
     27 1495
     18 1496
     22 1497
     23 1498
     29 1499
     18 1500
     22 1501
     21 1502
     25 1503
     26 1504
     22 1505
     19 1506
     23 1507
     18 1508
     16 1509
     17 1510
     28 1511
     15 1512
     21 1513
     26 1514
     18 1515
     16 1516
     37 1517
     24 1518
     18 1519
     23 1520
     12 1521
     16 1522
     27 1523
     26 1524
     13 1525
     17 1526
     25 1527
     20 1528
     22 1529
     17 1530
     17 1531
     20 1532
     21 1533
     13 1534
     25 1535
     20 1536
     17 1537
     19 1538
     14 1539
     26 1540
     20 1541
     20 1542
     18 1543
     15 1544
     18 1545
     18 1546
     16 1547
     18 1548
     19 1549
     15 1550
     11 1551
     14 1552
     20 1553
     26 1554
     10 1555
     15 1556
     17 1557
     14 1558
      8 1559
     16 1560
     13 1561
     14 1562
     15 1563
     18 1564
     20 1565
     13 1566
     13 1567
     19 1568
     13 1569
     18 1570
     13 1571
      9 1572
     25 1573
     12 1574
     13 1575
     11 1576
     12 1577
     18 1578
     16 1579
     23 1580
     12 1581
     19 1582
     21 1583
     14 1584
     18 1585
     13 1586
     15 1587
     20 1588
     11 1589
     14 1590
     12 1591
     13 1592
     18 1593
     26 1594
     19 1595
     16 1596
     15 1597
     19 1598
     17 1599
     14 1600
     14 1601
     17 1602
     18 1603
     17 1604
     22 1605
      7 1606
     13 1607
     13 1608
     15 1609
     13 1610
     11 1611
     12 1612
     14 1613
     10 1614
     21 1615
     20 1616
     21 1617
     11 1618
      9 1619
      7 1620
     11 1621
      9 1622
     11 1623
     10 1624
      7 1625
     16 1626
     11 1627
     11 1628
      9 1629
      8 1630
     12 1631
     13 1632
      7 1633
     14 1634
     11 1635
      6 1636
      8 1637
      9 1638
     11 1639
      9 1640
      6 1641
     11 1642
     10 1643
     11 1644
     10 1645
     10 1646
     10 1647
     10 1648
     13 1649
      6 1650
     17 1651
      6 1652
     19 1653
      7 1654
     10 1655
     13 1656
      7 1657
     12 1658
      9 1659
     14 1660
     11 1661
     14 1662
     11 1663
     10 1664
      5 1665
      8 1666
     10 1667
     12 1668
      9 1669
     12 1670
     11 1671
     13 1672
     12 1673
     13 1674
      7 1675
      9 1676
      7 1677
      8 1678
      5 1679
     13 1680
      9 1681
     16 1682
      8 1683
     13 1684
      8 1685
      7 1686
      8 1687
      8 1688
      8 1689
      8 1690
      6 1691
     10 1692
     11 1693
      8 1694
      7 1695
      8 1696
     10 1697
      2 1698
      7 1699
      4 1700
      7 1701
     11 1702
      5 1703
      4 1704
      7 1705
      4 1706
      9 1707
      7 1708
      8 1709
      4 1710
      9 1711
      4 1712
     10 1713
      7 1714
      3 1715
     10 1716
      4 1717
      5 1718
      7 1719
      6 1720
      2 1721
      4 1722
      8 1723
     11 1724
      8 1725
      8 1726
      5 1727
      4 1728
      6 1729
      9 1730
      7 1731
     11 1732
      3 1733
      4 1734
      4 1735
      6 1736
      6 1737
      4 1738
      6 1739
     12 1740
      6 1741
      8 1742
      5 1743
      2 1744
      9 1745
      1 1746
      5 1747
      7 1748
      1 1749
      4 1750
      3 1751
      2 1752
      5 1753
      7 1754
      7 1755
      1 1756
      5 1757
      4 1758
      6 1759
      5 1760
      4 1761
      3 1762
      3 1763
      4 1764
      9 1765
      5 1766
      3 1767
      3 1768
      3 1769
      6 1770
      8 1771
      5 1772
      5 1773
      3 1774
      4 1775
      4 1776
      9 1777
      3 1778
      4 1779
      7 1780
      5 1781
      7 1782
      2 1783
      4 1784
      5 1785
      6 1786
      2 1787
      7 1788
     12 1789
      5 1790
      4 1791
      5 1792
      6 1793
      4 1794
      3 1796
      7 1797
      2 1798
      9 1799
      9 1800
      3 1801
      7 1802
      2 1803
      1 1804
      8 1805
      5 1806
      6 1807
      2 1808
      9 1809
      4 1810
      3 1811
      3 1812
      1 1813
      7 1814
      4 1815
      1 1816
      7 1817
      1 1818
      6 1819
      2 1820
      2 1821
      4 1822
      3 1823
      3 1824
      4 1825
      3 1826
      4 1827
      4 1828
      1 1829
      2 1830
      2 1831
      4 1832
      1 1833
      3 1834
      2 1835
      3 1836
      1 1837
      5 1838
      2 1839
      5 1840
      5 1841
      5 1842
      5 1843
      1 1844
      6 1845
      2 1846
      2 1847
      3 1848
      2 1849
      3 1850
      3 1851
      4 1852
      3 1853
      2 1854
      7 1855
      2 1856
      3 1857
      2 1858
      1 1859
      3 1860
      4 1861
      2 1862
      6 1864
      6 1865
      2 1866
      2 1867
      4 1868
      1 1869
      2 1870
      5 1871
      4 1872
      2 1873
      2 1874
      2 1875
      3 1876
      2 1877
      3 1878
      5 1879
      4 1880
      2 1881
      1 1882
      2 1883
      5 1884
      5 1885
      1 1887
      4 1888
      6 1889
      1 1890
      3 1891
      6 1892
      5 1893
      2 1894
      5 1895
      2 1896
      3 1897
      2 1898
      1 1899
      5 1900
      2 1901
      3 1903
      2 1904
      4 1905
      3 1906
      1 1907
      3 1908
      4 1909
      1 1911
      5 1912
      2 1913
      1 1914
      3 1915
      6 1916
      1 1917
      2 1919
      1 1920
      2 1921
      4 1922
      1 1923
      3 1924
      2 1925
      1 1926
      2 1927
      1 1929
      1 1931
      2 1932
      2 1933
      2 1935
      1 1937
      3 1938
      3 1940
      3 1941
      2 1942
      2 1943
      1 1944
      3 1945
      2 1946
      1 1947
      3 1948
      1 1949
      2 1950
      4 1951
      2 1952
      2 1953
      1 1954
      1 1956
      2 1957
      1 1958
      4 1960
      2 1961
      4 1962
      1 1963
      1 1964
      3 1965
      1 1967
      2 1968
      2 1970
      3 1971
      2 1972
      1 1973
      3 1974
      2 1975
      1 1976
      1 1977
      2 1979
      1 1981
      1 1982
      3 1983
      1 1984
      1 1985
      7 1986
      3 1988
      1 1989
      2 1990
      1 1991
      1 1992
      2 1993
      3 1994
      1 1995
      2 1996
      1 1997
      3 1998
      2 1999
      3 2000
      1 2001
      4 2002
      2 2003
      3 2004
      3 2005
      1 2007
      1 2008
      2 2009
      3 2010
      3 2011
      3 2012
      2 2015
      1 2016
      1 2017
      1 2020
      5 2021
      1 2022
      2 2023
      1 2024
      2 2025
      3 2026
      2 2027
      2 2028
      1 2029
      2 2030
      2 2031
      1 2032
      2 2033
      2 2034
      1 2035
      3 2036
      2 2037
      1 2038
      3 2039
      2 2040
      2 2041
      1 2042
      1 2043
      5 2045
      2 2046
      1 2047
      1 2048
      2 2050
      1 2051
      1 2053
      1 2056
      1 2058
      2 2060
      3 2061
      2 2062
      4 2063
      1 2064
      1 2065
      4 2067
      1 2068
      1 2069
      1 2071
      1 2072
      4 2073
      4 2074
      2 2075
      1 2076
      2 2077
      2 2078
      1 2079
      3 2081
      1 2082
      1 2083
      2 2085
      2 2086
      1 2087
      1 2088
      1 2089
      3 2090
      1 2092
      1 2093
      2 2095
      2 2096
      1 2097
      1 2099
      4 2100
      1 2101
      3 2102
      1 2103
      1 2104
      2 2105
      1 2106
      3 2107
      2 2108
      1 2110
      3 2111
      1 2112
      1 2116
      2 2117
      3 2119
      1 2121
      2 2122
      3 2123
      1 2125
      1 2126
      1 2127
      1 2129
      2 2131
      1 2132
      2 2134
      3 2137
      1 2138
      2 2139
      3 2143
      2 2144
      4 2147
      1 2149
      1 2150
      4 2151
      3 2152
      1 2154
      1 2155
      1 2158
      1 2160
      3 2161
      1 2163
      2 2167
      1 2169
      1 2170
      1 2171
      2 2172
      1 2173
      1 2174
      3 2183
      2 2184
      2 2185
      1 2188
      1 2189
      4 2191
      1 2194
      1 2195
      1 2196
      1 2199
      1 2200
      2 2202
      1 2206
      1 2209
      2 2211
      1 2212
      1 2213
      1 2214
      1 2215
      1 2218
      2 2219
      2 2220
      2 2221
      1 2225
      1 2226
      1 2228
      2 2229
      1 2230
      1 2231
      1 2233
      1 2234
      2 2236
      2 2237
      1 2238
      1 2239
      1 2240
      2 2241
      1 2244
      1 2245
      1 2247
      2 2250
      1 2253
      2 2255
      1 2256
      1 2257
      1 2262
      2 2263
      1 2265
      2 2271
      1 2272
      1 2274
      2 2283
      2 2285
      1 2289
      1 2293
      1 2294
      1 2295
      1 2299
      2 2302
      2 2305
      2 2306
      1 2308
      1 2309
      1 2310
      2 2312
      3 2314
      1 2315
      1 2318
      1 2319
      2 2321
      1 2327
      1 2328
      1 2330
      1 2334
      2 2335
      2 2341
      1 2344
      2 2347
      1 2349
      2 2350
      1 2352
      1 2355
      1 2357
      1 2358
      1 2364
      1 2365
      1 2367
      1 2368
      1 2371
      1 2372
      1 2373
      1 2374
      1 2376
      1 2380
      1 2385
      1 2386
      1 2388
      1 2389
      1 2391
      1 2395
      3 2396
      1 2401
      1 2403
      1 2404
      2 2409
      1 2412
      1 2417
      1 2418
      1 2422
      1 2423
      1 2429
      1 2433
      2 2436
      1 2439
      1 2440
      1 2441
      1 2442
      3 2443
      1 2444
      1 2447
      1 2448
      2 2449
      1 2451
      1 2453
      1 2456
      1 2459
      1 2461
      1 2467
      3 2468
      1 2473
      1 2474
      1 2475
      1 2477
      1 2478
      1 2481
      2 2483
      2 2484
      1 2486
      2 2487
      1 2492
      1 2494
      1 2499
      1 2501
      1 2504
      1 2506
      1 2507
      1 2511
      1 2513
      1 2519
      1 2521
      1 2522
      1 2523
      1 2525
      1 2531
      1 2532
      1 2534
      1 2540
      1 2541
      1 2545
      1 2550
      1 2551
      1 2557
      1 2560
      1 2562
      1 2573
      1 2574
      1 2578
      1 2584
      1 2589
      1 2593
      1 2594
      1 2595
      1 2597
      1 2599
      1 2604
      1 2608
      2 2610
      1 2615
      1 2617
      1 2624
      1 2625
      1 2626
      1 2628
      1 2632
      1 2633
      1 2634
      1 2635
      1 2639
      1 2641
      1 2642
      1 2645
      1 2646
      1 2650
      2 2652
      1 2656
      1 2657
      1 2662
      1 2665
      1 2668
      2 2671
      1 2674
      1 2681
      1 2683
      1 2685
      1 2687
      1 2688
      1 2689
      2 2693
      1 2696
      1 2703
      1 2715
      1 2720
      1 2721
      1 2733
      1 2762
      1 2773
      1 2775
      1 2780
      1 2781
      1 2782
      1 2783
      1 2785
      1 2789
      1 2799
      1 2818
      2 2819
      1 2821
      1 2825
      1 2826
      1 2834
      1 2840
      1 2849
      1 2850
      1 2852
      1 2880
      1 2886
      1 2888
      1 2891
      2 2896
      1 2911
      1 2913
      1 2927
      1 2929
      1 2944
      1 2954
      1 2960
      2 2962
      1 2963
      1 2965
      2 2970
      1 2979
      1 2982
      1 2986
      1 2988
      1 2991
      1 2998
      1 3003
      1 3008
      1 3011
      2 3013
      1 3019
      1 3032
      1 3041
      1 3085
      1 3137
      1 3146
      1 3174
      1 3175
      1 3212
      1 3231
      1 3248
      1 3264
      1 3324
      1 3326
      1 3331
      1 3354
      1 3411
      1 3449
      1 3455
      1 3499
      1 3545
      1 3580
      1 3597
      1 3659
      1 3744
      1 3768
      1 3862
      1 3865
      1 3951
      1 4195
      1 4207
      1 4357
      1 4434
      1 4604
      1 4643
      1 4895
      1 4953
      1 5099
      1 5250
      1 5303
      1 5971
      1 6181
      1 6541
      1 7259
      1 7333
      1 7835
      1 7906
      1 7913
      1 8219
      1 8414
      1 8641
      1 9217
      1 9513
      1 9809
      1 9865
      1 10070
      1 10153
      1 10175
      1 11276
      1 11918
      1 12820
      1 20067
      1 20381
      1 20722
---AAD-PGBENCH-LAG-US---
