pgbench (18.6 (Debian 18.6-1.pgdg13+2))
starting vacuum...end.
transaction type: <builtin: select only>
scaling factor: 1000
query mode: simple
number of clients: 32
number of threads: 16
maximum number of tries: 1
duration: 60 s
number of transactions actually processed: 6059145
number of failed transactions: 0 (0.000%)
latency average = 0.317 ms
initial connection time = 12.166 ms
tps = 101004.804556 (without initial connection time)
---AAD-PGBENCH-LATENCY-US---
rc=0
samples=121211
      1 215
      1 218
      2 219
      6 221
      2 222
      6 223
      1 224
     11 225
     16 226
      9 227
     31 228
     32 229
     37 230
     35 231
     53 232
     55 233
     68 234
     77 235
     89 236
    131 237
    135 238
    175 239
    157 240
    161 241
    208 242
    249 243
    259 244
    273 245
    281 246
    321 247
    294 248
    372 249
    357 250
    412 251
    391 252
    464 253
    474 254
    510 255
    530 256
    622 257
    592 258
    668 259
    692 260
    715 261
    737 262
    869 263
    894 264
    908 265
    966 266
   1003 267
   1120 268
   1201 269
   1233 270
   1262 271
   1413 272
   1443 273
   1551 274
   1640 275
   1918 276
   1757 277
   1501 278
   1494 279
   1420 280
   1384 281
   1272 282
   1240 283
   1205 284
   1110 285
   1126 286
   1121 287
   1131 288
   1041 289
   1037 290
    941 291
    969 292
    941 293
    902 294
    960 295
    941 296
    887 297
    904 298
    921 299
    834 300
    850 301
    828 302
    808 303
    765 304
    801 305
    788 306
    778 307
    787 308
    768 309
    745 310
    784 311
    733 312
    782 313
    741 314
    738 315
    701 316
    700 317
    716 318
    692 319
    738 320
    703 321
    701 322
    703 323
    725 324
    754 325
    746 326
    773 327
    760 328
    796 329
    831 330
    843 331
    867 332
    878 333
    916 334
    941 335
    941 336
   1056 337
   1019 338
   1009 339
   1023 340
   1019 341
   1043 342
   1083 343
   1100 344
   1136 345
   1165 346
    946 347
    917 348
    895 349
    782 350
    709 351
    682 352
    663 353
    622 354
    612 355
    546 356
    524 357
    526 358
    498 359
    470 360
    472 361
    413 362
    385 363
    380 364
    355 365
    380 366
    347 367
    310 368
    364 369
    305 370
    310 371
    283 372
    264 373
    264 374
    228 375
    243 376
    241 377
    263 378
    234 379
    267 380
    267 381
    251 382
    253 383
    237 384
    247 385
    264 386
    239 387
    243 388
    215 389
    265 390
    258 391
    263 392
    245 393
    202 394
    213 395
    209 396
    202 397
    205 398
    196 399
    190 400
    186 401
    186 402
    153 403
    169 404
    153 405
    181 406
    150 407
    133 408
    151 409
    139 410
    115 411
    129 412
    138 413
    141 414
    111 415
     97 416
    116 417
    110 418
    102 419
    108 420
    104 421
     81 422
     79 423
     77 424
     87 425
     87 426
     67 427
     72 428
     74 429
     71 430
     58 431
     62 432
     68 433
     60 434
     62 435
     55 436
     49 437
     59 438
     43 439
     42 440
     43 441
     60 442
     44 443
     70 444
     43 445
     43 446
     50 447
     37 448
     35 449
     37 450
     32 451
     31 452
     32 453
     33 454
     32 455
     37 456
     27 457
     27 458
     39 459
     39 460
     35 461
     27 462
     33 463
     40 464
     28 465
     26 466
     29 467
     34 468
     26 469
     30 470
     25 471
     27 472
     33 473
     25 474
     39 475
     26 476
     37 477
     26 478
     28 479
     26 480
     26 481
     25 482
     28 483
     29 484
     25 485
     20 486
     20 487
     25 488
     21 489
     31 490
     23 491
     25 492
     19 493
     27 494
     25 495
     14 496
     25 497
     20 498
      7 499
     26 500
     16 501
     10 502
     21 503
     21 504
     16 505
     25 506
     27 507
     30 508
     22 509
     16 510
     17 511
     14 512
     18 513
     17 514
     16 515
     19 516
     20 517
     11 518
     19 519
     26 520
     22 521
     17 522
     25 523
     23 524
     14 525
     17 526
     10 527
     19 528
     21 529
     12 530
      8 531
     10 532
      7 533
      9 534
      8 535
      7 536
      7 537
     10 538
      9 539
     15 540
      7 541
     10 542
     10 543
      7 544
      6 545
      8 546
      7 547
      3 548
      7 549
      5 550
      9 551
     11 552
      5 553
      5 554
      7 555
      3 556
      7 557
      5 558
      5 559
      9 560
      5 561
      6 562
      6 563
      6 564
      6 565
      1 566
      6 567
      5 568
      1 569
      4 570
      4 571
      5 572
      3 573
      1 574
      4 575
      3 576
      2 577
      1 578
      6 579
      2 580
      2 581
      3 582
      3 584
      1 585
      1 587
      4 588
      1 590
      2 591
      1 592
      1 593
      4 595
      1 596
      1 597
      1 601
      1 603
      3 605
      1 606
      1 607
      1 609
      1 611
      1 612
      2 616
      1 617
      1 618
      1 619
      1 621
      1 623
      1 625
      1 627
      1 632
      1 634
      1 637
      1 652
      1 653
      1 657
      1 660
      1 661
      1 662
      1 670
      1 674
      1 688
      1 693
      1 732
      1 826
      1 834
---AAD-PGBENCH-LAG-US---
