pgbench (18.6 (Debian 18.6-1.pgdg13+2))
starting vacuum...end.
transaction type: <builtin: select only>
scaling factor: 1000
query mode: simple
number of clients: 128
number of threads: 16
maximum number of tries: 1
duration: 60 s
number of transactions actually processed: 9960046
number of failed transactions: 0 (0.000%)
latency average = 0.768 ms
initial connection time = 278.127 ms
tps = 166724.662923 (without initial connection time)
---AAD-PGBENCH-LATENCY-US---
rc=0
samples=199396
      1 232
      1 243
      1 248
      3 249
      2 250
      2 251
      2 252
      2 253
      7 254
      3 255
      1 256
      4 257
      5 258
      2 259
      7 260
      4 261
      9 262
     11 263
      7 264
      9 265
     11 266
     14 267
     19 268
     21 269
     18 270
     18 271
     18 272
     10 273
     20 274
     22 275
     25 276
     21 277
     25 278
     19 279
     25 280
     19 281
     26 282
     21 283
     19 284
     24 285
     28 286
     23 287
     23 288
     32 289
     24 290
     25 291
     20 292
     11 293
     22 294
     28 295
     28 296
     21 297
     35 298
     21 299
     19 300
     25 301
     35 302
     25 303
     24 304
     32 305
     34 306
     31 307
     32 308
     29 309
     29 310
     34 311
     35 312
     42 313
     27 314
     32 315
     52 316
     40 317
     44 318
     35 319
     40 320
     52 321
     52 322
     42 323
     51 324
     55 325
     42 326
     67 327
     62 328
     76 329
     72 330
     75 331
     94 332
    104 333
    100 334
     99 335
     96 336
    108 337
    110 338
    130 339
    132 340
    144 341
    137 342
    141 343
    153 344
    153 345
    147 346
    130 347
    137 348
    169 349
    140 350
    137 351
    136 352
    135 353
    130 354
    125 355
    102 356
    152 357
    123 358
    111 359
     84 360
    121 361
    116 362
     97 363
     99 364
     96 365
     87 366
     94 367
     96 368
     95 369
     77 370
    102 371
     84 372
     98 373
     74 374
    103 375
     92 376
     96 377
     87 378
    105 379
    100 380
    102 381
     95 382
    102 383
    101 384
    114 385
    120 386
    116 387
    104 388
    118 389
    100 390
    136 391
    134 392
    133 393
    138 394
    145 395
    149 396
    149 397
    182 398
    172 399
    186 400
    200 401
    230 402
    249 403
    259 404
    233 405
    260 406
    278 407
    313 408
    329 409
    311 410
    326 411
    331 412
    349 413
    350 414
    370 415
    386 416
    383 417
    329 418
    335 419
    302 420
    298 421
    294 422
    342 423
    279 424
    289 425
    245 426
    297 427
    308 428
    270 429
    227 430
    254 431
    228 432
    234 433
    224 434
    228 435
    216 436
    240 437
    193 438
    220 439
    207 440
    218 441
    212 442
    235 443
    206 444
    251 445
    235 446
    239 447
    200 448
    247 449
    204 450
    196 451
    219 452
    226 453
    229 454
    252 455
    240 456
    250 457
    242 458
    253 459
    260 460
    269 461
    288 462
    274 463
    303 464
    302 465
    338 466
    289 467
    321 468
    301 469
    353 470
    385 471
    416 472
    428 473
    406 474
    429 475
    473 476
    468 477
    514 478
    465 479
    504 480
    493 481
    535 482
    572 483
    545 484
    524 485
    523 486
    539 487
    525 488
    487 489
    464 490
    462 491
    442 492
    445 493
    420 494
    415 495
    385 496
    389 497
    386 498
    374 499
    349 500
    362 501
    375 502
    302 503
    318 504
    342 505
    300 506
    278 507
    319 508
    339 509
    279 510
    270 511
    278 512
    280 513
    284 514
    265 515
    286 516
    259 517
    254 518
    264 519
    281 520
    250 521
    268 522
    235 523
    264 524
    261 525
    299 526
    272 527
    269 528
    233 529
    288 530
    246 531
    282 532
    276 533
    291 534
    281 535
    289 536
    315 537
    316 538
    350 539
    339 540
    343 541
    313 542
    391 543
    415 544
    401 545
    367 546
    403 547
    376 548
    409 549
    427 550
    399 551
    421 552
    443 553
    432 554
    412 555
    415 556
    373 557
    382 558
    385 559
    345 560
    339 561
    324 562
    347 563
    352 564
    295 565
    320 566
    332 567
    308 568
    288 569
    298 570
    282 571
    267 572
    285 573
    247 574
    286 575
    246 576
    265 577
    250 578
    244 579
    240 580
    270 581
    241 582
    238 583
    251 584
    244 585
    240 586
    239 587
    250 588
    225 589
    250 590
    254 591
    249 592
    260 593
    243 594
    262 595
    228 596
    266 597
    255 598
    240 599
    243 600
    239 601
    244 602
    269 603
    252 604
    275 605
    292 606
    274 607
    306 608
    324 609
    313 610
    344 611
    320 612
    368 613
    347 614
    374 615
    351 616
    361 617
    388 618
    381 619
    407 620
    405 621
    394 622
    404 623
    397 624
    393 625
    410 626
    344 627
    348 628
    327 629
    368 630
    361 631
    364 632
    332 633
    317 634
    334 635
    308 636
    297 637
    280 638
    279 639
    279 640
    243 641
    268 642
    265 643
    245 644
    256 645
    226 646
    258 647
    257 648
    273 649
    223 650
    235 651
    236 652
    225 653
    264 654
    219 655
    233 656
    244 657
    232 658
    251 659
    232 660
    234 661
    232 662
    233 663
    242 664
    267 665
    223 666
    256 667
    259 668
    217 669
    239 670
    259 671
    276 672
    227 673
    263 674
    280 675
    256 676
    271 677
    281 678
    285 679
    289 680
    316 681
    278 682
    342 683
    266 684
    317 685
    351 686
    346 687
    309 688
    334 689
    354 690
    317 691
    382 692
    349 693
    331 694
    303 695
    299 696
    298 697
    284 698
    283 699
    298 700
    286 701
    286 702
    322 703
    249 704
    287 705
    255 706
    250 707
    248 708
    245 709
    237 710
    244 711
    246 712
    243 713
    243 714
    222 715
    239 716
    201 717
    255 718
    209 719
    210 720
    210 721
    188 722
    213 723
    205 724
    206 725
    199 726
    186 727
    184 728
    195 729
    206 730
    207 731
    196 732
    195 733
    209 734
    184 735
    211 736
    232 737
    192 738
    210 739
    216 740
    230 741
    205 742
    237 743
    225 744
    215 745
    213 746
    209 747
    238 748
    209 749
    238 750
    255 751
    239 752
    245 753
    271 754
    271 755
    234 756
    244 757
    236 758
    252 759
    269 760
    260 761
    238 762
    248 763
    259 764
    238 765
    213 766
    220 767
    228 768
    221 769
    233 770
    209 771
    242 772
    207 773
    185 774
    199 775
    178 776
    183 777
    169 778
    189 779
    179 780
    183 781
    195 782
    184 783
    156 784
    159 785
    162 786
    172 787
    164 788
    163 789
    163 790
    157 791
    151 792
    164 793
    168 794
    140 795
    169 796
    153 797
    141 798
    153 799
    138 800
    152 801
    159 802
    185 803
    149 804
    163 805
    183 806
    184 807
    154 808
    184 809
    152 810
    176 811
    179 812
    135 813
    171 814
    174 815
    177 816
    179 817
    169 818
    187 819
    176 820
    161 821
    183 822
    191 823
    196 824
    204 825
    182 826
    202 827
    196 828
    212 829
    171 830
    196 831
    186 832
    170 833
    187 834
    190 835
    183 836
    186 837
    159 838
    174 839
    175 840
    152 841
    170 842
    150 843
    153 844
    154 845
    190 846
    150 847
    172 848
    142 849
    139 850
    150 851
    158 852
    153 853
    141 854
    153 855
    147 856
    167 857
    120 858
    133 859
    116 860
    128 861
    142 862
    143 863
    128 864
    124 865
    158 866
    157 867
    133 868
    150 869
    119 870
    127 871
    135 872
    128 873
    138 874
    141 875
    122 876
    137 877
    150 878
    138 879
    132 880
    141 881
    145 882
    139 883
    141 884
    161 885
    141 886
    150 887
    173 888
    197 889
    191 890
    172 891
    196 892
    154 893
    204 894
    176 895
    181 896
    177 897
    156 898
    194 899
    191 900
    178 901
    189 902
    161 903
    162 904
    172 905
    162 906
    164 907
    148 908
    181 909
    162 910
    177 911
    161 912
    154 913
    174 914
    145 915
    182 916
    140 917
    162 918
    151 919
    122 920
    149 921
    138 922
    133 923
    144 924
    139 925
    120 926
    136 927
    122 928
    141 929
    145 930
    129 931
    148 932
    128 933
    157 934
    133 935
    124 936
    143 937
    132 938
    118 939
    141 940
    124 941
    121 942
    150 943
    134 944
    135 945
    138 946
    136 947
    135 948
    169 949
    145 950
    148 951
    143 952
    160 953
    147 954
    163 955
    168 956
    154 957
    169 958
    147 959
    163 960
    153 961
    179 962
    191 963
    180 964
    192 965
    175 966
    192 967
    197 968
    191 969
    182 970
    183 971
    181 972
    167 973
    161 974
    166 975
    173 976
    160 977
    190 978
    159 979
    190 980
    171 981
    159 982
    169 983
    174 984
    133 985
    149 986
    156 987
    149 988
    149 989
    136 990
    124 991
    156 992
    147 993
    128 994
    146 995
    118 996
    146 997
    138 998
    114 999
    151 1000
    154 1001
    135 1002
    134 1003
    139 1004
    158 1005
    144 1006
    135 1007
    143 1008
    130 1009
    136 1010
    146 1011
    127 1012
    135 1013
    120 1014
    125 1015
    137 1016
    151 1017
    135 1018
    121 1019
    147 1020
    126 1021
    133 1022
    153 1023
    157 1024
    158 1025
    140 1026
    167 1027
    165 1028
    154 1029
    161 1030
    146 1031
    161 1032
    147 1033
    199 1034
    189 1035
    167 1036
    172 1037
    176 1038
    191 1039
    168 1040
    156 1041
    173 1042
    182 1043
    156 1044
    167 1045
    161 1046
    158 1047
    161 1048
    140 1049
    160 1050
    111 1051
    127 1052
    111 1053
    138 1054
    149 1055
    123 1056
    152 1057
    144 1058
    112 1059
    150 1060
    129 1061
    124 1062
    127 1063
    112 1064
    141 1065
    124 1066
    127 1067
    120 1068
    109 1069
    128 1070
    127 1071
    115 1072
    156 1073
    106 1074
    124 1075
    111 1076
    123 1077
    114 1078
    131 1079
    128 1080
    132 1081
    119 1082
    108 1083
    148 1084
    118 1085
    130 1086
    130 1087
    112 1088
    116 1089
    133 1090
    125 1091
    129 1092
    144 1093
    122 1094
    130 1095
    149 1096
    128 1097
    137 1098
    146 1099
    133 1100
    136 1101
    126 1102
    123 1103
    138 1104
    145 1105
    143 1106
    134 1107
    134 1108
    129 1109
    136 1110
    142 1111
    121 1112
    129 1113
    129 1114
    113 1115
    129 1116
    127 1117
    124 1118
    131 1119
    122 1120
    117 1121
    105 1122
    106 1123
    122 1124
    103 1125
    105 1126
    117 1127
    125 1128
    121 1129
    122 1130
     94 1131
     94 1132
     88 1133
    129 1134
    112 1135
    106 1136
     82 1137
    113 1138
    109 1139
     91 1140
     88 1141
     78 1142
     93 1143
    100 1144
     99 1145
    109 1146
     98 1147
    117 1148
     99 1149
     81 1150
     88 1151
    104 1152
    102 1153
    103 1154
     88 1155
     85 1156
     87 1157
    115 1158
    107 1159
     90 1160
    104 1161
    102 1162
     85 1163
    100 1164
    108 1165
    100 1166
    102 1167
    111 1168
    116 1169
     96 1170
    111 1171
     86 1172
    111 1173
    100 1174
     96 1175
    114 1176
    107 1177
    107 1178
     95 1179
    115 1180
    104 1181
     93 1182
    106 1183
    107 1184
     94 1185
     90 1186
    104 1187
     91 1188
     99 1189
     88 1190
     93 1191
     94 1192
     82 1193
     73 1194
     83 1195
    103 1196
     86 1197
     88 1198
     94 1199
     83 1200
     77 1201
     80 1202
     81 1203
     71 1204
     65 1205
     88 1206
     79 1207
     83 1208
     71 1209
     96 1210
     99 1211
     76 1212
     78 1213
     80 1214
     75 1215
     76 1216
     78 1217
     76 1218
     83 1219
     70 1220
     71 1221
     80 1222
     91 1223
     92 1224
     59 1225
     85 1226
     72 1227
     70 1228
     80 1229
     69 1230
     76 1231
     79 1232
     85 1233
     82 1234
     89 1235
     60 1236
     80 1237
     69 1238
     85 1239
     59 1240
     69 1241
     78 1242
     76 1243
     81 1244
     78 1245
     87 1246
     73 1247
     85 1248
     79 1249
     68 1250
     69 1251
     82 1252
     86 1253
     77 1254
     65 1255
     65 1256
     80 1257
     73 1258
     80 1259
     72 1260
     56 1261
     71 1262
     83 1263
     59 1264
     48 1265
     60 1266
     59 1267
     47 1268
     71 1269
     75 1270
     69 1271
     65 1272
     76 1273
     73 1274
     50 1275
     68 1276
     67 1277
     52 1278
     54 1279
     65 1280
     65 1281
     65 1282
     48 1283
     58 1284
     57 1285
     48 1286
     55 1287
     48 1288
     70 1289
     59 1290
     48 1291
     53 1292
     53 1293
     50 1294
     61 1295
     49 1296
     49 1297
     50 1298
     55 1299
     72 1300
     49 1301
     56 1302
     62 1303
     48 1304
     54 1305
     57 1306
     55 1307
     62 1308
     65 1309
     55 1310
     57 1311
     51 1312
     54 1313
     51 1314
     55 1315
     49 1316
     60 1317
     50 1318
     71 1319
     54 1320
     65 1321
     62 1322
     49 1323
     64 1324
     59 1325
     52 1326
     39 1327
     55 1328
     54 1329
     55 1330
     60 1331
     53 1332
     39 1333
     42 1334
     59 1335
     56 1336
     42 1337
     48 1338
     45 1339
     51 1340
     51 1341
     30 1342
     35 1343
     46 1344
     52 1345
     49 1346
     41 1347
     44 1348
     52 1349
     48 1350
     28 1351
     37 1352
     46 1353
     47 1354
     55 1355
     38 1356
     31 1357
     45 1358
     35 1359
     34 1360
     41 1361
     48 1362
     42 1363
     41 1364
     34 1365
     54 1366
     35 1367
     31 1368
     41 1369
     52 1370
     41 1371
     49 1372
     49 1373
     40 1374
     37 1375
     40 1376
     43 1377
     34 1378
     46 1379
     47 1380
     44 1381
     49 1382
     41 1383
     44 1384
     43 1385
     45 1386
     40 1387
     45 1388
     45 1389
     39 1390
     19 1391
     27 1392
     34 1393
     38 1394
     35 1395
     42 1396
     34 1397
     26 1398
     41 1399
     38 1400
     29 1401
     46 1402
     35 1403
     39 1404
     39 1405
     32 1406
     42 1407
     33 1408
     28 1409
     32 1410
     42 1411
     36 1412
     34 1413
     37 1414
     28 1415
     40 1416
     30 1417
     33 1418
     27 1419
     37 1420
     26 1421
     26 1422
     28 1423
     29 1424
     28 1425
     26 1426
     31 1427
     20 1428
     28 1429
     35 1430
     34 1431
     24 1432
     26 1433
     20 1434
     23 1435
     43 1436
     31 1437
     26 1438
     38 1439
     24 1440
     27 1441
     24 1442
     44 1443
     25 1444
     27 1445
     39 1446
     18 1447
     39 1448
     44 1449
     32 1450
     36 1451
     28 1452
     31 1453
     30 1454
     34 1455
     28 1456
     39 1457
     37 1458
     28 1459
     39 1460
     35 1461
     29 1462
     21 1463
     24 1464
     31 1465
     32 1466
     24 1467
     33 1468
     24 1469
     18 1470
     29 1471
     24 1472
     23 1473
     24 1474
     28 1475
     36 1476
     26 1477
     15 1478
     20 1479
     25 1480
     32 1481
     25 1482
     20 1483
     26 1484
     26 1485
     24 1486
     20 1487
     23 1488
     20 1489
     28 1490
     17 1491
     20 1492
     27 1493
     22 1494
     28 1495
     28 1496
     20 1497
     21 1498
     22 1499
     17 1500
     31 1501
     24 1502
     18 1503
     35 1504
     22 1505
     24 1506
     32 1507
     19 1508
     21 1509
     24 1510
     21 1511
     27 1512
     25 1513
     15 1514
     31 1515
     20 1516
     18 1517
     18 1518
     20 1519
     28 1520
     20 1521
     34 1522
     29 1523
     22 1524
     23 1525
     25 1526
     14 1527
     16 1528
     25 1529
     14 1530
     14 1531
     14 1532
     16 1533
     28 1534
     21 1535
     28 1536
     26 1537
     22 1538
     12 1539
     21 1540
     16 1541
     18 1542
      8 1543
     12 1544
     17 1545
     15 1546
     15 1547
     16 1548
     27 1549
     15 1550
     14 1551
     22 1552
     16 1553
     17 1554
     24 1555
     16 1556
     17 1557
     14 1558
     14 1559
     17 1560
     22 1561
     26 1562
     11 1563
     14 1564
     13 1565
     13 1566
     19 1567
     11 1568
     12 1569
     14 1570
     12 1571
     12 1572
     10 1573
      9 1574
     13 1575
     19 1576
     10 1577
     15 1578
     12 1579
     12 1580
      9 1581
      5 1582
     11 1583
     16 1584
     20 1585
     12 1586
     19 1587
     17 1588
     13 1589
     22 1590
     11 1591
     14 1592
     14 1593
     12 1594
     20 1595
     16 1596
     10 1597
      7 1598
     10 1599
     15 1600
     20 1601
      8 1602
     15 1603
     10 1604
     15 1605
     14 1606
     17 1607
     18 1608
     12 1609
     12 1610
      9 1611
     17 1612
      8 1613
     14 1614
     13 1615
     12 1616
      8 1617
     12 1618
     10 1619
     15 1620
     11 1621
     10 1622
      6 1623
     13 1624
      9 1625
     12 1626
     15 1627
     13 1628
     14 1629
     11 1630
     13 1631
      8 1632
     16 1633
     10 1634
     10 1635
     11 1636
     17 1637
     12 1638
     11 1639
     14 1640
      8 1641
     11 1642
     18 1643
     11 1644
     13 1645
      6 1646
      8 1647
      8 1648
      8 1649
     13 1650
      7 1651
      8 1652
      6 1653
     13 1654
     16 1655
     14 1656
     12 1657
     14 1658
     14 1659
      5 1660
     11 1661
     11 1662
     11 1663
      7 1664
      7 1665
     12 1666
     14 1667
     11 1668
     16 1669
     12 1670
     11 1671
      5 1672
      6 1673
     12 1674
      7 1675
      8 1676
     11 1677
      5 1678
      6 1679
     11 1680
     10 1681
      4 1682
      8 1683
     11 1684
     10 1685
      9 1686
      5 1687
      6 1688
      5 1689
      7 1690
      9 1691
     10 1692
      1 1693
      4 1694
      3 1695
      7 1696
      5 1697
      8 1698
      5 1699
      7 1700
      4 1701
      7 1702
     11 1703
      7 1704
      6 1705
      8 1706
     11 1707
      8 1708
      6 1709
      2 1710
     11 1711
      5 1712
      5 1713
      4 1714
      8 1715
      5 1716
      6 1717
      9 1718
      7 1719
      5 1720
      4 1721
      6 1722
      6 1723
      7 1724
     11 1725
      6 1726
      9 1727
      9 1728
      5 1729
      4 1730
      4 1731
      9 1732
      7 1733
     11 1734
      8 1735
      2 1736
      4 1737
      4 1738
     11 1739
     10 1740
      7 1741
      7 1742
      9 1743
      8 1744
      6 1745
      6 1746
      9 1747
      8 1748
      7 1749
      9 1750
      5 1751
      7 1752
      7 1753
     13 1754
      8 1755
      2 1756
      5 1757
      2 1758
      8 1759
      6 1760
      4 1761
      1 1762
      5 1763
     12 1764
      4 1765
      3 1766
     11 1767
      3 1768
      7 1769
      5 1770
      3 1771
      6 1772
      5 1773
      4 1774
      3 1775
      8 1776
      6 1777
      7 1778
      4 1779
      6 1780
      4 1781
      2 1782
      4 1783
      4 1784
      6 1785
      8 1786
      2 1787
      5 1788
      2 1789
      3 1790
      4 1791
      6 1792
      5 1793
      2 1794
      7 1795
      5 1796
      7 1797
      2 1798
      3 1799
      3 1800
      7 1801
      3 1802
      8 1803
      4 1804
      5 1805
      2 1807
      3 1808
      1 1809
      4 1810
      5 1811
      5 1812
      2 1813
      3 1814
      4 1815
      2 1816
      4 1817
      6 1818
      3 1819
      7 1820
      3 1821
      1 1822
      2 1823
      7 1824
      6 1825
      4 1826
      3 1827
      4 1828
      5 1829
      2 1830
      2 1831
      2 1832
      5 1833
      3 1834
      4 1835
      2 1836
      4 1837
      1 1838
      1 1839
      2 1840
      3 1841
      3 1842
      5 1843
      1 1844
      2 1845
      3 1846
      5 1847
      1 1848
      1 1849
      2 1851
      4 1853
      8 1854
      5 1855
      1 1856
      2 1857
      5 1858
      3 1859
      3 1861
      3 1862
      1 1863
      2 1864
      5 1865
      2 1867
      1 1868
      7 1869
      1 1870
      1 1871
      5 1872
      7 1873
      3 1874
      4 1875
      2 1876
      3 1878
      1 1880
      2 1881
      2 1882
      2 1883
      2 1884
      4 1885
      3 1886
      4 1887
      3 1888
      3 1890
      3 1891
      1 1892
      3 1893
      3 1894
      2 1895
      3 1896
      1 1897
      2 1898
      6 1899
      2 1900
      1 1902
      3 1903
      5 1904
      5 1905
      3 1906
      5 1907
      3 1909
      3 1910
      1 1912
      2 1914
      3 1915
      4 1916
      1 1917
      2 1918
      3 1919
      1 1920
      2 1921
      1 1922
      1 1923
      3 1924
      3 1925
      2 1926
      1 1927
      2 1928
      3 1929
      2 1930
      3 1932
      3 1934
      5 1935
      2 1937
      3 1938
      1 1939
      4 1940
      2 1941
      2 1942
      1 1944
      2 1945
      3 1946
      2 1947
      3 1948
      3 1949
      2 1950
      5 1951
      4 1952
      2 1953
      4 1954
      2 1955
      1 1958
      2 1959
      1 1960
      1 1961
      1 1965
      1 1966
      1 1967
      1 1969
      1 1970
      2 1971
      3 1972
      3 1973
      1 1975
      1 1978
      2 1980
      2 1981
      1 1982
      1 1983
      2 1984
      1 1985
      2 1986
      4 1987
      1 1988
      1 1991
      1 1992
      1 1993
      2 1994
      6 1995
      2 1996
      3 1997
      1 1998
      2 1999
      1 2000
      2 2002
      1 2003
      3 2004
      3 2006
      2 2007
      2 2009
      3 2011
      1 2013
      1 2014
      1 2016
      1 2017
      1 2018
      1 2019
      2 2020
      1 2021
      2 2022
      1 2023
      3 2024
      3 2026
      1 2028
      3 2029
      2 2032
      1 2033
      3 2034
      1 2035
      1 2036
      1 2037
      1 2038
      1 2039
      1 2040
      1 2041
      1 2042
      1 2043
      1 2046
      4 2048
      1 2049
      1 2050
      2 2051
      1 2054
      1 2057
      1 2058
      1 2059
      2 2062
      1 2063
      1 2064
      3 2066
      2 2067
      3 2069
      1 2071
      1 2072
      1 2073
      3 2074
      1 2075
      2 2076
      3 2077
      2 2078
      1 2079
      1 2081
      1 2082
      1 2083
      2 2084
      2 2085
      1 2086
      1 2087
      2 2088
      3 2089
      4 2090
      3 2091
      2 2092
      1 2093
      2 2094
      1 2095
      2 2096
      1 2099
      2 2100
      1 2101
      5 2102
      1 2103
      2 2104
      1 2105
      1 2108
      1 2111
      1 2112
      1 2114
      2 2117
      1 2118
      2 2122
      2 2123
      3 2124
      2 2126
      1 2127
      1 2129
      2 2130
      1 2131
      1 2133
      3 2135
      1 2136
      2 2137
      3 2139
      1 2140
      2 2141
      3 2143
      2 2144
      1 2145
      1 2146
      1 2147
      3 2149
      1 2152
      1 2153
      1 2154
      3 2155
      1 2157
      2 2159
      1 2160
      1 2163
      1 2164
      1 2165
      3 2167
      1 2169
      1 2172
      1 2175
      1 2177
      1 2180
      1 2181
      2 2182
      1 2183
      1 2185
      2 2187
      1 2188
      2 2190
      2 2191
      2 2192
      1 2195
      1 2196
      1 2198
      1 2200
      2 2203
      1 2204
      1 2205
      1 2206
      2 2207
      3 2210
      1 2211
      1 2212
      1 2215
      1 2217
      2 2219
      1 2220
      1 2225
      1 2226
      2 2231
      2 2234
      1 2236
      2 2240
      1 2241
      3 2242
      1 2245
      2 2247
      1 2248
      1 2250
      2 2251
      1 2253
      1 2254
      1 2255
      1 2257
      2 2259
      3 2262
      1 2263
      2 2266
      1 2269
      3 2271
      2 2274
      1 2277
      1 2278
      1 2281
      1 2282
      4 2285
      2 2286
      1 2287
      1 2288
      1 2289
      1 2290
      1 2291
      1 2293
      1 2294
      1 2295
      1 2298
      2 2301
      1 2302
      1 2303
      1 2305
      1 2307
      1 2308
      1 2313
      1 2314
      1 2316
      1 2318
      1 2319
      1 2321
      1 2322
      1 2324
      2 2325
      1 2326
      1 2328
      1 2330
      2 2331
      1 2332
      1 2334
      2 2335
      1 2340
      1 2341
      3 2342
      2 2348
      1 2351
      1 2352
      2 2353
      1 2354
      1 2355
      1 2358
      1 2361
      4 2363
      1 2364
      1 2367
      1 2370
      2 2373
      2 2375
      2 2379
      2 2381
      2 2383
      3 2384
      1 2385
      1 2386
      4 2388
      1 2390
      1 2391
      1 2392
      1 2394
      1 2395
      3 2398
      1 2401
      1 2407
      1 2408
      1 2409
      2 2410
      1 2414
      1 2417
      1 2419
      3 2421
      1 2422
      1 2423
      2 2426
      1 2428
      1 2430
      1 2434
      2 2437
      1 2438
      3 2439
      1 2442
      1 2444
      1 2445
      1 2447
      1 2453
      1 2457
      1 2458
      1 2464
      2 2465
      2 2466
      1 2467
      1 2470
      1 2471
      1 2472
      1 2473
      1 2476
      1 2479
      1 2481
      2 2482
      2 2483
      1 2489
      2 2490
      1 2491
      1 2502
      2 2509
      1 2511
      1 2512
      1 2516
      2 2517
      1 2521
      1 2525
      1 2527
      1 2531
      1 2534
      1 2537
      1 2538
      1 2540
      1 2544
      1 2547
      1 2548
      2 2552
      2 2557
      1 2561
      1 2563
      2 2567
      2 2569
      1 2570
      1 2574
      2 2575
      1 2577
      1 2578
      1 2581
      1 2583
      1 2585
      3 2586
      2 2588
      1 2589
      1 2591
      1 2597
      2 2600
      1 2606
      2 2617
      1 2619
      1 2623
      1 2624
      1 2625
      1 2629
      1 2631
      2 2633
      1 2634
      2 2635
      1 2639
      1 2640
      1 2644
      1 2647
      1 2649
      1 2655
      1 2657
      1 2661
      2 2664
      1 2665
      1 2673
      1 2676
      1 2677
      1 2678
      1 2680
      1 2682
      1 2687
      3 2692
      1 2696
      2 2702
      1 2708
      1 2717
      1 2718
      1 2722
      1 2729
      1 2730
      1 2737
      1 2742
      1 2743
      1 2750
      1 2755
      1 2756
      1 2757
      1 2758
      2 2767
      1 2770
      1 2771
      1 2776
      1 2778
      2 2782
      1 2784
      2 2792
      1 2806
      1 2811
      1 2819
      1 2828
      1 2831
      1 2833
      1 2835
      1 2841
      1 2854
      1 2855
      1 2856
      1 2858
      1 2860
      1 2868
      2 2876
      1 2878
      1 2888
      2 2892
      1 2895
      1 2915
      1 2917
      1 2943
      1 2949
      1 2955
      1 2957
      2 2961
      1 2964
      1 2965
      1 2967
      1 2973
      1 2980
      1 3000
      1 3009
      1 3012
      1 3020
      1 3021
      1 3027
      1 3029
      1 3041
      1 3063
      1 3069
      1 3075
      1 3076
      1 3088
      2 3105
      1 3158
      1 3178
      1 3188
      1 3204
      1 3227
      1 3235
      1 3249
      1 3283
      1 3305
      1 3312
      1 3325
      1 3327
      1 3393
      1 3400
      1 3448
      1 3458
      1 3462
      1 3496
      1 3539
      1 3554
      1 3592
      1 3707
      1 3920
      1 3974
      1 3992
      1 4157
      1 4161
      1 4194
      1 4332
      1 4547
      1 4604
      1 4717
      1 4813
      1 4943
      1 5027
      1 5145
      1 5847
      1 6284
      1 6382
      1 6485
      1 7409
      1 8496
      1 9694
      1 10376
      1 10405
      1 10581
---AAD-PGBENCH-LAG-US---
