pgbench (18.6 (Debian 18.6-1.pgdg13+2))
starting vacuum...end.
transaction type: <builtin: select only>
scaling factor: 1000
query mode: simple
number of clients: 64
number of threads: 16
maximum number of tries: 1
duration: 60 s
number of transactions actually processed: 9699154
number of failed transactions: 0 (0.000%)
latency average = 0.395 ms
initial connection time = 147.205 ms
tps = 162047.630688 (without initial connection time)
---AAD-PGBENCH-LATENCY-US---
rc=0
samples=194470
      1 222
      1 224
      3 225
      2 226
      1 227
      1 228
      1 229
      4 231
      4 232
      4 233
      8 234
      4 235
      7 236
      2 237
     10 238
      5 239
      5 240
     11 241
     15 242
     13 243
     13 244
     14 245
     22 246
     29 247
     23 248
     27 249
     33 250
     51 251
     56 252
     41 253
     49 254
     70 255
     63 256
     84 257
    103 258
     98 259
    117 260
    119 261
    139 262
    146 263
    174 264
    183 265
    194 266
    206 267
    265 268
    287 269
    288 270
    324 271
    330 272
    353 273
    401 274
    422 275
    431 276
    425 277
    447 278
    427 279
    435 280
    435 281
    473 282
    446 283
    418 284
    439 285
    377 286
    434 287
    430 288
    414 289
    421 290
    407 291
    401 292
    389 293
    422 294
    427 295
    405 296
    334 297
    454 298
    415 299
    418 300
    389 301
    423 302
    420 303
    438 304
    459 305
    402 306
    460 307
    487 308
    442 309
    478 310
    464 311
    478 312
    502 313
    508 314
    501 315
    522 316
    565 317
    513 318
    549 319
    614 320
    588 321
    623 322
    633 323
    688 324
    749 325
    802 326
    856 327
    864 328
    880 329
    953 330
   1019 331
   1079 332
   1142 333
   1259 334
   1305 335
   1414 336
   1512 337
   1554 338
   1625 339
   1787 340
   1809 341
   2022 342
   2024 343
   1996 344
   2184 345
   2153 346
   2041 347
   1974 348
   1881 349
   1697 350
   1697 351
   1628 352
   1543 353
   1518 354
   1446 355
   1266 356
   1305 357
   1265 358
   1134 359
   1137 360
   1081 361
   1032 362
   1001 363
    960 364
    931 365
    869 366
    858 367
    853 368
    832 369
    821 370
    840 371
    813 372
    773 373
    716 374
    736 375
    731 376
    708 377
    705 378
    678 379
    700 380
    647 381
    657 382
    689 383
    689 384
    658 385
    640 386
    642 387
    638 388
    643 389
    712 390
    685 391
    687 392
    743 393
    702 394
    804 395
    785 396
    851 397
    834 398
    856 399
    899 400
    944 401
    983 402
   1025 403
   1027 404
   1133 405
   1085 406
   1130 407
   1178 408
   1198 409
   1250 410
   1276 411
   1320 412
   1349 413
   1371 414
   1325 415
   1283 416
   1284 417
   1173 418
   1068 419
   1074 420
   1079 421
   1090 422
   1028 423
    927 424
    944 425
    894 426
    810 427
    765 428
    745 429
    714 430
    710 431
    679 432
    660 433
    618 434
    609 435
    573 436
    605 437
    585 438
    563 439
    555 440
    491 441
    485 442
    486 443
    522 444
    483 445
    486 446
    451 447
    462 448
    411 449
    493 450
    429 451
    435 452
    425 453
    451 454
    405 455
    448 456
    388 457
    425 458
    416 459
    455 460
    436 461
    447 462
    469 463
    462 464
    489 465
    448 466
    497 467
    547 468
    503 469
    479 470
    503 471
    523 472
    530 473
    538 474
    581 475
    565 476
    559 477
    551 478
    630 479
    547 480
    581 481
    646 482
    601 483
    581 484
    571 485
    503 486
    514 487
    526 488
    511 489
    498 490
    481 491
    438 492
    383 493
    365 494
    367 495
    365 496
    351 497
    345 498
    323 499
    315 500
    306 501
    284 502
    284 503
    261 504
    253 505
    227 506
    237 507
    207 508
    206 509
    227 510
    230 511
    207 512
    194 513
    200 514
    206 515
    194 516
    193 517
    173 518
    178 519
    174 520
    175 521
    180 522
    157 523
    162 524
    152 525
    174 526
    167 527
    133 528
    164 529
    166 530
    158 531
    152 532
    163 533
    169 534
    166 535
    141 536
    158 537
    145 538
    176 539
    145 540
    163 541
    153 542
    143 543
    155 544
    145 545
    144 546
    138 547
    177 548
    137 549
    150 550
    143 551
    147 552
    172 553
    143 554
    146 555
    135 556
    134 557
    137 558
    119 559
    125 560
    105 561
    112 562
    109 563
    114 564
     97 565
     93 566
     93 567
    100 568
     88 569
     90 570
     92 571
     74 572
     81 573
     62 574
     64 575
     75 576
     51 577
     68 578
     67 579
     53 580
     46 581
     61 582
     65 583
     55 584
     66 585
     55 586
     62 587
     50 588
     56 589
     50 590
     60 591
     51 592
     58 593
     35 594
     58 595
     55 596
     41 597
     38 598
     44 599
     42 600
     35 601
     49 602
     39 603
     45 604
     55 605
     40 606
     54 607
     48 608
     41 609
     46 610
     34 611
     45 612
     34 613
     40 614
     47 615
     52 616
     45 617
     44 618
     36 619
     38 620
     44 621
     33 622
     37 623
     36 624
     31 625
     41 626
     37 627
     41 628
     32 629
     31 630
     25 631
     36 632
     30 633
     35 634
     24 635
     23 636
     20 637
     24 638
     35 639
     26 640
     22 641
     20 642
     15 643
     15 644
     18 645
     19 646
     21 647
     20 648
     22 649
     18 650
     20 651
     16 652
     17 653
     14 654
     15 655
     18 656
     11 657
     21 658
     11 659
     20 660
     19 661
     15 662
     18 663
     14 664
     11 665
      7 666
     13 667
     13 668
     12 669
     12 670
     11 671
     12 672
      6 673
      9 674
      7 675
     10 676
      7 677
     11 678
     12 679
     11 680
     12 681
     10 682
     10 683
      9 684
     17 685
     13 686
      9 687
     16 688
     10 689
     11 690
      6 691
     21 692
      5 693
     13 694
      6 695
      7 696
      9 697
      7 698
      5 699
      6 700
      7 701
      9 702
      8 703
     12 704
      8 705
     11 706
      4 707
     10 708
      5 709
      5 710
      6 711
      4 712
      4 713
      3 714
      8 715
      9 716
      5 717
      6 718
      5 719
      8 720
      4 721
      4 722
      5 723
      5 724
      4 725
      6 726
      7 727
      5 728
      8 729
      6 730
      6 731
      2 732
      2 733
      4 734
      5 735
      2 736
      2 737
      4 738
      3 739
      4 740
      5 741
      5 742
      1 743
      3 744
      4 745
      3 746
      2 747
      5 748
      1 749
      2 750
      5 751
      5 752
      5 753
      6 754
      4 755
      8 756
      1 757
      6 758
      3 759
      4 760
      2 761
      2 762
      1 763
      2 764
      4 765
      2 766
      3 767
      2 768
      2 769
      2 770
      3 771
      1 772
      2 773
      3 774
      1 775
      3 776
      1 777
      5 778
      1 779
      3 780
      2 781
      3 782
      2 783
      5 784
      1 785
      1 786
      4 787
      3 789
      1 791
      1 792
      2 793
      1 794
      2 795
      2 796
      4 797
      1 798
      2 799
      1 800
      2 801
      2 802
      1 803
      1 805
      1 807
      2 809
      2 810
      1 811
      2 814
      2 815
      1 817
      3 820
      1 822
      1 823
      1 825
      2 826
      2 827
      1 828
      3 829
      4 831
      1 833
      1 834
      1 835
      4 836
      2 837
      2 838
      1 839
      2 843
      2 844
      1 847
      1 848
      1 849
      1 851
      1 853
      1 854
      1 856
      1 858
      1 862
      2 867
      2 868
      1 870
      1 874
      1 879
      1 888
      1 893
      1 894
      1 897
      1 900
      1 902
      1 903
      1 904
      1 909
      1 911
      1 913
      1 915
      2 922
      1 923
      1 927
      1 929
      1 930
      1 931
      1 933
      1 934
      2 935
      1 937
      1 945
      1 947
      1 949
      1 953
      1 965
      2 966
      2 973
      1 974
      1 983
      1 987
      1 991
      2 992
      2 999
      1 1000
      1 1011
      1 1014
      1 1018
      1 1023
      1 1031
      1 1034
      1 1037
      1 1049
      1 1057
      1 1091
      1 1094
      1 1100
      1 1107
      1 1307
      1 1322
      1 1325
      1 1346
      1 1428
      1 1430
      1 1448
      1 1553
      1 1670
      1 1769
      1 1821
      1 1912
      1 1982
      1 2704
      1 3475
      1 3482
      1 3923
      1 4219
      1 4510
      1 7962
      1 9635
      1 10285
      1 13680
---AAD-PGBENCH-LAG-US---
