pgbench (18.6 (Debian 18.6-1.pgdg13+2))
starting vacuum...end.
transaction type: <builtin: select only>
scaling factor: 1000
query mode: simple
number of clients: 64
number of threads: 16
maximum number of tries: 1
duration: 60 s
number of transactions actually processed: 8274056
number of failed transactions: 0 (0.000%)
latency average = 0.463 ms
initial connection time = 149.781 ms
tps = 138231.613303 (without initial connection time)
---AAD-PGBENCH-LATENCY-US---
rc=0
samples=165810
      1 232
      1 233
      1 237
      2 240
      2 241
      3 242
      2 243
      8 244
      3 245
      5 246
      8 247
      7 248
      7 249
     11 250
      7 251
     19 252
     19 253
     25 254
     27 255
     15 256
     27 257
     29 258
     30 259
     38 260
     35 261
     48 262
     45 263
     58 264
     64 265
     77 266
     76 267
     90 268
    103 269
    107 270
    105 271
    133 272
    119 273
    148 274
    157 275
    163 276
    167 277
    152 278
    154 279
    163 280
    149 281
    152 282
    140 283
    169 284
    146 285
    147 286
    177 287
    143 288
    144 289
    136 290
    149 291
    138 292
    153 293
    141 294
    170 295
    139 296
    153 297
    152 298
    170 299
    173 300
    170 301
    172 302
    152 303
    180 304
    185 305
    182 306
    181 307
    194 308
    199 309
    207 310
    195 311
    222 312
    204 313
    230 314
    248 315
    281 316
    258 317
    279 318
    292 319
    286 320
    305 321
    323 322
    324 323
    357 324
    344 325
    373 326
    428 327
    437 328
    477 329
    470 330
    527 331
    524 332
    584 333
    660 334
    663 335
    663 336
    715 337
    804 338
    815 339
    870 340
    826 341
    948 342
   1007 343
    952 344
   1122 345
   1069 346
   1041 347
   1002 348
    905 349
    948 350
    850 351
    956 352
    870 353
    867 354
    799 355
    753 356
    699 357
    730 358
    659 359
    705 360
    657 361
    670 362
    668 363
    686 364
    608 365
    599 366
    614 367
    598 368
    583 369
    567 370
    613 371
    548 372
    592 373
    594 374
    562 375
    560 376
    566 377
    547 378
    539 379
    497 380
    510 381
    564 382
    541 383
    556 384
    490 385
    530 386
    516 387
    546 388
    548 389
    524 390
    513 391
    542 392
    553 393
    562 394
    600 395
    558 396
    580 397
    602 398
    634 399
    640 400
    618 401
    659 402
    736 403
    753 404
    793 405
    760 406
    837 407
    867 408
    849 409
    869 410
    961 411
    894 412
    913 413
    910 414
    984 415
    910 416
    854 417
    834 418
    791 419
    717 420
    757 421
    676 422
    631 423
    616 424
    609 425
    642 426
    579 427
    559 428
    574 429
    507 430
    489 431
    477 432
    497 433
    443 434
    458 435
    440 436
    399 437
    395 438
    371 439
    407 440
    383 441
    371 442
    383 443
    395 444
    344 445
    347 446
    326 447
    336 448
    314 449
    360 450
    333 451
    370 452
    349 453
    330 454
    357 455
    347 456
    318 457
    331 458
    311 459
    347 460
    375 461
    355 462
    341 463
    377 464
    415 465
    347 466
    379 467
    432 468
    428 469
    455 470
    416 471
    531 472
    489 473
    503 474
    578 475
    523 476
    525 477
    556 478
    563 479
    554 480
    580 481
    577 482
    644 483
    610 484
    593 485
    587 486
    582 487
    548 488
    550 489
    536 490
    520 491
    501 492
    468 493
    491 494
    465 495
    429 496
    424 497
    361 498
    400 499
    393 500
    365 501
    365 502
    374 503
    370 504
    378 505
    334 506
    365 507
    356 508
    342 509
    319 510
    348 511
    337 512
    333 513
    312 514
    341 515
    304 516
    315 517
    307 518
    298 519
    309 520
    271 521
    275 522
    305 523
    286 524
    293 525
    283 526
    293 527
    305 528
    290 529
    304 530
    307 531
    300 532
    314 533
    303 534
    322 535
    304 536
    303 537
    355 538
    310 539
    329 540
    354 541
    365 542
    408 543
    362 544
    396 545
    389 546
    412 547
    375 548
    395 549
    418 550
    453 551
    421 552
    411 553
    422 554
    403 555
    379 556
    435 557
    368 558
    355 559
    378 560
    364 561
    329 562
    322 563
    308 564
    315 565
    301 566
    307 567
    315 568
    279 569
    285 570
    248 571
    234 572
    243 573
    247 574
    242 575
    218 576
    242 577
    230 578
    217 579
    235 580
    201 581
    221 582
    184 583
    197 584
    217 585
    207 586
    194 587
    191 588
    189 589
    196 590
    201 591
    173 592
    175 593
    190 594
    206 595
    193 596
    190 597
    158 598
    160 599
    176 600
    193 601
    208 602
    177 603
    208 604
    206 605
    202 606
    189 607
    206 608
    192 609
    223 610
    233 611
    209 612
    227 613
    224 614
    231 615
    215 616
    221 617
    205 618
    243 619
    226 620
    224 621
    236 622
    203 623
    207 624
    197 625
    190 626
    189 627
    198 628
    182 629
    195 630
    161 631
    184 632
    176 633
    179 634
    155 635
    150 636
    144 637
    159 638
    128 639
    153 640
    129 641
    161 642
    143 643
    126 644
    130 645
    127 646
    115 647
    131 648
    111 649
    110 650
    124 651
    110 652
    113 653
    126 654
    103 655
    110 656
    108 657
    128 658
    109 659
     95 660
    115 661
     98 662
    105 663
     97 664
    116 665
     90 666
     97 667
    112 668
    109 669
    107 670
     91 671
    105 672
     77 673
     89 674
     94 675
     96 676
    100 677
     91 678
    109 679
     95 680
    121 681
    112 682
    113 683
     94 684
    108 685
     83 686
     93 687
    113 688
    109 689
     97 690
    123 691
     93 692
    116 693
     86 694
    100 695
     92 696
     85 697
     80 698
    100 699
     86 700
     82 701
     86 702
     74 703
     83 704
     82 705
     69 706
     64 707
     72 708
     84 709
     64 710
     60 711
     76 712
     72 713
     58 714
     63 715
     47 716
     58 717
     57 718
     61 719
     60 720
     57 721
     63 722
     53 723
     65 724
     47 725
     44 726
     36 727
     38 728
     45 729
     49 730
     49 731
     47 732
     45 733
     49 734
     43 735
     54 736
     46 737
     37 738
     42 739
     42 740
     44 741
     45 742
     45 743
     33 744
     52 745
     57 746
     42 747
     32 748
     56 749
     52 750
     47 751
     55 752
     53 753
     43 754
     43 755
     44 756
     47 757
     56 758
     52 759
     53 760
     40 761
     43 762
     44 763
     37 764
     40 765
     31 766
     36 767
     40 768
     32 769
     26 770
     26 771
     37 772
     25 773
     37 774
     30 775
     46 776
     33 777
     35 778
     29 779
     18 780
     29 781
     24 782
     16 783
     29 784
     31 785
     24 786
     20 787
     18 788
     29 789
     18 790
     27 791
     28 792
     19 793
     17 794
     14 795
     21 796
     12 797
     19 798
     20 799
     29 800
     20 801
     24 802
     21 803
     25 804
     20 805
     18 806
     20 807
     19 808
     19 809
     22 810
     18 811
     34 812
     16 813
     14 814
     13 815
     17 816
     19 817
     27 818
     17 819
     17 820
     15 821
     15 822
     17 823
     19 824
     21 825
     23 826
     19 827
     20 828
     16 829
     15 830
     18 831
     13 832
     15 833
     19 834
     18 835
     16 836
     10 837
     11 838
     14 839
     10 840
     13 841
     17 842
     13 843
     17 844
     21 845
     13 846
     12 847
     13 848
     10 849
      8 850
     12 851
     12 852
     13 853
      5 854
      6 855
     10 856
     13 857
     10 858
     12 859
     12 860
      7 861
     18 862
      9 863
      7 864
      9 865
     11 866
      8 867
     10 868
      8 869
      8 870
      7 871
      9 872
      7 873
      8 874
     11 875
      7 876
      4 877
     10 878
      5 879
      5 880
     14 881
     11 882
      2 883
      4 884
      7 885
     11 886
     10 887
      4 888
      9 889
      7 890
      7 891
      9 892
      8 893
      6 894
      2 895
      8 896
      9 897
     10 898
     15 899
     11 900
      8 901
      9 902
      6 903
      6 904
      5 905
      6 906
      5 907
      4 908
      7 909
      7 910
      9 911
      6 912
     11 913
      8 914
      8 915
     11 916
      4 917
      6 918
      5 919
      5 920
      4 921
      2 922
      5 923
      4 924
      6 925
      4 926
      8 927
      5 928
      4 929
      9 931
      3 932
      3 933
      3 934
      5 935
      6 936
      7 937
      4 938
      5 939
      4 940
     10 941
      3 942
      2 943
      3 944
      6 945
      2 946
      3 947
      1 948
      6 949
      3 951
      3 952
      2 953
      4 954
      2 955
      1 956
      5 957
      1 958
      2 959
      4 960
      3 961
      4 962
      1 963
      2 964
      4 965
      8 966
      8 967
      5 968
      1 969
      7 970
      8 971
      4 972
      6 973
      5 974
      1 975
      5 976
      4 977
      3 978
      3 979
      3 980
      4 981
      4 982
      2 983
      1 984
      2 985
      4 986
      4 987
      5 988
      3 989
      2 990
      2 991
      1 992
      2 993
      3 994
      2 995
      5 996
      2 997
      5 998
      4 999
      3 1001
      2 1002
      1 1003
      3 1004
      2 1005
      2 1006
      3 1007
      1 1009
      1 1011
      3 1012
      2 1013
      4 1014
      3 1015
      3 1016
      3 1017
      1 1018
      2 1019
      1 1021
      4 1022
      1 1023
      4 1024
      4 1025
      1 1028
      5 1029
      3 1030
      1 1032
      3 1033
      2 1034
      2 1036
      2 1037
      2 1038
      2 1040
      3 1041
      1 1043
      2 1044
      3 1046
      3 1047
      4 1048
      1 1049
      4 1050
      2 1051
      2 1053
      2 1054
      2 1056
      1 1058
      1 1059
      3 1061
      2 1062
      2 1064
      1 1065
      3 1066
      2 1067
      2 1068
      1 1069
      1 1071
      2 1072
      1 1073
      2 1076
      3 1078
      2 1079
      3 1080
      1 1081
      1 1082
      1 1083
      2 1085
      2 1087
      3 1088
      1 1089
      2 1091
      2 1092
      1 1093
      1 1094
      1 1096
      3 1097
      1 1098
      1 1100
      1 1101
      3 1105
      1 1106
      1 1107
      2 1109
      2 1110
      2 1111
      1 1112
      5 1113
      3 1116
      3 1119
      3 1120
      5 1121
      1 1122
      1 1123
      4 1124
      1 1126
      1 1127
      1 1128
      2 1129
      1 1134
      1 1135
      1 1136
      3 1138
      1 1139
      1 1141
      4 1142
      1 1143
      2 1144
      1 1145
      1 1147
      1 1148
      1 1149
      1 1150
      1 1153
      1 1154
      1 1155
      2 1156
      1 1157
      2 1159
      2 1162
      1 1163
      2 1164
      1 1165
      1 1166
      3 1167
      3 1168
      1 1169
      1 1170
      1 1171
      2 1173
      4 1174
      1 1175
      1 1176
      3 1177
      1 1178
      1 1179
      2 1180
      1 1184
      2 1186
      1 1187
      1 1190
      1 1191
      3 1192
      1 1193
      1 1194
      3 1195
      3 1200
      2 1201
      1 1205
      1 1208
      1 1210
      1 1212
      3 1213
      1 1214
      1 1215
      1 1216
      2 1220
      1 1221
      1 1223
      2 1224
      1 1225
      1 1226
      1 1227
      2 1228
      1 1230
      1 1231
      1 1232
      3 1233
      1 1234
      1 1236
      2 1237
      1 1238
      1 1242
      2 1244
      1 1246
      2 1247
      1 1248
      1 1249
      1 1252
      1 1253
      1 1254
      2 1255
      1 1256
      1 1257
      2 1259
      1 1260
      1 1263
      3 1265
      1 1266
      1 1267
      2 1268
      4 1273
      1 1274
      2 1275
      1 1276
      1 1283
      4 1284
      1 1288
      2 1290
      2 1293
      2 1295
      5 1296
      1 1298
      1 1299
      3 1300
      1 1301
      1 1303
      2 1306
      1 1307
      1 1308
      2 1310
      4 1312
      1 1313
      2 1314
      2 1315
      1 1316
      4 1318
      1 1319
      1 1321
      3 1323
      1 1324
      1 1325
      2 1326
      4 1328
      1 1329
      1 1330
      1 1331
      1 1333
      4 1334
      1 1339
      1 1340
      2 1342
      2 1343
      1 1345
      1 1347
      3 1349
      2 1350
      1 1352
      1 1355
      1 1357
      1 1358
      1 1360
      1 1361
      1 1362
      1 1363
      1 1365
      1 1366
      1 1367
      1 1368
      2 1369
      1 1370
      1 1371
      1 1372
      2 1375
      1 1377
      3 1379
      1 1380
      1 1381
      1 1383
      1 1384
      1 1385
      3 1386
      1 1387
      1 1392
      5 1394
      1 1395
      2 1397
      1 1398
      5 1399
      1 1400
      1 1401
      1 1402
      3 1403
      1 1404
      1 1405
      3 1406
      1 1407
      3 1411
      4 1412
      1 1414
      2 1415
      1 1419
      1 1420
      1 1421
      1 1422
      1 1423
      3 1424
      2 1427
      3 1428
      1 1429
      1 1430
      1 1431
      2 1434
      1 1435
      3 1436
      1 1437
      1 1438
      1 1440
      1 1442
      1 1443
      1 1444
      1 1445
      1 1448
      2 1449
      2 1450
      1 1451
      1 1454
      1 1455
      1 1458
      2 1459
      1 1460
      5 1461
      1 1462
      2 1463
      2 1464
      1 1465
      2 1466
      4 1467
      1 1468
      1 1469
      3 1471
      3 1475
      2 1477
      3 1478
      1 1479
      3 1480
      1 1481
      2 1482
      2 1483
      3 1484
      1 1485
      3 1487
      4 1488
      1 1489
      3 1490
      1 1491
      1 1492
      3 1495
      1 1496
      1 1498
      1 1499
      1 1500
      1 1501
      1 1503
      2 1506
      1 1509
      1 1510
      2 1512
      1 1513
      1 1514
      1 1515
      1 1516
      2 1517
      1 1519
      1 1520
      2 1521
      1 1522
      1 1526
      2 1527
      1 1528
      3 1530
      3 1533
      1 1536
      3 1537
      2 1538
      2 1539
      2 1540
      1 1543
      1 1545
      2 1546
      1 1548
      2 1549
      1 1550
      1 1551
      2 1552
      1 1553
      2 1554
      1 1555
      2 1558
      1 1559
      2 1560
      1 1561
      3 1567
      3 1570
      2 1571
      2 1573
      1 1574
      1 1576
      3 1577
      1 1578
      1 1579
      1 1584
      1 1585
      2 1586
      3 1587
      1 1592
      2 1593
      2 1594
      1 1596
      1 1597
      1 1599
      2 1602
      1 1604
      3 1606
      1 1608
      1 1609
      1 1610
      2 1612
      2 1613
      1 1614
      2 1616
      2 1619
      1 1620
      1 1621
      3 1622
      1 1625
      2 1626
      1 1632
      1 1634
      1 1635
      1 1641
      1 1646
      2 1649
      1 1650
      1 1652
      1 1653
      2 1654
      4 1655
      2 1657
      1 1658
      1 1659
      1 1660
      1 1661
      1 1663
      1 1664
      1 1665
      1 1666
      1 1668
      1 1669
      1 1670
      1 1672
      1 1674
      1 1679
      1 1680
      1 1683
      2 1686
      1 1688
      1 1689
      1 1691
      1 1694
      2 1695
      1 1699
      1 1703
      1 1704
      1 1705
      1 1708
      1 1713
      1 1714
      1 1717
      1 1718
      1 1719
      2 1722
      1 1723
      2 1728
      1 1731
      2 1732
      1 1735
      1 1736
      1 1737
      2 1740
      1 1745
      1 1750
      1 1751
      1 1755
      1 1756
      1 1757
      1 1758
      2 1760
      2 1761
      2 1762
      1 1769
      1 1773
      1 1779
      1 1782
      1 1783
      1 1785
      1 1800
      2 1804
      1 1816
      1 1822
      2 1823
      1 1824
      1 1827
      1 1828
      1 1835
      1 1841
      1 1849
      1 1853
      1 1854
      1 1864
      1 1865
      1 1867
      1 1880
      1 1881
      1 1894
      1 1900
      1 1908
      1 1927
      1 1931
      1 1932
      1 1943
      1 1969
      1 1973
      1 1984
      1 1995
      1 1998
      1 2043
      1 2044
      1 2094
      1 2140
      1 2179
      1 2320
      1 2381
      1 2619
      1 3416
      1 4086
      1 5959
      1 5967
      1 17680
---AAD-PGBENCH-LAG-US---
