pgbench (18.6 (Debian 18.6-1.pgdg13+2))
starting vacuum...end.
transaction type: <builtin: select only>
scaling factor: 1000
query mode: simple
number of clients: 16
number of threads: 16
maximum number of tries: 1
duration: 60 s
number of transactions actually processed: 3013612
number of failed transactions: 0 (0.000%)
latency average = 0.319 ms
initial connection time = 7.513 ms
tps = 50232.680262 (without initial connection time)
---AAD-PGBENCH-LATENCY-US---
rc=0
samples=60365
      1 212
      3 218
      5 219
      3 220
      3 221
     10 222
      8 223
     11 224
     13 225
     13 226
     24 227
     19 228
     38 229
     40 230
     47 231
     73 232
     67 233
    117 234
    138 235
    144 236
    135 237
    156 238
    184 239
    180 240
    244 241
    251 242
    273 243
    315 244
    340 245
    375 246
    369 247
    417 248
    461 249
    525 250
    459 251
    465 252
    527 253
    556 254
    536 255
    527 256
    567 257
    529 258
    563 259
    562 260
    619 261
    582 262
    565 263
    612 264
    613 265
    584 266
    629 267
    693 268
    644 269
    595 270
    629 271
    629 272
    664 273
    719 274
    691 275
    784 276
    714 277
    678 278
    612 279
    605 280
    532 281
    523 282
    493 283
    510 284
    487 285
    508 286
    508 287
    472 288
    447 289
    427 290
    439 291
    446 292
    374 293
    429 294
    408 295
    411 296
    367 297
    399 298
    401 299
    386 300
    408 301
    386 302
    354 303
    357 304
    358 305
    371 306
    343 307
    368 308
    351 309
    359 310
    317 311
    367 312
    374 313
    357 314
    337 315
    345 316
    343 317
    365 318
    376 319
    350 320
    377 321
    373 322
    321 323
    343 324
    365 325
    368 326
    401 327
    355 328
    458 329
    475 330
    465 331
    377 332
    333 333
    343 334
    295 335
    276 336
    313 337
    299 338
    253 339
    275 340
    242 341
    242 342
    225 343
    232 344
    235 345
    218 346
    227 347
    204 348
    186 349
    173 350
    171 351
    175 352
    172 353
    152 354
    157 355
    142 356
    159 357
    116 358
    139 359
    122 360
    121 361
    119 362
    129 363
    121 364
    113 365
    109 366
    128 367
    141 368
    115 369
    113 370
     82 371
     90 372
     66 373
     98 374
     92 375
     88 376
     88 377
     96 378
     73 379
     93 380
     80 381
     72 382
     78 383
     63 384
     85 385
     60 386
     79 387
     71 388
     87 389
     80 390
     68 391
     75 392
     67 393
     72 394
     89 395
     72 396
     90 397
     71 398
     81 399
     83 400
     87 401
     84 402
     77 403
     73 404
     65 405
     52 406
     53 407
     57 408
     75 409
     51 410
     67 411
     47 412
     70 413
     57 414
     46 415
     70 416
     48 417
     55 418
     52 419
     51 420
     43 421
     41 422
     41 423
     49 424
     53 425
     42 426
     49 427
     34 428
     48 429
     45 430
     42 431
     49 432
     47 433
     37 434
     41 435
     31 436
     49 437
     37 438
     43 439
     43 440
     40 441
     46 442
     32 443
     47 444
     37 445
     38 446
     39 447
     26 448
     34 449
     40 450
     27 451
     43 452
     35 453
     33 454
     35 455
     31 456
     38 457
     27 458
     18 459
     26 460
     36 461
     31 462
     38 463
     30 464
     29 465
     34 466
     27 467
     31 468
     38 469
     39 470
     32 471
     33 472
     33 473
     30 474
     23 475
     34 476
     26 477
     29 478
     27 479
     34 480
     28 481
     34 482
     31 483
     36 484
     30 485
     29 486
     31 487
     32 488
     35 489
     31 490
     31 491
     25 492
     29 493
     23 494
     28 495
     37 496
     40 497
     31 498
     22 499
     39 500
     31 501
     24 502
     29 503
     28 504
     21 505
     27 506
     39 507
     22 508
     32 509
     37 510
     21 511
     27 512
     27 513
     38 514
     28 515
     21 516
     19 517
     28 518
     24 519
     23 520
     19 521
     23 522
     30 523
     19 524
     12 525
     21 526
     30 527
     18 528
     17 529
     21 530
     25 531
     29 532
     26 533
     23 534
     21 535
     18 536
     15 537
     16 538
     17 539
     14 540
     20 541
     16 542
     12 543
     12 544
     10 545
     12 546
     10 547
      9 548
     15 549
     14 550
     23 551
     14 552
     13 553
     15 554
     15 555
     11 556
     12 557
     13 558
     11 559
     11 560
     15 561
     17 562
     17 563
     10 564
     11 565
     11 566
     21 567
     14 568
     16 569
     12 570
      7 571
     14 572
     17 573
     20 574
     10 575
     11 576
     12 577
     12 578
     13 579
      7 580
      9 581
     12 582
     12 583
     10 584
      9 585
     11 586
     12 587
     13 588
      9 589
     11 590
     14 591
     13 592
     14 593
     18 594
      9 595
     11 596
      4 597
     10 598
      4 599
     13 600
      9 601
     13 602
     11 603
      7 604
      8 605
      4 606
      6 607
      6 608
      8 609
     10 610
      8 611
      6 612
     11 613
     15 614
      1 615
      8 616
     10 617
      7 618
      4 619
      5 620
      7 621
      8 622
      6 623
      9 624
      5 625
      6 626
     10 627
      5 628
      4 629
      7 630
      5 631
      3 632
      6 633
      7 634
      8 635
      8 636
      7 637
      7 638
      4 639
      4 640
      7 641
      9 642
     10 643
      2 644
      5 645
      7 646
      7 647
      8 648
      6 649
      4 650
      5 651
      6 652
      1 653
      6 654
      9 655
      7 656
      4 657
      3 658
      6 659
      3 660
      7 661
      4 662
      2 663
      7 664
      4 665
      3 666
      5 667
      5 668
     10 669
      4 670
      5 671
      8 672
      3 673
      5 674
      8 675
      8 676
      8 677
      7 678
      3 679
      2 680
      7 681
      6 682
      4 683
      3 684
      5 685
      3 686
      5 687
      3 688
      2 689
      2 690
      6 691
      2 692
      7 693
      5 694
      4 695
      3 696
      4 697
      1 698
      4 699
      1 700
      5 701
      3 702
      1 703
      3 704
      3 705
      2 706
      2 707
      1 708
      2 709
      1 710
      4 711
      3 712
      5 713
      3 714
      2 715
      4 716
      2 717
      3 718
      4 719
      2 720
      3 721
      3 722
      2 723
      3 724
      1 725
      5 726
      2 727
      2 728
      1 729
      4 730
      2 731
      3 732
      4 733
      1 735
      1 736
      3 737
      4 738
      3 739
      2 740
      1 742
      3 743
      4 744
      2 745
      3 746
      1 747
      2 748
      1 749
      3 750
      1 751
      1 752
      2 753
      1 754
      1 755
      4 756
      4 757
      2 758
      1 759
      5 760
      1 762
      2 763
      4 764
      2 765
      3 767
      4 768
      4 769
      1 770
      3 771
      3 773
      1 774
      4 775
      4 776
      1 777
      1 778
      1 779
      1 780
      2 781
      2 782
      2 783
      3 784
      1 785
      1 786
      2 787
      1 789
      3 790
      2 792
      3 793
      1 794
      1 795
      1 796
      1 798
      2 799
      1 801
      1 802
      1 805
      3 806
      2 808
      2 809
      1 810
      5 814
      1 815
      2 817
      1 819
      2 820
      4 821
      1 823
      2 824
      2 825
      1 826
      2 828
      2 829
      3 832
      2 833
      2 834
      1 837
      1 838
      1 839
      1 840
      1 841
      3 842
      3 845
      1 846
      1 847
      1 851
      1 853
      2 854
      1 855
      2 856
      4 857
      2 859
      1 860
      1 861
      1 862
      1 864
      1 865
      1 866
      2 867
      2 868
      2 869
      1 870
      3 872
      1 874
      1 876
      1 877
      1 878
      1 880
      1 882
      1 883
      1 884
      1 893
      1 895
      1 896
      1 898
      1 899
      1 900
      1 901
      1 904
      2 908
      1 910
      1 911
      1 912
      1 914
      2 921
      1 924
      1 925
      1 930
      1 931
      1 936
      1 940
      1 945
      1 952
      1 964
      1 965
      1 976
      1 981
      1 994
      1 997
      1 1011
      1 1017
      1 1024
      1 1026
      1 1038
      1 1048
      1 1050
      1 1058
      1 1085
      1 1086
      1 1095
      1 1103
      1 1107
      1 1135
      1 1156
      1 1162
      1 1164
      1 1166
      1 1196
      1 1211
      1 1291
      1 1305
      1 1396
      1 2042
---AAD-PGBENCH-LAG-US---
