pgbench (18.6 (Debian 18.6-1.pgdg13+2))
starting vacuum...end.
transaction type: <builtin: select only>
scaling factor: 1000
query mode: simple
number of clients: 128
number of threads: 16
maximum number of tries: 1
duration: 60 s
number of transactions actually processed: 8291534
number of failed transactions: 0 (0.000%)
latency average = 0.924 ms
initial connection time = 189.438 ms
tps = 138530.675317 (without initial connection time)
---AAD-PGBENCH-LATENCY-US---
rc=0
samples=165818
      1 251
      2 252
      1 253
      2 258
      4 260
      1 261
      3 262
      2 263
      6 265
      3 266
      6 267
      3 268
      5 269
      4 270
      5 271
      7 272
      9 273
      7 274
      5 275
      9 276
      9 277
      9 278
      4 279
      6 280
      5 281
      2 282
     11 283
     11 284
      2 285
      7 286
      8 287
     12 288
      9 289
      9 290
      9 291
      6 292
      2 293
      7 294
      5 295
     11 296
     12 297
     10 298
      7 299
      2 300
      8 301
     11 302
     14 303
     11 304
      9 305
      5 306
     15 307
     11 308
     16 309
     10 310
     12 311
      8 312
     19 313
     23 314
     17 315
     16 316
     17 317
     15 318
     19 319
     18 320
     16 321
     21 322
     21 323
     26 324
     29 325
     25 326
     16 327
     16 328
     28 329
     28 330
     28 331
     21 332
     34 333
     46 334
     37 335
     39 336
     39 337
     42 338
     43 339
     46 340
     49 341
     41 342
     57 343
     57 344
     59 345
     49 346
     54 347
     52 348
     60 349
     47 350
     62 351
     49 352
     72 353
     39 354
     56 355
     55 356
     45 357
     49 358
     56 359
     44 360
     40 361
     56 362
     43 363
     34 364
     42 365
     37 366
     40 367
     50 368
     47 369
     46 370
     37 371
     36 372
     46 373
     45 374
     35 375
     47 376
     35 377
     47 378
     50 379
     50 380
     41 381
     31 382
     46 383
     57 384
     46 385
     47 386
     51 387
     51 388
     41 389
     43 390
     51 391
     48 392
     53 393
     54 394
     57 395
     60 396
     55 397
     70 398
     76 399
     73 400
     66 401
     67 402
     91 403
     75 404
     81 405
     80 406
     88 407
     72 408
     97 409
     84 410
     90 411
     80 412
     85 413
     67 414
    105 415
     76 416
     76 417
     77 418
     78 419
     92 420
     79 421
     72 422
     85 423
     76 424
     65 425
     87 426
     46 427
     67 428
     61 429
     54 430
     47 431
     56 432
     62 433
     63 434
     60 435
     57 436
     62 437
     49 438
     56 439
     63 440
     48 441
     58 442
     53 443
     63 444
     70 445
     64 446
     75 447
     65 448
     55 449
     66 450
     76 451
     64 452
     41 453
     55 454
     58 455
     57 456
     85 457
     67 458
     53 459
     68 460
     74 461
     67 462
     80 463
     63 464
     89 465
     78 466
     87 467
     86 468
     83 469
    100 470
     98 471
    110 472
    116 473
    111 474
    110 475
     97 476
    121 477
    104 478
    131 479
    132 480
    146 481
    129 482
    132 483
    125 484
    135 485
    124 486
    126 487
    104 488
    114 489
    125 490
    114 491
    111 492
    106 493
    114 494
    126 495
    112 496
    108 497
    108 498
    104 499
    105 500
    106 501
    101 502
    102 503
    113 504
     87 505
    115 506
    105 507
    106 508
     73 509
    105 510
    101 511
    115 512
     97 513
    118 514
    111 515
    104 516
    105 517
     96 518
    114 519
    102 520
    103 521
    118 522
    127 523
    121 524
    119 525
    117 526
    126 527
    132 528
    130 529
    139 530
    135 531
    142 532
    139 533
    131 534
    146 535
    145 536
    155 537
    158 538
    163 539
    177 540
    180 541
    166 542
    154 543
    191 544
    187 545
    182 546
    195 547
    205 548
    206 549
    222 550
    230 551
    219 552
    200 553
    240 554
    214 555
    221 556
    230 557
    210 558
    207 559
    210 560
    209 561
    218 562
    191 563
    179 564
    214 565
    189 566
    189 567
    191 568
    177 569
    178 570
    195 571
    192 572
    207 573
    183 574
    219 575
    180 576
    189 577
    184 578
    183 579
    208 580
    185 581
    192 582
    170 583
    208 584
    190 585
    207 586
    198 587
    173 588
    193 589
    198 590
    189 591
    175 592
    187 593
    195 594
    204 595
    203 596
    201 597
    217 598
    204 599
    203 600
    229 601
    224 602
    217 603
    241 604
    226 605
    224 606
    217 607
    216 608
    257 609
    259 610
    242 611
    255 612
    287 613
    281 614
    244 615
    295 616
    276 617
    284 618
    296 619
    287 620
    311 621
    277 622
    295 623
    291 624
    299 625
    277 626
    258 627
    255 628
    263 629
    266 630
    272 631
    272 632
    265 633
    261 634
    237 635
    256 636
    229 637
    229 638
    215 639
    254 640
    218 641
    213 642
    199 643
    219 644
    202 645
    221 646
    201 647
    193 648
    214 649
    207 650
    199 651
    218 652
    192 653
    215 654
    198 655
    209 656
    216 657
    215 658
    196 659
    215 660
    226 661
    184 662
    184 663
    211 664
    181 665
    190 666
    196 667
    208 668
    205 669
    214 670
    197 671
    228 672
    205 673
    217 674
    247 675
    201 676
    225 677
    258 678
    225 679
    239 680
    238 681
    230 682
    239 683
    252 684
    245 685
    249 686
    253 687
    236 688
    258 689
    249 690
    225 691
    262 692
    241 693
    250 694
    240 695
    232 696
    227 697
    231 698
    228 699
    202 700
    208 701
    197 702
    222 703
    208 704
    208 705
    200 706
    212 707
    189 708
    169 709
    188 710
    159 711
    183 712
    182 713
    188 714
    181 715
    195 716
    184 717
    198 718
    168 719
    166 720
    180 721
    189 722
    156 723
    185 724
    177 725
    174 726
    174 727
    168 728
    172 729
    152 730
    161 731
    174 732
    166 733
    177 734
    161 735
    183 736
    160 737
    184 738
    180 739
    206 740
    188 741
    178 742
    164 743
    173 744
    180 745
    189 746
    162 747
    185 748
    188 749
    156 750
    179 751
    201 752
    202 753
    199 754
    216 755
    188 756
    202 757
    198 758
    195 759
    233 760
    219 761
    187 762
    200 763
    203 764
    166 765
    206 766
    198 767
    205 768
    194 769
    171 770
    201 771
    209 772
    181 773
    196 774
    189 775
    177 776
    162 777
    175 778
    185 779
    148 780
    166 781
    192 782
    184 783
    163 784
    167 785
    180 786
    173 787
    188 788
    167 789
    164 790
    163 791
    146 792
    178 793
    161 794
    156 795
    169 796
    156 797
    154 798
    159 799
    162 800
    156 801
    149 802
    172 803
    182 804
    159 805
    169 806
    189 807
    172 808
    170 809
    184 810
    160 811
    161 812
    167 813
    190 814
    180 815
    173 816
    138 817
    182 818
    182 819
    176 820
    194 821
    202 822
    202 823
    196 824
    206 825
    205 826
    172 827
    187 828
    169 829
    179 830
    187 831
    188 832
    210 833
    176 834
    187 835
    177 836
    182 837
    201 838
    202 839
    192 840
    175 841
    174 842
    188 843
    152 844
    209 845
    179 846
    175 847
    161 848
    154 849
    154 850
    177 851
    162 852
    167 853
    199 854
    156 855
    154 856
    182 857
    163 858
    160 859
    172 860
    161 861
    194 862
    133 863
    142 864
    180 865
    194 866
    152 867
    158 868
    166 869
    170 870
    163 871
    199 872
    169 873
    159 874
    200 875
    175 876
    183 877
    171 878
    162 879
    179 880
    143 881
    161 882
    156 883
    170 884
    157 885
    182 886
    190 887
    216 888
    157 889
    198 890
    181 891
    189 892
    213 893
    192 894
    170 895
    216 896
    215 897
    229 898
    200 899
    234 900
    178 901
    208 902
    188 903
    220 904
    209 905
    194 906
    201 907
    180 908
    196 909
    168 910
    160 911
    160 912
    168 913
    178 914
    185 915
    167 916
    194 917
    184 918
    180 919
    188 920
    195 921
    171 922
    191 923
    168 924
    162 925
    148 926
    172 927
    185 928
    174 929
    171 930
    148 931
    149 932
    155 933
    146 934
    167 935
    165 936
    146 937
    144 938
    179 939
    158 940
    153 941
    152 942
    167 943
    168 944
    177 945
    182 946
    155 947
    175 948
    175 949
    188 950
    166 951
    175 952
    183 953
    172 954
    168 955
    157 956
    172 957
    194 958
    195 959
    178 960
    185 961
    191 962
    207 963
    208 964
    209 965
    196 966
    202 967
    218 968
    184 969
    198 970
    207 971
    206 972
    168 973
    183 974
    196 975
    199 976
    189 977
    199 978
    188 979
    174 980
    168 981
    183 982
    184 983
    178 984
    190 985
    189 986
    171 987
    170 988
    192 989
    183 990
    151 991
    172 992
    171 993
    177 994
    184 995
    170 996
    161 997
    149 998
    164 999
    170 1000
    153 1001
    157 1002
    157 1003
    169 1004
    174 1005
    165 1006
    154 1007
    187 1008
    159 1009
    150 1010
    153 1011
    171 1012
    184 1013
    163 1014
    175 1015
    171 1016
    178 1017
    164 1018
    172 1019
    183 1020
    161 1021
    177 1022
    177 1023
    170 1024
    176 1025
    206 1026
    172 1027
    188 1028
    169 1029
    177 1030
    202 1031
    192 1032
    184 1033
    196 1034
    190 1035
    168 1036
    183 1037
    191 1038
    175 1039
    155 1040
    190 1041
    192 1042
    185 1043
    178 1044
    163 1045
    181 1046
    155 1047
    192 1048
    173 1049
    198 1050
    174 1051
    158 1052
    161 1053
    169 1054
    155 1055
    171 1056
    165 1057
    146 1058
    179 1059
    160 1060
    168 1061
    158 1062
    140 1063
    164 1064
    147 1065
    154 1066
    168 1067
    140 1068
    171 1069
    141 1070
    166 1071
    158 1072
    147 1073
    170 1074
    143 1075
    164 1076
    151 1077
    139 1078
    151 1079
    159 1080
    167 1081
    145 1082
    158 1083
    149 1084
    145 1085
    161 1086
    134 1087
    161 1088
    166 1089
    178 1090
    178 1091
    169 1092
    172 1093
    163 1094
    175 1095
    137 1096
    139 1097
    189 1098
    134 1099
    163 1100
    151 1101
    154 1102
    155 1103
    148 1104
    162 1105
    183 1106
    177 1107
    161 1108
    188 1109
    175 1110
    161 1111
    172 1112
    184 1113
    181 1114
    179 1115
    156 1116
    155 1117
    155 1118
    145 1119
    136 1120
    146 1121
    145 1122
    143 1123
    141 1124
    137 1125
    137 1126
    124 1127
    145 1128
    156 1129
    122 1130
    121 1131
    146 1132
    141 1133
    146 1134
    135 1135
    122 1136
    129 1137
    137 1138
    116 1139
    129 1140
    114 1141
    133 1142
    135 1143
    123 1144
    143 1145
    152 1146
    119 1147
    135 1148
    118 1149
    138 1150
    132 1151
    132 1152
    127 1153
    130 1154
    123 1155
    121 1156
    130 1157
    113 1158
    138 1159
    124 1160
    119 1161
    141 1162
    121 1163
    146 1164
    113 1165
    128 1166
    137 1167
    114 1168
    127 1169
    121 1170
    128 1171
    130 1172
    118 1173
    119 1174
    107 1175
    112 1176
    143 1177
    128 1178
    124 1179
    105 1180
    117 1181
    123 1182
    118 1183
    131 1184
    127 1185
    101 1186
    122 1187
     96 1188
    127 1189
    119 1190
    109 1191
    103 1192
     98 1193
    116 1194
    123 1195
     85 1196
    108 1197
    110 1198
    108 1199
     93 1200
    119 1201
    110 1202
     98 1203
     95 1204
     95 1205
    103 1206
    100 1207
    101 1208
     95 1209
    109 1210
     92 1211
     91 1212
     76 1213
     83 1214
     95 1215
     85 1216
     97 1217
     98 1218
    105 1219
     94 1220
     91 1221
     97 1222
     85 1223
     95 1224
    102 1225
     89 1226
    107 1227
     99 1228
     94 1229
     88 1230
     91 1231
     92 1232
     80 1233
     99 1234
     92 1235
     99 1236
     91 1237
     91 1238
    103 1239
     81 1240
     89 1241
     99 1242
     99 1243
     97 1244
    106 1245
     79 1246
     84 1247
     79 1248
    106 1249
     86 1250
     90 1251
     98 1252
     89 1253
     87 1254
     98 1255
     84 1256
     93 1257
     77 1258
     69 1259
     93 1260
     90 1261
     66 1262
     69 1263
     73 1264
     75 1265
     91 1266
     68 1267
     92 1268
     74 1269
     69 1270
     74 1271
     79 1272
     76 1273
     81 1274
     79 1275
     75 1276
     72 1277
     82 1278
     77 1279
     71 1280
     69 1281
     60 1282
     83 1283
     59 1284
     71 1285
     74 1286
     64 1287
     76 1288
     84 1289
     72 1290
     57 1291
     66 1292
     83 1293
     69 1294
     78 1295
     63 1296
     65 1297
     77 1298
     73 1299
     57 1300
     77 1301
     71 1302
     75 1303
     72 1304
     67 1305
     82 1306
     72 1307
     61 1308
     84 1309
     68 1310
     61 1311
     72 1312
     64 1313
     69 1314
     74 1315
     68 1316
     72 1317
     69 1318
     59 1319
     59 1320
     71 1321
     78 1322
     76 1323
     56 1324
     70 1325
     72 1326
     62 1327
     72 1328
     65 1329
     65 1330
     68 1331
     73 1332
     59 1333
     66 1334
     69 1335
     59 1336
     73 1337
     58 1338
     55 1339
     59 1340
     59 1341
     55 1342
     69 1343
     66 1344
     55 1345
     61 1346
     56 1347
     56 1348
     60 1349
     58 1350
     59 1351
     58 1352
     59 1353
     60 1354
     51 1355
     59 1356
     48 1357
     46 1358
     51 1359
     60 1360
     62 1361
     55 1362
     50 1363
     62 1364
     47 1365
     47 1366
     69 1367
     43 1368
     61 1369
     46 1370
     54 1371
     46 1372
     62 1373
     47 1374
     43 1375
     51 1376
     45 1377
     53 1378
     53 1379
     54 1380
     57 1381
     57 1382
     50 1383
     55 1384
     46 1385
     45 1386
     78 1387
     60 1388
     52 1389
     52 1390
     53 1391
     54 1392
     66 1393
     60 1394
     46 1395
     41 1396
     60 1397
     45 1398
     49 1399
     62 1400
     43 1401
     52 1402
     51 1403
     55 1404
     37 1405
     38 1406
     48 1407
     44 1408
     56 1409
     49 1410
     44 1411
     42 1412
     50 1413
     55 1414
     54 1415
     31 1416
     46 1417
     46 1418
     40 1419
     46 1420
     53 1421
     41 1422
     60 1423
     41 1424
     56 1425
     53 1426
     36 1427
     46 1428
     46 1429
     48 1430
     40 1431
     38 1432
     35 1433
     25 1434
     34 1435
     44 1436
     33 1437
     43 1438
     50 1439
     41 1440
     42 1441
     54 1442
     34 1443
     45 1444
     44 1445
     42 1446
     49 1447
     44 1448
     45 1449
     39 1450
     41 1451
     70 1452
     46 1453
     38 1454
     43 1455
     46 1456
     46 1457
     37 1458
     41 1459
     43 1460
     44 1461
     41 1462
     47 1463
     44 1464
     44 1465
     47 1466
     54 1467
     46 1468
     36 1469
     31 1470
     34 1471
     40 1472
     44 1473
     44 1474
     49 1475
     40 1476
     27 1477
     32 1478
     34 1479
     45 1480
     36 1481
     32 1482
     43 1483
     46 1484
     31 1485
     33 1486
     38 1487
     32 1488
     38 1489
     37 1490
     34 1491
     38 1492
     31 1493
     36 1494
     32 1495
     44 1496
     39 1497
     40 1498
     31 1499
     35 1500
     53 1501
     31 1502
     37 1503
     37 1504
     42 1505
     30 1506
     41 1507
     31 1508
     43 1509
     33 1510
     39 1511
     34 1512
     36 1513
     34 1514
     30 1515
     28 1516
     32 1517
     35 1518
     28 1519
     26 1520
     31 1521
     32 1522
     36 1523
     36 1524
     40 1525
     46 1526
     43 1527
     34 1528
     39 1529
     35 1530
     51 1531
     38 1532
     29 1533
     31 1534
     36 1535
     33 1536
     33 1537
     40 1538
     32 1539
     24 1540
     26 1541
     28 1542
     36 1543
     40 1544
     30 1545
     29 1546
     34 1547
     37 1548
     39 1549
     27 1550
     35 1551
     26 1552
     35 1553
     32 1554
     17 1555
     36 1556
     37 1557
     24 1558
     24 1559
     33 1560
     22 1561
     35 1562
     39 1563
     22 1564
     32 1565
     33 1566
     29 1567
     32 1568
     29 1569
     18 1570
     38 1571
     25 1572
     34 1573
     25 1574
     28 1575
     26 1576
     31 1577
     34 1578
     28 1579
     22 1580
     23 1581
     22 1582
     22 1583
     28 1584
     24 1585
     33 1586
     26 1587
     23 1588
     30 1589
     28 1590
     33 1591
     38 1592
     36 1593
     23 1594
     31 1595
     29 1596
     21 1597
     17 1598
     30 1599
     35 1600
     18 1601
     28 1602
     25 1603
     16 1604
     23 1605
     32 1606
     27 1607
     24 1608
     27 1609
     16 1610
     22 1611
     30 1612
     26 1613
     23 1614
     26 1615
     24 1616
     29 1617
     18 1618
     30 1619
     25 1620
     21 1621
     26 1622
     18 1623
     21 1624
     24 1625
     28 1626
     24 1627
     23 1628
     32 1629
     36 1630
     18 1631
     17 1632
     24 1633
     27 1634
     25 1635
     23 1636
     23 1637
     18 1638
     34 1639
     30 1640
     20 1641
     18 1642
     19 1643
     30 1644
     16 1645
     21 1646
     25 1647
     28 1648
     20 1649
     23 1650
     17 1651
     20 1652
     15 1653
     24 1654
     26 1655
     31 1656
     13 1657
     28 1658
     31 1659
     20 1660
     24 1661
     18 1662
     26 1663
     16 1664
     18 1665
     21 1666
     22 1667
     28 1668
     23 1669
     23 1670
     22 1671
     23 1672
     17 1673
     29 1674
     15 1675
     25 1676
     15 1677
     23 1678
     14 1679
     21 1680
     22 1681
      9 1682
     24 1683
     23 1684
     16 1685
     18 1686
     20 1687
     18 1688
     21 1689
     23 1690
     27 1691
     17 1692
     15 1693
     21 1694
     19 1695
     14 1696
     21 1697
     21 1698
     15 1699
     18 1700
     17 1701
     16 1702
     22 1703
     20 1704
     17 1705
     17 1706
     16 1707
     14 1708
     27 1709
     22 1710
     18 1711
     22 1712
     27 1713
     16 1714
     23 1715
     22 1716
     16 1717
     18 1718
     23 1719
     12 1720
     11 1721
     24 1722
     14 1723
      8 1724
     17 1725
     17 1726
     22 1727
     14 1728
      9 1729
     13 1730
     23 1731
     22 1732
     15 1733
     12 1734
     16 1735
     15 1736
     12 1737
     18 1738
     21 1739
     14 1740
     14 1741
     22 1742
     20 1743
     20 1744
     14 1745
     13 1746
     18 1747
     12 1748
     13 1749
     12 1750
     12 1751
     16 1752
     15 1753
     14 1754
     16 1755
     15 1756
     19 1757
     18 1758
     17 1759
     15 1760
     13 1761
     17 1762
     21 1763
     16 1764
     15 1765
     16 1766
     18 1767
     19 1768
     16 1769
     12 1770
     11 1771
     19 1772
     15 1773
     15 1774
     14 1775
     16 1776
     14 1777
      9 1778
      9 1779
      5 1780
     18 1781
     13 1782
     16 1783
     18 1784
      7 1785
     11 1786
     13 1787
     20 1788
     16 1789
     14 1790
     11 1791
     13 1792
     14 1793
     17 1794
     17 1795
     12 1796
      9 1797
     14 1798
      8 1799
     20 1800
     10 1801
     18 1802
     14 1803
     11 1804
      8 1805
     11 1806
     10 1807
     15 1808
     12 1809
     10 1810
     11 1811
     11 1812
     10 1813
     13 1814
     21 1815
      9 1816
     13 1817
     10 1818
     10 1819
     10 1820
     12 1821
     13 1822
     12 1823
     14 1824
     15 1825
     11 1826
     12 1827
      9 1828
     19 1829
      8 1830
     14 1831
     15 1832
      7 1833
     16 1834
      9 1835
     15 1836
     10 1837
     11 1838
      7 1839
      6 1840
      6 1841
     13 1842
      8 1843
     17 1844
     15 1845
     13 1846
      9 1847
      8 1848
      8 1849
     11 1850
     12 1851
      3 1852
      9 1853
     10 1854
     10 1855
      8 1856
      6 1857
     10 1858
     11 1859
     11 1860
      8 1861
      8 1862
     12 1863
      8 1864
      8 1865
      4 1866
      7 1867
      9 1868
      8 1869
     10 1870
      8 1871
      7 1872
     13 1873
      8 1874
     11 1875
     10 1876
     15 1877
      8 1878
      7 1879
      9 1880
      9 1881
      5 1882
      6 1883
     10 1884
     12 1885
      6 1886
     12 1887
      7 1888
      7 1889
      8 1890
      5 1891
     12 1892
     10 1893
      3 1894
      7 1895
      6 1896
      6 1897
     12 1898
      3 1899
      8 1900
      7 1901
      9 1902
      9 1903
      7 1904
     10 1905
      6 1906
      3 1907
      8 1908
     13 1909
      6 1910
      9 1911
      7 1912
     10 1913
      6 1914
      7 1915
      6 1916
      5 1917
     10 1918
      5 1919
      3 1920
      6 1921
      8 1922
     12 1923
      3 1924
     11 1925
     10 1926
      6 1927
      8 1928
      6 1929
     10 1930
     10 1931
      6 1932
      3 1933
     13 1934
      9 1935
     16 1936
      6 1937
      6 1938
      5 1939
      7 1940
      3 1941
      8 1942
      6 1943
      7 1944
      5 1945
      5 1946
      2 1947
      6 1948
      9 1949
      3 1950
      6 1951
      9 1952
      9 1953
      7 1954
      4 1955
      6 1956
      6 1957
      8 1958
      8 1959
      3 1960
      5 1961
      3 1962
      4 1963
      3 1964
      3 1965
      6 1966
      5 1967
     10 1968
      5 1969
      4 1970
      3 1971
      4 1972
     10 1973
      7 1974
     13 1975
      6 1976
      3 1977
      6 1978
      5 1979
      8 1980
      4 1981
      9 1982
      7 1983
      9 1984
      6 1985
      4 1986
      5 1987
      6 1988
      2 1989
      5 1990
      3 1991
      7 1992
      9 1993
      5 1994
      7 1995
      5 1996
      6 1997
      3 1998
      4 1999
      3 2000
      8 2001
      3 2002
      6 2003
      6 2004
      4 2005
      3 2006
      2 2007
      3 2008
      5 2009
      3 2010
      3 2011
      3 2012
      6 2013
      7 2014
      2 2015
      5 2016
      3 2017
      3 2018
      4 2019
      2 2020
      1 2022
      3 2023
      7 2024
      5 2025
      4 2026
      5 2027
      2 2028
      2 2029
      7 2030
      2 2031
      2 2032
      1 2033
      4 2034
      4 2035
      4 2036
      5 2037
      4 2038
      1 2039
      5 2040
      6 2041
      2 2042
      9 2043
      3 2044
      1 2045
      5 2046
      5 2047
      7 2048
      1 2049
      2 2050
      4 2051
      3 2052
      4 2053
      3 2054
      4 2055
      2 2056
      4 2057
      4 2058
      1 2059
      4 2060
      2 2061
      2 2062
      2 2063
      4 2064
      2 2065
      3 2066
      3 2067
      4 2069
      2 2070
      5 2071
      2 2072
      3 2073
      6 2074
      1 2075
      3 2076
      5 2077
      6 2078
      2 2079
      7 2080
      1 2081
      6 2082
      8 2083
      2 2084
      4 2085
      4 2086
      4 2087
      2 2088
      2 2089
      4 2090
      2 2091
      1 2092
      5 2093
      3 2094
      4 2095
      2 2096
      3 2097
      2 2098
      7 2099
      3 2100
      5 2102
      1 2103
      4 2104
      8 2105
      4 2106
      3 2107
      2 2108
      3 2109
      3 2110
      3 2111
      2 2112
      4 2114
      3 2115
      3 2116
      2 2117
      4 2118
      5 2119
      4 2120
      2 2121
      2 2122
      1 2123
      2 2124
      2 2125
      3 2126
      2 2127
      3 2128
      3 2129
      4 2130
      4 2131
      2 2132
      2 2133
      3 2134
      7 2135
      1 2136
      2 2137
      4 2138
      5 2139
      6 2140
      4 2141
      1 2142
      6 2143
      3 2144
      2 2145
      1 2146
      3 2147
      1 2148
      6 2149
      6 2150
      2 2151
      3 2152
      4 2153
      2 2154
      1 2155
      3 2156
      2 2157
      2 2158
      2 2159
      3 2160
      3 2161
      2 2162
      5 2163
      1 2164
      1 2165
      2 2166
      3 2167
      3 2168
      5 2169
      5 2170
      2 2171
      4 2172
      1 2173
      1 2174
      2 2175
      3 2176
      4 2177
      3 2178
      2 2179
      4 2180
      2 2181
      2 2182
      3 2183
      2 2184
      2 2185
      1 2186
      1 2187
      1 2188
      4 2189
      3 2190
      5 2192
      4 2193
      2 2194
      4 2195
      1 2196
      2 2197
      3 2199
      3 2202
      3 2203
      1 2204
      2 2205
      3 2206
      2 2207
      1 2208
      1 2209
      2 2210
      2 2211
      4 2212
      1 2213
      4 2216
      1 2217
      2 2218
      1 2219
      1 2220
      3 2221
      2 2222
      3 2223
      2 2224
      1 2225
      2 2226
      2 2227
      2 2229
      3 2230
      1 2231
      3 2232
      3 2233
      5 2235
      5 2236
      1 2237
      4 2238
      3 2240
      3 2241
      1 2242
      3 2243
      1 2245
      3 2246
      4 2248
      3 2249
      2 2250
      4 2251
      2 2252
      2 2253
      1 2254
      1 2255
      4 2256
      4 2257
      2 2258
      1 2260
      2 2261
      3 2262
      1 2263
      4 2264
      1 2265
      5 2266
      1 2267
      3 2268
      2 2270
      1 2271
      2 2272
      1 2273
      2 2274
      1 2275
      2 2276
      2 2277
      6 2278
      1 2279
      2 2280
      3 2282
      2 2285
      2 2286
      1 2287
      1 2288
      2 2289
      3 2290
      2 2292
      2 2293
      4 2294
      1 2295
      3 2296
      3 2297
      1 2298
      2 2299
      2 2300
      2 2301
      1 2302
      3 2304
      2 2306
      3 2307
      3 2308
      3 2309
      3 2311
      3 2312
      2 2313
      3 2314
      2 2315
      1 2316
      1 2317
      1 2318
      2 2319
      1 2320
      4 2321
      2 2323
      1 2324
      2 2326
      1 2327
      5 2328
      3 2330
      1 2332
      2 2333
      3 2335
      1 2337
      3 2338
      1 2339
      1 2340
      3 2341
      2 2342
      1 2344
      2 2345
      4 2346
      2 2348
      1 2349
      1 2350
      3 2353
      3 2354
      1 2355
      1 2356
      1 2357
      1 2358
      2 2359
      2 2360
      3 2361
      1 2362
      1 2363
      1 2364
      2 2365
      2 2366
      1 2367
      2 2369
      2 2370
      1 2372
      3 2373
      4 2374
      1 2375
      1 2376
      1 2377
      1 2378
      1 2379
      2 2380
      1 2381
      3 2382
      1 2384
      2 2385
      2 2387
      2 2388
      3 2389
      1 2390
      1 2391
      1 2392
      1 2393
      2 2394
      2 2396
      3 2397
      1 2400
      1 2401
      1 2402
      5 2404
      1 2406
      1 2408
      2 2410
      1 2412
      2 2413
      3 2414
      1 2416
      2 2417
      1 2420
      2 2421
      2 2423
      1 2424
      1 2425
      2 2427
      2 2428
      2 2429
      4 2430
      1 2431
      1 2434
      1 2436
      1 2437
      1 2438
      2 2442
      2 2443
      1 2444
      1 2446
      1 2447
      1 2448
      1 2450
      2 2451
      2 2453
      1 2454
      1 2455
      2 2456
      2 2457
      2 2458
      3 2462
      2 2463
      1 2464
      3 2465
      3 2467
      2 2472
      2 2474
      1 2475
      2 2476
      3 2477
      1 2478
      2 2479
      1 2480
      2 2481
      1 2483
      2 2485
      3 2488
      1 2489
      1 2490
      1 2491
      1 2492
      2 2493
      1 2494
      2 2495
      1 2496
      2 2497
      1 2498
      1 2499
      2 2500
      1 2502
      2 2504
      1 2507
      3 2508
      1 2510
      1 2511
      2 2512
      2 2513
      1 2514
      3 2516
      2 2518
      2 2520
      3 2521
      2 2522
      1 2527
      1 2528
      1 2530
      1 2531
      2 2532
      4 2533
      1 2535
      2 2536
      1 2537
      2 2538
      2 2539
      2 2542
      1 2543
      1 2544
      1 2545
      1 2546
      3 2549
      1 2551
      2 2553
      1 2554
      3 2555
      1 2556
      3 2557
      2 2560
      1 2561
      2 2562
      2 2563
      4 2565
      1 2566
      2 2571
      1 2572
      1 2574
      1 2578
      1 2580
      1 2581
      2 2583
      3 2585
      1 2586
      1 2589
      1 2590
      1 2594
      2 2595
      1 2596
      1 2600
      1 2601
      3 2602
      1 2604
      1 2606
      1 2607
      1 2608
      1 2610
      2 2612
      1 2613
      1 2615
      1 2616
      1 2617
      2 2618
      1 2619
      1 2620
      1 2621
      1 2624
      1 2627
      1 2628
      2 2629
      1 2630
      1 2632
      1 2633
      3 2634
      1 2636
      1 2637
      1 2640
      2 2641
      2 2642
      2 2643
      2 2648
      1 2649
      1 2650
      1 2651
      2 2652
      1 2654
      1 2656
      2 2661
      2 2669
      4 2671
      1 2672
      2 2673
      1 2677
      1 2679
      1 2680
      1 2684
      1 2685
      2 2688
      1 2690
      1 2692
      2 2693
      1 2694
      1 2698
      1 2699
      1 2700
      2 2701
      1 2706
      1 2708
      2 2709
      2 2711
      1 2712
      1 2713
      1 2714
      1 2717
      1 2719
      1 2720
      1 2721
      1 2722
      1 2723
      1 2724
      2 2725
      2 2726
      2 2727
      1 2729
      1 2730
      1 2731
      1 2733
      1 2735
      2 2736
      1 2740
      1 2741
      3 2745
      2 2750
      1 2754
      1 2755
      3 2756
      1 2757
      1 2758
      1 2762
      1 2768
      2 2770
      2 2771
      5 2772
      1 2773
      1 2777
      3 2778
      1 2779
      1 2780
      2 2785
      1 2788
      1 2790
      1 2792
      1 2793
      1 2794
      2 2796
      2 2797
      1 2799
      1 2801
      1 2804
      1 2805
      2 2806
      1 2807
      1 2808
      1 2809
      2 2810
      1 2811
      2 2813
      1 2816
      1 2817
      2 2818
      2 2820
      2 2822
      1 2824
      1 2828
      1 2830
      1 2833
      1 2834
      1 2837
      2 2840
      1 2841
      2 2848
      1 2850
      1 2852
      1 2854
      1 2855
      1 2856
      2 2857
      2 2858
      1 2859
      1 2863
      1 2864
      2 2867
      2 2868
      1 2875
      1 2876
      1 2881
      1 2882
      2 2883
      1 2885
      1 2886
      1 2887
      2 2893
      1 2897
      2 2899
      1 2900
      1 2901
      2 2902
      1 2903
      1 2904
      1 2905
      2 2907
      1 2908
      1 2909
      1 2911
      1 2913
      2 2916
      1 2918
      3 2920
      1 2926
      1 2927
      1 2930
      1 2931
      2 2934
      2 2935
      1 2940
      1 2942
      1 2946
      2 2948
      1 2949
      1 2953
      1 2954
      1 2955
      2 2956
      1 2957
      1 2962
      1 2965
      2 2967
      1 2968
      2 2970
      1 2972
      1 2973
      1 2974
      1 2976
      1 2977
      2 2978
      1 2981
      1 2982
      1 2984
      1 2990
      1 2993
      1 2997
      1 3000
      1 3005
      1 3006
      1 3008
      1 3009
      2 3010
      1 3015
      1 3016
      1 3017
      2 3021
      1 3023
      2 3024
      1 3025
      1 3027
      2 3032
      2 3033
      1 3039
      1 3041
      2 3044
      1 3050
      2 3052
      1 3053
      1 3057
      1 3059
      1 3060
      1 3062
      1 3063
      1 3065
      1 3067
      1 3068
      4 3070
      1 3072
      1 3074
      1 3078
      1 3083
      3 3084
      1 3085
      1 3091
      1 3093
      1 3097
      1 3100
      1 3103
      1 3106
      1 3107
      1 3114
      3 3116
      2 3127
      2 3140
      1 3144
      1 3145
      1 3146
      1 3147
      1 3156
      1 3160
      1 3161
      2 3162
      1 3169
      1 3181
      3 3192
      1 3194
      1 3197
      1 3200
      1 3203
      1 3207
      1 3210
      1 3212
      1 3214
      1 3217
      1 3219
      1 3222
      3 3226
      2 3228
      2 3236
      1 3240
      1 3241
      1 3250
      1 3253
      1 3255
      1 3261
      1 3262
      1 3266
      1 3269
      1 3271
      1 3274
      1 3277
      1 3278
      1 3279
      2 3281
      1 3284
      1 3291
      2 3293
      2 3296
      2 3298
      3 3299
      1 3301
      1 3306
      1 3312
      1 3314
      1 3315
      1 3317
      1 3322
      1 3324
      1 3325
      1 3326
      2 3328
      2 3329
      1 3335
      1 3346
      2 3350
      2 3352
      1 3354
      1 3355
      1 3359
      1 3363
      1 3368
      1 3371
      2 3374
      1 3375
      1 3387
      1 3394
      1 3396
      1 3402
      1 3403
      2 3409
      1 3411
      1 3416
      1 3423
      1 3426
      1 3434
      1 3437
      1 3440
      1 3444
      1 3446
      1 3450
      2 3454
      1 3458
      1 3462
      1 3463
      1 3465
      1 3472
      1 3473
      1 3476
      1 3477
      1 3484
      1 3491
      1 3496
      2 3497
      2 3500
      1 3502
      1 3503
      1 3518
      1 3523
      1 3524
      1 3527
      1 3532
      1 3538
      1 3542
      1 3543
      1 3544
      1 3549
      3 3560
      1 3571
      1 3574
      1 3581
      1 3584
      1 3593
      1 3595
      2 3599
      1 3602
      2 3605
      1 3614
      1 3621
      1 3625
      1 3628
      1 3629
      1 3632
      1 3659
      1 3664
      1 3679
      1 3686
      1 3689
      1 3694
      1 3699
      1 3701
      1 3711
      1 3715
      1 3718
      1 3724
      1 3728
      1 3729
      1 3740
      1 3747
      1 3750
      1 3752
      1 3754
      1 3758
      1 3762
      1 3769
      1 3774
      1 3775
      1 3783
      1 3785
      1 3793
      1 3795
      1 3800
      1 3804
      1 3813
      1 3817
      1 3822
      1 3825
      1 3833
      2 3834
      1 3836
      1 3851
      1 3866
      1 3869
      1 3880
      1 3894
      2 3896
      1 3908
      1 3919
      2 3920
      1 3922
      1 3929
      1 3935
      1 3943
      1 3958
      1 3973
      1 3974
      1 3978
      1 3980
      1 3993
      1 3996
      1 3997
      1 3998
      1 3999
      1 4000
      1 4018
      1 4025
      1 4034
      1 4057
      1 4090
      1 4095
      1 4104
      1 4113
      1 4120
      1 4132
      1 4136
      1 4141
      1 4155
      1 4165
      1 4169
      1 4193
      1 4196
      1 4202
      1 4216
      1 4224
      1 4238
      1 4245
      1 4246
      2 4262
      1 4277
      1 4280
      1 4326
      1 4343
      1 4373
      1 4406
      1 4475
      1 4511
      1 4512
      1 4517
      1 4528
      1 4543
      1 4554
      1 4568
      1 4573
      1 4594
      1 4608
      1 4615
      1 4618
      1 4658
      1 4666
      1 4674
      1 4678
      1 4706
      1 4732
      1 4770
      1 4825
      1 4830
      1 4837
      1 4854
      1 4859
      1 4903
      1 4953
      1 4993
      1 5010
      1 5053
      1 5054
      1 5056
      2 5080
      1 5113
      1 5114
      1 5135
      1 5145
      1 5147
      2 5172
      1 5181
      1 5182
      1 5208
      1 5209
      1 5218
      1 5221
      1 5236
      1 5239
      1 5250
      1 5260
      1 5263
      1 5279
      1 5342
      1 5360
      1 5383
      1 5464
      1 5471
      1 5474
      1 5486
      1 5496
      1 5535
      1 5549
      1 5562
      1 5564
      1 5572
      1 5609
      1 5699
      1 5771
      1 5774
      1 5812
      1 5825
      1 5847
      1 5861
      1 5910
      1 6035
      1 6042
      1 6080
      1 6087
      1 6219
      1 6250
      1 6307
      1 6313
      1 6399
      1 6417
      1 6448
      1 6609
      1 6830
      1 6907
      1 6947
      1 6967
      1 6992
      1 7102
      1 7260
      1 7308
      1 7547
      1 7614
      1 7719
      1 7727
      1 7822
      1 7902
      1 8001
      1 8247
      1 8293
      1 8375
      1 8477
      1 8724
      1 8864
      1 9060
      1 9792
      1 9921
      1 10249
      1 10514
      1 14777
      1 14996
      1 15923
      1 20293
---AAD-PGBENCH-LAG-US---
