pgbench (18.6 (Debian 18.6-1.pgdg13+2))
starting vacuum...end.
transaction type: <builtin: select only>
scaling factor: 1000
query mode: simple
number of clients: 64
number of threads: 16
maximum number of tries: 1
duration: 60 s
number of transactions actually processed: 8268890
number of failed transactions: 0 (0.000%)
latency average = 0.463 ms
initial connection time = 131.858 ms
tps = 138092.735758 (without initial connection time)
---AAD-PGBENCH-LATENCY-US---
rc=0
samples=165701
      1 233
      1 237
      1 238
      3 239
      3 241
      3 243
      2 244
      4 245
      4 246
      8 247
     10 248
     10 249
     10 250
     13 251
     19 252
     23 253
     20 254
     24 255
     34 256
     30 257
     33 258
     34 259
     47 260
     46 261
     47 262
     60 263
     83 264
     78 265
     66 266
     74 267
    111 268
    133 269
     95 270
    108 271
    126 272
    128 273
    154 274
    158 275
    184 276
    170 277
    160 278
    162 279
    164 280
    151 281
    148 282
    160 283
    179 284
    159 285
    137 286
    163 287
    147 288
    162 289
    149 290
    162 291
    152 292
    163 293
    146 294
    155 295
    156 296
    157 297
    164 298
    173 299
    180 300
    167 301
    170 302
    166 303
    189 304
    177 305
    186 306
    187 307
    190 308
    181 309
    202 310
    223 311
    219 312
    229 313
    224 314
    244 315
    283 316
    256 317
    303 318
    293 319
    304 320
    300 321
    336 322
    332 323
    367 324
    357 325
    402 326
    386 327
    441 328
    469 329
    460 330
    565 331
    555 332
    566 333
    646 334
    669 335
    663 336
    686 337
    760 338
    806 339
    821 340
    849 341
    899 342
    918 343
   1002 344
   1014 345
   1051 346
    901 347
    987 348
    929 349
    858 350
    783 351
    900 352
    824 353
    750 354
    774 355
    748 356
    714 357
    691 358
    654 359
    607 360
    665 361
    660 362
    629 363
    647 364
    605 365
    643 366
    590 367
    608 368
    594 369
    608 370
    568 371
    556 372
    603 373
    549 374
    538 375
    604 376
    547 377
    558 378
    533 379
    539 380
    550 381
    576 382
    515 383
    567 384
    526 385
    546 386
    502 387
    511 388
    502 389
    515 390
    571 391
    541 392
    560 393
    570 394
    571 395
    621 396
    604 397
    626 398
    631 399
    643 400
    649 401
    733 402
    737 403
    719 404
    757 405
    829 406
    821 407
    834 408
    812 409
    905 410
    862 411
    784 412
    858 413
    920 414
    815 415
    805 416
    827 417
    801 418
    786 419
    705 420
    731 421
    658 422
    658 423
    659 424
    566 425
    640 426
    523 427
    551 428
    504 429
    516 430
    504 431
    491 432
    465 433
    414 434
    461 435
    423 436
    420 437
    418 438
    448 439
    419 440
    363 441
    409 442
    365 443
    415 444
    365 445
    377 446
    337 447
    357 448
    359 449
    383 450
    369 451
    353 452
    360 453
    340 454
    337 455
    333 456
    377 457
    368 458
    381 459
    377 460
    380 461
    374 462
    394 463
    406 464
    391 465
    417 466
    410 467
    448 468
    416 469
    455 470
    452 471
    442 472
    458 473
    493 474
    523 475
    539 476
    527 477
    502 478
    560 479
    550 480
    572 481
    564 482
    630 483
    596 484
    569 485
    571 486
    531 487
    534 488
    527 489
    516 490
    494 491
    505 492
    501 493
    447 494
    441 495
    426 496
    413 497
    372 498
    377 499
    377 500
    399 501
    362 502
    379 503
    369 504
    363 505
    348 506
    328 507
    341 508
    350 509
    328 510
    333 511
    313 512
    378 513
    330 514
    302 515
    353 516
    339 517
    333 518
    312 519
    311 520
    322 521
    326 522
    275 523
    343 524
    323 525
    334 526
    311 527
    314 528
    296 529
    303 530
    311 531
    349 532
    319 533
    327 534
    329 535
    328 536
    353 537
    365 538
    347 539
    365 540
    354 541
    394 542
    346 543
    372 544
    389 545
    393 546
    387 547
    393 548
    428 549
    423 550
    431 551
    456 552
    450 553
    405 554
    408 555
    411 556
    384 557
    384 558
    357 559
    383 560
    348 561
    320 562
    306 563
    320 564
    282 565
    276 566
    303 567
    318 568
    255 569
    273 570
    247 571
    266 572
    257 573
    245 574
    232 575
    254 576
    224 577
    232 578
    237 579
    237 580
    247 581
    223 582
    229 583
    223 584
    186 585
    212 586
    240 587
    198 588
    199 589
    197 590
    226 591
    233 592
    206 593
    192 594
    203 595
    230 596
    141 597
    213 598
    196 599
    193 600
    189 601
    202 602
    177 603
    189 604
    201 605
    218 606
    213 607
    218 608
    216 609
    184 610
    206 611
    217 612
    173 613
    196 614
    195 615
    222 616
    217 617
    212 618
    206 619
    189 620
    211 621
    217 622
    209 623
    218 624
    229 625
    211 626
    219 627
    164 628
    186 629
    174 630
    160 631
    184 632
    180 633
    166 634
    156 635
    157 636
    168 637
    155 638
    139 639
    146 640
    116 641
    144 642
    160 643
    121 644
    140 645
    130 646
    110 647
    136 648
    130 649
    132 650
    119 651
    129 652
    115 653
    124 654
    114 655
    123 656
    123 657
    115 658
    100 659
    130 660
    102 661
     80 662
    100 663
    105 664
     93 665
     94 666
     93 667
     97 668
    111 669
     96 670
     95 671
     83 672
     94 673
     96 674
     99 675
    109 676
     99 677
    102 678
     92 679
     92 680
    102 681
     96 682
    105 683
     96 684
     94 685
    100 686
    102 687
    104 688
     90 689
    105 690
    115 691
    124 692
     86 693
    110 694
    104 695
     88 696
     97 697
     79 698
     77 699
     80 700
     77 701
     77 702
     68 703
     78 704
     81 705
     75 706
     82 707
     76 708
     65 709
     61 710
     73 711
     65 712
     60 713
     66 714
     61 715
     66 716
     65 717
     62 718
     59 719
     49 720
     55 721
     51 722
     70 723
     58 724
     52 725
     47 726
     45 727
     63 728
     64 729
     54 730
     51 731
     34 732
     54 733
     48 734
     46 735
     50 736
     46 737
     51 738
     46 739
     52 740
     38 741
     43 742
     43 743
     50 744
     50 745
     54 746
     37 747
     51 748
     60 749
     38 750
     45 751
     38 752
     43 753
     53 754
     42 755
     40 756
     34 757
     40 758
     53 759
     40 760
     47 761
     40 762
     32 763
     45 764
     45 765
     40 766
     39 767
     36 768
     27 769
     49 770
     33 771
     34 772
     34 773
     26 774
     36 775
     29 776
     25 777
     38 778
     29 779
     25 780
     19 781
     25 782
     31 783
     16 784
     32 785
     21 786
     28 787
     21 788
     22 789
     16 790
     19 791
     13 792
     16 793
     19 794
     22 795
     19 796
     14 797
     23 798
     15 799
     16 800
     34 801
     23 802
     19 803
     15 804
     16 805
     18 806
     15 807
     14 808
     23 809
     18 810
     21 811
     16 812
     21 813
     28 814
     16 815
     15 816
     27 817
     18 818
     24 819
     16 820
     26 821
     21 822
     17 823
     14 824
     22 825
     20 826
     21 827
     18 828
     18 829
     10 830
      8 831
     19 832
     22 833
     13 834
     13 835
     16 836
     15 837
     14 838
     13 839
     17 840
     15 841
     14 842
     11 843
     17 844
     16 845
     16 846
     10 847
     16 848
     10 849
     19 850
     16 851
      6 852
     16 853
      8 854
     10 855
      9 856
     16 857
      9 858
     13 859
     16 860
      7 861
     12 862
     13 863
     13 864
      3 865
      7 866
     12 867
      8 868
      7 869
     11 870
     10 871
      6 872
      7 873
      8 874
      5 875
      8 876
      8 877
     11 878
      5 879
     11 880
      6 881
     14 882
      8 883
     10 884
     11 885
      9 886
      7 887
      8 888
     11 889
      4 890
      3 891
      9 892
      8 893
      6 894
      4 895
     11 896
      6 897
      5 898
      4 899
     11 900
      6 901
      8 902
      4 903
     10 904
      4 905
      8 906
      6 907
      9 908
      9 909
      3 910
      5 911
      5 912
      7 913
      6 914
     10 915
      7 916
      6 917
      6 918
     10 919
      7 920
      3 921
     10 922
      7 923
      9 924
      7 925
      3 926
      5 927
      7 928
      2 929
      2 930
      2 931
      5 932
      5 933
      3 934
      6 935
      3 936
      7 937
      4 938
      3 939
      2 940
      7 941
      5 942
      3 943
      2 944
      4 945
      3 946
      6 947
      2 948
      4 949
      4 950
      5 951
      3 952
      6 953
      1 954
      3 955
      6 956
      6 957
      6 958
      3 959
      1 960
      3 961
      4 962
      4 963
      1 964
      6 965
      6 966
      4 967
      6 968
      2 969
      5 970
      1 971
      5 972
      8 973
      2 974
      1 975
      2 976
      2 977
      6 978
      1 979
      5 980
      1 981
      1 982
      1 983
      5 984
      5 985
      3 986
      7 987
      1 988
      3 989
      2 990
      3 991
      4 992
      2 993
      4 994
      3 995
      2 996
      1 997
      3 998
      2 999
      2 1000
      4 1001
      2 1002
      1 1003
      4 1004
      1 1005
      1 1006
      1 1007
      3 1008
      2 1010
      1 1011
      2 1012
      2 1013
      1 1014
      4 1015
      2 1016
      1 1017
      2 1019
      3 1020
      1 1021
      1 1022
      2 1023
      1 1024
      1 1025
      5 1026
      4 1027
      1 1028
      2 1029
      6 1030
      3 1031
      1 1032
      2 1033
      1 1034
      2 1036
      3 1037
      2 1038
      1 1039
      1 1040
      4 1041
      2 1042
      1 1043
      2 1044
      1 1046
      2 1047
      5 1048
      2 1049
      4 1050
      4 1051
      3 1053
      3 1055
      1 1056
      1 1057
      1 1058
      1 1059
      2 1060
      1 1062
      1 1063
      2 1066
      1 1067
      2 1070
      1 1071
      1 1074
      1 1076
      3 1077
      1 1079
      1 1080
      3 1082
      1 1083
      3 1085
      2 1086
      1 1087
      2 1088
      3 1090
      1 1091
      2 1094
      2 1095
      3 1096
      2 1097
      1 1098
      1 1099
      1 1100
      3 1101
      1 1102
      1 1104
      2 1105
      5 1106
      3 1107
      1 1108
      1 1109
      2 1111
      1 1112
      3 1114
      3 1115
      2 1117
      3 1120
      1 1121
      1 1123
      1 1124
      2 1126
      2 1129
      1 1130
      1 1131
      1 1132
      2 1133
      1 1134
      3 1136
      2 1139
      3 1140
      1 1143
      2 1144
      2 1145
      1 1146
      3 1147
      1 1148
      3 1149
      2 1150
      2 1152
      2 1153
      2 1156
      1 1157
      2 1158
      2 1159
      5 1160
      2 1162
      3 1163
      2 1164
      1 1165
      1 1166
      3 1170
      2 1171
      3 1173
      2 1174
      1 1182
      1 1184
      3 1187
      1 1188
      2 1189
      2 1190
      1 1191
      1 1193
      1 1194
      2 1195
      2 1197
      1 1198
      2 1199
      2 1200
      1 1204
      1 1205
      1 1209
      1 1210
      1 1211
      1 1212
      2 1214
      4 1216
      3 1220
      1 1222
      1 1224
      1 1226
      1 1227
      2 1228
      2 1229
      2 1230
      1 1231
      2 1233
      1 1236
      3 1238
      2 1239
      2 1240
      1 1241
      1 1242
      1 1243
      1 1244
      1 1245
      1 1247
      1 1248
      1 1251
      2 1257
      1 1258
      1 1265
      1 1266
      2 1268
      1 1269
      1 1271
      1 1275
      2 1277
      1 1280
      1 1282
      1 1285
      2 1288
      3 1289
      1 1292
      2 1293
      2 1294
      2 1297
      1 1299
      1 1300
      2 1303
      1 1304
      1 1307
      1 1310
      2 1311
      2 1313
      2 1315
      2 1316
      1 1318
      1 1319
      1 1320
      1 1322
      2 1323
      1 1324
      1 1325
      4 1326
      2 1327
      1 1330
      1 1331
      3 1332
      1 1333
      1 1334
      1 1335
      1 1337
      1 1338
      1 1341
      1 1342
      2 1345
      1 1346
      2 1347
      1 1349
      2 1351
      2 1353
      1 1354
      1 1355
      4 1358
      1 1359
      1 1360
      2 1361
      1 1363
      1 1364
      1 1365
      1 1367
      1 1369
      2 1370
      2 1371
      1 1373
      2 1374
      2 1375
      2 1376
      2 1379
      1 1380
      3 1382
      2 1383
      1 1384
      3 1385
      1 1386
      2 1387
      1 1388
      1 1389
      1 1391
      2 1393
      1 1394
      1 1397
      2 1398
      1 1399
      2 1400
      1 1401
      2 1402
      2 1403
      2 1404
      2 1405
      2 1407
      2 1410
      2 1411
      2 1412
      1 1413
      2 1414
      2 1416
      2 1417
      1 1418
      2 1420
      3 1421
      3 1422
      2 1425
      3 1427
      2 1430
      1 1431
      1 1433
      1 1435
      2 1437
      4 1438
      3 1440
      2 1442
      1 1443
      1 1444
      2 1445
      3 1446
      3 1447
      2 1449
      2 1451
      1 1452
      1 1453
      1 1455
      1 1457
      1 1459
      2 1460
      1 1462
      1 1463
      3 1464
      1 1466
      1 1467
      1 1469
      1 1470
      3 1471
      6 1473
      1 1474
      2 1476
      1 1477
      2 1478
      2 1480
      3 1481
      3 1482
      2 1484
      2 1485
      2 1486
      1 1487
      1 1488
      3 1489
      3 1491
      2 1492
      3 1493
      2 1494
      1 1495
      3 1496
      3 1497
      3 1499
      2 1500
      1 1501
      1 1502
      1 1503
      4 1506
      2 1507
      1 1509
      1 1511
      2 1512
      2 1513
      2 1514
      1 1515
      1 1516
      3 1518
      2 1519
      2 1520
      2 1521
      4 1522
      2 1523
      2 1525
      4 1526
      1 1527
      2 1529
      1 1530
      1 1531
      1 1532
      3 1533
      2 1535
      1 1536
      1 1537
      3 1538
      1 1539
      1 1540
      1 1542
      4 1544
      2 1545
      1 1547
      3 1548
      1 1549
      2 1551
      2 1552
      3 1555
      2 1557
      1 1558
      1 1559
      2 1560
      1 1561
      1 1562
      3 1564
      1 1567
      1 1568
      1 1569
      1 1570
      1 1571
      2 1572
      1 1573
      1 1574
      4 1575
      2 1576
      1 1577
      1 1578
      1 1579
      1 1582
      1 1585
      2 1586
      1 1588
      2 1589
      1 1590
      1 1591
      2 1593
      2 1594
      1 1595
      4 1597
      3 1598
      1 1599
      3 1600
      1 1601
      1 1602
      2 1604
      1 1606
      1 1610
      3 1613
      1 1617
      2 1620
      1 1625
      1 1627
      1 1629
      1 1631
      1 1637
      2 1641
      1 1643
      1 1645
      2 1646
      1 1647
      1 1648
      2 1650
      1 1652
      1 1657
      1 1658
      2 1659
      2 1660
      1 1662
      1 1663
      3 1664
      2 1666
      2 1668
      3 1669
      1 1670
      3 1671
      1 1675
      1 1676
      1 1679
      1 1681
      1 1684
      2 1688
      2 1689
      1 1691
      1 1693
      1 1697
      2 1698
      1 1699
      1 1700
      1 1704
      1 1711
      1 1712
      1 1714
      1 1715
      1 1719
      1 1721
      1 1722
      1 1724
      2 1730
      2 1733
      1 1740
      1 1742
      1 1747
      1 1748
      1 1750
      1 1751
      1 1753
      1 1761
      1 1763
      1 1768
      1 1769
      1 1776
      1 1779
      1 1781
      2 1786
      1 1787
      1 1796
      1 1798
      1 1803
      1 1810
      1 1811
      1 1817
      1 1822
      1 1826
      1 1828
      1 1829
      1 1832
      1 1834
      1 1837
      1 1840
      1 1849
      2 1852
      1 1860
      1 1861
      1 1865
      2 1872
      1 1876
      2 1878
      1 1880
      2 1883
      1 1887
      2 1890
      1 1920
      1 1929
      1 1941
      1 1946
      1 1954
      1 1982
      1 1983
      1 1993
      1 1994
      1 2043
      1 2096
      1 2100
      1 2126
      1 2132
      1 2163
      1 2587
      1 2657
      1 2928
      1 4391
      1 4659
      1 4759
---AAD-PGBENCH-LAG-US---
