pgbench (18.6 (Debian 18.6-1.pgdg13+2))
starting vacuum...end.
transaction type: <builtin: select only>
scaling factor: 1000
query mode: simple
number of clients: 128
number of threads: 16
maximum number of tries: 1
duration: 480 s
number of transactions actually processed: 112059847
number of failed transactions: 0 (0.000%)
latency average = 0.436 ms
latency stddev = 0.098 ms
rate limit schedule lag: avg 0.060 (max 24.375) ms
initial connection time = 203.003 ms
tps = 233556.364682 (without initial connection time)
---AAD-PGBENCH-LATENCY-US---
rc=0
samples=2241692
      2 236
      2 237
      4 238
      5 239
      5 240
     10 241
     11 242
     14 243
     21 244
     26 245
     40 246
     52 247
     68 248
     93 249
    110 250
    105 251
    145 252
    156 253
    204 254
    233 255
    283 256
    334 257
    376 258
    456 259
    498 260
    565 261
    638 262
    747 263
    793 264
    909 265
   1020 266
   1173 267
   1308 268
   1408 269
   1528 270
   1654 271
   1843 272
   1988 273
   2171 274
   2242 275
   2439 276
   2616 277
   2812 278
   2956 279
   3059 280
   3258 281
   3230 282
   3510 283
   3579 284
   3656 285
   3916 286
   3904 287
   4047 288
   4300 289
   4242 290
   4416 291
   4656 292
   4686 293
   4881 294
   4957 295
   5221 296
   5217 297
   5569 298
   5573 299
   5816 300
   5994 301
   6254 302
   6396 303
   6730 304
   6879 305
   7111 306
   7329 307
   7629 308
   7911 309
   8017 310
   8227 311
   8574 312
   8728 313
   9053 314
   9342 315
   9728 316
  10134 317
  10314 318
  10603 319
  10919 320
  11323 321
  11699 322
  12004 323
  12458 324
  12899 325
  13291 326
  13782 327
  13974 328
  14684 329
  15216 330
  15499 331
  16120 332
  16608 333
  17221 334
  17774 335
  18186 336
  18752 337
  19251 338
  19851 339
  20252 340
  20770 341
  21115 342
  21431 343
  21849 344
  22114 345
  22451 346
  22482 347
  21985 348
  22030 349
  21556 350
  21505 351
  21193 352
  20889 353
  20241 354
  19914 355
  19680 356
  19269 357
  18779 358
  18634 359
  17835 360
  17726 361
  17041 362
  17007 363
  16547 364
  16276 365
  15768 366
  15764 367
  15478 368
  15303 369
  15289 370
  14831 371
  14710 372
  14601 373
  14336 374
  14053 375
  13959 376
  13599 377
  13772 378
  13628 379
  13334 380
  13273 381
  13129 382
  13158 383
  13160 384
  12719 385
  12663 386
  12764 387
  12613 388
  12590 389
  12457 390
  12351 391
  12390 392
  12392 393
  12289 394
  12350 395
  12426 396
  12191 397
  12228 398
  12618 399
  12335 400
  12529 401
  12468 402
  12346 403
  12695 404
  12821 405
  12805 406
  12890 407
  12814 408
  12773 409
  12795 410
  12643 411
  12793 412
  12708 413
  12594 414
  12251 415
  12103 416
  12019 417
  11685 418
  11440 419
  10933 420
  10757 421
  10380 422
  10251 423
   9790 424
   9368 425
   9145 426
   8730 427
   8561 428
   8162 429
   7863 430
   7690 431
   7359 432
   7063 433
   6995 434
   6809 435
   6629 436
   6345 437
   6209 438
   5919 439
   5654 440
   5702 441
   5449 442
   5460 443
   5206 444
   5038 445
   4966 446
   4922 447
   4843 448
   4615 449
   4517 450
   4426 451
   4350 452
   4279 453
   4222 454
   4191 455
   4069 456
   3978 457
   3880 458
   3939 459
   3871 460
   3751 461
   3627 462
   3751 463
   3664 464
   3600 465
   3568 466
   3546 467
   3530 468
   3475 469
   3440 470
   3440 471
   3380 472
   3215 473
   3291 474
   3349 475
   3401 476
   3171 477
   3155 478
   3214 479
   3241 480
   3166 481
   2990 482
   2989 483
   2955 484
   2894 485
   2817 486
   2751 487
   2721 488
   2506 489
   2332 490
   2339 491
   2226 492
   2145 493
   1995 494
   1995 495
   1891 496
   1887 497
   1729 498
   1692 499
   1628 500
   1528 501
   1473 502
   1487 503
   1351 504
   1261 505
   1278 506
   1183 507
   1167 508
   1068 509
   1085 510
   1067 511
    944 512
    996 513
    898 514
    927 515
    921 516
    833 517
    839 518
    804 519
    791 520
    785 521
    768 522
    826 523
    671 524
    660 525
    666 526
    634 527
    639 528
    611 529
    624 530
    586 531
    579 532
    566 533
    569 534
    501 535
    562 536
    540 537
    517 538
    473 539
    517 540
    535 541
    474 542
    514 543
    490 544
    462 545
    461 546
    448 547
    431 548
    438 549
    426 550
    409 551
    443 552
    407 553
    410 554
    384 555
    341 556
    382 557
    361 558
    315 559
    293 560
    303 561
    280 562
    298 563
    267 564
    248 565
    269 566
    240 567
    206 568
    226 569
    204 570
    205 571
    184 572
    204 573
    167 574
    165 575
    154 576
    162 577
    153 578
    131 579
    145 580
    151 581
    145 582
    130 583
    126 584
    140 585
    113 586
    112 587
    108 588
    111 589
    104 590
    103 591
     90 592
    102 593
     95 594
    104 595
     95 596
     86 597
     94 598
     74 599
     67 600
     68 601
     69 602
     64 603
     79 604
     76 605
     78 606
     62 607
     66 608
     63 609
     68 610
     77 611
     63 612
     62 613
     58 614
     55 615
     66 616
     67 617
     46 618
     43 619
     52 620
     57 621
     62 622
     63 623
     70 624
     54 625
     60 626
     45 627
     35 628
     34 629
     42 630
     40 631
     42 632
     29 633
     41 634
     43 635
     34 636
     33 637
     28 638
     33 639
     19 640
     35 641
     26 642
     34 643
     24 644
     23 645
     28 646
     16 647
     21 648
     23 649
      8 650
     21 651
     14 652
     16 653
     12 654
     16 655
     15 656
      9 657
     15 658
     16 659
     15 660
     15 661
     15 662
     17 663
     15 664
      7 665
      4 666
     10 667
      7 668
     10 669
     10 670
     11 671
     14 672
     10 673
      9 674
     15 675
     12 676
     10 677
     16 678
      9 679
      6 680
      7 681
      9 682
      8 683
      7 684
     11 685
      6 686
     11 687
     11 688
      9 689
      6 690
      8 691
      9 692
     10 693
      5 694
      9 695
      6 696
      7 697
      4 698
      6 699
      3 700
      8 701
      4 702
      9 703
      4 704
      4 705
      6 706
      6 707
      5 708
      7 709
      4 710
      4 711
      5 712
      3 713
      5 714
      5 715
      5 716
      8 717
      2 718
      3 719
      1 720
      4 721
      3 722
      1 723
      2 724
      2 725
      1 727
      1 728
      2 730
      2 731
      3 732
      1 734
      5 735
      3 736
      3 737
      1 738
      4 739
      3 740
      1 741
      1 742
      1 743
      5 744
      2 747
      2 748
      3 749
      5 750
      5 751
      4 752
      3 753
      2 754
      3 756
      2 758
      2 760
      1 761
      1 762
      2 763
      2 764
      1 765
      2 766
      2 767
      1 768
      5 769
      1 770
      1 771
      2 772
      1 773
      1 774
      1 775
      1 776
      1 778
      3 781
      1 782
      1 784
      1 785
      1 788
      1 789
      1 791
      1 792
      2 794
      1 795
      1 796
      2 797
      2 799
      1 804
      3 805
      2 807
      1 808
      1 811
      1 812
      2 813
      1 814
      3 815
      1 816
      1 817
      1 818
      1 821
      1 822
      1 823
      1 824
      1 825
      1 827
      1 828
      1 833
      1 834
      1 840
      1 842
      1 845
      1 847
      1 853
      3 855
      1 862
      1 863
      2 865
      1 867
      1 869
      1 875
      1 881
      1 885
      1 888
      1 890
      1 891
      1 894
      1 897
      1 902
      2 909
      1 911
      1 924
      2 926
      1 930
      1 932
      1 946
      1 963
      1 964
      1 966
      1 967
      1 986
      1 987
      1 1035
      1 1056
      1 1074
      1 1075
      1 1076
      1 1084
      1 1096
      1 1098
      1 1100
      1 1102
      1 1107
      1 1117
      1 1125
      1 1158
      1 1169
      1 1187
      1 1242
      1 1271
      1 1274
      1 1320
      1 1333
      1 1362
      1 1416
      1 1547
      1 1572
      1 1635
      1 1637
      1 1638
      1 1649
      1 1660
      1 2080
      1 2112
      1 2273
      1 2410
      1 3185
      1 3207
      1 5366
      1 23903
      1 23985
      1 24260
---AAD-PGBENCH-LAG-US---
  38921 0
  33094 1
  29480 2
  28271 3
  27060 4
  26496 5
  25285 6
  24883 7
  24032 8
  23507 9
  23250 10
  22704 11
  22569 12
  22138 13
  22163 14
  21997 15
  21590 16
  21824 17
  21787 18
  21756 19
  21424 20
  21415 21
  21619 22
  21843 23
  21418 24
  21450 25
  21441 26
  21383 27
  21480 28
  21402 29
  21412 30
  21382 31
  20780 32
  20911 33
  20815 34
  20644 35
  20137 36
  19903 37
  19788 38
  19677 39
  19463 40
  19416 41
  19088 42
  18905 43
  18771 44
  18416 45
  18352 46
  18092 47
  17794 48
  17754 49
  17127 50
  16646 51
  15584 52
  14867 53
  14265 54
  22754 55
  40067 56
  25815 57
  20527 58
  19540 59
  18572 60
  21901 61
  38985 62
  51146 63
  57217 64
  56470 65
  33246 66
  25135 67
  26906 68
  25872 69
  26042 70
  25312 71
  24122 72
  22116 73
  16067 74
  13529 75
  12397 76
  11368 77
  10639 78
  10350 79
   9274 80
   8079 81
   7290 82
   6734 83
   6073 84
   5680 85
   5511 86
   5077 87
   4681 88
   4553 89
   4371 90
   4142 91
   3997 92
   3806 93
   3728 94
   3636 95
   3535 96
   3426 97
   3342 98
   3282 99
   3339 100
   3194 101
   3042 102
   3154 103
   3043 104
   3009 105
   3081 106
   2918 107
   2978 108
   2952 109
   2790 110
   2962 111
   2800 112
   2859 113
   2688 114
   2715 115
   2722 116
   2730 117
   2664 118
   2683 119
   2757 120
   2631 121
   2650 122
   2633 123
   2599 124
   2543 125
   2519 126
   2477 127
   2494 128
   2384 129
   2508 130
   2440 131
   2421 132
   2281 133
   2302 134
   2384 135
   2272 136
   2334 137
   2190 138
   2295 139
   2272 140
   2254 141
   2238 142
   2172 143
   2182 144
   2158 145
   2048 146
   2031 147
   2188 148
   2095 149
   2036 150
   2052 151
   2011 152
   2032 153
   1935 154
   1959 155
   1886 156
   1875 157
   1878 158
   1858 159
   1906 160
   1889 161
   1888 162
   1788 163
   1818 164
   1743 165
   1803 166
   1800 167
   1694 168
   1650 169
   1747 170
   1655 171
   1682 172
   1668 173
   1649 174
   1543 175
   1609 176
   1590 177
   1597 178
   1477 179
   1528 180
   1519 181
   1447 182
   1419 183
   1457 184
   1414 185
   1418 186
   1433 187
   1424 188
   1367 189
   1364 190
   1340 191
   1292 192
   1298 193
   1270 194
   1316 195
   1341 196
   1268 197
   1244 198
   1207 199
   1189 200
   1188 201
   1167 202
   1121 203
   1112 204
   1113 205
   1076 206
   1129 207
   1077 208
   1058 209
   1068 210
   1069 211
    982 212
    962 213
   1024 214
   1031 215
   1011 216
    979 217
    971 218
   1022 219
    926 220
    948 221
    886 222
    867 223
    904 224
    889 225
    858 226
    811 227
    835 228
    820 229
    793 230
    856 231
    773 232
    786 233
    771 234
    803 235
    750 236
    711 237
    719 238
    751 239
    700 240
    711 241
    716 242
    676 243
    642 244
    609 245
    624 246
    666 247
    612 248
    636 249
    612 250
    669 251
    585 252
    567 253
    591 254
    557 255
    551 256
    568 257
    524 258
    512 259
    519 260
    520 261
    494 262
    522 263
    517 264
    495 265
    505 266
    474 267
    499 268
    459 269
    459 270
    489 271
    516 272
    445 273
    423 274
    451 275
    419 276
    400 277
    408 278
    387 279
    408 280
    378 281
    381 282
    380 283
    361 284
    351 285
    327 286
    346 287
    389 288
    344 289
    338 290
    350 291
    327 292
    299 293
    299 294
    305 295
    324 296
    281 297
    299 298
    307 299
    323 300
    245 301
    286 302
    250 303
    227 304
    241 305
    253 306
    235 307
    246 308
    298 309
    239 310
    257 311
    262 312
    270 313
    224 314
    205 315
    259 316
    224 317
    210 318
    218 319
    216 320
    210 321
    194 322
    214 323
    181 324
    197 325
    212 326
    204 327
    210 328
    193 329
    185 330
    191 331
    172 332
    183 333
    181 334
    159 335
    176 336
    177 337
    175 338
    171 339
    176 340
    146 341
    142 342
    141 343
    145 344
    161 345
    162 346
    149 347
    122 348
    147 349
    142 350
    141 351
    148 352
    127 353
    120 354
    132 355
    107 356
    117 357
    132 358
    129 359
    130 360
    127 361
    104 362
    127 363
    122 364
    125 365
    107 366
    100 367
    107 368
    126 369
    118 370
    101 371
     87 372
    115 373
    103 374
     88 375
    100 376
     91 377
    104 378
     93 379
    101 380
     93 381
     94 382
    105 383
     96 384
    104 385
     93 386
     90 387
     90 388
     87 389
     78 390
     81 391
     84 392
     80 393
     67 394
     78 395
     75 396
     74 397
     66 398
     51 399
     66 400
     70 401
     81 402
     68 403
     76 404
     57 405
     65 406
     62 407
     68 408
     56 409
     65 410
     45 411
     67 412
     48 413
     65 414
     63 415
     53 416
     64 417
     57 418
     59 419
     66 420
     55 421
     63 422
     51 423
     57 424
     48 425
     60 426
     39 427
     58 428
     59 429
     60 430
     51 431
     43 432
     43 433
     33 434
     57 435
     39 436
     45 437
     39 438
     45 439
     36 440
     39 441
     41 442
     41 443
     28 444
     41 445
     53 446
     32 447
     32 448
     39 449
     39 450
     28 451
     32 452
     33 453
     33 454
     29 455
     41 456
     42 457
     34 458
     30 459
     23 460
     22 461
     39 462
     38 463
     25 464
     29 465
     27 466
     28 467
     33 468
     30 469
     27 470
     27 471
     23 472
     41 473
     30 474
     35 475
     22 476
     28 477
     25 478
     25 479
     32 480
     25 481
     21 482
     24 483
     26 484
     29 485
     27 486
     19 487
     26 488
     23 489
     23 490
     18 491
     24 492
     14 493
     24 494
     25 495
     21 496
     28 497
     17 498
     21 499
     24 500
     14 501
     25 502
     19 503
     20 504
     19 505
     17 506
     17 507
     21 508
     22 509
      9 510
     12 511
     19 512
     19 513
     16 514
     15 515
     19 516
     12 517
     13 518
     16 519
     18 520
     14 521
     17 522
      7 523
     11 524
     11 525
      7 526
     14 527
      8 528
     10 529
     12 530
     11 531
     13 532
     13 533
     15 534
     11 535
     16 536
     13 537
     10 538
     10 539
      9 540
     12 541
     12 542
     11 543
     14 544
     15 545
     14 546
      6 547
      7 548
     11 549
     12 550
     13 551
     10 552
     17 553
      5 554
     11 555
     13 556
      9 557
     11 558
      9 559
      7 560
      8 561
     12 562
      9 563
     12 564
     10 565
     12 566
      7 567
     14 568
     12 569
      4 570
      5 571
      5 572
      5 573
      3 574
      9 575
      8 576
      9 577
      7 578
      5 579
      8 580
      4 581
     10 582
      3 583
      6 584
      8 585
     10 586
      6 587
      7 588
      1 589
      2 590
     10 591
      3 592
      4 593
      5 594
      7 595
      9 596
      3 597
      2 598
      6 599
      1 600
      3 601
     10 602
      6 603
      4 604
      7 605
      3 606
      2 607
      3 608
      5 609
      4 610
      2 611
      5 612
      4 613
      5 614
      6 615
      3 616
      5 617
      4 618
      3 619
      8 620
      4 621
      4 622
      3 623
      2 625
      2 626
      2 627
      3 628
      3 629
      2 630
      2 631
      3 632
      3 633
      7 634
      1 635
      3 636
      3 637
      5 638
      5 639
      2 640
      2 641
      1 642
      3 644
      6 645
      3 646
      3 647
      5 648
      1 650
      1 651
      1 652
      2 653
      2 654
      5 655
      3 656
      2 657
      5 658
      1 659
      2 660
      3 661
      3 662
      3 663
      2 664
      1 665
      2 667
      1 668
      4 669
      1 670
      2 671
      3 672
      2 673
      1 674
      2 675
      1 676
      1 677
      3 678
      3 680
      4 682
      4 683
      2 684
      2 685
      1 686
      1 687
      1 688
      2 689
      2 690
      1 691
      1 694
      2 695
      3 696
      3 697
      2 698
      2 699
      2 700
      2 701
      1 703
      2 704
      4 705
      1 706
      2 707
      1 708
      3 709
      1 710
      2 713
      2 714
      1 717
      3 719
      3 720
      2 721
      1 722
      1 724
      1 725
      2 727
      2 728
      3 729
      2 730
      1 731
      2 732
      3 733
      1 734
      2 735
      4 736
      2 737
      1 738
      1 739
      1 740
      2 742
      4 743
      1 749
      3 750
      3 753
      2 756
      1 760
      1 761
      1 762
      2 770
      4 771
      1 772
      1 775
      1 776
      1 777
      2 779
      1 780
      3 781
      1 784
      2 785
      1 786
      1 791
      1 797
      1 798
      1 799
      2 800
      1 805
      2 806
      1 807
      1 809
      1 810
      1 812
      1 813
      2 819
      2 821
      1 825
      1 826
      1 827
      1 830
      1 833
      2 840
      1 843
      1 844
      1 845
      1 850
      1 853
      1 854
      1 855
      1 859
      1 864
      1 865
      3 867
      1 869
      1 870
      1 872
      1 874
      1 877
      1 880
      1 881
      1 885
      1 892
      1 896
      2 900
      1 902
      1 906
      2 922
      1 930
      1 940
      1 942
      1 944
      1 946
      1 948
      1 949
      1 951
      1 960
      1 961
      1 962
      1 975
      2 976
      1 978
      1 984
      1 986
      1 990
      1 997
      1 1000
      1 1005
      2 1010
      2 1013
      1 1020
      1 1025
      1 1029
      1 1031
      1 1035
      1 1041
      1 1043
      2 1046
      1 1052
      2 1066
      1 1067
      1 1085
      1 1088
      1 1089
      4 1090
      1 1097
      1 1098
      1 1111
      1 1121
      1 1135
      1 1138
      1 1140
      1 1144
      1 1154
      1 1155
      2 1164
      1 1179
      1 1202
      1 1207
      1 1208
      1 1209
      1 1212
      1 1236
      1 1243
      2 1245
      1 1247
      1 1248
      1 1255
      1 1259
      1 1261
      1 1263
      1 1267
      1 1288
      1 1300
      1 1312
      1 1313
      1 1315
      1 1324
      1 1367
      1 1371
      1 1379
      1 1382
      1 1400
      1 1406
      1 1411
      1 1413
      1 1424
      1 1447
      1 1453
      1 1456
      1 1458
      1 1470
      1 1473
      1 1485
      1 1489
      2 1493
      1 1494
      1 1495
      1 1498
      2 1500
      1 1504
      1 1523
      1 1532
      1 1534
      1 1535
      1 1536
      1 1546
      1 1569
      1 1574
      1 1580
      1 1582
      1 1598
      1 1599
      1 1603
      1 1633
      1 1634
      1 1648
      1 1681
      1 1694
      1 1705
      1 1712
      1 1715
      1 1718
      1 1732
      2 1737
      1 1759
      1 1794
      1 1796
      1 1803
      1 1804
      1 1819
      1 1848
      1 1869
      1 1902
      1 1910
      1 1921
      1 1924
      1 1929
      1 1932
      1 1950
      1 1967
      2 1996
      1 2052
      1 2055
      1 2062
      1 2069
      1 2083
      1 2099
      1 2110
      1 2123
      1 2140
      1 2162
      1 2168
      2 2197
      1 2219
      1 2232
      1 2251
      1 2286
      1 2304
      1 2362
      1 2387
      1 2407
      1 2433
      1 2438
      1 2451
      1 2452
      1 2455
      1 2459
      1 2519
      1 2532
      1 2535
      1 2556
      1 2594
      1 2609
      1 2627
      1 2632
      1 2676
      1 2696
      1 2708
      1 2716
      1 2746
      1 2773
      1 2844
      1 2887
      1 2893
      1 2898
      1 2915
      1 2942
      1 2991
      1 3078
      1 3105
      1 3118
      1 3207
      1 3212
      1 3222
      1 3253
      1 3332
      1 3454
      1 3576
      1 3581
      1 3604
      1 3671
      1 3834
      1 3984
      1 4086
      1 4229
      1 4262
      1 4288
      1 4314
      1 4340
      1 4535
      1 4566
      1 4605
      1 4676
      1 4791
      1 4816
      1 5042
      1 5058
      1 5078
      1 5198
      1 5216
      1 5287
      1 5847
      1 5901
      1 5932
      1 6119
      1 6127
      1 6179
      1 6189
      1 6192
      1 6493
      1 6518
      1 7147
      1 8149
      1 8586
      1 9043
      1 9316
      1 9365
      1 9382
      1 10250
      1 10811
      1 11228
      1 11277
      1 12118
      1 16384
      1 17894
      1 21239
      1 22126
