pgbench (18.6 (Debian 18.6-1.pgdg13+2))
starting vacuum...end.
transaction type: <builtin: select only>
scaling factor: 1000
query mode: simple
number of clients: 128
number of threads: 16
maximum number of tries: 1
duration: 480 s
number of transactions actually processed: 112067301
number of failed transactions: 0 (0.000%)
latency average = 0.431 ms
latency stddev = 0.100 ms
rate limit schedule lag: avg 0.059 (max 24.185) ms
initial connection time = 253.945 ms
tps = 233596.535246 (without initial connection time)
---AAD-PGBENCH-LATENCY-US---
rc=0
samples=2241521
      1 230
      3 235
      3 236
      3 237
      6 238
      6 239
      5 240
     12 241
     14 242
     18 243
     14 244
     34 245
     32 246
     43 247
     45 248
     68 249
     96 250
     91 251
    123 252
    162 253
    204 254
    210 255
    247 256
    289 257
    306 258
    351 259
    456 260
    496 261
    575 262
    623 263
    731 264
    811 265
    915 266
   1027 267
   1100 268
   1345 269
   1453 270
   1548 271
   1672 272
   1857 273
   2014 274
   2137 275
   2291 276
   2458 277
   2665 278
   2785 279
   2966 280
   3144 281
   3161 282
   3277 283
   3449 284
   3646 285
   3701 286
   4007 287
   4031 288
   4162 289
   4402 290
   4442 291
   4606 292
   4784 293
   4887 294
   4939 295
   5178 296
   5304 297
   5474 298
   5678 299
   5793 300
   5999 301
   6303 302
   6358 303
   6698 304
   6889 305
   7163 306
   7413 307
   7698 308
   7953 309
   8199 310
   8638 311
   8782 312
   9140 313
   9347 314
   9764 315
  10058 316
  10335 317
  10533 318
  10992 319
  11435 320
  11715 321
  12194 322
  12538 323
  13065 324
  13438 325
  14182 326
  14363 327
  14771 328
  15553 329
  16035 330
  16496 331
  16953 332
  17536 333
  18206 334
  18799 335
  19558 336
  20119 337
  20510 338
  21097 339
  21840 340
  22177 341
  22708 342
  23088 343
  23675 344
  23666 345
  24130 346
  23701 347
  23741 348
  23548 349
  23447 350
  22995 351
  22669 352
  22502 353
  21837 354
  21675 355
  21050 356
  20702 357
  20231 358
  19673 359
  19215 360
  18980 361
  18505 362
  17919 363
  17604 364
  17105 365
  16929 366
  16453 367
  16251 368
  15909 369
  15931 370
  15536 371
  15395 372
  15003 373
  14839 374
  14743 375
  14270 376
  14233 377
  14088 378
  13642 379
  13936 380
  13836 381
  13557 382
  13512 383
  13406 384
  13210 385
  12772 386
  13009 387
  12766 388
  12525 389
  12319 390
  12325 391
  12480 392
  12068 393
  12234 394
  12163 395
  12136 396
  12237 397
  12270 398
  12438 399
  12325 400
  12340 401
  12457 402
  12470 403
  12497 404
  12760 405
  12566 406
  12258 407
  12582 408
  12622 409
  12489 410
  12351 411
  12489 412
  12402 413
  12366 414
  12130 415
  11828 416
  11505 417
  11396 418
  10856 419
  10380 420
  10306 421
  10016 422
   9521 423
   9283 424
   8827 425
   8562 426
   8235 427
   8009 428
   7372 429
   7247 430
   7076 431
   6672 432
   6599 433
   6287 434
   6174 435
   5820 436
   5639 437
   5369 438
   5266 439
   5201 440
   4971 441
   4881 442
   4779 443
   4622 444
   4523 445
   4420 446
   4224 447
   4157 448
   4086 449
   3921 450
   3873 451
   3719 452
   3672 453
   3553 454
   3484 455
   3424 456
   3381 457
   3318 458
   3258 459
   3187 460
   3064 461
   3192 462
   3081 463
   3032 464
   2940 465
   3030 466
   3046 467
   2823 468
   2907 469
   2856 470
   2904 471
   2756 472
   2761 473
   2838 474
   2762 475
   2768 476
   2639 477
   2646 478
   2707 479
   2569 480
   2511 481
   2555 482
   2497 483
   2479 484
   2409 485
   2340 486
   2137 487
   2135 488
   2042 489
   1942 490
   1882 491
   1761 492
   1708 493
   1719 494
   1625 495
   1549 496
   1463 497
   1365 498
   1275 499
   1317 500
   1237 501
   1158 502
   1179 503
   1030 504
    986 505
    943 506
    902 507
    879 508
    840 509
    806 510
    803 511
    793 512
    786 513
    734 514
    718 515
    650 516
    697 517
    615 518
    580 519
    600 520
    562 521
    550 522
    508 523
    478 524
    472 525
    480 526
    478 527
    417 528
    471 529
    439 530
    422 531
    420 532
    410 533
    390 534
    396 535
    391 536
    378 537
    365 538
    355 539
    359 540
    350 541
    355 542
    335 543
    327 544
    341 545
    327 546
    335 547
    326 548
    286 549
    296 550
    274 551
    288 552
    286 553
    294 554
    259 555
    253 556
    225 557
    235 558
    246 559
    205 560
    210 561
    195 562
    185 563
    196 564
    187 565
    180 566
    150 567
    158 568
    145 569
    140 570
    119 571
     88 572
    135 573
    114 574
    105 575
    102 576
     77 577
     98 578
     70 579
     90 580
     84 581
     81 582
     81 583
     75 584
     69 585
     71 586
     65 587
     70 588
     67 589
     70 590
     60 591
     58 592
     59 593
     63 594
     52 595
     55 596
     43 597
     41 598
     48 599
     57 600
     53 601
     42 602
     46 603
     47 604
     36 605
     39 606
     37 607
     42 608
     41 609
     46 610
     47 611
     42 612
     46 613
     39 614
     33 615
     44 616
     33 617
     38 618
     26 619
     29 620
     32 621
     30 622
     28 623
     33 624
     33 625
     39 626
     20 627
     19 628
     26 629
     24 630
     24 631
     18 632
     17 633
     23 634
     13 635
     14 636
     19 637
     23 638
     14 639
     14 640
     16 641
     12 642
     10 643
     18 644
     15 645
     15 646
     10 647
      7 648
     15 649
      8 650
     11 651
     12 652
      6 653
     10 654
      5 655
     12 656
     10 657
     10 658
      6 659
      6 660
      8 661
      7 662
      3 663
      6 664
     11 665
      7 666
      6 667
      9 668
      8 669
      6 670
     10 671
      4 672
      7 673
     11 674
     10 675
      9 676
      3 677
      9 678
     11 679
      7 680
      3 681
      6 682
      5 683
      2 684
      2 685
      4 686
      4 687
     11 688
      4 689
      4 690
      2 691
      8 692
      6 693
      6 694
      2 695
      2 696
      3 697
      2 698
      3 699
      7 700
      5 701
      3 702
      4 703
      1 704
      5 705
      2 706
      3 707
      2 708
      3 709
      1 710
      1 711
      2 712
      1 713
      1 714
      3 715
      7 716
      3 717
      4 719
      5 721
      2 722
      2 723
      5 724
      2 725
      2 727
      2 728
      1 729
      2 730
      3 731
      3 733
      4 734
      1 736
      1 737
      2 738
      2 739
      1 740
      1 741
      1 742
      5 744
      1 745
      1 748
      3 749
      1 750
      1 751
      1 752
      1 753
      2 755
      2 759
      3 760
      1 761
      4 763
      1 765
      2 766
      1 767
      2 768
      1 770
      1 771
      1 774
      2 778
      1 779
      2 780
      1 781
      1 784
      1 787
      1 793
      1 794
      2 796
      1 799
      1 801
      1 808
      1 811
      1 815
      1 819
      1 822
      1 824
      1 825
      1 830
      1 833
      2 837
      2 845
      1 846
      1 854
      1 855
      1 863
      2 865
      1 872
      1 873
      2 876
      1 879
      1 882
      1 883
      1 898
      1 899
      1 900
      1 906
      1 907
      1 908
      1 920
      1 930
      1 934
      1 937
      1 942
      1 951
      1 963
      1 964
      1 971
      1 974
      1 978
      1 980
      1 984
      1 1002
      1 1003
      1 1007
      1 1019
      1 1020
      2 1021
      1 1068
      1 1070
      1 1074
      1 1086
      1 1092
      1 1093
      1 1099
      1 1110
      1 1116
      1 1136
      1 1152
      1 1169
      1 1178
      1 1192
      1 1215
      1 1231
      1 1251
      1 1255
      1 1296
      1 1319
      1 1433
      1 1463
      1 1477
      1 1583
      1 1720
      1 1734
      1 1751
      1 1796
      1 1833
      1 2239
      1 2377
      1 2387
      1 22023
---AAD-PGBENCH-LAG-US---
  39583 0
  33773 1
  30107 2
  28553 3
  27512 4
  26907 5
  25948 6
  25091 7
  24516 8
  24160 9
  23534 10
  23379 11
  22638 12
  22604 13
  22299 14
  22233 15
  22086 16
  22067 17
  21925 18
  22080 19
  21868 20
  21868 21
  21794 22
  21812 23
  21671 24
  21589 25
  21651 26
  21292 27
  21698 28
  21766 29
  21523 30
  21434 31
  21398 32
  21235 33
  21159 34
  20429 35
  20554 36
  20079 37
  19996 38
  19822 39
  19584 40
  19284 41
  19671 42
  19065 43
  19024 44
  18561 45
  18377 46
  18549 47
  17973 48
  17958 49
  17418 50
  16664 51
  15978 52
  14713 53
  14512 54
  23171 55
  41120 56
  25944 57
  20963 58
  19705 59
  18746 60
  21862 61
  39109 62
  51513 63
  57537 64
  55598 65
  33063 66
  25004 67
  26741 68
  26049 69
  25912 70
  25681 71
  24685 72
  22066 73
  16178 74
  13496 75
  12196 76
  11251 77
  10640 78
  10624 79
   9047 80
   8136 81
   7542 82
   6687 83
   6011 84
   5741 85
   5388 86
   4937 87
   4552 88
   4338 89
   4265 90
   3917 91
   3866 92
   3806 93
   3676 94
   3662 95
   3546 96
   3403 97
   3338 98
   3435 99
   3145 100
   3171 101
   3065 102
   3065 103
   2964 104
   2988 105
   2930 106
   2953 107
   2916 108
   2880 109
   2807 110
   2772 111
   2722 112
   2681 113
   2650 114
   2733 115
   2636 116
   2639 117
   2581 118
   2501 119
   2544 120
   2550 121
   2522 122
   2616 123
   2419 124
   2463 125
   2420 126
   2375 127
   2528 128
   2388 129
   2365 130
   2414 131
   2306 132
   2365 133
   2280 134
   2215 135
   2202 136
   2307 137
   2239 138
   2162 139
   2158 140
   2226 141
   2139 142
   1997 143
   2056 144
   2054 145
   2043 146
   2008 147
   1983 148
   1952 149
   1931 150
   1953 151
   1898 152
   1960 153
   1897 154
   1875 155
   1875 156
   1912 157
   1842 158
   1726 159
   1742 160
   1757 161
   1763 162
   1755 163
   1744 164
   1679 165
   1643 166
   1630 167
   1680 168
   1607 169
   1589 170
   1589 171
   1572 172
   1539 173
   1577 174
   1571 175
   1492 176
   1486 177
   1479 178
   1411 179
   1453 180
   1550 181
   1400 182
   1406 183
   1372 184
   1401 185
   1326 186
   1294 187
   1264 188
   1316 189
   1300 190
   1257 191
   1264 192
   1221 193
   1186 194
   1169 195
   1153 196
   1179 197
   1275 198
   1104 199
   1139 200
   1098 201
   1062 202
   1041 203
   1080 204
    981 205
   1041 206
    989 207
   1051 208
    978 209
   1003 210
   1039 211
    951 212
    959 213
    953 214
    892 215
    905 216
    881 217
    886 218
    840 219
    862 220
    806 221
    807 222
    815 223
    821 224
    815 225
    770 226
    787 227
    756 228
    794 229
    741 230
    779 231
    688 232
    741 233
    647 234
    698 235
    704 236
    635 237
    681 238
    643 239
    702 240
    653 241
    629 242
    605 243
    593 244
    627 245
    580 246
    575 247
    587 248
    534 249
    591 250
    550 251
    577 252
    542 253
    530 254
    507 255
    522 256
    495 257
    503 258
    508 259
    465 260
    479 261
    426 262
    438 263
    452 264
    468 265
    393 266
    407 267
    417 268
    424 269
    402 270
    387 271
    413 272
    384 273
    371 274
    375 275
    360 276
    363 277
    407 278
    362 279
    317 280
    370 281
    335 282
    323 283
    319 284
    297 285
    317 286
    317 287
    281 288
    280 289
    307 290
    291 291
    289 292
    276 293
    270 294
    261 295
    279 296
    256 297
    268 298
    255 299
    257 300
    266 301
    264 302
    227 303
    240 304
    258 305
    229 306
    240 307
    218 308
    205 309
    232 310
    239 311
    207 312
    194 313
    214 314
    187 315
    212 316
    225 317
    171 318
    195 319
    213 320
    193 321
    181 322
    193 323
    178 324
    175 325
    125 326
    169 327
    169 328
    175 329
    169 330
    149 331
    167 332
    161 333
    160 334
    134 335
    133 336
    140 337
    151 338
    124 339
    155 340
    124 341
    142 342
    122 343
    141 344
    140 345
    105 346
    126 347
    139 348
    136 349
    126 350
    115 351
    108 352
    113 353
    120 354
    115 355
    100 356
    111 357
    123 358
     97 359
    114 360
     97 361
    115 362
     89 363
    105 364
    106 365
     84 366
     76 367
    103 368
     79 369
     81 370
    102 371
     96 372
     91 373
     98 374
     59 375
     85 376
     60 377
     75 378
     92 379
     75 380
     70 381
     85 382
     69 383
     50 384
     67 385
     87 386
     70 387
     59 388
     65 389
     69 390
     67 391
     77 392
     65 393
     66 394
     65 395
     68 396
     61 397
     70 398
     61 399
     61 400
     63 401
     52 402
     69 403
     59 404
     61 405
     68 406
     57 407
     56 408
     68 409
     57 410
     49 411
     45 412
     48 413
     51 414
     58 415
     55 416
     52 417
     50 418
     45 419
     54 420
     52 421
     48 422
     40 423
     52 424
     37 425
     36 426
     39 427
     33 428
     41 429
     47 430
     50 431
     32 432
     29 433
     41 434
     27 435
     36 436
     33 437
     35 438
     21 439
     37 440
     43 441
     27 442
     37 443
     25 444
     38 445
     34 446
     30 447
     35 448
     28 449
     23 450
     30 451
     29 452
     21 453
     24 454
     26 455
     32 456
     21 457
     27 458
     15 459
     18 460
     18 461
     22 462
     28 463
     16 464
     21 465
     21 466
     25 467
     24 468
     18 469
     37 470
     22 471
     24 472
     22 473
     19 474
     20 475
     17 476
     22 477
     18 478
     25 479
     18 480
     18 481
     15 482
     21 483
     20 484
     22 485
     26 486
     19 487
     27 488
     15 489
     23 490
     16 491
     11 492
     13 493
     15 494
     14 495
     11 496
     12 497
     13 498
      9 499
     14 500
     15 501
      9 502
     14 503
     15 504
     15 505
     16 506
     13 507
     14 508
     14 509
     10 510
     11 511
     13 512
     12 513
     15 514
     11 515
     10 516
      8 517
     17 518
     11 519
     16 520
      9 521
     11 522
     14 523
     11 524
      5 525
      6 526
     12 527
      9 528
     10 529
     14 530
     16 531
     10 532
     13 533
     11 534
     11 535
     14 536
     10 537
     11 538
     10 539
     12 540
     13 541
      8 542
     10 543
      8 544
      8 545
      7 546
      7 547
      6 548
      8 549
      3 550
      5 551
     10 552
     10 553
     11 554
      7 555
      5 556
      6 557
      5 558
      8 559
     11 560
      5 561
      9 562
      6 563
     11 564
      7 565
     10 566
      9 567
      5 568
      6 569
      5 570
      7 571
      4 572
     14 573
     11 574
      8 575
      5 576
      5 577
      6 578
      2 579
      6 580
      5 581
      4 582
      4 583
      2 584
      6 585
      9 586
      1 587
      6 588
      4 589
      2 590
      5 591
      4 592
      2 593
      1 594
      4 595
      4 596
      5 597
      3 598
      6 599
      4 600
      5 601
      2 602
      1 603
      2 604
      5 605
      3 606
      5 607
      8 608
      7 609
      3 610
      2 611
      6 612
      3 613
      2 614
      5 615
      1 616
      3 617
      4 618
      3 619
      3 620
      3 621
      4 622
      1 623
      4 624
      3 625
      4 626
      5 627
      1 628
      6 629
      3 630
      1 631
      4 632
      1 633
      4 634
      1 635
      5 636
      1 637
      7 638
      6 640
      2 641
      2 642
      2 643
      2 644
      1 646
      1 647
      2 648
      1 649
      6 650
      1 651
      2 652
      1 653
      2 654
      1 655
      2 656
      1 657
      3 659
      1 660
      1 661
      2 662
      2 663
      3 664
      2 667
      3 668
      4 669
      5 670
      2 671
      3 672
      2 673
      5 675
      2 676
      3 677
      2 679
      1 680
      1 682
      1 684
      1 685
      2 686
      2 687
      3 688
      1 689
      1 692
      3 693
      4 694
      2 695
      1 696
      2 697
      1 698
      1 699
      1 700
      1 702
      2 704
      2 708
      2 710
      1 712
      1 713
      1 715
      1 716
      1 717
      3 718
      1 720
      4 721
      3 722
      2 724
      1 725
      2 727
      2 729
      1 730
      2 731
      3 732
      1 734
      1 735
      1 738
      3 740
      1 741
      1 742
      2 743
      2 745
      1 747
      1 752
      1 754
      1 755
      1 760
      1 764
      1 765
      2 768
      1 774
      1 775
      1 779
      2 781
      1 782
      1 785
      1 787
      1 788
      1 792
      1 794
      1 795
      1 796
      2 806
      1 819
      1 828
      2 830
      1 833
      1 836
      1 838
      2 842
      1 844
      1 850
      2 854
      1 859
      1 868
      2 870
      1 874
      1 878
      1 879
      1 882
      1 884
      1 885
      1 886
      1 889
      1 894
      1 897
      1 902
      1 904
      1 906
      1 911
      1 919
      1 924
      1 925
      1 927
      1 933
      1 947
      1 948
      1 954
      1 965
      1 976
      1 980
      1 993
      1 996
      1 1018
      1 1023
      1 1061
      1 1076
      1 1097
      1 1099
      1 1113
      1 1218
      1 1219
      2 1223
      1 1239
      1 1299
      1 1301
      1 1303
      1 1306
      1 1328
      1 1334
      1 1349
      1 1396
      1 1398
      1 1412
      1 1416
      1 1432
      1 1442
      1 1453
      1 1455
      1 1467
      1 1477
      1 1496
      1 1517
      1 1523
      1 1573
      1 1593
      1 1609
      1 1624
      1 1654
      1 1659
      1 1680
      1 1681
      1 1709
      1 1726
      1 1734
      1 1741
      1 1763
      1 1824
      1 1835
      1 1848
      1 1916
      1 1930
      1 1950
      1 1960
      1 2012
      1 2159
      1 2172
      1 2209
      1 2249
      1 2264
      1 2277
      1 2351
      1 2352
      1 2372
      1 2387
      1 2405
      1 2410
      1 2441
      1 2461
      1 2491
      1 2508
      1 2538
      1 2561
      1 2581
      1 2586
      1 2608
      1 2617
      1 2647
      1 3105
      1 3111
      1 3182
      1 3276
      1 3520
      1 3674
      1 3745
      1 3769
      1 4434
      1 4519
      1 5085
      1 5165
      1 6972
      1 7308
      1 7730
      1 9086
      1 9758
      1 10526
      1 11106
      1 11262
      1 12386
      1 12510
      1 12713
      1 14424
      1 14815
      1 15182
      1 15271
      1 15308
      1 16432
      1 16809
      1 17309
      1 17604
      1 17709
      1 17987
      1 18831
      1 18947
      1 19000
      1 19985
      1 20833
      1 20925
      1 21032
      1 21293
      1 21327
      1 21505
      1 22319
      1 22975
