pgbench (18.6 (Debian 18.6-1.pgdg13+2))
starting vacuum...end.
transaction type: <builtin: select only>
scaling factor: 1000
query mode: simple
number of clients: 128
number of threads: 16
maximum number of tries: 1
duration: 480 s
number of transactions actually processed: 112060737
number of failed transactions: 0 (0.000%)
latency average = 0.432 ms
latency stddev = 0.193 ms
rate limit schedule lag: avg 0.060 (max 26.394) ms
initial connection time = 228.503 ms
tps = 233567.449917 (without initial connection time)
---AAD-PGBENCH-LATENCY-US---
rc=0
samples=2243767
      1 232
      2 235
      2 236
      6 237
      3 238
      8 239
      6 240
     14 241
     11 242
     23 243
     24 244
     35 245
     38 246
     52 247
     73 248
     79 249
    107 250
    143 251
    162 252
    176 253
    216 254
    269 255
    312 256
    327 257
    409 258
    487 259
    470 260
    572 261
    643 262
    770 263
    820 264
    944 265
   1076 266
   1197 267
   1288 268
   1493 269
   1625 270
   1754 271
   1868 272
   2000 273
   2262 274
   2416 275
   2624 276
   2709 277
   2974 278
   3155 279
   3209 280
   3336 281
   3501 282
   3791 283
   3801 284
   3918 285
   4129 286
   4295 287
   4297 288
   4373 289
   4661 290
   4699 291
   4778 292
   4987 293
   5045 294
   5113 295
   5357 296
   5452 297
   5706 298
   5929 299
   6078 300
   6235 301
   6346 302
   6789 303
   6869 304
   7058 305
   7314 306
   7486 307
   7947 308
   7953 309
   8473 310
   8452 311
   9069 312
   9272 313
   9337 314
   9861 315
  10069 316
  10511 317
  10804 318
  11238 319
  11429 320
  11765 321
  12321 322
  12681 323
  12898 324
  13402 325
  13858 326
  14400 327
  14898 328
  15376 329
  15988 330
  16612 331
  17289 332
  17851 333
  18359 334
  18961 335
  19803 336
  20350 337
  20793 338
  21148 339
  21955 340
  22625 341
  23029 342
  23338 343
  23370 344
  23969 345
  24238 346
  23925 347
  24091 348
  23685 349
  23517 350
  23081 351
  22452 352
  22384 353
  21868 354
  21380 355
  20924 356
  20511 357
  19988 358
  19585 359
  18973 360
  18779 361
  18320 362
  17621 363
  17531 364
  16988 365
  16637 366
  16385 367
  16266 368
  15644 369
  15417 370
  15136 371
  14958 372
  14732 373
  14635 374
  14310 375
  14326 376
  13974 377
  13946 378
  13760 379
  13489 380
  13354 381
  13281 382
  12952 383
  12888 384
  12750 385
  12799 386
  12496 387
  12286 388
  12199 389
  12156 390
  12301 391
  12453 392
  12296 393
  12091 394
  12105 395
  12152 396
  12150 397
  12226 398
  12409 399
  12315 400
  12303 401
  12248 402
  12393 403
  12480 404
  12450 405
  12697 406
  12625 407
  12513 408
  12454 409
  12744 410
  12835 411
  12579 412
  12258 413
  12231 414
  12023 415
  11819 416
  11490 417
  11214 418
  11069 419
  10573 420
  10362 421
  10036 422
   9576 423
   9152 424
   8841 425
   8503 426
   8239 427
   8015 428
   7730 429
   7205 430
   7037 431
   6888 432
   6393 433
   6314 434
   5982 435
   5875 436
   5572 437
   5342 438
   5156 439
   5108 440
   4887 441
   4746 442
   4679 443
   4589 444
   4473 445
   4249 446
   4251 447
   4109 448
   3952 449
   3931 450
   3902 451
   3778 452
   3610 453
   3655 454
   3411 455
   3322 456
   3246 457
   3298 458
   3269 459
   3200 460
   3157 461
   3120 462
   2993 463
   2901 464
   2917 465
   2893 466
   2898 467
   2880 468
   2766 469
   2682 470
   2794 471
   2768 472
   2763 473
   2815 474
   2709 475
   2667 476
   2700 477
   2611 478
   2679 479
   2544 480
   2612 481
   2537 482
   2357 483
   2384 484
   2335 485
   2188 486
   2101 487
   2103 488
   2002 489
   1959 490
   1951 491
   1760 492
   1707 493
   1547 494
   1547 495
   1443 496
   1426 497
   1302 498
   1245 499
   1215 500
   1166 501
   1090 502
   1109 503
    987 504
    995 505
    986 506
    947 507
    862 508
    781 509
    781 510
    740 511
    730 512
    677 513
    686 514
    681 515
    663 516
    657 517
    594 518
    568 519
    549 520
    498 521
    522 522
    510 523
    551 524
    447 525
    456 526
    442 527
    438 528
    415 529
    420 530
    418 531
    381 532
    428 533
    375 534
    340 535
    379 536
    356 537
    332 538
    344 539
    345 540
    341 541
    318 542
    340 543
    328 544
    336 545
    327 546
    305 547
    331 548
    314 549
    294 550
    303 551
    272 552
    281 553
    299 554
    253 555
    243 556
    249 557
    235 558
    214 559
    217 560
    172 561
    181 562
    172 563
    163 564
    165 565
    170 566
    122 567
    146 568
    126 569
    125 570
    126 571
    137 572
    116 573
    108 574
    113 575
    117 576
    102 577
     95 578
     96 579
     95 580
     78 581
     72 582
     72 583
    103 584
     73 585
     55 586
     63 587
     68 588
     41 589
     57 590
     53 591
     68 592
     60 593
     57 594
     55 595
     60 596
     40 597
     50 598
     39 599
     43 600
     41 601
     49 602
     41 603
     51 604
     30 605
     36 606
     31 607
     32 608
     45 609
     31 610
     41 611
     46 612
     23 613
     42 614
     32 615
     30 616
     33 617
     27 618
     26 619
     44 620
     33 621
     23 622
     29 623
     32 624
     33 625
     26 626
     22 627
     29 628
     28 629
     22 630
     25 631
     24 632
     21 633
     20 634
     16 635
     18 636
     16 637
     16 638
     10 639
     14 640
     13 641
     16 642
     12 643
     14 644
      9 645
     17 646
      8 647
     15 648
      9 649
     15 650
      6 651
     12 652
      9 653
      9 654
     13 655
     15 656
      9 657
      6 658
     11 659
      8 660
      4 661
      5 662
      8 663
      6 664
     10 665
      5 666
      4 667
      9 668
      1 669
      8 670
      4 671
      4 672
      7 673
     10 674
      3 675
      9 676
      7 677
      4 678
      7 679
      5 680
      7 681
      1 682
      6 683
      5 684
      6 685
      4 686
      8 687
      3 688
      7 689
      5 690
      7 691
      3 692
      3 693
      9 694
      2 695
      6 696
      3 697
      4 698
      6 699
      2 700
      1 701
      5 702
      4 703
      1 704
      2 705
      2 706
      5 707
      1 708
      3 709
      8 710
      5 711
      3 712
      3 713
      1 714
      2 715
      3 716
      1 717
      2 719
      2 720
      3 721
      1 722
      1 723
      2 724
      2 725
      2 726
      1 727
      1 729
      3 730
      2 732
      3 733
      3 734
      1 736
      1 737
      1 738
      2 739
      2 740
      4 741
      1 742
      3 744
      1 748
      1 749
      1 751
      2 753
      2 754
      1 755
      2 756
      1 757
      2 758
      1 759
      1 760
      3 761
      2 762
      1 763
      1 764
      1 765
      1 767
      2 770
      1 772
      1 779
      2 780
      1 781
      1 784
      1 785
      1 788
      1 789
      1 792
      1 793
      1 796
      1 799
      1 800
      3 804
      1 806
      1 809
      1 812
      1 813
      1 826
      2 827
      1 829
      1 832
      1 833
      2 834
      1 847
      2 851
      1 853
      1 854
      1 857
      1 861
      1 864
      2 870
      1 880
      1 888
      1 900
      2 910
      1 914
      1 924
      1 927
      1 940
      1 949
      1 956
      1 970
      1 977
      1 980
      1 999
      1 1002
      1 1033
      1 1035
      1 1046
      1 1060
      1 1061
      1 1064
      1 1120
      1 1126
      1 1135
      1 1146
      1 1158
      1 1163
      1 1217
      1 1272
      1 1324
      1 1377
      1 1526
      1 1531
      1 1542
      1 1543
      1 1612
      1 1778
      1 1783
      1 1794
      1 1865
      1 1952
      1 2184
      1 2855
      1 2861
      1 3049
      1 3847
      1 4978
      1 14674
      1 15796
      1 18010
      1 18384
      1 24354
---AAD-PGBENCH-LAG-US---
  39086 0
  33230 1
  29780 2
  28180 3
  27424 4
  26664 5
  25586 6
  24970 7
  24395 8
  23975 9
  23142 10
  23098 11
  22598 12
  22467 13
  22439 14
  21790 15
  22486 16
  21839 17
  21931 18
  21929 19
  22008 20
  21691 21
  21734 22
  21818 23
  21706 24
  21667 25
  21736 26
  21659 27
  21760 28
  21565 29
  21328 30
  21443 31
  21058 32
  21379 33
  20861 34
  20922 35
  20407 36
  20343 37
  20090 38
  20079 39
  19931 40
  20081 41
  19282 42
  19410 43
  19166 44
  18805 45
  18621 46
  18571 47
  18149 48
  18151 49
  17270 50
  16837 51
  15801 52
  14967 53
  14851 54
  23787 55
  40780 56
  25474 57
  20607 58
  19893 59
  18847 60
  22605 61
  40997 62
  52388 63
  58654 64
  55363 65
  32746 66
  25248 67
  27011 68
  26387 69
  26217 70
  25721 71
  24988 72
  21970 73
  16103 74
  13571 75
  12234 76
  11222 77
  10594 78
  10350 79
   9195 80
   7879 81
   7146 82
   6587 83
   6153 84
   5700 85
   5301 86
   4815 87
   4671 88
   4430 89
   4237 90
   4016 91
   3721 92
   3718 93
   3701 94
   3526 95
   3384 96
   3297 97
   3234 98
   3241 99
   3178 100
   3101 101
   3044 102
   2987 103
   3030 104
   2955 105
   2943 106
   2787 107
   2842 108
   2713 109
   2819 110
   2792 111
   2751 112
   2613 113
   2722 114
   2748 115
   2563 116
   2602 117
   2592 118
   2561 119
   2517 120
   2595 121
   2457 122
   2432 123
   2432 124
   2440 125
   2498 126
   2397 127
   2347 128
   2503 129
   2390 130
   2380 131
   2367 132
   2318 133
   2251 134
   2240 135
   2193 136
   2172 137
   2155 138
   2225 139
   2169 140
   2121 141
   2186 142
   2082 143
   2027 144
   2055 145
   2060 146
   2073 147
   1961 148
   2040 149
   1971 150
   1889 151
   1891 152
   1926 153
   1891 154
   1836 155
   1888 156
   1870 157
   1824 158
   1783 159
   1721 160
   1798 161
   1764 162
   1732 163
   1737 164
   1691 165
   1716 166
   1678 167
   1637 168
   1643 169
   1643 170
   1567 171
   1598 172
   1489 173
   1516 174
   1559 175
   1502 176
   1440 177
   1458 178
   1470 179
   1449 180
   1477 181
   1432 182
   1386 183
   1319 184
   1332 185
   1360 186
   1300 187
   1269 188
   1273 189
   1307 190
   1256 191
   1304 192
   1195 193
   1200 194
   1205 195
   1232 196
   1162 197
   1168 198
   1159 199
   1186 200
   1096 201
   1105 202
   1081 203
   1047 204
   1064 205
   1068 206
   1108 207
    996 208
   1001 209
    964 210
    978 211
   1009 212
    938 213
    917 214
    940 215
    921 216
    914 217
    864 218
    901 219
    840 220
    888 221
    828 222
    831 223
    801 224
    753 225
    770 226
    782 227
    728 228
    775 229
    736 230
    764 231
    762 232
    744 233
    747 234
    664 235
    685 236
    695 237
    683 238
    695 239
    655 240
    625 241
    627 242
    631 243
    608 244
    557 245
    531 246
    575 247
    549 248
    575 249
    545 250
    552 251
    514 252
    520 253
    528 254
    505 255
    490 256
    499 257
    506 258
    525 259
    445 260
    448 261
    483 262
    451 263
    430 264
    421 265
    442 266
    394 267
    421 268
    433 269
    386 270
    412 271
    432 272
    389 273
    377 274
    406 275
    404 276
    377 277
    345 278
    334 279
    359 280
    354 281
    350 282
    336 283
    331 284
    314 285
    330 286
    288 287
    278 288
    296 289
    275 290
    277 291
    311 292
    280 293
    258 294
    231 295
    282 296
    256 297
    271 298
    261 299
    227 300
    246 301
    267 302
    219 303
    242 304
    220 305
    262 306
    224 307
    229 308
    230 309
    219 310
    228 311
    247 312
    211 313
    186 314
    230 315
    157 316
    179 317
    197 318
    202 319
    152 320
    193 321
    177 322
    191 323
    180 324
    170 325
    171 326
    151 327
    208 328
    142 329
    144 330
    173 331
    149 332
    124 333
    155 334
    136 335
    138 336
    145 337
    145 338
    143 339
    142 340
    129 341
    139 342
    125 343
    141 344
    114 345
    122 346
    113 347
    125 348
    132 349
    119 350
    108 351
    108 352
    107 353
    110 354
    117 355
     95 356
    133 357
    128 358
    111 359
    114 360
    107 361
     97 362
     92 363
     93 364
     86 365
    100 366
     74 367
     86 368
     87 369
     80 370
     98 371
     96 372
     80 373
     90 374
     71 375
     73 376
     76 377
     75 378
     75 379
     78 380
     73 381
     56 382
     84 383
     54 384
     76 385
     85 386
     66 387
     59 388
     66 389
     66 390
     99 391
     52 392
     63 393
     74 394
     67 395
     54 396
     51 397
     59 398
     57 399
     60 400
     71 401
     57 402
     62 403
     50 404
     57 405
     51 406
     39 407
     57 408
     48 409
     58 410
     52 411
     40 412
     51 413
     45 414
     52 415
     42 416
     45 417
     58 418
     44 419
     40 420
     52 421
     33 422
     45 423
     40 424
     46 425
     53 426
     41 427
     45 428
     56 429
     38 430
     36 431
     42 432
     40 433
     40 434
     34 435
     28 436
     31 437
     29 438
     41 439
     25 440
     24 441
     30 442
     38 443
     44 444
     32 445
     30 446
     41 447
     29 448
     34 449
     37 450
     35 451
     23 452
     22 453
     28 454
     22 455
     20 456
     22 457
     25 458
     29 459
     23 460
     34 461
     40 462
     23 463
     23 464
     29 465
     24 466
     31 467
     26 468
     28 469
     25 470
     22 471
     26 472
     17 473
     21 474
     16 475
     20 476
     21 477
     17 478
     20 479
     19 480
     19 481
     26 482
     19 483
     16 484
     17 485
     18 486
     14 487
     10 488
     11 489
     10 490
     17 491
     22 492
     18 493
     23 494
     13 495
      7 496
     21 497
     13 498
     16 499
     15 500
     15 501
     17 502
     11 503
     11 504
     13 505
     14 506
     14 507
     15 508
     11 509
     20 510
      7 511
     12 512
     18 513
     11 514
     16 515
     15 516
     12 517
     17 518
     17 519
      7 520
     14 521
     10 522
     15 523
     10 524
     13 525
      9 526
     13 527
     11 528
     12 529
     11 530
      9 531
     17 532
      4 533
     13 534
      5 535
     11 536
      4 537
      6 538
      8 539
     10 540
     11 541
      6 542
      7 543
      9 544
      6 545
      3 546
     11 547
     16 548
      8 549
      3 550
      7 551
      3 552
      6 553
      5 554
      5 555
      9 556
      8 557
      8 558
      8 559
     11 560
      9 561
      7 562
      6 563
      6 564
      8 565
      8 566
     11 567
      6 568
      2 569
      7 570
      6 571
      7 572
      7 573
      6 574
      7 575
      7 576
      7 577
      4 578
      2 579
      5 580
      5 581
      3 582
      7 583
      6 584
      7 585
      7 586
      5 587
      5 588
      6 589
      3 590
      4 591
      3 592
      5 593
      3 594
      2 595
      5 596
      2 597
      3 598
      4 599
      3 600
      6 601
      3 602
      3 603
      7 604
      1 605
      3 606
      3 607
      5 608
     11 609
      8 610
      2 611
      2 612
      1 613
      3 614
      1 615
      4 616
      3 617
      2 618
      2 619
      2 620
      4 621
      1 622
      2 623
      3 624
      3 626
      3 627
      1 628
      2 629
      3 630
      1 631
      1 632
      6 633
      3 634
      1 635
      1 636
      1 637
      2 638
      1 639
      1 640
      1 641
      1 642
      1 643
      3 644
      2 645
      4 646
      1 647
      3 648
      3 649
      4 650
      5 651
      4 652
      2 653
      4 654
      1 655
      1 656
      3 658
      2 659
      4 660
      1 661
      2 662
      2 663
      3 664
      4 665
      2 666
      2 667
      2 668
      2 669
      1 670
      1 672
      1 673
      2 674
      1 676
      3 677
      2 679
      3 680
      2 682
      2 683
      2 685
      1 686
      1 687
      2 689
      3 690
      3 691
      4 692
      3 696
      1 697
      1 698
      1 699
      2 700
      1 702
      2 703
      2 704
      1 706
      3 708
      1 709
      2 710
      1 714
      2 715
      1 716
      1 723
      2 724
      3 726
      2 728
      3 732
      2 733
      1 737
      1 740
      1 742
      2 744
      1 748
      1 751
      3 755
      2 756
      2 759
      1 761
      1 765
      1 769
      1 770
      1 773
      1 774
      2 776
      1 781
      1 783
      2 785
      2 792
      1 793
      1 800
      1 812
      1 817
      1 818
      3 820
      1 822
      1 836
      1 853
      1 858
      1 861
      1 862
      1 863
      1 869
      1 870
      2 872
      1 879
      1 884
      1 906
      1 933
      1 939
      1 950
      1 966
      1 983
      1 985
      1 1014
      1 1032
      1 1041
      1 1094
      1 1115
      1 1119
      1 1133
      1 1137
      1 1151
      1 1156
      1 1175
      1 1176
      1 1183
      1 1189
      1 1204
      1 1227
      2 1232
      1 1253
      1 1255
      1 1262
      1 1264
      1 1307
      2 1308
      1 1309
      1 1320
      1 1321
      1 1329
      1 1342
      1 1349
      1 1355
      1 1358
      1 1395
      1 1403
      1 1424
      1 1467
      1 1484
      1 1520
      1 1536
      1 1540
      1 1564
      1 1565
      1 1588
      1 1615
      1 1640
      1 1643
      1 1658
      1 1669
      1 1681
      1 1726
      1 1737
      1 1739
      1 1758
      1 1774
      1 1809
      1 1901
      1 1925
      1 1931
      1 1949
      1 1955
      2 1957
      1 1979
      1 1986
      2 2051
      1 2057
      1 2066
      1 2071
      1 2121
      1 2140
      1 2147
      2 2171
      1 2186
      1 2191
      1 2239
      1 2240
      1 2280
      1 2306
      1 2330
      1 2331
      1 2337
      1 2347
      1 2362
      1 2363
      1 2417
      1 2427
      1 2428
      1 2432
      1 2441
      1 2479
      1 2483
      2 2502
      1 2513
      1 2519
      1 2564
      1 2565
      1 2623
      2 2640
      1 2649
      1 2665
      1 2680
      1 2692
      1 2725
      1 2746
      1 2817
      1 2822
      1 2831
      1 2836
      1 2854
      1 2866
      1 2868
      1 2873
      1 2875
      1 2915
      1 2917
      1 2971
      1 2982
      1 3000
      1 3047
      1 3048
      1 3076
      1 3077
      1 3090
      1 3149
      1 3232
      1 3244
      1 3292
      1 3295
      1 3298
      1 3326
      1 3356
      1 3389
      1 3396
      1 3448
      1 3524
      1 3568
      1 3570
      1 3574
      1 3589
      1 3592
      1 3631
      1 3655
      1 3711
      1 3712
      1 3781
      1 3804
      1 3813
      1 3892
      1 3893
      1 3913
      1 3927
      1 3970
      1 3999
      1 4017
      1 4057
      1 4081
      1 4155
      1 4208
      1 4326
      1 4331
      1 4391
      1 4458
      1 4469
      1 4473
      1 4510
      1 4519
      1 4561
      1 4600
      1 4604
      2 4678
      1 4683
      1 4704
      1 4780
      1 4829
      1 4900
      1 4975
      1 5111
      1 5187
      1 5197
      1 5212
      1 5234
      1 5237
      1 5251
      1 5299
      1 5366
      1 5401
      1 5487
      1 5507
      1 5612
      1 5645
      1 5709
      1 5767
      1 6009
      1 6107
      1 6203
      1 6471
      1 6476
      1 6478
      1 6498
      1 6587
      1 6687
      1 6715
      1 6716
      1 6821
      1 6848
      1 6851
      1 6961
      1 7006
      1 7007
      1 7033
      1 7140
      1 7213
      1 7414
      1 7482
      2 7489
      1 7520
      1 7548
      1 7583
      1 7604
      1 7731
      1 7750
      1 7753
      1 7793
      1 7825
      1 7902
      1 8056
      1 8084
      1 8142
      1 8145
      1 8270
      1 8314
      1 8353
      1 8367
      1 8505
      1 8555
      1 8585
      1 8733
      1 8844
      1 8980
      1 9060
      1 9144
      1 9152
      1 9159
      1 9209
      1 9255
      1 9571
      1 9676
      1 9706
      1 9886
      1 9890
      1 9945
      1 10141
      1 10211
      1 10416
      1 10429
      1 10472
      1 10483
      1 10595
      1 10610
      1 10654
      1 10744
      1 10894
      1 10924
      1 10951
      1 11002
      1 11278
      1 11287
      1 11293
      1 11451
      1 11488
      1 11512
      1 11586
      1 11599
      1 11640
      1 11851
      1 11873
      1 11874
      1 11937
      1 11955
      2 11967
      1 12126
      1 12195
      1 12255
      1 12258
      1 12300
      1 12369
      1 12464
      2 12524
      1 12575
      1 12599
      1 12724
      1 12829
      1 12912
      1 12922
      1 12972
      1 13027
      1 13045
      1 13091
      1 13179
      1 13187
      1 13205
      1 13254
      1 13526
      1 13602
      1 13610
      1 13613
      1 13686
      1 13817
      1 13832
      1 13883
      1 13943
      1 13955
      1 14042
      1 14124
      1 14187
      1 14241
      1 14252
      1 14253
      1 14341
      1 14382
      1 14544
      1 14581
      1 14697
      1 14880
      1 14934
      1 15168
      1 15241
      1 15254
      1 15347
      2 15484
      1 15489
      1 15615
      1 15734
      1 15756
      1 15839
      1 15847
      1 15935
      1 15943
      1 16024
      1 16070
      1 16141
      1 16267
      1 16370
      1 16509
      1 16510
      1 16547
      1 16552
      1 16583
      1 16646
      1 16737
      1 16792
      1 16890
      1 16932
      1 16938
      1 17000
      1 17005
      1 17026
      1 17082
      1 17141
      1 17255
      1 17380
      1 17409
      1 17501
      1 17519
      1 17624
      1 17636
      1 17713
      1 17729
      1 17802
      1 17823
      1 17829
      1 17833
      1 17927
      1 18057
      1 18110
      1 18166
      1 18178
      1 18213
      1 18450
      1 18455
      1 18499
      1 18525
      1 18810
      1 19126
      1 19138
      1 19189
      1 19193
      1 19240
      1 19241
      1 19280
      1 19291
      1 19416
      1 19550
      1 19588
      1 19615
      1 19620
      1 19721
      1 19730
      1 19761
      1 19774
      1 19811
      1 20112
      1 20129
      1 20173
      1 20179
      1 20184
      1 20232
      1 20337
      1 20478
      1 20563
      1 20569
      1 20587
      1 20606
      1 20707
      1 20783
      1 20858
      1 20918
      2 20956
      1 21079
      1 21163
      1 21174
      1 21225
      1 21286
      1 21300
      1 21405
      1 21471
      1 21485
      1 21491
      2 21543
      1 21604
      1 22057
      1 22114
      1 22117
      1 22179
      1 22222
      1 22229
      1 22233
      1 22365
      1 22388
      1 22457
      1 22477
      1 22500
      1 22656
      1 22956
      1 23026
      1 23167
      1 23263
      1 23341
      1 23646
      1 23659
      1 23972
      1 24112
      1 24138
      1 24182
      1 24585
      1 24590
      1 24602
      1 24614
      1 25134
      1 26022
