pgbench (18.6 (Debian 18.6-1.pgdg13+2))
starting vacuum...end.
transaction type: <builtin: select only>
scaling factor: 1000
query mode: simple
number of clients: 8
number of threads: 8
maximum number of tries: 1
duration: 60 s
number of transactions actually processed: 1664610
number of failed transactions: 0 (0.000%)
latency average = 0.288 ms
initial connection time = 6.162 ms
tps = 27746.147445 (without initial connection time)
---AAD-PGBENCH-LATENCY-US---
rc=0
samples=33748
      1 232
      1 233
      2 234
      4 236
      5 237
      7 238
      5 239
      9 240
     10 241
     16 242
     19 243
     23 244
     32 245
     28 246
     50 247
     59 248
     54 249
     64 250
     91 251
    104 252
    124 253
    128 254
    177 255
    206 256
    228 257
    296 258
    318 259
    378 260
    477 261
    461 262
    546 263
    577 264
    699 265
    773 266
    882 267
    940 268
   1063 269
   1097 270
   1063 271
   1144 272
   1164 273
   1080 274
   1107 275
   1136 276
   1026 277
    914 278
    847 279
    840 280
    723 281
    680 282
    595 283
    568 284
    490 285
    435 286
    393 287
    382 288
    322 289
    339 290
    284 291
    293 292
    255 293
    274 294
    249 295
    218 296
    193 297
    177 298
    174 299
    166 300
    150 301
    135 302
    136 303
    131 304
    111 305
    127 306
    130 307
    114 308
    101 309
    120 310
    134 311
    111 312
    106 313
    121 314
     87 315
     82 316
     86 317
     81 318
     87 319
     80 320
    103 321
     95 322
    107 323
     80 324
     99 325
     92 326
     99 327
     94 328
     90 329
    103 330
     89 331
     67 332
     67 333
     72 334
     55 335
     72 336
     56 337
     84 338
     58 339
     55 340
     62 341
     62 342
     52 343
     49 344
     54 345
     43 346
     43 347
     47 348
     46 349
     33 350
     34 351
     31 352
     27 353
     25 354
     21 355
     31 356
     27 357
     19 358
     21 359
     31 360
     25 361
     25 362
     27 363
     20 364
     20 365
     20 366
     13 367
     18 368
     26 369
     21 370
     21 371
     26 372
     12 373
     24 374
     12 375
     16 376
     22 377
     23 378
     24 379
     18 380
     25 381
     16 382
     15 383
     13 384
     15 385
     18 386
     14 387
     27 388
     13 389
     17 390
     19 391
     10 392
     10 393
     15 394
     18 395
     15 396
     20 397
     18 398
     17 399
     13 400
      8 401
     14 402
     15 403
      7 404
      5 405
     12 406
     14 407
     19 408
     13 409
      8 410
      4 411
      7 412
      9 413
      7 414
     11 415
     11 416
     13 417
     10 418
     10 419
      9 420
      6 421
     10 422
      8 423
      4 424
      6 425
      7 426
      5 427
      8 428
      8 429
      5 430
      8 431
      8 432
      9 433
     14 434
      6 435
     14 436
      7 437
      9 438
      9 439
      5 440
      9 441
     11 442
      6 443
      6 444
      5 445
      9 446
     15 447
      6 448
     15 449
     12 450
      9 451
     10 452
     15 453
      9 454
      8 455
      9 456
      7 457
     13 458
      6 459
      9 460
      5 461
      5 462
     11 463
      8 464
     11 465
     10 466
      8 467
     15 468
      9 469
      7 470
      3 471
      7 472
      8 473
      8 474
     10 475
      9 476
      5 477
     10 478
      6 479
      8 480
      2 481
      4 482
      4 483
      3 484
      3 485
      6 486
      4 488
      1 489
      4 490
      3 491
      5 492
      2 493
      3 494
      5 495
      2 496
      3 497
      4 498
      6 499
      1 500
      2 501
      2 502
      1 503
      2 504
      1 506
      2 507
      3 508
      3 509
      1 510
      2 511
      3 512
      3 513
      3 514
      3 515
      2 516
      1 517
      3 518
      2 519
      4 520
      4 521
      5 522
      8 523
      6 524
      4 525
      1 526
      2 527
      1 528
      2 529
      2 530
      3 532
      4 533
      1 535
      2 536
      2 537
      2 539
      2 541
      1 544
      1 545
      2 546
      2 547
      2 549
      1 550
      1 552
      1 554
      1 555
      2 556
      1 557
      1 559
      1 560
      1 564
      1 571
      1 581
      1 582
      1 590
      1 620
      1 625
---AAD-PGBENCH-LAG-US---
