pgbench (18.6 (Debian 18.6-1.pgdg13+2))
starting vacuum...end.
transaction type: <builtin: select only>
scaling factor: 1000
query mode: simple
number of clients: 256
number of threads: 16
maximum number of tries: 1
duration: 60 s
number of transactions actually processed: 7590308
number of failed transactions: 0 (0.000%)
latency average = 1.999 ms
initial connection time = 794.152 ms
tps = 128087.180799 (without initial connection time)
---AAD-PGBENCH-LATENCY-US---
rc=0
samples=151653
      1 258
      2 259
      2 260
      1 268
      2 269
      1 270
      1 272
      2 273
      1 274
      2 275
      1 276
      1 278
      1 279
      1 280
      1 283
      1 284
      1 288
      3 291
      2 292
      4 293
      3 294
      2 296
      2 298
      1 299
      2 300
      2 301
      2 302
      2 303
      2 304
      2 305
      5 306
      1 307
      2 309
      1 311
      2 312
      1 313
      4 314
      4 316
      2 317
      4 318
      7 320
      3 321
      2 322
      4 323
      4 324
     10 325
      6 326
      5 327
      9 328
      3 329
      4 330
      8 331
      9 332
      6 333
      7 334
      6 335
      4 336
      3 337
      8 338
      8 339
      5 340
      6 341
      6 342
     10 343
      7 344
      6 345
      4 346
      2 347
      7 348
      2 349
      6 350
      4 351
      8 352
      5 353
      6 354
      4 355
      5 356
      8 357
      2 358
      2 359
      5 360
      6 361
      5 362
      9 363
      4 364
      6 365
      2 366
      5 367
      8 368
      7 369
      4 370
      5 371
      5 372
      3 373
      4 374
      6 375
      4 376
     10 377
      9 378
      5 379
      2 380
      2 381
      6 382
      8 383
      5 384
      4 385
      3 386
      6 387
      4 388
      4 389
     11 390
      6 391
     14 392
     11 393
      4 394
      9 395
      7 396
      7 397
      7 398
     10 399
      8 400
      9 401
      7 402
     12 403
      6 404
      8 405
      7 406
     10 407
      7 408
      6 409
      8 410
      7 411
      8 412
     10 413
      6 414
      4 415
      2 416
      5 417
      6 418
      4 419
      8 420
      8 421
      4 422
      6 423
      9 424
     11 425
      4 426
      7 427
     10 428
      8 429
      5 430
      6 431
      7 432
      6 433
     11 434
     11 435
      5 436
     12 437
      4 438
      4 439
     13 440
      3 441
      7 442
      6 443
      8 444
      8 445
      9 446
      5 447
      5 448
      7 449
      7 450
      5 451
      6 452
      9 453
      8 454
      1 455
      7 456
      7 457
      8 458
     13 459
      6 460
      7 461
      8 462
     10 463
      7 464
      7 465
     13 466
     10 467
      8 468
     13 469
     10 470
      9 471
     10 472
     10 473
     10 474
     12 475
     12 476
      9 477
      8 478
      9 479
     14 480
     10 481
     10 482
      7 483
      9 484
      9 485
     15 486
      7 487
     10 488
     10 489
     13 490
      9 491
     12 492
     15 493
     18 494
     11 495
      7 496
      8 497
      9 498
     10 499
      8 500
     11 501
      5 502
     10 503
     16 504
     12 505
      6 506
     13 507
     17 508
     10 509
      7 510
     11 511
     15 512
     10 513
     13 514
     10 515
     14 516
     15 517
     11 518
      7 519
     13 520
     11 521
     10 522
     20 523
     18 524
      7 525
     12 526
     13 527
      5 528
     16 529
     12 530
     13 531
     13 532
     14 533
     10 534
     16 535
     10 536
     10 537
     15 538
     17 539
     11 540
     18 541
     20 542
      6 543
     14 544
     23 545
     14 546
     12 547
     13 548
     16 549
     20 550
     13 551
     14 552
      5 553
     17 554
     19 555
      8 556
     12 557
     12 558
     10 559
     12 560
     15 561
     14 562
     14 563
     11 564
     13 565
     12 566
      9 567
     15 568
     15 569
     10 570
     12 571
     17 572
      6 573
     15 574
     15 575
     17 576
     18 577
     15 578
     14 579
     11 580
     10 581
      8 582
      9 583
     18 584
      6 585
      4 586
     20 587
     10 588
     17 589
     18 590
     15 591
     17 592
     17 593
     12 594
     25 595
     19 596
     16 597
     16 598
     21 599
     19 600
     16 601
     14 602
     20 603
     23 604
     10 605
     18 606
     20 607
     21 608
     25 609
     16 610
     23 611
     23 612
     15 613
     28 614
     17 615
     26 616
     18 617
     20 618
     22 619
     18 620
     13 621
     25 622
     20 623
     21 624
     20 625
     14 626
     20 627
     13 628
     19 629
     13 630
     20 631
     23 632
     21 633
     13 634
     13 635
     22 636
     15 637
     17 638
     16 639
     18 640
     14 641
     13 642
     14 643
     18 644
     16 645
     14 646
     15 647
     23 648
     19 649
     11 650
     19 651
     20 652
     16 653
     14 654
     17 655
     22 656
     20 657
     10 658
     19 659
     16 660
     14 661
     16 662
     18 663
     12 664
     20 665
     15 666
     19 667
     14 668
     16 669
     16 670
     13 671
     18 672
     20 673
     22 674
     17 675
     26 676
     18 677
     23 678
     20 679
     15 680
     13 681
     14 682
     16 683
     19 684
     21 685
     10 686
     18 687
     21 688
     21 689
     21 690
     23 691
     22 692
     22 693
     18 694
     17 695
     19 696
     20 697
     19 698
     22 699
     15 700
     16 701
     13 702
     14 703
     14 704
     20 705
     14 706
     14 707
     27 708
     19 709
     12 710
     20 711
      8 712
     17 713
     18 714
     11 715
     16 716
     21 717
     22 718
     17 719
     10 720
     15 721
     13 722
     18 723
      9 724
     18 725
     17 726
     23 727
     21 728
     12 729
     21 730
     19 731
     12 732
     11 733
     13 734
     20 735
     12 736
     18 737
     13 738
     19 739
     14 740
     16 741
     10 742
     14 743
     18 744
     12 745
     19 746
     24 747
     17 748
     16 749
     14 750
     21 751
     13 752
     21 753
     16 754
     16 755
     27 756
     12 757
     17 758
     20 759
     20 760
     18 761
     18 762
     20 763
     18 764
     15 765
     18 766
     17 767
     26 768
     24 769
     17 770
     18 771
     21 772
     13 773
     21 774
     13 775
     23 776
     15 777
     15 778
     20 779
     18 780
     10 781
     16 782
     14 783
     20 784
     21 785
     13 786
     26 787
     20 788
     14 789
     21 790
     22 791
     10 792
      9 793
     22 794
     15 795
     13 796
     15 797
     24 798
     22 799
     17 800
     17 801
     17 802
     20 803
     13 804
     16 805
     14 806
     14 807
     17 808
     19 809
     17 810
     22 811
     18 812
     11 813
     14 814
     13 815
     14 816
     17 817
     18 818
     22 819
     34 820
     18 821
      7 822
     21 823
     17 824
     20 825
     13 826
     10 827
     18 828
     15 829
     20 830
     13 831
     16 832
     13 833
     19 834
     13 835
     19 836
     17 837
     13 838
     15 839
     17 840
     26 841
     26 842
     20 843
     19 844
     12 845
     20 846
     11 847
     14 848
     24 849
     18 850
     15 851
     16 852
     14 853
     16 854
     20 855
     19 856
     11 857
     14 858
     21 859
     20 860
     14 861
     23 862
     15 863
     13 864
     19 865
     17 866
     13 867
     12 868
     19 869
     25 870
     11 871
     17 872
     20 873
     13 874
     17 875
     12 876
     14 877
     16 878
     17 879
     16 880
     18 881
     11 882
     24 883
     18 884
     18 885
     16 886
     31 887
     22 888
     14 889
     22 890
     15 891
     18 892
     24 893
     17 894
     34 895
     15 896
     12 897
     19 898
     16 899
     15 900
     22 901
     23 902
     15 903
     19 904
     20 905
     27 906
     15 907
     19 908
     17 909
     25 910
     21 911
     24 912
     18 913
     16 914
     27 915
     21 916
     20 917
     20 918
     31 919
     24 920
     20 921
     17 922
     19 923
     23 924
     15 925
     12 926
     30 927
     21 928
     19 929
     27 930
     16 931
     22 932
     18 933
     12 934
     17 935
     22 936
     16 937
     20 938
     20 939
     20 940
     25 941
     19 942
     23 943
     22 944
     18 945
     24 946
     19 947
     24 948
     15 949
     24 950
     19 951
     24 952
     21 953
     17 954
     14 955
     21 956
     20 957
     24 958
     13 959
     26 960
     19 961
     21 962
     16 963
     21 964
     21 965
     25 966
     36 967
     27 968
     21 969
     19 970
     17 971
     25 972
     22 973
     19 974
     26 975
     26 976
     12 977
     20 978
     17 979
     22 980
     19 981
     21 982
     22 983
     20 984
     20 985
     17 986
     29 987
     13 988
     24 989
     22 990
     20 991
     25 992
      8 993
     25 994
     25 995
     22 996
     24 997
     28 998
     16 999
     27 1000
     27 1001
     28 1002
     20 1003
     22 1004
     29 1005
     27 1006
     18 1007
     31 1008
     27 1009
     25 1010
     23 1011
     17 1012
     23 1013
     28 1014
     25 1015
     26 1016
     22 1017
     19 1018
     26 1019
     31 1020
     23 1021
     19 1022
     28 1023
     21 1024
     23 1025
     29 1026
     26 1027
     32 1028
     35 1029
     29 1030
     29 1031
     20 1032
     29 1033
     31 1034
     28 1035
     15 1036
     20 1037
     23 1038
     30 1039
     23 1040
     19 1041
     20 1042
     25 1043
     28 1044
     29 1045
     41 1046
     20 1047
     20 1048
     30 1049
     24 1050
     33 1051
     29 1052
     27 1053
     24 1054
     38 1055
     23 1056
     22 1057
     41 1058
     32 1059
     23 1060
     31 1061
     26 1062
     34 1063
     41 1064
     39 1065
     32 1066
     23 1067
     29 1068
     42 1069
     28 1070
     32 1071
     29 1072
     28 1073
     22 1074
     28 1075
     32 1076
     37 1077
     32 1078
     26 1079
     22 1080
     28 1081
     36 1082
     37 1083
     35 1084
     32 1085
     29 1086
     21 1087
     32 1088
     39 1089
     35 1090
     35 1091
     24 1092
     37 1093
     32 1094
     40 1095
     25 1096
     26 1097
     39 1098
     33 1099
     40 1100
     31 1101
     24 1102
     37 1103
     38 1104
     35 1105
     31 1106
     46 1107
     40 1108
     32 1109
     33 1110
     47 1111
     33 1112
     37 1113
     38 1114
     34 1115
     31 1116
     40 1117
     38 1118
     35 1119
     33 1120
     37 1121
     35 1122
     34 1123
     36 1124
     47 1125
     41 1126
     39 1127
     33 1128
     47 1129
     34 1130
     32 1131
     45 1132
     41 1133
     35 1134
     34 1135
     34 1136
     53 1137
     36 1138
     37 1139
     47 1140
     47 1141
     40 1142
     54 1143
     39 1144
     36 1145
     38 1146
     46 1147
     37 1148
     47 1149
     47 1150
     45 1151
     43 1152
     44 1153
     38 1154
     52 1155
     47 1156
     40 1157
     43 1158
     38 1159
     43 1160
     38 1161
     42 1162
     45 1163
     38 1164
     39 1165
     40 1166
     50 1167
     36 1168
     43 1169
     42 1170
     48 1171
     55 1172
     41 1173
     52 1174
     46 1175
     48 1176
     38 1177
     42 1178
     51 1179
     50 1180
     48 1181
     52 1182
     34 1183
     49 1184
     51 1185
     49 1186
     56 1187
     60 1188
     55 1189
     73 1190
     53 1191
     47 1192
     47 1193
     46 1194
     53 1195
     52 1196
     60 1197
     51 1198
     50 1199
     41 1200
     54 1201
     56 1202
     61 1203
     57 1204
     61 1205
     74 1206
     59 1207
     44 1208
     45 1209
     39 1210
     65 1211
     49 1212
     66 1213
     53 1214
     50 1215
     38 1216
     65 1217
     59 1218
     66 1219
     56 1220
     68 1221
     57 1222
     55 1223
     53 1224
     73 1225
     57 1226
     57 1227
     62 1228
     57 1229
     54 1230
     52 1231
     75 1232
     61 1233
     60 1234
     59 1235
     56 1236
     56 1237
     78 1238
     80 1239
     58 1240
     71 1241
     59 1242
     57 1243
     74 1244
     83 1245
     63 1246
     80 1247
     54 1248
     62 1249
     73 1250
     78 1251
     65 1252
    102 1253
     72 1254
     70 1255
     83 1256
     87 1257
     72 1258
     61 1259
     81 1260
     63 1261
     64 1262
     89 1263
     62 1264
     98 1265
     70 1266
     90 1267
     67 1268
     73 1269
     60 1270
     84 1271
     72 1272
     72 1273
     68 1274
     90 1275
     94 1276
     82 1277
     83 1278
     70 1279
     92 1280
     86 1281
     82 1282
     88 1283
     76 1284
     89 1285
     76 1286
     92 1287
     71 1288
     80 1289
    115 1290
     95 1291
     87 1292
    100 1293
     92 1294
     92 1295
     90 1296
     80 1297
     78 1298
    113 1299
     88 1300
     97 1301
     70 1302
     79 1303
     93 1304
     95 1305
     90 1306
     98 1307
     90 1308
     84 1309
    105 1310
     95 1311
    103 1312
     81 1313
     95 1314
     87 1315
    119 1316
     79 1317
    100 1318
    100 1319
    112 1320
     81 1321
    114 1322
    113 1323
     76 1324
    100 1325
     93 1326
    108 1327
    112 1328
    102 1329
     96 1330
     98 1331
    108 1332
     85 1333
     90 1334
    110 1335
    116 1336
     97 1337
     96 1338
     92 1339
    111 1340
     96 1341
    106 1342
    124 1343
    118 1344
    105 1345
    110 1346
    103 1347
    111 1348
    118 1349
     95 1350
    140 1351
    134 1352
    111 1353
    120 1354
     99 1355
    110 1356
    112 1357
    104 1358
    113 1359
    103 1360
    141 1361
    106 1362
    123 1363
    117 1364
    109 1365
    129 1366
    110 1367
    102 1368
    121 1369
    115 1370
    121 1371
    123 1372
    122 1373
    122 1374
    133 1375
    118 1376
    115 1377
    131 1378
    136 1379
    113 1380
    120 1381
    124 1382
    127 1383
    123 1384
    125 1385
    112 1386
    134 1387
    120 1388
    140 1389
    144 1390
    135 1391
    116 1392
    154 1393
    134 1394
    128 1395
    141 1396
    128 1397
    130 1398
    103 1399
    143 1400
    143 1401
    126 1402
    129 1403
    143 1404
    134 1405
    154 1406
    143 1407
    158 1408
    134 1409
    146 1410
    145 1411
    144 1412
    133 1413
    138 1414
    143 1415
    160 1416
    144 1417
    119 1418
    138 1419
    151 1420
    138 1421
    142 1422
    143 1423
    124 1424
    133 1425
    148 1426
    148 1427
    147 1428
    141 1429
    158 1430
    141 1431
    147 1432
    158 1433
    123 1434
    166 1435
    144 1436
    147 1437
    175 1438
    136 1439
    169 1440
    135 1441
    166 1442
    159 1443
    158 1444
    139 1445
    147 1446
    148 1447
    151 1448
    166 1449
    111 1450
    157 1451
    121 1452
    168 1453
    151 1454
    150 1455
    158 1456
    173 1457
    152 1458
    162 1459
    130 1460
    138 1461
    138 1462
    142 1463
    142 1464
    159 1465
    142 1466
    150 1467
    157 1468
    156 1469
    158 1470
    141 1471
    147 1472
    167 1473
    155 1474
    157 1475
    159 1476
    137 1477
    155 1478
    141 1479
    152 1480
    167 1481
    157 1482
    128 1483
    139 1484
    170 1485
    156 1486
    152 1487
    138 1488
    138 1489
    162 1490
    160 1491
    148 1492
    137 1493
    154 1494
    163 1495
    144 1496
    147 1497
    144 1498
    150 1499
    159 1500
    157 1501
    136 1502
    155 1503
    141 1504
    166 1505
    151 1506
    153 1507
    146 1508
    157 1509
    148 1510
    124 1511
    147 1512
    151 1513
    149 1514
    143 1515
    148 1516
    161 1517
    173 1518
    131 1519
    139 1520
    158 1521
    141 1522
    154 1523
    156 1524
    169 1525
    159 1526
    140 1527
    138 1528
    144 1529
    140 1530
    152 1531
    159 1532
    133 1533
    129 1534
    138 1535
    138 1536
    132 1537
    119 1538
    130 1539
    136 1540
    144 1541
    133 1542
    151 1543
    124 1544
    124 1545
    142 1546
    149 1547
    111 1548
    127 1549
    129 1550
    130 1551
    159 1552
    137 1553
    133 1554
    155 1555
    136 1556
    126 1557
    125 1558
    130 1559
    135 1560
    138 1561
    151 1562
    118 1563
    114 1564
    120 1565
    107 1566
    103 1567
    108 1568
    120 1569
    140 1570
    131 1571
    106 1572
    129 1573
    121 1574
    122 1575
    114 1576
    141 1577
    139 1578
    137 1579
    141 1580
    156 1581
    114 1582
    116 1583
    126 1584
    121 1585
     92 1586
    107 1587
    128 1588
    137 1589
    130 1590
    121 1591
    122 1592
    117 1593
    105 1594
    101 1595
    130 1596
    121 1597
     92 1598
     95 1599
    114 1600
     95 1601
    138 1602
    114 1603
    112 1604
    132 1605
    121 1606
    100 1607
    118 1608
    113 1609
    104 1610
    116 1611
    112 1612
    101 1613
    106 1614
    115 1615
    119 1616
    108 1617
    119 1618
    108 1619
    113 1620
    110 1621
    106 1622
    108 1623
     85 1624
     99 1625
    128 1626
    100 1627
     97 1628
     85 1629
     89 1630
     99 1631
     94 1632
    105 1633
     91 1634
     99 1635
    101 1636
    102 1637
    113 1638
    105 1639
    104 1640
     88 1641
     96 1642
    111 1643
     95 1644
    100 1645
    107 1646
    100 1647
    116 1648
     98 1649
     94 1650
     85 1651
     98 1652
     97 1653
     94 1654
     93 1655
    110 1656
    109 1657
     84 1658
    110 1659
     86 1660
     94 1661
     96 1662
     88 1663
     91 1664
    104 1665
     93 1666
     84 1667
    110 1668
     91 1669
     97 1670
     94 1671
     95 1672
    109 1673
    102 1674
     93 1675
     78 1676
     91 1677
     95 1678
     83 1679
     89 1680
     89 1681
     84 1682
     93 1683
     73 1684
    104 1685
     93 1686
     84 1687
     89 1688
     73 1689
     88 1690
     88 1691
     80 1692
     87 1693
     84 1694
    109 1695
     73 1696
     92 1697
     92 1698
     78 1699
     78 1700
     96 1701
     92 1702
     85 1703
     75 1704
     85 1705
     70 1706
     70 1707
     80 1708
     59 1709
     99 1710
     81 1711
     61 1712
     87 1713
     77 1714
     74 1715
     85 1716
     84 1717
    110 1718
     77 1719
     77 1720
     79 1721
     73 1722
     89 1723
     81 1724
     71 1725
     70 1726
     72 1727
     73 1728
     89 1729
     81 1730
     83 1731
     65 1732
     86 1733
     68 1734
     70 1735
     71 1736
     67 1737
     61 1738
     89 1739
     68 1740
     74 1741
     79 1742
     67 1743
     67 1744
     66 1745
     69 1746
     76 1747
     72 1748
     67 1749
     80 1750
     78 1751
     72 1752
     74 1753
     88 1754
     72 1755
     69 1756
     58 1757
     75 1758
     61 1759
     68 1760
     75 1761
     69 1762
     73 1763
     72 1764
     67 1765
     66 1766
     66 1767
     68 1768
     79 1769
     72 1770
     57 1771
     74 1772
     76 1773
     72 1774
     64 1775
     59 1776
     86 1777
     64 1778
     57 1779
     66 1780
     72 1781
     72 1782
     69 1783
     71 1784
     72 1785
     72 1786
     66 1787
     71 1788
     72 1789
     68 1790
     75 1791
     73 1792
     71 1793
     52 1794
     79 1795
     72 1796
     61 1797
     59 1798
     78 1799
     61 1800
     72 1801
     66 1802
     49 1803
     62 1804
     60 1805
     51 1806
     54 1807
     69 1808
     69 1809
     51 1810
     54 1811
     62 1812
     50 1813
     70 1814
     68 1815
     75 1816
     68 1817
     66 1818
     50 1819
     56 1820
     66 1821
     87 1822
     58 1823
     76 1824
     54 1825
     55 1826
     59 1827
     72 1828
     82 1829
     58 1830
     54 1831
     60 1832
     59 1833
     76 1834
     62 1835
     65 1836
     91 1837
     63 1838
     57 1839
     64 1840
     61 1841
     56 1842
     58 1843
     54 1844
     66 1845
     66 1846
     64 1847
     64 1848
     61 1849
     63 1850
     80 1851
     58 1852
     58 1853
     63 1854
     58 1855
     58 1856
     54 1857
     65 1858
     51 1859
     56 1860
     52 1861
     58 1862
     68 1863
     62 1864
     68 1865
     56 1866
     46 1867
     73 1868
     68 1869
     78 1870
     59 1871
     67 1872
     54 1873
     48 1874
     55 1875
     62 1876
     56 1877
     50 1878
     51 1879
     57 1880
     60 1881
     54 1882
     55 1883
     57 1884
     52 1885
     53 1886
     64 1887
     60 1888
     75 1889
     63 1890
     60 1891
     45 1892
     65 1893
     57 1894
     58 1895
     60 1896
     51 1897
     45 1898
     57 1899
     41 1900
     49 1901
     54 1902
     36 1903
     60 1904
     54 1905
     55 1906
     58 1907
     55 1908
     67 1909
     52 1910
     50 1911
     59 1912
     52 1913
     59 1914
     59 1915
     61 1916
     47 1917
     55 1918
     55 1919
     60 1920
     50 1921
     68 1922
     43 1923
     44 1924
     45 1925
     50 1926
     68 1927
     43 1928
     54 1929
     50 1930
     63 1931
     52 1932
     54 1933
     66 1934
     49 1935
     62 1936
     59 1937
     47 1938
     63 1939
     56 1940
     60 1941
     61 1942
     50 1943
     56 1944
     56 1945
     57 1946
     64 1947
     56 1948
     55 1949
     53 1950
     60 1951
     59 1952
     59 1953
     55 1954
     48 1955
     65 1956
     56 1957
     59 1958
     57 1959
     61 1960
     43 1961
     65 1962
     48 1963
     54 1964
     56 1965
     60 1966
     55 1967
     49 1968
     45 1969
     59 1970
     45 1971
     48 1972
     72 1973
     66 1974
     59 1975
     62 1976
     45 1977
     57 1978
     65 1979
     68 1980
     57 1981
     43 1982
     60 1983
     50 1984
     55 1985
     57 1986
     53 1987
     59 1988
     67 1989
     46 1990
     62 1991
     51 1992
     58 1993
     43 1994
     54 1995
     61 1996
     51 1997
     44 1998
     47 1999
     60 2000
     57 2001
     51 2002
     45 2003
     60 2004
     59 2005
     54 2006
     61 2007
     56 2008
     44 2009
     45 2010
     71 2011
     49 2012
     61 2013
     53 2014
     58 2015
     63 2016
     48 2017
     55 2018
     49 2019
     54 2020
     52 2021
     60 2022
     51 2023
     66 2024
     52 2025
     52 2026
     56 2027
     53 2028
     61 2029
     56 2030
     58 2031
     50 2032
     50 2033
     52 2034
     58 2035
     59 2036
     57 2037
     50 2038
     50 2039
     61 2040
     53 2041
     60 2042
     48 2043
     57 2044
     53 2045
     60 2046
     63 2047
     66 2048
     62 2049
     57 2050
     54 2051
     62 2052
     53 2053
     45 2054
     43 2055
     59 2056
     51 2057
     48 2058
     56 2059
     57 2060
     67 2061
     49 2062
     52 2063
     59 2064
     57 2065
     59 2066
     45 2067
     67 2068
     41 2069
     63 2070
     41 2071
     51 2072
     52 2073
     59 2074
     49 2075
     54 2076
     51 2077
     46 2078
     41 2079
     59 2080
     53 2081
     39 2082
     51 2083
     53 2084
     54 2085
     52 2086
     43 2087
     66 2088
     63 2089
     60 2090
     61 2091
     52 2092
     56 2093
     61 2094
     59 2095
     57 2096
     57 2097
     61 2098
     58 2099
     60 2100
     40 2101
     62 2102
     63 2103
     77 2104
     63 2105
     57 2106
     51 2107
     63 2108
     55 2109
     62 2110
     59 2111
     59 2112
     54 2113
     58 2114
     67 2115
     55 2116
     44 2117
     62 2118
     51 2119
     73 2120
     61 2121
     54 2122
     52 2123
     64 2124
     56 2125
     70 2126
     65 2127
     52 2128
     58 2129
     72 2130
     51 2131
     61 2132
     50 2133
     70 2134
     64 2135
     59 2136
     56 2137
     48 2138
     48 2139
     65 2140
     52 2141
     41 2142
     53 2143
     68 2144
     51 2145
     61 2146
     55 2147
     50 2148
     56 2149
     60 2150
     52 2151
     69 2152
     57 2153
     59 2154
     49 2155
     45 2156
     58 2157
     58 2158
     56 2159
     68 2160
     65 2161
     60 2162
     71 2163
     71 2164
     68 2165
     68 2166
     55 2167
     55 2168
     66 2169
     48 2170
     72 2171
     54 2172
     63 2173
     45 2174
     63 2175
     54 2176
     64 2177
     46 2178
     62 2179
     70 2180
     68 2181
     39 2182
     85 2183
     61 2184
     59 2185
     58 2186
     64 2187
     62 2188
     46 2189
     55 2190
     70 2191
     68 2192
     58 2193
     66 2194
     50 2195
     55 2196
     59 2197
     75 2198
     55 2199
     49 2200
     57 2201
     46 2202
     64 2203
     54 2204
     73 2205
     57 2206
     58 2207
     57 2208
     61 2209
     56 2210
     53 2211
     59 2212
     61 2213
     56 2214
     51 2215
     63 2216
     60 2217
     70 2218
     75 2219
     55 2220
     59 2221
     65 2222
     53 2223
     46 2224
     63 2225
     56 2226
     63 2227
     73 2228
     65 2229
     63 2230
     59 2231
     83 2232
     64 2233
     61 2234
     54 2235
     75 2236
     65 2237
     68 2238
     67 2239
     54 2240
     66 2241
     62 2242
     65 2243
     64 2244
     61 2245
     77 2246
     64 2247
     66 2248
     47 2249
     53 2250
     69 2251
     66 2252
     59 2253
     62 2254
     65 2255
     59 2256
     59 2257
     64 2258
     60 2259
     49 2260
     71 2261
     57 2262
     73 2263
     72 2264
     64 2265
     65 2266
     57 2267
     73 2268
     59 2269
     63 2270
     53 2271
     70 2272
     62 2273
     56 2274
     72 2275
     67 2276
     62 2277
     70 2278
     67 2279
     63 2280
     55 2281
     66 2282
     77 2283
     67 2284
     72 2285
     69 2286
     56 2287
     61 2288
     55 2289
     64 2290
     66 2291
     74 2292
     68 2293
     48 2294
     61 2295
     58 2296
     55 2297
     57 2298
     57 2299
     57 2300
     64 2301
     57 2302
     73 2303
     75 2304
     59 2305
     55 2306
     63 2307
     70 2308
     62 2309
     67 2310
     66 2311
     67 2312
     51 2313
     59 2314
     59 2315
     58 2316
     58 2317
     60 2318
     74 2319
     73 2320
     60 2321
     65 2322
     62 2323
     69 2324
     75 2325
     63 2326
     65 2327
     69 2328
     66 2329
     70 2330
     56 2331
     64 2332
     59 2333
     60 2334
     63 2335
     57 2336
     61 2337
     73 2338
     77 2339
     70 2340
     66 2341
     59 2342
     54 2343
     61 2344
     59 2345
     64 2346
     45 2347
     52 2348
     55 2349
     59 2350
     61 2351
     66 2352
     78 2353
     56 2354
     52 2355
     59 2356
     50 2357
     63 2358
     73 2359
     66 2360
     44 2361
     65 2362
     67 2363
     52 2364
     74 2365
     60 2366
     61 2367
     57 2368
     53 2369
     56 2370
     56 2371
     56 2372
     45 2373
     50 2374
     47 2375
     61 2376
     59 2377
     61 2378
     68 2379
     78 2380
     71 2381
     69 2382
     53 2383
     52 2384
     76 2385
     42 2386
     62 2387
     69 2388
     54 2389
     56 2390
     45 2391
     60 2392
     57 2393
     68 2394
     84 2395
     62 2396
     70 2397
     57 2398
     74 2399
     67 2400
     50 2401
     56 2402
     57 2403
     55 2404
     65 2405
     55 2406
     54 2407
     74 2408
     51 2409
     54 2410
     59 2411
     58 2412
     65 2413
     51 2414
     47 2415
     65 2416
     61 2417
     58 2418
     66 2419
     64 2420
     67 2421
     46 2422
     42 2423
     58 2424
     52 2425
     49 2426
     42 2427
     58 2428
     52 2429
     70 2430
     51 2431
     64 2432
     68 2433
     61 2434
     66 2435
     51 2436
     53 2437
     64 2438
     64 2439
     48 2440
     72 2441
     62 2442
     55 2443
     66 2444
     68 2445
     70 2446
     49 2447
     61 2448
     68 2449
     60 2450
     45 2451
     53 2452
     58 2453
     60 2454
     47 2455
     65 2456
     58 2457
     51 2458
     61 2459
     57 2460
     52 2461
     58 2462
     47 2463
     75 2464
     59 2465
     63 2466
     41 2467
     63 2468
     46 2469
     54 2470
     45 2471
     56 2472
     57 2473
     59 2474
     66 2475
     64 2476
     61 2477
     49 2478
     50 2479
     50 2480
     57 2481
     42 2482
     62 2483
     69 2484
     58 2485
     47 2486
     71 2487
     70 2488
     62 2489
     56 2490
     54 2491
     65 2492
     67 2493
     47 2494
     60 2495
     49 2496
     54 2497
     58 2498
     44 2499
     54 2500
     45 2501
     53 2502
     57 2503
     51 2504
     50 2505
     47 2506
     72 2507
     47 2508
     56 2509
     41 2510
     47 2511
     55 2512
     54 2513
     61 2514
     60 2515
     50 2516
     42 2517
     45 2518
     69 2519
     55 2520
     56 2521
     55 2522
     47 2523
     58 2524
     68 2525
     59 2526
     51 2527
     49 2528
     46 2529
     49 2530
     43 2531
     58 2532
     55 2533
     52 2534
     58 2535
     50 2536
     61 2537
     53 2538
     38 2539
     48 2540
     49 2541
     56 2542
     48 2543
     52 2544
     58 2545
     56 2546
     43 2547
     63 2548
     49 2549
     41 2550
     63 2551
     44 2552
     51 2553
     53 2554
     42 2555
     57 2556
     53 2557
     44 2558
     65 2559
     44 2560
     55 2561
     57 2562
     65 2563
     46 2564
     50 2565
     68 2566
     52 2567
     51 2568
     41 2569
     55 2570
     56 2571
     39 2572
     51 2573
     48 2574
     50 2575
     42 2576
     51 2577
     44 2578
     38 2579
     46 2580
     46 2581
     55 2582
     48 2583
     46 2584
     51 2585
     52 2586
     48 2587
     46 2588
     38 2589
     53 2590
     45 2591
     43 2592
     50 2593
     55 2594
     49 2595
     45 2596
     41 2597
     46 2598
     52 2599
     61 2600
     45 2601
     42 2602
     43 2603
     50 2604
     45 2605
     46 2606
     57 2607
     46 2608
     41 2609
     42 2610
     62 2611
     56 2612
     32 2613
     41 2614
     45 2615
     50 2616
     49 2617
     44 2618
     44 2619
     52 2620
     50 2621
     46 2622
     42 2623
     43 2624
     38 2625
     38 2626
     43 2627
     40 2628
     45 2629
     43 2630
     41 2631
     44 2632
     48 2633
     47 2634
     36 2635
     37 2636
     36 2637
     53 2638
     46 2639
     35 2640
     43 2641
     38 2642
     49 2643
     41 2644
     50 2645
     50 2646
     41 2647
     41 2648
     38 2649
     42 2650
     43 2651
     36 2652
     43 2653
     41 2654
     49 2655
     40 2656
     48 2657
     37 2658
     28 2659
     35 2660
     38 2661
     33 2662
     47 2663
     26 2664
     41 2665
     50 2666
     31 2667
     45 2668
     32 2669
     42 2670
     48 2671
     37 2672
     33 2673
     32 2674
     42 2675
     39 2676
     35 2677
     47 2678
     40 2679
     47 2680
     43 2681
     41 2682
     38 2683
     39 2684
     39 2685
     43 2686
     47 2687
     48 2688
     41 2689
     38 2690
     45 2691
     28 2692
     41 2693
     32 2694
     37 2695
     42 2696
     34 2697
     37 2698
     38 2699
     45 2700
     25 2701
     31 2702
     35 2703
     43 2704
     33 2705
     37 2706
     36 2707
     39 2708
     50 2709
     46 2710
     47 2711
     41 2712
     41 2713
     33 2714
     38 2715
     39 2716
     34 2717
     31 2718
     32 2719
     46 2720
     33 2721
     38 2722
     29 2723
     34 2724
     31 2725
     29 2726
     38 2727
     33 2728
     36 2729
     34 2730
     50 2731
     40 2732
     21 2733
     31 2734
     21 2735
     44 2736
     36 2737
     34 2738
     34 2739
     41 2740
     44 2741
     36 2742
     33 2743
     39 2744
     39 2745
     35 2746
     33 2747
     32 2748
     32 2749
     38 2750
     32 2751
     41 2752
     30 2753
     39 2754
     32 2755
     25 2756
     36 2757
     32 2758
     36 2759
     23 2760
     47 2761
     38 2762
     34 2763
     34 2764
     27 2765
     36 2766
     53 2767
     27 2768
     32 2769
     40 2770
     35 2771
     35 2772
     25 2773
     30 2774
     36 2775
     39 2776
     29 2777
     42 2778
     37 2779
     37 2780
     34 2781
     38 2782
     33 2783
     39 2784
     38 2785
     24 2786
     30 2787
     36 2788
     22 2789
     24 2790
     28 2791
     35 2792
     39 2793
     27 2794
     40 2795
     36 2796
     27 2797
     35 2798
     22 2799
     28 2800
     32 2801
     37 2802
     39 2803
     20 2804
     36 2805
     36 2806
     43 2807
     28 2808
     34 2809
     22 2810
     26 2811
     34 2812
     26 2813
     35 2814
     33 2815
     31 2816
     41 2817
     24 2818
     21 2819
     30 2820
     35 2821
     26 2822
     37 2823
     36 2824
     28 2825
     21 2826
     27 2827
     28 2828
     22 2829
     27 2830
     25 2831
     20 2832
     26 2833
     38 2834
     30 2835
     23 2836
     23 2837
     30 2838
     19 2839
     24 2840
     35 2841
     24 2842
     36 2843
     30 2844
     28 2845
     27 2846
     27 2847
     26 2848
     18 2849
     28 2850
     36 2851
     28 2852
     30 2853
     21 2854
     24 2855
     28 2856
     38 2857
     28 2858
     26 2859
     26 2860
     31 2861
     32 2862
     19 2863
     27 2864
     24 2865
     28 2866
     29 2867
     28 2868
     29 2869
     28 2870
     29 2871
     25 2872
     27 2873
     24 2874
     20 2875
     34 2876
     23 2877
     29 2878
     25 2879
     27 2880
     23 2881
     20 2882
     23 2883
     27 2884
     24 2885
     28 2886
     30 2887
     24 2888
     32 2889
     26 2890
     20 2891
     24 2892
     27 2893
     30 2894
     22 2895
     15 2896
     21 2897
     25 2898
     22 2899
     30 2900
     22 2901
     27 2902
     26 2903
     25 2904
     24 2905
     28 2906
     28 2907
     20 2908
     18 2909
     31 2910
     28 2911
     27 2912
     15 2913
     28 2914
     24 2915
     31 2916
     27 2917
     18 2918
     21 2919
     26 2920
     31 2921
     14 2922
     26 2923
     23 2924
     28 2925
     21 2926
     25 2927
     23 2928
     25 2929
     23 2930
     20 2931
     22 2932
     26 2933
     25 2934
     19 2935
     18 2936
     18 2937
     20 2938
     18 2939
     20 2940
     23 2941
     23 2942
     25 2943
     27 2944
     19 2945
     15 2946
     27 2947
     19 2948
     27 2949
     22 2950
     19 2951
     21 2952
     15 2953
     24 2954
     33 2955
     18 2956
     19 2957
     21 2958
     21 2959
     25 2960
     24 2961
     22 2962
     24 2963
     21 2964
     29 2965
     32 2966
     19 2967
     21 2968
     15 2969
     19 2970
     22 2971
     21 2972
     18 2973
     21 2974
     24 2975
     15 2976
     21 2977
     13 2978
     20 2979
     23 2980
     20 2981
     22 2982
     33 2983
     23 2984
     17 2985
     15 2986
     26 2987
     27 2988
     22 2989
     21 2990
     21 2991
     27 2992
     24 2993
     20 2994
     17 2995
     12 2996
     20 2997
     20 2998
     31 2999
     22 3000
     24 3001
     17 3002
     16 3003
     31 3004
     15 3005
     21 3006
     19 3007
     19 3008
     16 3009
     27 3010
     16 3011
     20 3012
     32 3013
     15 3014
     11 3015
     25 3016
     20 3017
     13 3018
     24 3019
     26 3020
     27 3021
     17 3022
     23 3023
     23 3024
     18 3025
     17 3026
     19 3027
     16 3028
     28 3029
     20 3030
     18 3031
     15 3032
     12 3033
     21 3034
     15 3035
     16 3036
     16 3037
     13 3038
     25 3039
     17 3040
     20 3041
     23 3042
     14 3043
     18 3044
     14 3045
     22 3046
     12 3047
     26 3048
     19 3049
     16 3050
     13 3051
     18 3052
     16 3053
     15 3054
     22 3055
     14 3056
     18 3057
     14 3058
     19 3059
     18 3060
     14 3061
     16 3062
     23 3063
     21 3064
     15 3065
     12 3066
     13 3067
     14 3068
     18 3069
     23 3070
     23 3071
     17 3072
     18 3073
     13 3074
     19 3075
     12 3076
     18 3077
     18 3078
     17 3079
     17 3080
     15 3081
     12 3082
     15 3083
     13 3084
     10 3085
     16 3086
     14 3087
     20 3088
     13 3089
     12 3090
     14 3091
     15 3092
     18 3093
     16 3094
     18 3095
     14 3096
     19 3097
     11 3098
     19 3099
     22 3100
     13 3101
     11 3102
     15 3103
     19 3104
     12 3105
     21 3106
     15 3107
     22 3108
     13 3109
     11 3110
     13 3111
     19 3112
     10 3113
     12 3114
     14 3115
     11 3116
      8 3117
     18 3118
     16 3119
     17 3120
     22 3121
     14 3122
     12 3123
     11 3124
     18 3125
     20 3126
     13 3127
     17 3128
     17 3129
     19 3130
     21 3131
     12 3132
     11 3133
     15 3134
     14 3135
     10 3136
     17 3137
     12 3138
     10 3139
     15 3140
     21 3141
     17 3142
     16 3143
     14 3144
     10 3145
     11 3146
     13 3147
     21 3148
     20 3149
     11 3150
     15 3151
     11 3152
     22 3153
     19 3154
      6 3155
     20 3156
     17 3157
     13 3158
     14 3159
     11 3160
     17 3161
     12 3162
     12 3163
     16 3164
     13 3165
     14 3166
     14 3167
     12 3168
     11 3169
     18 3170
     13 3171
     11 3172
     14 3173
     16 3174
     20 3175
     15 3176
     22 3177
     14 3178
     21 3179
      7 3180
     14 3181
     14 3182
     14 3183
     10 3184
     17 3185
     12 3186
     15 3187
      8 3188
     14 3189
      9 3190
     10 3191
      8 3192
     11 3193
     12 3194
     15 3195
     13 3196
     13 3197
     17 3198
     14 3199
      9 3200
     18 3201
     10 3202
     11 3203
     16 3204
     11 3205
     17 3206
     15 3207
      9 3208
     15 3209
     14 3210
     10 3211
     14 3212
     10 3213
     11 3214
     11 3215
     15 3216
     21 3217
     13 3218
     18 3219
     12 3220
     10 3221
      8 3222
     14 3223
     14 3224
     14 3225
     13 3226
     19 3227
     17 3228
     18 3229
     13 3230
      8 3231
      9 3232
     13 3233
     13 3234
     16 3235
     11 3236
     13 3237
      6 3238
     11 3239
     11 3240
      9 3241
     14 3242
     12 3243
      9 3244
      5 3245
     14 3246
     15 3247
      9 3248
     15 3249
     14 3250
     11 3251
     10 3252
     13 3253
      9 3254
     11 3255
     13 3256
     13 3257
      8 3258
     14 3259
     17 3260
     11 3261
     11 3262
     12 3263
     11 3264
     14 3265
      8 3266
     14 3267
     10 3268
     16 3269
     17 3270
     17 3271
     12 3272
     12 3273
     17 3274
     13 3275
     12 3276
     10 3277
     12 3278
     10 3279
     11 3280
      8 3281
      9 3282
     11 3283
     10 3284
      4 3285
     11 3286
     17 3287
     11 3288
      7 3289
     14 3290
     11 3291
     16 3292
     13 3293
      9 3294
     11 3295
      7 3296
     14 3297
     10 3298
      8 3299
     10 3300
     11 3301
     17 3302
      6 3303
     13 3304
      9 3305
      9 3306
      8 3307
     11 3308
     11 3309
      5 3310
      9 3311
     11 3312
     15 3313
      7 3314
     16 3315
      7 3316
      7 3317
      8 3318
     11 3319
      5 3320
     13 3321
     10 3322
     11 3323
     12 3324
     14 3325
      8 3326
      8 3327
     14 3328
     15 3329
      8 3330
     11 3331
      8 3332
     12 3333
      9 3334
      8 3335
     12 3336
     13 3337
     11 3338
      7 3339
      6 3340
      8 3341
      7 3342
     12 3343
     13 3344
      9 3345
     10 3346
     15 3347
     14 3348
     14 3349
     11 3350
     11 3351
      6 3352
     11 3353
     11 3354
      9 3355
     10 3356
      8 3357
     12 3358
      2 3359
     12 3360
     16 3361
     10 3362
     12 3363
     12 3364
      6 3365
      8 3366
     13 3367
      7 3368
     10 3369
     10 3370
      9 3371
     11 3372
     14 3373
     15 3374
     10 3375
      8 3376
     12 3377
     14 3378
     10 3379
      8 3380
      7 3381
      6 3382
      4 3383
     10 3384
      7 3385
     12 3386
      9 3387
     11 3388
      7 3389
     14 3390
      6 3391
     11 3392
      7 3393
      9 3394
     12 3395
     13 3396
     11 3397
     11 3398
      7 3399
     11 3400
      6 3401
      7 3402
     16 3403
      6 3404
     14 3405
      5 3406
     10 3407
     11 3408
      8 3409
     10 3410
     12 3411
      7 3412
      6 3413
      6 3414
     10 3415
      6 3416
      6 3417
      6 3418
     11 3419
     11 3420
      7 3421
      4 3422
     11 3423
      5 3424
     10 3425
      7 3426
      9 3427
      8 3428
      7 3429
     10 3430
      7 3431
      9 3432
      7 3433
     10 3434
     11 3435
      5 3436
      9 3437
      7 3438
      8 3439
      7 3440
      2 3441
      9 3442
      7 3443
     11 3444
     13 3445
      6 3446
     11 3447
     12 3448
      5 3449
      5 3450
      5 3451
      6 3452
      6 3453
     10 3454
      7 3455
     13 3456
     10 3457
     18 3458
      6 3459
      8 3460
      6 3461
      7 3462
      3 3463
      9 3464
      9 3465
      9 3466
     10 3467
      9 3468
      6 3469
      6 3470
      5 3471
      8 3472
      7 3473
      4 3474
      7 3475
      5 3476
      4 3477
     14 3478
     12 3479
      8 3480
      3 3481
     11 3482
     10 3483
     13 3484
      2 3485
      9 3486
      5 3487
      4 3488
      3 3489
      7 3490
     12 3491
      6 3492
      9 3493
      7 3494
      8 3495
      2 3496
      8 3497
      8 3498
      6 3499
      4 3500
     10 3501
      2 3502
      7 3503
      9 3504
      7 3505
     10 3506
      7 3507
      8 3508
     10 3509
      7 3510
     10 3511
      7 3512
      9 3513
      4 3514
      4 3515
     10 3516
      3 3517
      8 3518
      8 3519
      4 3520
      6 3521
      6 3522
      7 3523
      5 3524
      8 3525
      6 3526
      5 3527
      7 3528
      7 3529
      6 3530
      3 3531
      7 3532
      3 3533
     10 3534
      7 3535
      3 3536
      4 3537
      7 3538
      9 3539
      9 3540
      7 3541
     10 3542
      9 3543
      9 3544
     10 3545
      6 3546
      8 3547
      3 3548
     10 3549
      8 3550
     11 3551
      9 3552
      3 3553
      6 3554
     10 3555
      6 3556
      7 3557
     14 3558
      5 3559
      8 3560
     10 3561
      4 3562
      9 3563
      3 3564
      6 3565
      9 3566
      6 3567
      2 3568
      7 3569
      4 3570
      7 3571
      3 3572
      6 3573
      8 3574
      6 3575
      7 3576
      8 3577
      6 3578
      3 3579
      5 3580
      6 3581
      6 3582
      8 3583
      2 3584
      3 3585
      9 3586
      5 3587
      3 3588
      4 3589
      3 3590
      4 3591
      4 3592
      5 3593
      5 3594
      7 3595
      1 3596
      1 3597
      7 3598
      6 3599
      5 3600
      4 3601
      4 3602
      6 3603
      5 3604
      5 3605
      9 3606
      4 3607
      3 3608
      5 3609
      6 3610
      5 3611
      6 3612
      4 3613
      6 3614
      9 3615
      9 3616
      5 3617
      8 3618
     10 3619
      9 3620
      4 3621
      9 3622
      6 3623
      3 3624
      7 3625
      6 3626
      6 3627
      7 3628
      7 3630
      6 3631
      8 3632
      9 3633
      5 3634
      6 3635
      8 3636
      3 3637
      4 3638
      4 3639
      9 3640
     10 3641
      6 3642
      5 3643
      6 3644
      9 3645
      7 3646
      5 3647
      5 3648
      1 3649
      3 3650
      1 3651
      6 3652
      2 3654
      6 3655
      7 3656
      2 3657
      5 3658
      7 3659
      6 3660
     10 3661
      4 3662
      4 3663
      2 3664
      5 3665
      3 3666
      4 3667
      4 3668
      4 3669
      1 3670
      5 3671
      5 3672
      3 3673
     10 3674
      5 3675
      7 3676
      2 3677
      4 3678
      8 3679
      4 3680
      5 3681
      7 3682
      5 3683
      4 3684
      4 3685
      4 3686
      5 3687
      3 3688
      6 3689
      1 3690
      3 3691
      5 3692
      3 3693
      5 3694
      5 3695
      7 3696
      3 3697
      5 3698
      5 3699
      3 3700
      6 3701
      6 3702
      7 3703
      8 3704
      5 3705
      2 3706
      5 3707
     10 3708
      2 3709
      6 3710
      1 3711
      6 3712
      9 3713
      4 3714
      4 3715
      4 3716
      3 3717
      1 3718
      6 3719
      3 3720
      3 3721
      1 3722
      7 3723
      8 3725
      5 3726
      2 3727
      2 3728
      4 3729
      3 3730
      5 3731
      4 3732
      6 3733
      3 3734
      9 3735
      5 3736
      6 3737
      5 3738
      3 3739
      9 3740
      2 3741
      3 3742
      5 3743
      6 3744
      6 3745
      5 3746
      7 3747
      1 3748
      4 3749
      6 3750
      7 3751
      5 3752
      9 3753
      6 3754
      3 3755
      5 3756
      4 3757
      4 3758
      5 3759
      3 3760
      3 3761
      5 3762
      5 3763
      3 3764
      4 3765
      4 3766
      1 3767
      4 3768
      6 3769
      3 3770
      2 3771
      4 3772
      3 3773
      5 3774
      6 3775
      4 3776
      2 3777
      3 3778
      3 3779
      3 3780
      2 3781
      7 3782
      4 3783
      4 3784
      1 3785
      4 3786
      1 3787
      4 3788
      2 3789
      5 3790
      3 3791
      5 3792
      2 3794
      5 3795
      1 3796
      5 3797
      6 3798
      3 3799
      7 3800
      3 3801
      5 3802
      3 3803
      4 3804
      1 3805
      4 3806
      3 3807
      2 3808
      1 3809
      4 3810
      5 3811
     10 3812
      7 3813
      7 3814
      8 3815
      2 3816
      4 3817
      4 3818
      1 3819
      3 3820
      2 3821
      2 3822
      2 3823
      3 3824
      4 3825
      1 3826
      4 3827
      5 3828
      4 3829
      4 3830
      3 3832
      5 3833
      7 3834
      2 3835
      4 3836
      2 3837
      5 3838
      2 3839
      8 3840
      3 3841
      3 3842
      3 3843
      3 3844
      3 3845
      1 3846
      3 3847
      7 3849
      6 3851
      3 3852
      6 3853
      1 3854
      2 3855
      2 3856
      7 3857
      4 3858
      4 3859
      3 3860
      3 3861
      9 3862
      2 3863
      5 3864
      2 3865
      5 3866
      4 3867
      5 3868
      4 3869
      3 3870
      5 3871
      2 3872
      5 3873
      2 3874
      2 3875
      2 3876
      5 3877
      5 3879
      9 3880
      3 3881
      3 3882
      7 3883
      3 3884
      5 3885
      5 3886
      2 3887
      4 3888
      2 3890
      3 3891
      5 3892
      2 3893
      3 3894
      4 3895
      4 3896
      4 3897
      4 3898
      3 3899
      5 3900
      1 3901
      2 3902
      5 3903
      2 3904
      2 3905
      2 3906
      5 3907
      2 3908
      2 3909
      7 3910
      1 3911
      4 3912
      2 3913
      2 3914
      1 3915
      4 3916
      2 3917
      4 3918
      1 3919
      2 3920
      3 3921
      3 3923
      1 3924
      2 3925
      3 3926
      3 3927
      2 3928
      3 3929
      2 3930
      2 3931
      3 3932
      3 3933
      2 3934
      6 3935
      1 3936
      3 3937
      1 3938
      2 3939
      8 3940
      5 3941
      4 3942
      5 3943
      1 3944
      1 3945
      5 3947
      3 3949
      4 3950
      8 3951
      3 3952
      4 3953
      4 3954
      6 3955
      2 3956
      1 3957
      4 3958
      2 3959
      2 3960
      3 3961
      6 3962
      2 3963
      3 3964
      2 3965
      2 3966
      5 3968
      6 3969
      3 3970
      1 3972
      2 3973
      1 3974
      2 3975
      2 3976
      1 3977
      1 3978
      3 3979
      2 3980
      1 3981
      2 3982
      2 3983
      2 3984
      5 3985
      1 3986
      6 3987
      2 3988
      4 3989
      3 3991
      3 3992
      2 3993
      4 3994
      3 3995
      1 3996
      2 3997
      4 3998
      1 3999
      1 4000
      4 4001
      2 4002
      2 4003
      1 4004
      7 4005
      2 4006
      1 4007
      1 4009
      5 4010
      1 4011
      3 4012
      4 4013
      1 4014
      3 4016
      2 4017
      3 4018
      1 4019
      3 4020
      2 4021
      2 4022
      2 4023
      4 4024
      1 4025
      2 4026
      4 4027
      1 4028
      3 4029
      3 4030
      2 4031
      3 4032
      3 4033
     10 4034
      2 4035
      5 4036
      1 4037
      3 4038
      4 4040
      1 4041
      1 4042
      3 4044
      2 4045
      3 4046
      4 4047
      3 4048
      2 4049
      5 4050
      2 4051
      3 4052
      1 4053
      5 4055
      4 4056
      4 4058
      1 4059
      2 4060
      4 4061
      3 4062
      1 4064
      2 4065
      1 4066
      1 4067
      1 4068
      1 4069
      2 4070
      2 4071
      7 4072
      2 4073
      3 4074
      1 4076
      2 4077
      7 4078
      4 4079
      3 4080
      3 4081
      2 4083
      2 4084
      4 4085
      4 4086
      1 4087
      3 4088
      3 4089
      2 4090
      5 4091
      5 4092
      5 4093
      2 4094
      2 4095
      1 4096
      1 4097
      4 4099
      4 4101
      2 4103
      3 4104
      3 4105
      2 4106
      4 4107
      3 4109
      3 4110
      1 4111
      1 4112
      4 4113
      2 4114
      2 4115
      1 4116
      3 4117
      2 4118
      4 4119
      1 4120
      1 4121
      2 4122
      8 4123
      1 4124
      3 4125
      2 4126
      1 4127
      2 4128
      3 4129
      3 4130
      2 4131
      6 4132
      1 4133
      4 4134
      1 4135
      3 4136
      3 4137
      2 4139
      2 4140
      1 4141
      2 4142
      1 4143
      1 4144
      1 4145
      1 4146
      3 4147
      2 4149
      2 4150
      2 4151
      2 4153
      1 4154
      1 4155
      4 4156
      1 4157
      5 4158
      1 4160
      1 4162
      4 4163
      1 4165
      2 4166
      3 4167
      2 4168
      1 4169
      1 4170
      1 4172
      3 4173
      2 4174
      2 4175
      1 4176
      2 4177
      1 4178
      3 4179
      1 4180
      2 4181
      1 4182
      4 4184
      3 4185
      1 4186
      3 4187
      1 4188
      3 4190
      3 4191
      2 4192
      1 4194
      4 4195
      2 4196
      1 4198
      1 4199
      2 4200
      2 4201
      3 4202
      1 4203
      3 4204
      3 4206
      1 4207
      2 4208
      1 4210
      1 4211
      3 4212
      1 4213
      1 4214
      1 4215
      1 4216
      4 4218
      2 4219
      1 4220
      1 4221
      1 4222
      4 4223
      2 4224
      2 4225
      2 4226
      3 4228
      3 4230
      3 4231
      5 4232
      3 4233
      1 4234
      3 4235
      1 4236
      1 4237
      1 4240
      3 4241
      4 4242
      3 4243
      2 4244
      1 4245
      1 4247
      1 4248
      1 4250
      3 4251
      2 4252
      1 4253
      1 4254
      2 4255
      2 4257
      3 4258
      1 4259
      1 4260
      1 4261
      2 4262
      2 4263
      1 4264
      1 4265
      1 4266
      1 4267
      1 4268
      1 4269
      2 4270
      2 4271
      1 4272
      1 4273
      3 4274
      1 4275
      2 4276
      4 4277
      5 4279
      2 4280
      3 4281
      1 4282
      2 4283
      4 4284
      4 4285
      4 4286
      2 4287
      1 4288
      3 4289
      1 4293
      2 4295
      1 4296
      1 4297
      1 4301
      1 4302
      2 4304
      1 4306
      2 4307
      7 4308
      2 4309
      1 4310
      2 4311
      4 4312
      1 4314
      1 4317
      2 4318
      1 4319
      3 4322
      1 4325
      4 4326
      1 4327
      1 4328
      3 4329
      2 4330
      1 4331
      1 4332
      1 4334
      3 4335
      2 4336
      2 4338
      2 4339
      1 4340
      1 4341
      1 4342
      2 4343
      2 4344
      2 4346
      2 4347
      1 4351
      3 4352
      3 4353
      2 4354
      1 4355
      3 4356
      1 4357
      4 4360
      1 4362
      2 4363
      2 4365
      2 4367
      3 4370
      1 4371
      3 4374
      1 4375
      1 4376
      1 4378
      1 4379
      2 4380
      1 4381
      1 4382
      1 4383
      2 4385
      2 4387
      1 4388
      1 4390
      2 4391
      1 4393
      4 4395
      1 4396
      1 4397
      1 4398
      1 4399
      4 4401
      2 4404
      3 4405
      1 4406
      3 4407
      3 4408
      3 4410
      2 4412
      2 4413
      2 4414
      1 4416
      2 4418
      4 4419
      1 4421
      1 4422
      1 4424
      2 4425
      1 4426
      3 4427
      2 4429
      2 4431
      3 4432
      2 4433
      2 4435
      1 4437
      2 4438
      2 4439
      1 4440
      2 4441
      1 4444
      4 4446
      1 4448
      1 4450
      2 4451
      1 4454
      2 4455
      1 4456
      1 4457
      2 4458
      2 4459
      1 4460
      1 4462
      1 4463
      1 4464
      2 4465
      4 4467
      3 4468
      2 4469
      1 4470
      1 4471
      1 4472
      1 4475
      2 4476
      2 4477
      2 4478
      2 4479
      2 4480
      1 4481
      1 4482
      1 4484
      1 4485
      1 4486
      2 4487
      1 4490
      3 4491
      3 4492
      2 4494
      1 4495
      1 4496
      2 4497
      1 4499
      1 4500
      1 4501
      3 4503
      3 4504
      1 4505
      3 4506
      1 4507
      1 4508
      3 4509
      1 4511
      1 4515
      2 4517
      5 4518
      1 4519
      1 4522
      1 4523
      1 4524
      1 4528
      2 4530
      1 4531
      2 4532
      1 4533
      1 4534
      2 4536
      1 4538
      1 4540
      2 4541
      1 4542
      1 4543
      3 4545
      2 4546
      1 4547
      1 4548
      5 4549
      1 4551
      1 4552
      2 4553
      1 4554
      3 4556
      5 4557
      2 4558
      1 4559
      1 4560
      1 4561
      3 4562
      1 4563
      1 4564
      2 4565
      4 4566
      1 4569
      1 4570
      1 4571
      1 4573
      2 4575
      1 4576
      2 4577
      1 4578
      2 4580
      1 4581
      4 4582
      3 4583
      1 4585
      1 4586
      3 4587
      1 4589
      1 4590
      1 4592
      4 4593
      2 4594
      1 4595
      2 4596
      3 4597
      1 4598
      1 4601
      2 4602
      2 4603
      1 4604
      1 4605
      2 4606
      1 4608
      2 4610
      2 4613
      3 4617
      1 4618
      2 4621
      1 4622
      4 4625
      1 4626
      1 4627
      1 4628
      1 4630
      1 4632
      1 4634
      2 4635
      1 4638
      2 4639
      2 4640
      2 4641
      1 4642
      2 4644
      2 4645
      3 4646
      1 4648
      1 4650
      1 4651
      1 4654
      3 4656
      1 4657
      1 4659
      2 4660
      1 4662
      1 4663
      2 4664
      2 4665
      2 4666
      1 4668
      1 4669
      1 4670
      1 4671
      2 4672
      2 4673
      1 4675
      2 4676
      2 4677
      2 4680
      1 4681
      2 4682
      1 4683
      3 4686
      3 4688
      3 4689
      1 4690
      1 4691
      1 4692
      2 4698
      1 4700
      2 4702
      1 4703
      3 4704
      1 4705
      3 4707
      2 4708
      1 4709
      2 4711
      2 4712
      2 4714
      4 4715
      1 4717
      1 4718
      1 4720
      1 4721
      1 4722
      1 4723
      1 4724
      2 4725
      1 4727
      1 4728
      2 4729
      1 4732
      1 4735
      3 4738
      3 4739
      2 4742
      2 4743
      1 4744
      2 4745
      1 4746
      2 4747
      1 4749
      1 4751
      1 4752
      2 4753
      1 4755
      2 4756
      2 4759
      2 4760
      1 4761
      2 4763
      1 4765
      3 4766
      1 4767
      1 4768
      3 4769
      1 4770
      1 4772
      1 4773
      1 4774
      1 4775
      1 4776
      1 4777
      1 4778
      2 4780
      1 4782
      1 4785
      1 4786
      1 4788
      4 4789
      2 4791
      1 4792
      1 4794
      1 4795
      1 4797
      1 4798
      1 4799
      3 4800
      1 4801
      2 4804
      2 4806
      2 4807
      4 4811
      1 4815
      1 4816
      1 4818
      2 4819
      2 4821
      1 4822
      2 4824
      3 4826
      2 4828
      2 4830
      3 4831
      2 4832
      1 4833
      1 4834
      1 4837
      2 4838
      1 4841
      1 4843
      1 4845
      4 4846
      1 4847
      1 4849
      2 4850
      1 4851
      1 4854
      1 4855
      2 4856
      2 4857
      2 4859
      1 4860
      1 4864
      2 4865
      2 4866
      2 4868
      1 4870
      1 4873
      2 4874
      1 4875
      1 4876
      1 4877
      1 4878
      1 4879
      1 4880
      2 4881
      1 4882
      1 4883
      3 4885
      2 4886
      2 4887
      1 4888
      2 4889
      2 4893
      3 4894
      1 4897
      1 4900
      2 4901
      1 4903
      1 4905
      1 4907
      1 4908
      2 4910
      1 4911
      3 4913
      1 4916
      1 4917
      2 4918
      1 4920
      3 4921
      2 4922
      1 4923
      1 4926
      2 4927
      4 4929
      1 4930
      2 4931
      2 4932
      2 4935
      2 4940
      1 4945
      1 4949
      1 4952
      1 4953
      1 4954
      1 4962
      1 4965
      2 4966
      1 4967
      1 4968
      1 4971
      1 4972
      1 4973
      3 4974
      2 4975
      1 4976
      2 4978
      4 4979
      3 4981
      1 4983
      1 4984
      1 4985
      1 4986
      2 4989
      1 4990
      3 4993
      2 4995
      2 4997
      1 4998
      1 4999
      2 5000
      2 5001
      1 5002
      1 5003
      1 5004
      3 5006
      2 5007
      1 5008
      1 5009
      1 5011
      3 5012
      3 5013
      1 5014
      2 5015
      1 5018
      1 5019
      1 5020
      2 5022
      1 5025
      1 5028
      2 5030
      1 5031
      1 5035
      1 5036
      2 5039
      1 5040
      1 5041
      1 5042
      1 5043
      1 5044
      2 5046
      3 5053
      1 5056
      1 5057
      1 5063
      1 5068
      2 5069
      1 5070
      2 5073
      1 5074
      3 5075
      1 5076
      2 5080
      2 5082
      1 5083
      1 5084
      1 5085
      1 5086
      1 5089
      1 5090
      1 5091
      2 5092
      1 5098
      2 5102
      1 5106
      2 5109
      1 5111
      2 5115
      1 5118
      1 5119
      1 5121
      1 5124
      1 5125
      2 5128
      3 5129
      2 5134
      1 5135
      1 5136
      1 5139
      1 5140
      1 5142
      2 5146
      1 5147
      3 5148
      1 5156
      2 5158
      2 5159
      5 5160
      1 5162
      2 5163
      1 5164
      1 5166
      1 5168
      1 5171
      1 5172
      1 5173
      3 5174
      1 5175
      2 5176
      1 5178
      3 5179
      2 5180
      1 5181
      1 5182
      1 5185
      1 5189
      1 5190
      1 5193
      1 5194
      2 5195
      1 5198
      1 5200
      1 5201
      4 5202
      1 5208
      1 5210
      1 5212
      2 5213
      1 5214
      1 5216
      1 5217
      1 5218
      1 5223
      1 5225
      2 5226
      2 5227
      2 5228
      4 5229
      1 5232
      1 5234
      1 5236
      1 5239
      1 5240
      1 5242
      2 5243
      5 5245
      1 5246
      1 5249
      1 5250
      1 5251
      2 5252
      1 5255
      1 5257
      2 5258
      2 5263
      1 5265
      1 5266
      1 5267
      1 5269
      2 5270
      1 5275
      3 5276
      2 5277
      3 5278
      1 5279
      1 5280
      2 5282
      1 5284
      3 5289
      1 5292
      2 5295
      2 5298
      2 5299
      1 5301
      1 5302
      1 5305
      1 5309
      1 5310
      1 5311
      1 5313
      2 5316
      1 5320
      2 5321
      1 5322
      1 5323
      1 5324
      1 5325
      1 5326
      1 5328
      1 5332
      1 5333
      2 5335
      1 5338
      3 5341
      1 5344
      4 5345
      2 5347
      1 5348
      1 5349
      1 5350
      1 5351
      1 5354
      1 5356
      1 5357
      1 5359
      2 5362
      2 5364
      1 5365
      1 5366
      1 5367
      4 5368
      1 5369
      1 5370
      1 5372
      1 5373
      2 5375
      2 5377
      1 5382
      1 5386
      1 5387
      2 5389
      2 5393
      1 5394
      1 5395
      1 5396
      2 5398
      2 5400
      1 5405
      1 5407
      3 5409
      2 5410
      1 5413
      1 5414
      2 5415
      1 5417
      1 5419
      1 5422
      2 5428
      1 5429
      1 5433
      1 5434
      2 5435
      1 5437
      1 5438
      1 5439
      1 5440
      2 5441
      1 5443
      1 5449
      1 5450
      1 5451
      2 5454
      1 5457
      1 5458
      1 5460
      1 5462
      1 5463
      1 5465
      2 5467
      2 5473
      1 5474
      3 5475
      2 5479
      1 5480
      1 5481
      3 5483
      1 5485
      1 5486
      2 5487
      1 5488
      2 5489
      1 5492
      1 5493
      2 5498
      2 5500
      1 5510
      1 5512
      2 5516
      2 5517
      2 5518
      1 5520
      1 5521
      1 5522
      1 5523
      1 5527
      1 5528
      3 5532
      1 5534
      1 5535
      1 5536
      1 5539
      2 5540
      1 5541
      1 5543
      1 5544
      1 5547
      1 5549
      1 5552
      1 5553
      1 5554
      1 5555
      2 5557
      3 5558
      3 5563
      2 5565
      2 5567
      1 5568
      1 5569
      1 5576
      1 5578
      1 5579
      1 5580
      2 5582
      2 5585
      2 5586
      2 5587
      1 5588
      1 5589
      2 5592
      1 5593
      1 5597
      1 5598
      4 5599
      1 5600
      1 5601
      1 5602
      1 5604
      2 5605
      1 5606
      1 5607
      1 5609
      1 5611
      1 5612
      2 5614
      2 5620
      1 5622
      1 5626
      1 5630
      1 5632
      1 5633
      1 5634
      2 5636
      1 5639
      1 5645
      2 5647
      2 5649
      1 5651
      1 5653
      2 5656
      2 5658
      1 5659
      1 5660
      1 5661
      1 5662
      1 5663
      1 5664
      1 5665
      1 5668
      1 5673
      1 5675
      1 5676
      2 5677
      1 5681
      1 5683
      2 5685
      2 5686
      1 5687
      1 5692
      1 5693
      1 5694
      2 5697
      2 5699
      2 5700
      1 5701
      1 5702
      1 5703
      1 5706
      1 5710
      3 5711
      1 5712
      3 5713
      1 5715
      3 5716
      3 5717
      1 5719
      1 5720
      1 5721
      1 5722
      1 5725
      1 5726
      1 5727
      1 5728
      2 5730
      2 5737
      1 5738
      1 5739
      3 5741
      1 5742
      3 5744
      1 5745
      2 5749
      2 5750
      1 5751
      1 5752
      1 5753
      1 5754
      2 5756
      1 5759
      1 5764
      1 5768
      2 5769
      1 5771
      1 5773
      1 5774
      2 5775
      2 5783
      1 5786
      1 5791
      2 5792
      1 5796
      1 5798
      1 5799
      1 5803
      1 5804
      1 5805
      1 5806
      1 5807
      2 5809
      1 5811
      1 5812
      1 5817
      2 5822
      2 5824
      1 5826
      1 5828
      3 5832
      1 5835
      1 5837
      1 5839
      2 5840
      2 5841
      1 5842
      1 5844
      1 5845
      1 5847
      1 5850
      1 5853
      1 5855
      1 5857
      1 5863
      1 5865
      1 5869
      2 5876
      1 5877
      1 5878
      2 5879
      2 5880
      1 5881
      1 5882
      2 5883
      1 5884
      1 5886
      1 5887
      1 5893
      1 5896
      1 5898
      2 5899
      3 5901
      3 5906
      2 5907
      1 5908
      1 5909
      2 5912
      1 5914
      1 5915
      3 5917
      2 5918
      2 5919
      1 5922
      1 5924
      2 5925
      1 5926
      1 5929
      1 5930
      1 5933
      1 5934
      1 5935
      1 5936
      1 5941
      2 5942
      1 5943
      1 5946
      2 5948
      1 5951
      1 5954
      1 5955
      2 5956
      1 5957
      1 5960
      1 5961
      2 5962
      2 5966
      1 5971
      1 5974
      1 5976
      1 5977
      1 5978
      1 5981
      3 5983
      1 5993
      2 5994
      1 6002
      1 6008
      1 6010
      1 6012
      1 6016
      2 6017
      1 6023
      1 6026
      1 6028
      2 6029
      1 6030
      2 6031
      1 6032
      1 6034
      1 6035
      2 6038
      3 6044
      1 6048
      1 6051
      1 6052
      1 6054
      1 6060
      1 6063
      1 6064
      1 6065
      1 6071
      1 6072
      1 6074
      1 6078
      1 6079
      1 6080
      1 6082
      1 6084
      1 6087
      2 6088
      1 6091
      1 6095
      1 6100
      1 6102
      1 6106
      1 6107
      1 6112
      1 6113
      1 6115
      1 6120
      1 6121
      2 6123
      2 6126
      1 6129
      1 6130
      1 6134
      1 6137
      2 6139
      2 6141
      2 6143
      1 6144
      2 6148
      1 6151
      1 6155
      1 6156
      1 6157
      2 6160
      1 6161
      1 6163
      1 6165
      1 6169
      2 6171
      1 6172
      1 6173
      1 6174
      1 6175
      1 6184
      1 6185
      1 6188
      1 6190
      1 6198
      1 6199
      1 6200
      1 6201
      2 6205
      1 6206
      1 6209
      1 6210
      1 6213
      1 6218
      1 6220
      1 6221
      1 6223
      1 6225
      2 6227
      2 6229
      1 6230
      1 6233
      2 6242
      1 6243
      1 6244
      1 6245
      1 6246
      1 6248
      1 6249
      1 6253
      1 6254
      2 6260
      1 6261
      1 6262
      1 6263
      1 6266
      1 6269
      1 6270
      2 6271
      2 6272
      1 6274
      1 6275
      1 6278
      3 6282
      1 6285
      1 6288
      3 6289
      1 6290
      1 6292
      1 6293
      2 6296
      1 6298
      2 6299
      1 6302
      1 6307
      2 6311
      1 6312
      2 6318
      1 6322
      2 6324
      1 6325
      1 6327
      1 6333
      1 6334
      1 6335
      1 6336
      1 6337
      3 6338
      1 6339
      2 6340
      1 6341
      1 6347
      1 6348
      3 6349
      1 6354
      1 6356
      2 6358
      1 6359
      2 6361
      2 6363
      1 6369
      1 6373
      1 6377
      1 6378
      2 6379
      1 6380
      1 6382
      1 6384
      2 6385
      1 6391
      1 6394
      1 6395
      1 6396
      1 6397
      1 6399
      2 6400
      1 6404
      1 6409
      1 6410
      1 6413
      2 6417
      1 6418
      1 6419
      1 6420
      1 6421
      1 6425
      2 6427
      1 6428
      1 6432
      1 6434
      2 6437
      1 6439
      1 6441
      1 6443
      2 6446
      1 6455
      2 6458
      1 6460
      2 6464
      1 6469
      1 6471
      1 6472
      1 6473
      2 6477
      1 6478
      1 6480
      2 6481
      1 6485
      3 6486
      1 6489
      1 6490
      1 6491
      2 6493
      1 6494
      1 6495
      1 6496
      3 6499
      1 6505
      2 6510
      1 6513
      2 6514
      1 6515
      2 6518
      3 6520
      1 6521
      1 6523
      1 6525
      3 6528
      1 6529
      1 6534
      1 6536
      1 6544
      1 6556
      2 6557
      1 6559
      1 6561
      1 6562
      2 6564
      1 6565
      2 6568
      1 6569
      1 6570
      1 6571
      1 6572
      1 6573
      1 6574
      2 6575
      1 6577
      1 6581
      1 6584
      1 6585
      1 6590
      4 6591
      3 6597
      1 6599
      1 6604
      1 6606
      1 6607
      1 6612
      1 6614
      1 6619
      2 6620
      1 6631
      1 6632
      1 6633
      1 6635
      2 6639
      1 6643
      1 6652
      1 6653
      2 6654
      1 6656
      1 6658
      1 6659
      2 6663
      1 6667
      1 6668
      1 6670
      1 6677
      1 6684
      1 6685
      1 6694
      1 6695
      2 6698
      3 6701
      1 6703
      1 6705
      1 6706
      1 6707
      1 6716
      1 6719
      2 6721
      1 6722
      1 6726
      1 6727
      1 6728
      1 6729
      1 6731
      1 6735
      2 6737
      1 6742
      2 6745
      1 6746
      1 6749
      1 6753
      1 6757
      1 6758
      1 6759
      1 6762
      1 6764
      2 6765
      1 6767
      2 6775
      1 6776
      1 6777
      1 6778
      2 6779
      1 6780
      1 6785
      1 6786
      1 6788
      1 6790
      2 6793
      1 6794
      1 6795
      1 6796
      1 6797
      4 6799
      3 6802
      3 6803
      2 6805
      1 6806
      1 6807
      1 6808
      1 6809
      2 6812
      1 6813
      2 6818
      1 6822
      2 6826
      1 6828
      1 6829
      1 6831
      1 6833
      1 6839
      2 6841
      1 6842
      1 6850
      2 6854
      2 6855
      1 6858
      1 6860
      1 6867
      1 6871
      1 6874
      1 6877
      2 6880
      1 6884
      1 6888
      1 6891
      1 6893
      1 6894
      1 6898
      2 6900
      1 6902
      2 6905
      1 6912
      1 6913
      1 6916
      1 6918
      1 6930
      3 6937
      1 6940
      1 6941
      3 6944
      1 6945
      3 6949
      2 6955
      1 6956
      1 6959
      1 6960
      1 6961
      2 6962
      1 6963
      2 6964
      1 6966
      1 6971
      3 6975
      1 6980
      2 6992
      1 6995
      1 7001
      1 7002
      1 7006
      2 7017
      1 7024
      1 7028
      1 7030
      1 7031
      1 7033
      1 7034
      1 7035
      2 7043
      1 7044
      1 7047
      2 7048
      2 7049
      1 7061
      1 7062
      2 7064
      1 7066
      2 7069
      1 7072
      2 7073
      1 7074
      2 7081
      1 7084
      1 7094
      1 7095
      1 7096
      1 7098
      1 7100
      1 7115
      1 7124
      2 7129
      1 7132
      1 7135
      1 7136
      1 7138
      1 7139
      1 7141
      1 7143
      2 7144
      1 7146
      1 7147
      1 7148
      1 7151
      1 7157
      1 7160
      1 7162
      1 7165
      1 7168
      2 7169
      1 7171
      1 7174
      1 7176
      1 7181
      1 7182
      1 7183
      3 7187
      1 7189
      1 7199
      1 7200
      1 7202
      1 7203
      1 7204
      1 7206
      2 7209
      1 7213
      1 7216
      2 7218
      1 7226
      1 7231
      1 7233
      1 7234
      1 7235
      1 7239
      1 7242
      1 7247
      1 7249
      1 7258
      2 7259
      1 7270
      1 7271
      1 7274
      1 7279
      1 7282
      1 7285
      1 7288
      1 7290
      1 7291
      1 7293
      2 7299
      1 7301
      2 7302
      1 7303
      1 7306
      1 7307
      1 7311
      1 7316
      1 7321
      1 7326
      1 7331
      1 7340
      2 7344
      1 7345
      2 7349
      2 7363
      1 7364
      1 7365
      1 7366
      1 7367
      1 7376
      1 7378
      1 7379
      1 7380
      1 7389
      1 7390
      2 7404
      1 7409
      1 7413
      1 7417
      2 7418
      1 7425
      1 7426
      1 7428
      1 7431
      1 7432
      1 7433
      1 7435
      1 7436
      1 7438
      1 7440
      1 7441
      1 7443
      1 7445
      2 7447
      1 7452
      1 7454
      3 7455
      1 7456
      1 7467
      1 7469
      2 7483
      1 7491
      1 7496
      1 7498
      1 7507
      1 7509
      1 7515
      2 7520
      1 7521
      1 7525
      2 7533
      1 7542
      1 7546
      1 7548
      1 7556
      2 7557
      1 7559
      1 7561
      1 7582
      1 7583
      1 7585
      1 7592
      1 7595
      1 7596
      1 7600
      1 7601
      1 7603
      2 7610
      1 7618
      1 7623
      1 7627
      1 7628
      1 7631
      1 7632
      1 7636
      1 7640
      1 7647
      2 7648
      1 7652
      1 7655
      1 7656
      1 7658
      2 7659
      1 7662
      1 7663
      1 7681
      1 7683
      1 7687
      1 7706
      1 7707
      1 7711
      1 7712
      1 7714
      1 7715
      1 7719
      2 7725
      1 7726
      1 7729
      1 7732
      1 7747
      1 7756
      1 7757
      1 7764
      1 7767
      2 7770
      3 7780
      1 7783
      1 7790
      1 7795
      1 7801
      1 7806
      1 7813
      2 7817
      1 7820
      1 7821
      1 7827
      1 7836
      1 7843
      1 7850
      1 7851
      1 7852
      1 7860
      1 7870
      1 7872
      1 7882
      1 7890
      1 7892
      1 7893
      1 7895
      1 7900
      1 7901
      1 7905
      1 7916
      1 7923
      1 7924
      1 7928
      2 7932
      1 7934
      1 7936
      1 7937
      1 7938
      1 7939
      1 7943
      1 7951
      1 7956
      1 7958
      2 7959
      1 7962
      1 7963
      1 7965
      1 7967
      1 7969
      1 7976
      1 7989
      1 7995
      1 7999
      1 8001
      1 8011
      1 8014
      1 8016
      1 8029
      2 8033
      1 8034
      1 8044
      1 8048
      1 8053
      1 8060
      1 8070
      1 8071
      1 8075
      1 8079
      1 8086
      1 8088
      1 8089
      1 8094
      1 8096
      1 8102
      1 8110
      1 8111
      1 8124
      1 8129
      1 8134
      1 8136
      1 8137
      1 8139
      1 8143
      1 8145
      1 8148
      1 8149
      1 8153
      1 8155
      1 8159
      1 8160
      1 8165
      2 8166
      1 8173
      2 8179
      1 8180
      1 8187
      1 8188
      1 8203
      2 8210
      1 8211
      1 8213
      1 8226
      1 8227
      1 8230
      1 8232
      1 8233
      1 8236
      1 8238
      1 8244
      1 8246
      1 8249
      1 8250
      1 8253
      1 8254
      1 8261
      1 8266
      1 8269
      1 8278
      1 8279
      1 8284
      1 8288
      1 8294
      1 8299
      1 8302
      1 8306
      1 8308
      2 8310
      1 8314
      2 8322
      2 8329
      1 8330
      1 8332
      2 8334
      1 8342
      1 8344
      1 8347
      2 8361
      1 8371
      1 8378
      2 8380
      2 8383
      1 8384
      1 8391
      1 8394
      1 8398
      1 8402
      1 8406
      1 8408
      1 8417
      1 8437
      1 8438
      1 8457
      2 8468
      1 8470
      1 8473
      1 8479
      1 8488
      1 8489
      2 8492
      2 8495
      1 8499
      1 8505
      2 8508
      1 8509
      1 8510
      1 8524
      1 8528
      1 8539
      1 8551
      1 8552
      1 8554
      1 8557
      1 8570
      1 8573
      1 8574
      1 8580
      1 8581
      1 8591
      1 8592
      1 8605
      1 8607
      1 8611
      1 8620
      1 8631
      1 8633
      1 8636
      1 8637
      1 8655
      1 8665
      1 8670
      1 8679
      1 8682
      1 8686
      1 8688
      1 8692
      1 8710
      1 8717
      2 8725
      1 8748
      1 8751
      1 8755
      1 8770
      1 8778
      1 8789
      1 8796
      1 8801
      1 8808
      1 8819
      1 8822
      1 8823
      1 8846
      1 8853
      2 8857
      1 8861
      1 8863
      1 8870
      1 8876
      1 8883
      1 8884
      1 8888
      1 8899
      1 8904
      1 8909
      1 8913
      1 8920
      1 8929
      1 8936
      1 8952
      1 8954
      1 8958
      1 8967
      1 8975
      1 8984
      1 8994
      1 8996
      1 9004
      1 9007
      1 9015
      1 9036
      1 9037
      2 9048
      1 9056
      1 9081
      1 9086
      1 9087
      1 9120
      1 9121
      1 9128
      1 9154
      1 9195
      1 9201
      1 9208
      2 9213
      1 9216
      1 9223
      2 9224
      1 9227
      1 9236
      1 9242
      2 9249
      1 9256
      1 9265
      1 9269
      1 9271
      2 9284
      2 9292
      1 9299
      1 9301
      1 9317
      1 9321
      1 9322
      1 9330
      1 9337
      1 9366
      1 9399
      1 9413
      1 9416
      1 9422
      1 9455
      1 9458
      1 9462
      1 9467
      1 9471
      1 9481
      1 9487
      1 9496
      2 9524
      1 9526
      1 9555
      1 9567
      1 9578
      1 9581
      1 9584
      1 9598
      1 9607
      1 9612
      1 9649
      1 9667
      1 9669
      1 9675
      1 9686
      1 9687
      1 9689
      1 9691
      1 9703
      1 9705
      1 9714
      1 9715
      1 9728
      1 9738
      1 9756
      1 9766
      1 9774
      1 9781
      1 9792
      1 9811
      2 9821
      1 9829
      1 9846
      1 9847
      1 9848
      1 9850
      1 9851
      1 9861
      1 9870
      1 9875
      1 9878
      1 9913
      1 9922
      1 9944
      1 9962
      1 9977
      1 9989
      1 9996
      1 10002
      1 10020
      1 10029
      1 10050
      1 10075
      1 10081
      1 10084
      1 10087
      1 10094
      1 10099
      1 10102
      1 10103
      1 10107
      1 10123
      1 10144
      1 10158
      1 10164
      2 10179
      1 10184
      1 10193
      1 10220
      1 10230
      1 10265
      1 10277
      1 10305
      1 10307
      1 10316
      1 10360
      1 10390
      1 10403
      1 10427
      1 10449
      1 10476
      1 10478
      2 10529
      1 10546
      1 10566
      1 10574
      1 10577
      1 10609
      1 10616
      1 10624
      1 10649
      1 10652
      1 10677
      1 10682
      1 10703
      1 10720
      1 10741
      1 10755
      2 10765
      1 10768
      1 10795
      1 10806
      1 10840
      1 10844
      1 10849
      1 10860
      1 10863
      1 10864
      1 10886
      1 10896
      1 10908
      1 10930
      1 10942
      1 10950
      1 10956
      1 10961
      1 10985
      1 11003
      1 11018
      1 11035
      1 11038
      1 11040
      1 11051
      1 11065
      1 11122
      1 11126
      1 11127
      1 11132
      1 11134
      1 11146
      1 11148
      1 11157
      1 11166
      1 11225
      1 11228
      2 11240
      1 11245
      1 11253
      1 11271
      1 11274
      1 11282
      1 11288
      1 11317
      1 11351
      1 11390
      1 11399
      1 11412
      1 11448
      1 11452
      1 11466
      2 11490
      1 11549
      1 11554
      1 11572
      1 11586
      1 11592
      1 11602
      1 11614
      1 11635
      1 11661
      1 11712
      1 11730
      1 11773
      1 11811
      2 11814
      1 11823
      1 11832
      1 11905
      1 11965
      1 11983
      1 11990
      1 12070
      1 12079
      1 12090
      1 12098
      1 12146
      1 12153
      1 12158
      1 12166
      1 12174
      1 12182
      1 12210
      1 12232
      1 12255
      1 12264
      1 12266
      1 12267
      1 12289
      1 12314
      1 12339
      1 12456
      1 12531
      1 12539
      1 12567
      1 12604
      1 12624
      1 12628
      2 12630
      1 12648
      1 12672
      2 12679
      1 12719
      1 12761
      1 12789
      1 12838
      1 12851
      1 12937
      1 12938
      1 12945
      1 12978
      1 12981
      1 13049
      1 13060
      1 13071
      1 13099
      1 13181
      1 13223
      1 13234
      1 13280
      1 13322
      1 13366
      1 13373
      1 13388
      1 13397
      1 13398
      1 13429
      1 13470
      1 13472
      1 13497
      1 13511
      1 13521
      1 13528
      1 13542
      1 13619
      1 13634
      1 13757
      1 13824
      1 13832
      1 13927
      1 13950
      1 14029
      1 14047
      1 14109
      1 14122
      1 14146
      1 14152
      1 14158
      1 14172
      1 14174
      1 14195
      1 14287
      1 14305
      1 14438
      1 14535
      1 14555
      1 14594
      1 14815
      1 14864
      1 14970
      1 14980
      1 14987
      1 15065
      1 15073
      1 15095
      1 15122
      1 15133
      1 15206
      1 15217
      1 15239
      1 15272
      1 15281
      1 15296
      1 15322
      1 15403
      1 15406
      1 15430
      1 15476
      1 15491
      1 15629
      1 15774
      1 15815
      1 15891
      1 15927
      1 15934
      1 15941
      1 15974
      1 15978
      1 15998
      1 16027
      1 16071
      1 16086
      1 16108
      1 16138
      1 16188
      1 16192
      1 16219
      1 16330
      1 16345
      1 16515
      1 16589
      1 16631
      1 16733
      1 16735
      1 16741
      1 16798
      1 16829
      1 16910
      1 17064
      1 17185
      1 17284
      1 17391
      1 17392
      1 17401
      1 17439
      1 17455
      1 17463
      1 17475
      1 17487
      1 17500
      1 17546
      1 17597
      1 17614
      1 17632
      1 17683
      1 17703
      1 17730
      1 17829
      1 17844
      1 17875
      1 17907
      1 17927
      1 17946
      1 18214
      1 18221
      1 18305
      1 18366
      1 18382
      1 18457
      1 18542
      1 18591
      1 18636
      1 18747
      1 18793
      1 18850
      1 18894
      1 18931
      1 19028
      1 19080
      1 19117
      1 19172
      1 19240
      1 19278
      1 19300
      1 19342
      1 19481
      1 19485
      1 19500
      1 19545
      1 19590
      1 19702
      1 19739
      1 19995
      1 20019
      1 20188
      1 20221
      1 20232
      1 20234
      1 20330
      1 20365
      1 20532
      1 20631
      1 20633
      1 20681
      1 20716
      1 20885
      1 20926
      1 21040
      1 21080
      1 21083
      1 21135
      1 21164
      1 21219
      1 21307
      1 21311
      1 21522
      1 21583
      1 21805
      1 22093
      1 22209
      1 22233
      1 22247
      1 22315
      1 22333
      1 22393
      1 22527
      1 22575
      1 22699
      1 22742
      1 22747
      1 23030
      1 23137
      1 23231
      1 23314
      1 23356
      1 23437
      1 23507
      1 23687
      1 23792
      1 23864
      1 23898
      1 24179
      1 24312
      1 24342
      1 24367
      1 24569
      1 24625
      1 24677
      1 24923
      1 24967
      1 24987
      1 25059
      1 25129
      1 25490
      1 25532
      1 25636
      1 25759
      1 25974
      1 26019
      1 26136
      1 26565
      1 26636
      1 26759
      1 26878
      1 27052
      1 27156
      1 27340
      1 27397
      1 27578
      1 27989
      1 28022
      1 28281
      1 28334
      1 28413
      1 28463
      1 28795
      1 28862
      1 28935
      1 29044
      1 29152
      1 29170
      1 29212
      1 29230
      1 29420
      1 29465
      1 29479
      1 29616
      1 30593
      1 30860
      1 30900
      1 31025
      1 31274
      1 31381
      1 31502
      1 31825
      1 31986
      1 32184
      1 32241
      1 33107
      1 33218
      1 33552
      1 33691
      1 33723
      1 33812
      1 34220
      1 34222
      1 34246
      1 34249
      1 34800
      1 34828
      1 34894
      1 35003
      1 35078
      1 35269
      1 35504
      1 35535
      1 35741
      1 35972
      1 35976
      1 36316
      1 36360
      1 36912
      1 37270
      1 37479
      1 38596
      1 38716
      1 39054
      1 39232
      1 39672
      1 40566
      1 40571
      1 40822
      1 41358
      1 41424
      1 41952
      1 42048
      1 42259
      1 42272
      1 43027
      1 43414
      1 44121
      1 44834
      1 45370
      1 45703
      1 45803
      1 46015
      1 46389
      1 47745
      1 47856
      1 48181
      1 48621
      1 51233
      1 52394
      1 52761
      1 53753
      1 53756
      1 54030
      1 55002
      1 57202
      1 57393
      1 57523
      1 67339
      1 67566
      1 73782
      1 99847
---AAD-PGBENCH-LAG-US---
