pgbench (18.6 (Debian 18.6-1.pgdg13+2))
starting vacuum...end.
transaction type: <builtin: select only>
scaling factor: 1000
query mode: simple
number of clients: 64
number of threads: 16
maximum number of tries: 1
duration: 60 s
number of transactions actually processed: 8054249
number of failed transactions: 0 (0.000%)
latency average = 0.476 ms
initial connection time = 111.489 ms
tps = 134485.281430 (without initial connection time)
---AAD-PGBENCH-LATENCY-US---
rc=0
samples=161494
      1 236
      1 240
      4 242
      5 243
      4 244
      2 245
      3 246
      4 247
      7 248
     10 249
      3 250
      6 251
     12 252
     14 253
     14 254
     26 255
     17 256
     24 257
     30 258
     30 259
     38 260
     42 261
     41 262
     39 263
     49 264
     59 265
     63 266
     62 267
     74 268
     68 269
     94 270
     77 271
     91 272
     93 273
     82 274
    111 275
    114 276
    114 277
    111 278
    100 279
    125 280
    126 281
    132 282
    123 283
    108 284
    140 285
    119 286
    144 287
    148 288
    134 289
    138 290
    155 291
    133 292
    139 293
    141 294
    143 295
    129 296
    167 297
    161 298
    151 299
    166 300
    182 301
    174 302
    185 303
    184 304
    189 305
    220 306
    216 307
    219 308
    215 309
    228 310
    245 311
    250 312
    282 313
    310 314
    299 315
    338 316
    357 317
    365 318
    342 319
    385 320
    392 321
    448 322
    428 323
    469 324
    452 325
    462 326
    480 327
    517 328
    539 329
    545 330
    558 331
    599 332
    563 333
    614 334
    568 335
    588 336
    544 337
    551 338
    585 339
    609 340
    608 341
    594 342
    629 343
    612 344
    676 345
    680 346
    603 347
    614 348
    608 349
    621 350
    599 351
    616 352
    640 353
    635 354
    628 355
    625 356
    676 357
    631 358
    654 359
    675 360
    682 361
    748 362
    791 363
    708 364
    789 365
    719 366
    717 367
    825 368
    773 369
    876 370
    807 371
    923 372
    862 373
    858 374
    876 375
    872 376
    860 377
    808 378
    797 379
    797 380
    811 381
    800 382
    753 383
    825 384
    744 385
    764 386
    749 387
    765 388
    751 389
    710 390
    738 391
    727 392
    705 393
    699 394
    713 395
    681 396
    695 397
    721 398
    728 399
    709 400
    687 401
    679 402
    718 403
    682 404
    703 405
    667 406
    700 407
    714 408
    694 409
    695 410
    707 411
    713 412
    755 413
    767 414
    784 415
    766 416
    710 417
    740 418
    688 419
    691 420
    688 421
    717 422
    629 423
    654 424
    630 425
    620 426
    587 427
    573 428
    599 429
    581 430
    591 431
    571 432
    467 433
    514 434
    532 435
    511 436
    503 437
    478 438
    497 439
    495 440
    482 441
    455 442
    443 443
    426 444
    430 445
    436 446
    410 447
    444 448
    403 449
    427 450
    396 451
    430 452
    406 453
    433 454
    408 455
    440 456
    430 457
    440 458
    423 459
    450 460
    419 461
    384 462
    388 463
    405 464
    426 465
    404 466
    422 467
    446 468
    423 469
    412 470
    388 471
    401 472
    386 473
    395 474
    410 475
    377 476
    382 477
    376 478
    374 479
    390 480
    352 481
    369 482
    355 483
    351 484
    341 485
    356 486
    325 487
    339 488
    313 489
    350 490
    330 491
    291 492
    335 493
    303 494
    304 495
    297 496
    320 497
    307 498
    310 499
    314 500
    286 501
    294 502
    287 503
    302 504
    320 505
    300 506
    272 507
    302 508
    301 509
    258 510
    288 511
    306 512
    270 513
    294 514
    291 515
    300 516
    270 517
    264 518
    296 519
    259 520
    258 521
    265 522
    260 523
    273 524
    296 525
    247 526
    238 527
    289 528
    268 529
    281 530
    265 531
    259 532
    258 533
    264 534
    248 535
    245 536
    247 537
    269 538
    247 539
    265 540
    230 541
    251 542
    248 543
    210 544
    265 545
    234 546
    226 547
    215 548
    234 549
    233 550
    219 551
    244 552
    231 553
    221 554
    237 555
    217 556
    219 557
    200 558
    244 559
    218 560
    210 561
    203 562
    215 563
    210 564
    216 565
    200 566
    212 567
    216 568
    220 569
    223 570
    202 571
    188 572
    204 573
    197 574
    200 575
    185 576
    201 577
    205 578
    190 579
    197 580
    200 581
    177 582
    195 583
    160 584
    182 585
    191 586
    201 587
    190 588
    167 589
    201 590
    200 591
    197 592
    184 593
    167 594
    186 595
    190 596
    181 597
    171 598
    168 599
    166 600
    138 601
    156 602
    176 603
    169 604
    168 605
    183 606
    170 607
    161 608
    140 609
    153 610
    148 611
    172 612
    171 613
    141 614
    169 615
    161 616
    165 617
    162 618
    142 619
    143 620
    143 621
    132 622
    145 623
    135 624
    137 625
    151 626
    125 627
    141 628
    133 629
    151 630
    124 631
    118 632
    147 633
    123 634
    141 635
    126 636
    139 637
    154 638
    120 639
    138 640
    117 641
    134 642
    145 643
    128 644
    127 645
    130 646
    126 647
    125 648
    119 649
    131 650
    111 651
     97 652
    153 653
    124 654
    121 655
    135 656
    114 657
    120 658
    122 659
    111 660
    125 661
    134 662
    138 663
    120 664
    104 665
    113 666
    110 667
    102 668
    117 669
     97 670
    100 671
     99 672
     96 673
    115 674
     93 675
    116 676
     99 677
     92 678
     97 679
    110 680
    101 681
    104 682
     79 683
     97 684
     74 685
     89 686
     96 687
     93 688
     90 689
     83 690
     99 691
    104 692
     79 693
     91 694
     85 695
     83 696
     83 697
     84 698
     90 699
     89 700
     70 701
     81 702
     75 703
     84 704
     79 705
     68 706
     92 707
     77 708
     64 709
     72 710
     80 711
     84 712
     87 713
     75 714
     72 715
     78 716
     79 717
     69 718
     78 719
     69 720
     84 721
     86 722
     76 723
     70 724
     74 725
     67 726
     64 727
     71 728
     64 729
     73 730
     92 731
     78 732
     61 733
     76 734
     69 735
     74 736
     57 737
     60 738
     73 739
     57 740
     70 741
     66 742
     71 743
     71 744
     52 745
     67 746
     61 747
     54 748
     66 749
     66 750
     58 751
     61 752
     55 753
     46 754
     54 755
     58 756
     57 757
     45 758
     56 759
     53 760
     50 761
     51 762
     46 763
     61 764
     50 765
     46 766
     62 767
     46 768
     51 769
     52 770
     45 771
     71 772
     48 773
     54 774
     39 775
     46 776
     46 777
     47 778
     42 779
     54 780
     59 781
     50 782
     53 783
     44 784
     44 785
     45 786
     52 787
     52 788
     46 789
     37 790
     52 791
     32 792
     34 793
     41 794
     51 795
     43 796
     50 797
     48 798
     49 799
     32 800
     48 801
     37 802
     46 803
     40 804
     37 805
     38 806
     49 807
     40 808
     36 809
     35 810
     40 811
     44 812
     29 813
     30 814
     39 815
     38 816
     31 817
     35 818
     32 819
     38 820
     32 821
     43 822
     25 823
     40 824
     30 825
     27 826
     35 827
     29 828
     40 829
     22 830
     44 831
     37 832
     40 833
     30 834
     35 835
     36 836
     26 837
     24 838
     25 839
     34 840
     27 841
     28 842
     23 843
     26 844
     31 845
     26 846
     22 847
     24 848
     22 849
     28 850
     23 851
     29 852
     34 853
     18 854
     34 855
     29 856
     36 857
     15 858
     33 859
     27 860
     40 861
     27 862
     17 863
     19 864
     34 865
     31 866
     26 867
     20 868
     35 869
     29 870
     25 871
     23 872
     27 873
     33 874
     29 875
     18 876
     17 877
     26 878
     25 879
     22 880
     21 881
     22 882
     22 883
     24 884
     15 885
     16 886
     23 887
     29 888
     17 889
     20 890
     22 891
     23 892
     28 893
     18 894
     23 895
     17 896
     13 897
     28 898
     19 899
     21 900
     28 901
     19 902
     23 903
     13 904
     17 905
     18 906
     15 907
     18 908
     20 909
     27 910
     17 911
     24 912
     14 913
     18 914
     13 915
     16 916
     26 917
     14 918
     26 919
     14 920
     23 921
     13 922
     19 923
     15 924
     15 925
     11 926
     18 927
      9 928
     23 929
     10 930
     20 931
     18 932
     14 933
     15 934
     11 935
     13 936
     16 937
     14 938
      5 939
     14 940
     16 941
     15 942
     16 943
     10 944
     17 945
     22 946
     11 947
     21 948
     24 949
     11 950
     18 951
     12 952
     20 953
     21 954
     12 955
     16 956
     17 957
     10 958
     14 959
     15 960
     15 961
     16 962
     11 963
     11 964
     12 965
     11 966
     12 967
     19 968
     15 969
     16 970
     17 971
     14 972
      7 973
      8 974
      8 975
      5 976
     11 977
     17 978
     13 979
     15 980
     14 981
     12 982
     11 983
     17 984
      8 985
      9 986
     12 987
     12 988
     13 989
     15 990
     13 991
     12 992
     15 993
     11 994
     16 995
      7 996
     10 997
     15 998
      8 999
     18 1000
     11 1001
     10 1002
     11 1003
      5 1004
      8 1005
      9 1006
      9 1007
      6 1008
      9 1009
     15 1010
     15 1011
      4 1012
      8 1013
     11 1014
      8 1015
      7 1016
      7 1017
     13 1018
     10 1019
     12 1020
     16 1021
      8 1022
     10 1023
      3 1024
      6 1025
      6 1026
     13 1027
     12 1028
     10 1029
      8 1030
     14 1031
     12 1032
      6 1033
     10 1034
     11 1035
      7 1036
      7 1037
      5 1038
      6 1039
     10 1040
      7 1041
     11 1042
     10 1043
     10 1044
      5 1045
      9 1046
     12 1047
     12 1048
      8 1049
      5 1050
      5 1051
     11 1052
     14 1053
      7 1054
      7 1055
      7 1056
     10 1057
      5 1058
     12 1059
      8 1060
      6 1061
     10 1062
      3 1063
     11 1064
      8 1065
      7 1066
      3 1067
      7 1068
      5 1069
      7 1070
      6 1071
      6 1072
     10 1073
      5 1074
      9 1075
      3 1076
     13 1077
     10 1078
      8 1079
      8 1080
      2 1081
      3 1082
      6 1083
      5 1084
      4 1085
      5 1086
      6 1087
      6 1088
      9 1089
      7 1090
      6 1091
     12 1092
     10 1093
      3 1094
     12 1095
      7 1096
     11 1097
      8 1098
      5 1099
      2 1100
      4 1101
      6 1102
      6 1103
     11 1104
      4 1105
      6 1106
      6 1107
      7 1108
     13 1109
      5 1110
      7 1111
      7 1112
      4 1113
      5 1114
      8 1115
      7 1116
      3 1117
      3 1118
      7 1119
      4 1120
      8 1121
     14 1122
      6 1123
      3 1124
      4 1125
      4 1126
     11 1127
     12 1128
      4 1129
      3 1130
      4 1131
      6 1132
      4 1133
      5 1134
      4 1135
      3 1136
      9 1137
      4 1138
      1 1139
      4 1140
      3 1141
      6 1142
      4 1143
      4 1144
      5 1145
      8 1146
      6 1147
      5 1148
      6 1149
      5 1150
      5 1151
      5 1152
      4 1153
      6 1154
      5 1155
      3 1156
      3 1157
      7 1158
      3 1159
      7 1160
      4 1161
      6 1162
      2 1163
      2 1164
      7 1165
      4 1166
      1 1167
      2 1168
      4 1169
      5 1170
      6 1171
      3 1172
      3 1174
      6 1175
      7 1176
      7 1177
      8 1178
      6 1179
      5 1180
      2 1181
      4 1182
      7 1183
      5 1184
      5 1185
      1 1186
      2 1187
      5 1188
      1 1189
      4 1190
      1 1191
      4 1192
      4 1193
      1 1194
      1 1195
      3 1196
      2 1197
      7 1198
      4 1199
      3 1200
      4 1201
      3 1202
      6 1203
      4 1204
      1 1205
      4 1206
      3 1207
      5 1208
      5 1209
      4 1210
      4 1211
      1 1212
      1 1213
      2 1214
      3 1215
      1 1216
      2 1217
      8 1218
      5 1219
      7 1220
      5 1221
      3 1223
      3 1224
      6 1226
      3 1227
      2 1228
      1 1229
      5 1230
      3 1231
      3 1232
      3 1233
      2 1234
      3 1235
      5 1236
      4 1237
      4 1238
      4 1239
      2 1240
      5 1241
      8 1242
      2 1243
      7 1244
      5 1245
      2 1246
      1 1247
      3 1248
      4 1249
      1 1250
      4 1251
      1 1252
      4 1253
      5 1254
      2 1255
      4 1256
      6 1257
      1 1258
      5 1259
      2 1260
      4 1261
      5 1262
      3 1263
      4 1264
      1 1265
      7 1266
      3 1269
      1 1270
      4 1271
      1 1272
      2 1273
      4 1274
      3 1275
      2 1276
      3 1277
      3 1278
      4 1279
      2 1280
      3 1281
      1 1282
      4 1283
      3 1284
      4 1285
      3 1286
      2 1287
      3 1288
      3 1289
      1 1290
      3 1291
      4 1292
      1 1293
      4 1294
      2 1295
      4 1296
      3 1298
      3 1299
      1 1300
      3 1301
      2 1302
      1 1303
      3 1304
      1 1305
      3 1306
      4 1307
      3 1308
      3 1309
      1 1310
      1 1311
      4 1312
      4 1313
      3 1314
      3 1315
      1 1316
      3 1317
      1 1318
      2 1319
      2 1320
      3 1322
      3 1323
      5 1324
      5 1325
      3 1326
      1 1327
      1 1328
      3 1329
      4 1330
      5 1331
      3 1332
      1 1333
      1 1335
      1 1337
      1 1338
      2 1339
      2 1340
      3 1341
      3 1342
      6 1343
      4 1344
      2 1346
      3 1347
      1 1348
      1 1349
      3 1350
      3 1351
      3 1352
      2 1354
      2 1355
      6 1356
      2 1357
      2 1358
      1 1359
      2 1360
      1 1362
      1 1363
      2 1364
      1 1365
      2 1366
      1 1367
      1 1368
      6 1369
      3 1370
      3 1371
      1 1374
      2 1377
      3 1378
      2 1379
      5 1380
      1 1381
      2 1383
      1 1384
      3 1386
      1 1387
      2 1388
      2 1389
      3 1390
      5 1392
      1 1393
      2 1394
      2 1395
      3 1396
      1 1397
      4 1399
      2 1400
      4 1401
      2 1403
      2 1404
      3 1405
      7 1407
      1 1409
      2 1411
      3 1412
      2 1413
      1 1414
      1 1415
      1 1416
      2 1417
      3 1418
      6 1419
      1 1420
      4 1421
      3 1422
      2 1424
      4 1425
      2 1426
      2 1427
      5 1429
      2 1430
      4 1431
      6 1432
      3 1433
      3 1434
      4 1435
      1 1436
      3 1439
      2 1440
      5 1441
      2 1442
      3 1443
      1 1444
      3 1445
      2 1446
      2 1449
      1 1450
      2 1451
      4 1452
      4 1453
      2 1454
      2 1455
      3 1456
      1 1457
      2 1458
      3 1459
      2 1460
      2 1461
      3 1462
      4 1463
      2 1464
      5 1465
      1 1466
      3 1467
      2 1468
      3 1469
      2 1470
      5 1471
      1 1472
      2 1473
      2 1474
      3 1475
      1 1476
      2 1477
      1 1478
      2 1479
      2 1481
      4 1482
      3 1483
      2 1484
      2 1485
      2 1486
      4 1487
      2 1488
      5 1489
      1 1490
      2 1491
      1 1492
      3 1493
      3 1494
      1 1495
      1 1496
      2 1497
      1 1498
      3 1501
      8 1502
      2 1503
      2 1504
      2 1505
      3 1507
      5 1508
      1 1509
      4 1510
      2 1511
      3 1512
      3 1513
      4 1514
      3 1515
      1 1516
      1 1517
      4 1518
      2 1519
      3 1520
      3 1521
      3 1522
      1 1523
      2 1525
      4 1526
      4 1527
      1 1528
      2 1529
      1 1530
      2 1531
      2 1532
      1 1533
      3 1534
      4 1535
      2 1536
      1 1537
      1 1538
      1 1539
      2 1541
      2 1542
      2 1543
      3 1544
      4 1545
      2 1546
      3 1547
      4 1548
      3 1549
      4 1550
      4 1552
      6 1553
      5 1554
      2 1556
      1 1557
      1 1558
      2 1559
      1 1561
      1 1562
      3 1563
      1 1564
      2 1565
      2 1566
      2 1567
      3 1568
      4 1569
      1 1571
      2 1572
      1 1573
      2 1574
      1 1575
      1 1576
      5 1577
      3 1579
      1 1582
      2 1583
      1 1584
      1 1586
      1 1587
      2 1588
      1 1589
      1 1590
      1 1592
      1 1593
      2 1594
      1 1596
      1 1597
      3 1598
      3 1601
      2 1602
      1 1603
      1 1604
      2 1605
      2 1606
      2 1607
      3 1608
      1 1609
      1 1611
      1 1612
      1 1614
      1 1615
      1 1616
      1 1618
      1 1619
      1 1620
      1 1621
      2 1622
      3 1623
      3 1625
      2 1626
      4 1627
      3 1628
      2 1629
      1 1630
      3 1631
      1 1632
      3 1635
      2 1636
      1 1638
      1 1639
      2 1640
      3 1641
      1 1642
      1 1643
      1 1645
      1 1646
      1 1648
      1 1649
      1 1651
      2 1652
      2 1653
      1 1655
      3 1656
      1 1657
      2 1658
      3 1660
      1 1661
      1 1662
      1 1663
      2 1664
      1 1666
      3 1668
      1 1671
      1 1672
      2 1673
      1 1675
      2 1676
      2 1678
      2 1679
      1 1683
      2 1684
      1 1685
      1 1688
      1 1689
      1 1690
      3 1693
      4 1694
      1 1697
      2 1699
      2 1701
      3 1702
      1 1703
      1 1705
      2 1706
      2 1707
      1 1709
      1 1710
      1 1711
      1 1712
      1 1714
      1 1716
      1 1718
      3 1719
      3 1720
      1 1721
      2 1723
      1 1724
      1 1725
      1 1727
      2 1728
      1 1730
      2 1731
      1 1732
      1 1733
      1 1734
      1 1735
      1 1736
      1 1739
      2 1740
      2 1741
      1 1742
      1 1745
      2 1747
      1 1749
      2 1751
      1 1752
      1 1755
      4 1759
      1 1762
      1 1763
      1 1764
      2 1767
      1 1773
      1 1774
      1 1777
      2 1778
      1 1779
      1 1782
      1 1786
      1 1789
      2 1790
      2 1791
      2 1792
      1 1796
      2 1797
      1 1798
      3 1799
      1 1802
      1 1803
      1 1805
      1 1808
      1 1809
      1 1813
      1 1814
      2 1815
      2 1816
      1 1818
      1 1819
      1 1820
      2 1822
      1 1833
      1 1837
      1 1838
      1 1840
      1 1843
      1 1853
      1 1855
      2 1857
      1 1864
      1 1866
      1 1869
      1 1871
      1 1873
      1 1877
      1 1884
      1 1891
      1 1897
      1 1899
      2 1902
      1 1909
      1 1911
      1 1913
      1 1914
      1 1920
      1 1922
      1 1927
      1 1934
      1 1937
      1 1944
      1 1951
      1 1956
      1 1962
      1 1963
      1 1966
      2 1969
      1 1977
      1 1986
      1 1989
      1 1992
      1 1997
      1 1999
      1 2007
      1 2008
      1 2015
      1 2016
      1 2020
      1 2028
      1 2030
      1 2032
      1 2037
      1 2039
      1 2041
      1 2050
      1 2051
      1 2054
      1 2062
      1 2089
      1 2095
      1 2124
      1 2138
      1 2159
      1 2162
      1 2211
      1 2222
      1 2223
      1 2224
      1 2227
      1 2244
      1 2289
      1 2314
      1 2320
      1 2345
      1 2403
      1 2422
      1 2435
      1 2495
      1 2505
      1 2574
      1 2589
      1 2666
      1 2683
      1 2967
      1 3054
      1 3102
      1 3127
      1 4734
      1 6511
      1 8105
      1 9251
---AAD-PGBENCH-LAG-US---
