pgbench (18.6 (Debian 18.6-1.pgdg13+2))
starting vacuum...end.
transaction type: <builtin: select only>
scaling factor: 1000
query mode: simple
number of clients: 32
number of threads: 16
maximum number of tries: 1
duration: 60 s
number of transactions actually processed: 5623062
number of failed transactions: 0 (0.000%)
latency average = 0.341 ms
initial connection time = 10.424 ms
tps = 93733.034724 (without initial connection time)
---AAD-PGBENCH-LATENCY-US---
rc=0
samples=112786
      1 230
      1 233
      1 235
      2 236
      4 237
      3 238
      5 239
      6 240
     13 241
     14 242
     21 243
     26 244
     24 245
     26 246
     36 247
     43 248
     58 249
     52 250
     65 251
     67 252
     84 253
    110 254
    128 255
    132 256
    139 257
    171 258
    178 259
    202 260
    216 261
    276 262
    278 263
    315 264
    318 265
    319 266
    358 267
    383 268
    412 269
    433 270
    517 271
    528 272
    568 273
    580 274
    595 275
    663 276
    671 277
    658 278
    658 279
    691 280
    651 281
    646 282
    677 283
    710 284
    678 285
    682 286
    664 287
    691 288
    660 289
    721 290
    722 291
    684 292
    654 293
    689 294
    725 295
    681 296
    683 297
    687 298
    720 299
    673 300
    713 301
    682 302
    740 303
    752 304
    749 305
    739 306
    777 307
    762 308
    790 309
    777 310
    807 311
    827 312
    832 313
    823 314
    815 315
    811 316
    882 317
    934 318
    858 319
    969 320
    964 321
    959 322
    947 323
   1023 324
    992 325
   1071 326
   1036 327
   1116 328
   1139 329
   1191 330
   1141 331
   1127 332
   1176 333
   1222 334
   1184 335
   1195 336
   1265 337
   1401 338
   1238 339
   1239 340
   1275 341
   1285 342
   1300 343
   1383 344
   1524 345
   1419 346
   1209 347
   1119 348
   1060 349
   1016 350
    946 351
    913 352
    902 353
    867 354
    835 355
    810 356
    763 357
    751 358
    679 359
    704 360
    641 361
    610 362
    622 363
    621 364
    545 365
    514 366
    545 367
    559 368
    502 369
    494 370
    479 371
    474 372
    480 373
    444 374
    429 375
    443 376
    410 377
    432 378
    435 379
    398 380
    385 381
    371 382
    352 383
    354 384
    360 385
    383 386
    358 387
    376 388
    337 389
    361 390
    379 391
    375 392
    335 393
    337 394
    340 395
    319 396
    321 397
    292 398
    338 399
    288 400
    311 401
    287 402
    262 403
    281 404
    277 405
    274 406
    266 407
    254 408
    253 409
    245 410
    233 411
    265 412
    214 413
    218 414
    201 415
    201 416
    203 417
    192 418
    162 419
    190 420
    152 421
    155 422
    157 423
    158 424
    132 425
    127 426
    110 427
    116 428
    111 429
    126 430
     90 431
    102 432
     95 433
     85 434
     89 435
     95 436
     87 437
     90 438
     74 439
     78 440
     77 441
     82 442
     60 443
     76 444
     74 445
     66 446
     65 447
     66 448
     67 449
     56 450
     56 451
     60 452
     50 453
     61 454
     53 455
     60 456
     50 457
     63 458
     56 459
     67 460
     47 461
     71 462
     44 463
     41 464
     46 465
     59 466
     46 467
     51 468
     44 469
     43 470
     42 471
     44 472
     37 473
     38 474
     57 475
     41 476
     41 477
     46 478
     42 479
     32 480
     37 481
     33 482
     34 483
     39 484
     30 485
     23 486
     33 487
     26 488
     20 489
     27 490
     32 491
     30 492
     28 493
     24 494
     24 495
     18 496
     26 497
     18 498
     26 499
     22 500
     22 501
     24 502
     26 503
     21 504
     35 505
     17 506
     20 507
     21 508
     24 509
     21 510
     16 511
     35 512
     21 513
     22 514
     31 515
     26 516
     29 517
     23 518
     23 519
     33 520
     23 521
     42 522
     29 523
     36 524
     27 525
     22 526
     17 527
     16 528
     17 529
     18 530
     22 531
     17 532
     16 533
     17 534
     18 535
     15 536
     16 537
     13 538
     11 539
     13 540
     11 541
     10 542
      8 543
     14 544
      9 545
     12 546
     16 547
     13 548
     13 549
      6 550
     14 551
     13 552
     11 553
     13 554
     15 555
      5 556
      8 557
      6 558
     12 559
      5 560
      7 561
     11 562
      9 563
      3 564
      8 565
     11 566
      6 567
     10 568
      8 569
      6 570
     14 571
      7 572
      4 573
     14 574
     11 575
     18 576
     10 577
      7 578
      7 579
     17 580
     13 581
     16 582
     18 583
     11 584
     13 585
     16 586
     13 587
     20 588
     21 589
     18 590
     13 591
     14 592
     13 593
     10 594
     12 595
      8 596
     10 597
      6 598
     12 599
      4 600
      9 601
      9 602
      8 603
      3 604
      5 605
      7 606
     10 607
      2 608
      2 609
      4 610
      4 611
      1 612
      4 613
      2 614
      2 615
      2 616
      1 617
      4 618
      2 619
      1 620
      2 621
      3 622
      3 623
      3 624
      2 625
      1 626
      2 627
      1 628
      2 629
      1 630
      1 631
      3 632
      2 633
      2 634
      2 637
      2 638
      1 642
      1 644
      1 645
      1 646
      1 647
      2 649
      3 650
      2 651
      1 652
      1 653
      2 654
      2 656
      2 657
      1 659
      1 661
      1 662
      2 663
      1 664
      2 665
      2 669
      1 670
      1 675
      1 676
      1 678
      1 679
      1 681
      1 683
      1 685
      1 695
      1 701
      1 709
      1 712
      1 723
      1 726
      1 727
      1 736
      2 754
      1 766
      1 771
      1 779
      1 781
      1 788
      1 812
      1 828
      1 841
      1 842
      1 855
      1 857
      1 861
      1 865
      1 928
      1 949
      1 954
      1 960
      1 967
      1 968
      1 976
      1 985
      1 989
      1 990
      1 995
      2 1002
      1 1020
      1 1025
      1 1035
      2 1042
      1 1059
      1 1060
      1 1061
      1 1070
      1 1081
      1 1086
      2 1089
      1 1101
      1 1103
      1 1122
      1 1144
      1 1156
      1 1168
      1 1183
      1 1196
      1 1212
      1 1233
      1 1241
      1 1246
      1 1250
      1 1252
      1 1254
      1 1256
      1 1265
      1 1273
      1 1289
      1 1290
      1 1292
      2 1294
      1 1296
      1 1320
      2 1322
      1 1326
      1 1330
      1 1333
      1 1345
      1 1350
      1 1362
      1 1367
      1 1372
      1 1377
      1 1384
      1 1388
      1 1393
      2 1396
      1 1401
      1 1413
      3 1421
      1 1424
      1 1426
      1 1429
      1 1431
      1 1441
      1 1442
      1 1444
      1 1446
      1 1448
      2 1462
      1 1465
      1 1467
      1 1468
      1 1475
      1 1484
      1 1486
      1 1511
      1 1515
      2 1519
      1 1524
      1 1542
      1 1565
      1 1586
      1 1625
---AAD-PGBENCH-LAG-US---
