pgbench (18.6 (Debian 18.6-1.pgdg13+2))
starting vacuum...end.
transaction type: <builtin: select only>
scaling factor: 1000
query mode: simple
number of clients: 128
number of threads: 16
maximum number of tries: 1
duration: 60 s
number of transactions actually processed: 7964170
number of failed transactions: 0 (0.000%)
latency average = 0.961 ms
initial connection time = 214.305 ms
tps = 133136.977757 (without initial connection time)
---AAD-PGBENCH-LATENCY-US---
rc=0
samples=159382
      1 251
      1 252
      1 254
      3 258
      1 260
      1 261
      1 262
      2 263
      5 264
      7 265
      2 268
      8 269
      6 270
      9 271
      7 272
      4 273
      7 274
     11 275
      5 276
      8 277
      4 278
      5 279
      8 280
      5 281
      4 282
      9 283
      8 284
      8 285
      9 286
      4 287
      8 288
      8 289
     11 290
      5 291
      7 292
      7 293
      3 294
      7 295
     11 296
      9 297
     11 298
      6 299
      7 300
      2 301
     10 302
      6 303
      5 304
      8 305
      5 306
     13 307
     12 308
     12 309
     16 310
     13 311
     11 312
     11 313
     11 314
     14 315
     15 316
     12 317
     16 318
     16 319
     20 320
     20 321
     24 322
     17 323
     21 324
     18 325
     22 326
     18 327
     19 328
     21 329
     24 330
     38 331
     36 332
     34 333
     33 334
     34 335
     34 336
     33 337
     44 338
     45 339
     50 340
     51 341
     58 342
     62 343
     54 344
     63 345
     56 346
     47 347
     54 348
     69 349
     61 350
     55 351
     52 352
     58 353
     61 354
     44 355
     54 356
     42 357
     52 358
     32 359
     44 360
     42 361
     39 362
     46 363
     49 364
     40 365
     48 366
     32 367
     45 368
     40 369
     33 370
     44 371
     39 372
     50 373
     40 374
     43 375
     43 376
     43 377
     39 378
     44 379
     33 380
     46 381
     33 382
     37 383
     47 384
     51 385
     46 386
     43 387
     47 388
     50 389
     64 390
     57 391
     59 392
     60 393
     45 394
     51 395
     54 396
     59 397
     62 398
     62 399
     74 400
     85 401
     61 402
     77 403
     75 404
     69 405
     88 406
    105 407
     75 408
     88 409
    104 410
     96 411
     82 412
     84 413
     98 414
     98 415
     82 416
    113 417
     78 418
     83 419
     72 420
     85 421
     72 422
     70 423
     83 424
     98 425
     71 426
     85 427
     61 428
     53 429
     68 430
     72 431
     66 432
     62 433
     59 434
     68 435
     59 436
     59 437
     51 438
     58 439
     40 440
     42 441
     61 442
     51 443
     61 444
     57 445
     47 446
     47 447
     58 448
     61 449
     48 450
     64 451
     60 452
     67 453
     45 454
     54 455
     56 456
     57 457
     63 458
     59 459
     65 460
     57 461
     63 462
     77 463
     78 464
     63 465
     69 466
     73 467
     83 468
     62 469
     83 470
     99 471
     97 472
     80 473
     84 474
     84 475
     96 476
     97 477
     90 478
     97 479
    103 480
     91 481
    112 482
     97 483
    105 484
    110 485
    104 486
    100 487
    106 488
     98 489
     84 490
     70 491
    108 492
     90 493
     87 494
     84 495
    104 496
     84 497
     90 498
     77 499
    102 500
     94 501
     85 502
     91 503
     73 504
     65 505
     82 506
     59 507
     67 508
     78 509
     84 510
     74 511
     81 512
     84 513
     84 514
     82 515
     87 516
     69 517
     81 518
     73 519
     96 520
     91 521
     99 522
     79 523
     90 524
     95 525
    103 526
     90 527
     97 528
    101 529
    115 530
    107 531
    110 532
    120 533
    120 534
    109 535
    126 536
    118 537
    141 538
    122 539
    128 540
    143 541
    171 542
    129 543
    139 544
    152 545
    148 546
    164 547
    192 548
    171 549
    155 550
    173 551
    211 552
    178 553
    191 554
    200 555
    168 556
    167 557
    197 558
    182 559
    193 560
    172 561
    192 562
    170 563
    190 564
    162 565
    188 566
    157 567
    167 568
    151 569
    141 570
    158 571
    132 572
    177 573
    144 574
    143 575
    168 576
    155 577
    145 578
    162 579
    143 580
    158 581
    152 582
    161 583
    157 584
    164 585
    158 586
    155 587
    159 588
    143 589
    167 590
    155 591
    160 592
    171 593
    180 594
    166 595
    159 596
    172 597
    170 598
    207 599
    167 600
    195 601
    187 602
    175 603
    190 604
    201 605
    208 606
    211 607
    237 608
    227 609
    245 610
    260 611
    225 612
    249 613
    242 614
    254 615
    245 616
    264 617
    252 618
    300 619
    317 620
    342 621
    311 622
    291 623
    287 624
    296 625
    274 626
    286 627
    285 628
    282 629
    258 630
    262 631
    285 632
    272 633
    261 634
    230 635
    238 636
    256 637
    256 638
    217 639
    215 640
    238 641
    235 642
    223 643
    231 644
    219 645
    213 646
    208 647
    204 648
    219 649
    212 650
    222 651
    200 652
    192 653
    202 654
    222 655
    201 656
    188 657
    200 658
    192 659
    209 660
    213 661
    226 662
    218 663
    235 664
    195 665
    224 666
    206 667
    236 668
    230 669
    204 670
    221 671
    221 672
    215 673
    253 674
    211 675
    239 676
    239 677
    244 678
    246 679
    280 680
    269 681
    259 682
    271 683
    283 684
    264 685
    251 686
    272 687
    276 688
    273 689
    303 690
    276 691
    272 692
    241 693
    267 694
    259 695
    247 696
    247 697
    246 698
    227 699
    242 700
    255 701
    245 702
    237 703
    216 704
    230 705
    226 706
    241 707
    199 708
    215 709
    187 710
    191 711
    213 712
    196 713
    183 714
    188 715
    194 716
    170 717
    190 718
    194 719
    196 720
    195 721
    201 722
    191 723
    165 724
    176 725
    185 726
    199 727
    168 728
    198 729
    210 730
    174 731
    194 732
    169 733
    192 734
    217 735
    180 736
    185 737
    167 738
    188 739
    167 740
    175 741
    160 742
    177 743
    174 744
    177 745
    210 746
    196 747
    191 748
    189 749
    203 750
    198 751
    196 752
    183 753
    192 754
    219 755
    198 756
    186 757
    198 758
    191 759
    227 760
    219 761
    194 762
    211 763
    236 764
    202 765
    201 766
    195 767
    181 768
    170 769
    194 770
    183 771
    170 772
    179 773
    198 774
    182 775
    174 776
    167 777
    146 778
    170 779
    167 780
    157 781
    178 782
    160 783
    159 784
    169 785
    159 786
    170 787
    150 788
    144 789
    169 790
    154 791
    130 792
    158 793
    150 794
    165 795
    178 796
    140 797
    139 798
    149 799
    147 800
    172 801
    158 802
    149 803
    172 804
    154 805
    142 806
    155 807
    143 808
    149 809
    143 810
    140 811
    171 812
    155 813
    173 814
    175 815
    160 816
    181 817
    171 818
    160 819
    182 820
    166 821
    174 822
    175 823
    153 824
    154 825
    200 826
    161 827
    195 828
    184 829
    185 830
    181 831
    187 832
    197 833
    195 834
    188 835
    171 836
    169 837
    189 838
    196 839
    171 840
    155 841
    171 842
    166 843
    145 844
    158 845
    138 846
    160 847
    160 848
    122 849
    147 850
    129 851
    134 852
    158 853
    171 854
    146 855
    154 856
    167 857
    127 858
    139 859
    142 860
    141 861
    114 862
    140 863
    138 864
    134 865
    142 866
    129 867
    125 868
    132 869
    144 870
    126 871
    132 872
    146 873
    124 874
    126 875
    129 876
    122 877
    146 878
    114 879
    149 880
    136 881
    143 882
    149 883
    166 884
    145 885
    156 886
    142 887
    175 888
    163 889
    159 890
    172 891
    169 892
    145 893
    165 894
    162 895
    149 896
    150 897
    160 898
    150 899
    154 900
    168 901
    131 902
    156 903
    147 904
    128 905
    166 906
    166 907
    148 908
    136 909
    157 910
    152 911
    174 912
    139 913
    135 914
    147 915
    140 916
    139 917
    155 918
    139 919
    129 920
    123 921
    131 922
    134 923
    124 924
    132 925
    151 926
    134 927
    149 928
    125 929
    125 930
    128 931
    143 932
    125 933
    154 934
    136 935
    134 936
    121 937
    114 938
    131 939
    125 940
    133 941
    120 942
    143 943
    128 944
    135 945
    129 946
    120 947
    126 948
    133 949
    140 950
    141 951
    139 952
    153 953
    126 954
    140 955
    142 956
    152 957
    129 958
    127 959
    151 960
    116 961
    158 962
    134 963
    154 964
    167 965
    148 966
    162 967
    156 968
    146 969
    131 970
    147 971
    167 972
    160 973
    153 974
    164 975
    150 976
    158 977
    140 978
    155 979
    130 980
    141 981
    151 982
    149 983
    133 984
    146 985
    158 986
    126 987
    149 988
    165 989
    126 990
    131 991
    157 992
    138 993
    132 994
    159 995
    120 996
    133 997
    115 998
    138 999
    135 1000
    140 1001
    112 1002
    129 1003
    124 1004
    125 1005
    128 1006
    141 1007
    146 1008
    138 1009
    146 1010
    137 1011
    134 1012
    113 1013
    140 1014
    138 1015
    138 1016
    142 1017
    132 1018
    128 1019
    141 1020
    146 1021
    128 1022
    137 1023
    140 1024
    146 1025
    147 1026
    125 1027
    151 1028
    141 1029
    144 1030
    171 1031
    173 1032
    147 1033
    170 1034
    154 1035
    136 1036
    143 1037
    142 1038
    165 1039
    155 1040
    164 1041
    136 1042
    125 1043
    176 1044
    162 1045
    153 1046
    148 1047
    140 1048
    136 1049
    145 1050
    138 1051
    130 1052
    141 1053
    139 1054
    122 1055
    136 1056
    138 1057
    128 1058
    117 1059
    139 1060
    116 1061
    128 1062
    118 1063
    133 1064
    143 1065
    118 1066
    142 1067
    123 1068
    129 1069
    132 1070
    130 1071
     97 1072
    130 1073
    119 1074
    102 1075
    129 1076
    131 1077
    135 1078
    111 1079
    138 1080
    129 1081
    129 1082
    128 1083
    125 1084
    113 1085
    143 1086
    130 1087
    113 1088
    110 1089
    124 1090
    143 1091
    132 1092
    143 1093
    131 1094
    130 1095
    123 1096
    148 1097
    123 1098
    152 1099
    143 1100
    131 1101
    154 1102
    129 1103
    147 1104
    151 1105
    155 1106
    154 1107
    118 1108
    138 1109
    127 1110
    148 1111
    146 1112
    143 1113
    127 1114
    135 1115
    112 1116
    146 1117
    153 1118
    129 1119
    150 1120
    130 1121
    133 1122
    132 1123
    137 1124
    132 1125
    130 1126
    126 1127
    123 1128
    102 1129
    136 1130
    109 1131
    109 1132
    118 1133
    117 1134
    106 1135
    123 1136
    116 1137
    116 1138
    124 1139
    132 1140
    110 1141
    123 1142
    107 1143
    107 1144
    127 1145
    117 1146
    106 1147
    106 1148
    109 1149
    122 1150
    100 1151
    117 1152
     97 1153
     98 1154
    101 1155
    111 1156
    114 1157
    119 1158
    100 1159
    126 1160
     98 1161
    112 1162
    136 1163
     99 1164
    117 1165
    131 1166
    105 1167
    110 1168
    105 1169
    130 1170
    103 1171
    119 1172
    147 1173
    124 1174
    124 1175
    127 1176
    129 1177
    136 1178
    118 1179
    121 1180
    133 1181
    109 1182
     98 1183
    106 1184
    119 1185
    114 1186
    117 1187
    140 1188
    108 1189
     96 1190
    104 1191
     99 1192
    113 1193
    120 1194
    105 1195
     89 1196
    122 1197
     91 1198
    103 1199
    115 1200
    119 1201
    107 1202
    112 1203
    123 1204
     96 1205
     95 1206
    105 1207
    111 1208
    100 1209
     99 1210
     97 1211
    115 1212
    106 1213
    110 1214
    102 1215
    104 1216
     83 1217
    103 1218
    109 1219
     96 1220
    101 1221
     79 1222
     92 1223
     91 1224
     97 1225
    108 1226
    109 1227
     91 1228
    100 1229
    100 1230
    101 1231
     97 1232
     93 1233
     93 1234
     96 1235
    116 1236
    109 1237
    106 1238
    113 1239
    105 1240
    109 1241
    109 1242
     95 1243
    113 1244
     99 1245
    117 1246
    110 1247
    114 1248
    103 1249
    103 1250
     99 1251
    127 1252
    115 1253
    107 1254
    101 1255
    117 1256
     87 1257
    105 1258
     96 1259
     92 1260
    103 1261
     75 1262
     93 1263
    109 1264
     83 1265
    105 1266
     97 1267
     86 1268
     87 1269
     79 1270
     97 1271
     94 1272
     88 1273
     88 1274
     88 1275
    100 1276
     92 1277
    100 1278
     88 1279
     80 1280
     90 1281
     78 1282
     84 1283
     85 1284
     80 1285
     80 1286
     85 1287
     78 1288
     72 1289
     76 1290
     80 1291
     73 1292
    103 1293
     93 1294
     74 1295
     93 1296
     93 1297
     86 1298
     69 1299
     79 1300
     81 1301
     96 1302
     68 1303
     96 1304
     95 1305
     78 1306
     87 1307
     72 1308
     85 1309
     88 1310
     79 1311
     84 1312
     85 1313
     79 1314
     90 1315
     81 1316
     72 1317
     83 1318
     88 1319
     89 1320
     78 1321
     92 1322
     86 1323
     77 1324
     81 1325
     85 1326
     92 1327
     70 1328
     80 1329
    100 1330
     90 1331
     87 1332
     80 1333
     70 1334
     90 1335
     81 1336
     61 1337
     86 1338
     89 1339
     75 1340
     83 1341
     80 1342
     70 1343
     62 1344
     77 1345
     66 1346
     76 1347
     80 1348
     84 1349
     71 1350
     66 1351
     79 1352
     60 1353
     56 1354
     65 1355
     60 1356
     53 1357
     62 1358
     79 1359
     60 1360
     65 1361
     73 1362
     70 1363
     58 1364
     74 1365
     81 1366
     72 1367
     68 1368
     61 1369
     61 1370
     76 1371
     61 1372
     78 1373
     66 1374
     89 1375
     70 1376
     62 1377
     58 1378
     61 1379
     61 1380
     76 1381
     65 1382
     63 1383
     71 1384
     68 1385
     61 1386
     54 1387
     71 1388
     64 1389
     81 1390
     49 1391
     58 1392
     51 1393
     66 1394
     64 1395
     55 1396
     57 1397
     57 1398
     67 1399
     67 1400
     73 1401
     56 1402
     63 1403
     61 1404
     53 1405
     67 1406
     59 1407
     59 1408
     57 1409
     54 1410
     56 1411
     53 1412
     55 1413
     56 1414
     67 1415
     65 1416
     44 1417
     61 1418
     52 1419
     61 1420
     54 1421
     54 1422
     57 1423
     47 1424
     57 1425
     53 1426
     50 1427
     61 1428
     50 1429
     60 1430
     53 1431
     57 1432
     79 1433
     52 1434
     42 1435
     62 1436
     68 1437
     58 1438
     53 1439
     65 1440
     47 1441
     61 1442
     52 1443
     43 1444
     49 1445
     51 1446
     69 1447
     45 1448
     50 1449
     48 1450
     38 1451
     48 1452
     57 1453
     49 1454
     59 1455
     55 1456
     47 1457
     52 1458
     60 1459
     63 1460
     54 1461
     41 1462
     49 1463
     57 1464
     46 1465
     49 1466
     60 1467
     56 1468
     42 1469
     50 1470
     57 1471
     50 1472
     43 1473
     36 1474
     45 1475
     45 1476
     46 1477
     50 1478
     41 1479
     43 1480
     53 1481
     52 1482
     47 1483
     41 1484
     44 1485
     47 1486
     34 1487
     46 1488
     40 1489
     44 1490
     45 1491
     45 1492
     59 1493
     34 1494
     41 1495
     46 1496
     38 1497
     45 1498
     42 1499
     44 1500
     30 1501
     52 1502
     39 1503
     41 1504
     38 1505
     34 1506
     35 1507
     46 1508
     32 1509
     39 1510
     43 1511
     48 1512
     41 1513
     42 1514
     50 1515
     57 1516
     33 1517
     47 1518
     44 1519
     52 1520
     32 1521
     43 1522
     42 1523
     44 1524
     39 1525
     36 1526
     54 1527
     44 1528
     40 1529
     35 1530
     45 1531
     40 1532
     43 1533
     47 1534
     50 1535
     40 1536
     39 1537
     40 1538
     42 1539
     45 1540
     42 1541
     43 1542
     29 1543
     41 1544
     37 1545
     36 1546
     38 1547
     39 1548
     25 1549
     23 1550
     41 1551
     28 1552
     27 1553
     29 1554
     32 1555
     31 1556
     35 1557
     29 1558
     33 1559
     27 1560
     30 1561
     26 1562
     31 1563
     41 1564
     20 1565
     40 1566
     35 1567
     37 1568
     34 1569
     39 1570
     37 1571
     34 1572
     27 1573
     40 1574
     32 1575
     36 1576
     34 1577
     27 1578
     28 1579
     52 1580
     31 1581
     27 1582
     24 1583
     44 1584
     31 1585
     31 1586
     36 1587
     38 1588
     35 1589
     28 1590
     29 1591
     31 1592
     34 1593
     37 1594
     29 1595
     30 1596
     31 1597
     39 1598
     31 1599
     28 1600
     36 1601
     32 1602
     18 1603
     28 1604
     29 1605
     40 1606
     36 1607
     31 1608
     30 1609
     28 1610
     24 1611
     25 1612
     25 1613
     28 1614
     34 1615
     27 1616
     30 1617
     20 1618
     32 1619
     32 1620
     22 1621
     34 1622
     31 1623
     22 1624
     33 1625
     30 1626
     22 1627
     30 1628
     28 1629
     23 1630
     19 1631
     33 1632
     35 1633
     30 1634
     22 1635
     28 1636
     26 1637
     22 1638
     23 1639
     18 1640
     34 1641
     26 1642
     28 1643
     24 1644
     27 1645
     29 1646
     24 1647
     21 1648
     27 1649
     27 1650
     22 1651
     16 1652
     34 1653
     31 1654
     31 1655
     31 1656
     28 1657
     36 1658
     28 1659
     24 1660
     21 1661
     38 1662
     23 1663
     24 1664
     31 1665
     27 1666
     27 1667
     23 1668
     24 1669
     23 1670
     18 1671
     26 1672
     34 1673
     24 1674
     19 1675
     28 1676
     19 1677
     24 1678
     24 1679
     16 1680
     25 1681
     33 1682
     25 1683
     25 1684
     23 1685
     19 1686
     21 1687
     16 1688
     21 1689
     29 1690
     20 1691
     23 1692
     18 1693
     20 1694
     26 1695
     22 1696
     15 1697
     31 1698
     24 1699
     28 1700
     16 1701
     27 1702
     21 1703
     32 1704
     17 1705
     22 1706
     15 1707
     25 1708
     21 1709
     23 1710
     16 1711
     23 1712
     13 1713
     23 1714
     24 1715
     27 1716
     29 1717
     24 1718
     17 1719
     33 1720
     20 1721
     20 1722
     26 1723
     28 1724
     19 1725
     21 1726
     15 1727
     23 1728
     29 1729
     14 1730
     23 1731
     27 1732
     18 1733
     18 1734
     16 1735
     22 1736
     26 1737
     19 1738
     26 1739
     20 1740
     36 1741
     22 1742
     21 1743
     20 1744
     22 1745
     13 1746
     28 1747
     23 1748
     13 1749
     17 1750
     17 1751
     14 1752
     15 1753
     22 1754
     19 1755
     20 1756
     12 1757
     15 1758
     18 1759
     13 1760
     11 1761
     21 1762
      9 1763
     15 1764
     18 1765
     21 1766
     20 1767
     17 1768
     18 1769
     25 1770
     22 1771
     21 1772
     16 1773
     19 1774
     16 1775
     15 1776
     19 1777
     18 1778
     19 1779
     12 1780
     15 1781
     17 1782
     16 1783
     22 1784
     17 1785
     18 1786
     16 1787
     16 1788
     12 1789
     16 1790
     17 1791
     14 1792
     20 1793
     20 1794
     19 1795
     11 1796
     22 1797
     13 1798
     16 1799
     30 1800
     13 1801
     10 1802
     15 1803
     17 1804
     18 1805
     19 1806
     13 1807
     19 1808
     15 1809
     18 1810
     12 1811
     12 1812
     20 1813
     17 1814
     17 1815
     12 1816
     12 1817
     15 1818
     11 1819
     18 1820
     14 1821
     21 1822
     16 1823
     11 1824
     11 1825
     12 1826
     13 1827
     18 1828
     11 1829
     12 1830
     12 1831
     14 1832
     17 1833
     23 1834
     11 1835
     10 1836
     17 1837
     11 1838
     19 1839
     16 1840
     12 1841
     12 1842
      7 1843
     16 1844
     17 1845
      7 1846
     15 1847
     13 1848
     12 1849
     11 1850
     19 1851
     10 1852
      9 1853
     11 1854
      8 1855
      9 1856
     18 1857
     16 1858
      9 1859
      9 1860
      7 1861
      9 1862
     13 1863
      7 1864
     11 1865
     10 1866
      9 1867
     13 1868
     14 1869
     11 1870
     12 1871
     16 1872
      8 1873
     16 1874
     13 1875
      9 1876
     11 1877
     20 1878
     14 1879
     14 1880
     10 1881
     12 1882
      9 1883
      8 1884
     12 1885
     14 1886
     15 1887
     12 1888
     12 1889
     12 1890
     15 1891
     16 1892
      7 1893
     12 1894
     16 1895
     10 1896
     13 1897
     10 1898
     19 1899
      9 1900
     15 1901
     16 1902
     13 1903
     21 1904
     11 1905
      5 1906
     14 1907
     18 1908
     11 1909
     12 1910
      9 1911
     14 1912
     10 1913
     11 1914
     12 1915
     10 1916
     11 1917
     12 1918
     10 1919
     11 1920
      7 1921
     11 1922
      6 1923
     12 1924
     15 1925
     10 1926
     10 1927
      8 1928
      8 1929
     10 1930
      4 1931
     14 1932
     13 1933
     10 1934
      8 1935
     11 1936
     12 1937
      8 1938
     12 1939
      5 1940
     14 1941
     10 1942
      8 1943
     13 1944
     13 1945
     10 1946
      9 1947
      5 1948
      8 1949
     12 1950
      8 1951
     13 1952
     12 1953
      8 1954
      8 1955
      6 1956
     11 1957
      6 1958
     10 1959
     12 1960
      6 1961
     12 1962
      9 1963
      8 1964
     12 1965
     10 1966
      6 1967
     11 1968
     11 1969
      8 1970
      7 1971
      6 1972
      7 1973
      8 1974
     12 1975
      9 1976
      8 1977
      4 1978
      6 1979
      6 1980
      8 1981
      8 1982
     10 1983
     12 1984
      7 1985
      6 1986
     10 1987
      6 1988
     10 1989
      9 1990
     12 1991
      8 1992
      9 1993
      7 1994
     11 1995
      9 1996
      7 1997
      8 1998
      7 1999
      3 2000
      6 2001
      6 2002
      7 2003
      8 2004
      2 2005
      8 2006
     13 2007
      8 2008
      5 2009
      4 2010
      9 2011
     10 2012
      5 2013
      9 2014
      6 2015
      6 2016
     15 2017
      5 2018
      7 2019
      2 2020
      5 2021
      5 2022
      7 2023
      5 2024
      7 2025
     13 2026
      7 2027
      5 2028
     10 2029
      4 2030
      7 2031
      6 2032
      6 2033
      8 2034
     10 2035
      6 2036
      7 2037
      7 2038
      6 2039
     10 2040
      6 2041
      4 2042
      7 2043
      8 2044
      4 2045
      5 2046
      8 2047
     10 2048
      4 2049
      8 2050
     11 2051
      8 2052
      7 2053
      5 2054
      8 2055
     14 2056
      5 2057
      6 2058
      7 2059
      6 2060
      5 2061
      5 2062
      6 2063
      4 2064
      4 2065
      5 2066
      5 2067
      6 2068
      6 2069
      7 2070
      5 2071
      8 2072
      4 2073
      1 2074
      3 2075
     12 2076
      6 2077
      5 2078
      8 2079
      6 2080
      7 2081
     13 2082
      9 2083
      4 2084
      4 2085
      5 2086
     10 2087
      8 2089
      5 2090
      5 2091
      8 2092
      3 2093
      6 2094
      5 2095
      6 2096
      6 2097
      3 2098
      6 2099
      5 2100
      9 2101
      5 2102
      7 2103
      7 2104
      8 2105
      5 2106
     11 2107
      5 2108
      5 2109
     11 2110
      8 2111
      4 2112
     10 2113
      6 2114
      4 2115
      7 2116
      7 2117
      2 2118
      7 2119
      4 2120
      4 2121
      6 2122
      4 2123
      2 2124
      2 2125
      3 2126
      5 2127
      9 2128
      3 2129
      5 2130
      7 2131
      1 2132
      3 2133
      2 2134
      3 2135
      5 2136
      7 2137
      8 2138
      5 2139
      9 2140
      8 2141
      5 2142
      7 2143
      5 2144
      6 2145
      5 2146
      5 2147
      4 2148
      6 2149
      7 2150
      3 2151
      3 2152
      4 2153
      7 2154
      4 2155
      6 2156
      3 2157
      7 2158
      6 2159
      3 2160
      7 2161
      7 2162
      2 2163
      3 2164
      5 2165
      6 2166
      4 2167
      5 2168
      4 2169
      4 2170
      4 2171
      4 2172
      5 2173
      5 2174
      1 2175
      5 2176
      5 2177
      1 2178
      4 2179
      5 2180
      4 2181
      6 2182
      2 2183
      4 2184
      5 2185
      4 2186
      6 2187
      2 2188
      4 2189
      7 2190
      2 2191
      8 2192
      5 2193
      6 2194
      5 2195
      3 2196
      5 2197
      2 2198
      3 2199
      3 2200
      8 2201
      3 2202
      3 2203
      5 2204
      5 2205
      6 2206
      4 2207
      3 2208
      5 2209
      6 2210
      3 2211
      3 2212
      2 2213
      3 2214
      3 2215
      7 2216
      4 2217
      4 2218
      2 2219
      6 2220
      1 2221
      1 2222
      2 2223
      2 2224
      3 2225
      3 2226
      5 2227
      1 2228
      3 2229
      1 2230
      6 2231
      3 2232
      3 2233
      4 2234
      4 2235
      2 2236
      4 2237
      5 2238
      2 2239
      6 2240
      4 2241
      3 2242
      3 2243
      3 2244
      4 2245
      5 2246
      3 2247
      2 2248
      3 2249
      1 2250
      1 2251
      2 2252
      2 2253
      5 2254
      4 2255
      4 2256
      3 2257
      2 2258
      5 2259
      2 2260
      3 2261
      3 2262
      7 2263
      2 2264
      4 2265
      4 2266
      6 2267
      5 2268
      3 2269
      2 2270
      2 2271
      2 2272
      5 2274
      4 2275
      1 2276
      2 2277
      1 2278
      5 2279
      3 2280
      2 2281
      9 2282
      2 2283
      1 2284
      2 2285
      2 2286
      3 2287
      3 2289
      1 2290
      1 2291
      4 2292
      2 2293
      3 2294
      1 2295
      3 2296
      2 2297
      5 2298
      5 2299
      4 2300
      6 2301
      2 2302
      2 2303
      4 2304
      6 2306
      1 2307
      3 2308
      6 2309
      3 2310
      5 2311
      3 2312
      3 2313
      3 2315
      5 2316
      3 2317
      3 2318
      2 2319
      1 2320
      2 2321
      2 2322
      1 2323
      2 2324
      2 2325
      3 2326
      1 2327
      3 2328
      2 2329
      2 2330
      4 2331
      1 2332
      1 2333
      1 2334
      3 2335
      3 2336
      1 2337
      5 2338
      3 2339
      1 2341
      1 2342
      5 2343
      1 2344
      1 2346
      1 2347
      1 2348
      2 2349
      3 2350
      1 2351
      1 2352
      4 2353
      3 2354
      8 2355
      1 2357
      2 2358
      4 2359
      4 2360
      6 2361
      4 2362
      1 2363
      3 2364
      2 2365
      3 2366
      2 2367
      2 2368
      2 2369
      1 2370
      2 2371
      3 2372
      5 2373
      1 2374
      1 2375
      3 2376
      3 2377
      2 2378
      1 2379
      5 2380
      2 2381
      3 2382
      2 2383
      1 2384
      1 2385
      2 2386
      1 2387
      1 2388
      1 2389
      2 2390
      3 2391
      1 2393
      2 2394
      2 2395
      1 2396
      2 2397
      4 2400
      2 2401
      1 2402
      2 2403
      2 2405
      1 2406
      4 2408
      4 2411
      2 2412
      1 2414
      1 2416
      2 2417
      1 2420
      3 2421
      2 2422
      2 2423
      1 2424
      1 2426
      3 2429
      3 2430
      1 2431
      1 2432
      4 2434
      1 2435
      1 2436
      1 2438
      1 2439
      3 2440
      2 2442
      3 2443
      1 2444
      3 2445
      2 2447
      2 2448
      2 2449
      2 2450
      3 2451
      2 2452
      1 2454
      2 2455
      4 2456
      2 2457
      4 2458
      4 2459
      3 2460
      1 2461
      4 2463
      1 2464
      2 2465
      3 2466
      2 2467
      1 2468
      2 2469
      1 2471
      2 2472
      2 2473
      2 2475
      1 2476
      1 2477
      5 2478
      2 2480
      1 2481
      4 2482
      2 2483
      3 2484
      2 2485
      2 2486
      7 2487
      4 2488
      2 2491
      1 2492
      1 2493
      2 2494
      1 2495
      4 2496
      2 2497
      2 2498
      2 2499
      4 2501
      1 2502
      1 2504
      1 2505
      1 2506
      3 2507
      2 2509
      3 2510
      2 2511
      2 2512
      3 2513
      1 2514
      1 2515
      4 2516
      2 2518
      1 2519
      1 2520
      2 2521
      5 2522
      2 2523
      1 2524
      4 2525
      4 2526
      3 2527
      2 2529
      1 2531
      2 2532
      2 2533
      3 2534
      2 2535
      1 2536
      1 2540
      4 2541
      2 2543
      1 2545
      1 2546
      1 2547
      2 2549
      5 2550
      2 2551
      3 2553
      3 2556
      3 2557
      1 2558
      2 2559
      1 2560
      1 2561
      2 2562
      1 2564
      1 2565
      2 2567
      1 2570
      2 2571
      2 2573
      1 2574
      1 2575
      2 2576
      2 2577
      1 2578
      2 2579
      1 2580
      3 2581
      2 2582
      1 2583
      1 2584
      1 2585
      1 2586
      1 2587
      1 2588
      2 2589
      1 2590
      1 2592
      4 2594
      1 2595
      4 2596
      2 2597
      1 2598
      5 2599
      1 2601
      2 2602
      1 2603
      2 2604
      2 2605
      2 2606
      2 2609
      1 2611
      2 2612
      1 2613
      2 2614
      2 2616
      1 2617
      1 2618
      1 2619
      3 2620
      1 2621
      1 2623
      1 2624
      1 2625
      1 2626
      1 2627
      2 2629
      2 2632
      1 2633
      1 2635
      1 2636
      2 2637
      1 2638
      3 2640
      1 2641
      1 2642
      2 2643
      1 2645
      1 2646
      1 2647
      2 2648
      1 2649
      5 2650
      1 2652
      1 2653
      1 2654
      1 2655
      1 2657
      2 2658
      2 2662
      1 2663
      2 2665
      1 2669
      2 2671
      3 2675
      1 2677
      2 2678
      2 2679
      1 2682
      2 2683
      4 2685
      1 2686
      2 2689
      3 2691
      3 2692
      1 2693
      2 2695
      1 2696
      1 2697
      2 2699
      2 2701
      2 2702
      1 2703
      2 2704
      1 2705
      2 2706
      3 2707
      2 2708
      1 2709
      1 2710
      2 2711
      3 2712
      2 2716
      3 2719
      2 2721
      2 2722
      1 2723
      3 2726
      1 2727
      1 2728
      2 2732
      1 2733
      1 2734
      1 2736
      2 2737
      2 2738
      2 2739
      1 2740
      4 2741
      3 2742
      1 2743
      2 2744
      2 2745
      3 2746
      1 2747
      1 2750
      1 2751
      3 2752
      1 2753
      1 2754
      2 2755
      1 2759
      1 2762
      1 2763
      3 2767
      1 2768
      2 2770
      2 2771
      1 2772
      1 2773
      2 2774
      1 2775
      3 2776
      1 2777
      3 2778
      3 2779
      1 2780
      2 2781
      1 2782
      1 2783
      2 2785
      1 2786
      1 2787
      2 2791
      1 2792
      2 2794
      1 2796
      2 2797
      1 2798
      1 2799
      1 2801
      1 2802
      2 2803
      1 2806
      1 2807
      1 2810
      3 2811
      1 2817
      2 2818
      2 2819
      1 2820
      2 2823
      1 2824
      2 2826
      3 2827
      2 2828
      1 2829
      2 2830
      2 2831
      1 2833
      1 2835
      2 2836
      1 2837
      3 2838
      1 2840
      2 2843
      1 2845
      1 2846
      2 2847
      1 2851
      2 2852
      2 2853
      2 2854
      1 2855
      1 2856
      4 2857
      1 2858
      4 2861
      2 2862
      1 2863
      1 2866
      1 2871
      2 2872
      2 2873
      1 2874
      1 2876
      2 2877
      1 2879
      2 2880
      1 2881
      5 2882
      1 2884
      2 2888
      1 2889
      1 2891
      2 2895
      1 2896
      2 2897
      1 2898
      1 2899
      2 2902
      1 2903
      1 2905
      2 2906
      1 2908
      1 2909
      2 2911
      3 2919
      1 2921
      2 2923
      2 2925
      1 2926
      3 2928
      3 2929
      1 2930
      1 2931
      1 2937
      2 2938
      2 2939
      2 2940
      2 2941
      2 2943
      1 2944
      2 2945
      1 2946
      1 2947
      1 2948
      2 2949
      3 2950
      2 2953
      2 2955
      2 2956
      1 2959
      2 2961
      1 2962
      1 2963
      2 2964
      1 2965
      1 2966
      1 2968
      1 2974
      1 2977
      1 2978
      2 2980
      1 2981
      2 2982
      2 2984
      4 2986
      1 2987
      1 2988
      2 2989
      1 2991
      1 2993
      2 2994
      2 2996
      1 2997
      1 2998
      1 2999
      1 3000
      1 3003
      2 3006
      3 3007
      1 3009
      1 3010
      2 3011
      2 3014
      2 3016
      2 3017
      1 3019
      1 3020
      2 3021
      1 3025
      1 3028
      1 3029
      1 3031
      1 3032
      1 3033
      3 3034
      1 3037
      2 3038
      1 3040
      1 3041
      2 3045
      1 3048
      1 3049
      1 3051
      1 3053
      1 3055
      1 3058
      2 3059
      3 3060
      1 3061
      1 3062
      3 3063
      1 3065
      1 3067
      1 3070
      2 3072
      1 3073
      1 3076
      1 3077
      1 3079
      3 3081
      1 3082
      1 3085
      2 3087
      2 3089
      1 3090
      2 3092
      1 3094
      1 3096
      1 3098
      1 3099
      1 3101
      1 3104
      1 3109
      3 3110
      1 3111
      4 3113
      2 3114
      1 3115
      1 3118
      2 3119
      1 3121
      2 3122
      1 3123
      1 3124
      2 3125
      1 3126
      1 3127
      2 3128
      2 3133
      2 3136
      1 3138
      3 3143
      1 3144
      1 3145
      2 3147
      1 3151
      1 3153
      1 3156
      2 3158
      3 3159
      1 3160
      1 3162
      1 3163
      1 3165
      1 3167
      2 3168
      1 3169
      3 3171
      1 3172
      1 3174
      2 3177
      2 3178
      1 3180
      1 3186
      1 3190
      3 3192
      1 3199
      1 3200
      2 3202
      1 3203
      1 3205
      1 3207
      1 3209
      1 3216
      1 3217
      2 3218
      1 3219
      2 3220
      2 3221
      1 3224
      1 3225
      2 3227
      2 3230
      1 3231
      1 3232
      1 3233
      1 3234
      1 3238
      1 3239
      1 3240
      2 3242
      1 3244
      1 3245
      1 3246
      1 3247
      1 3250
      1 3254
      1 3256
      1 3257
      1 3258
      2 3261
      2 3263
      1 3266
      2 3268
      1 3269
      1 3272
      1 3273
      1 3274
      1 3275
      2 3276
      1 3277
      1 3279
      1 3281
      1 3282
      1 3283
      1 3284
      1 3285
      2 3288
      1 3290
      1 3291
      1 3293
      1 3295
      1 3297
      2 3298
      2 3300
      1 3302
      2 3305
      1 3308
      1 3309
      2 3310
      1 3312
      1 3313
      1 3315
      1 3316
      2 3318
      1 3319
      1 3320
      1 3321
      2 3323
      1 3324
      2 3325
      1 3326
      1 3328
      1 3330
      2 3331
      1 3332
      1 3333
      1 3335
      1 3336
      1 3337
      1 3338
      1 3339
      1 3340
      1 3345
      1 3348
      1 3351
      1 3352
      1 3354
      1 3356
      1 3357
      1 3358
      1 3359
      1 3362
      1 3363
      1 3366
      1 3370
      1 3373
      1 3374
      1 3375
      1 3377
      2 3378
      1 3379
      3 3381
      2 3389
      2 3390
      1 3392
      2 3394
      1 3395
      3 3398
      2 3400
      2 3401
      1 3403
      1 3406
      1 3407
      2 3411
      2 3413
      2 3417
      2 3423
      1 3428
      1 3432
      2 3434
      1 3435
      1 3437
      2 3438
      3 3440
      1 3443
      1 3444
      1 3445
      1 3451
      2 3452
      1 3454
      1 3456
      1 3457
      2 3458
      1 3460
      1 3462
      1 3463
      2 3464
      2 3465
      1 3466
      1 3470
      5 3476
      1 3482
      1 3483
      1 3485
      1 3486
      1 3487
      2 3490
      1 3492
      1 3494
      1 3498
      1 3501
      1 3503
      1 3504
      3 3505
      1 3506
      1 3507
      1 3508
      1 3509
      1 3510
      1 3513
      1 3514
      1 3520
      2 3529
      2 3531
      2 3532
      1 3533
      1 3540
      1 3541
      1 3542
      2 3546
      1 3548
      1 3549
      1 3552
      3 3553
      1 3555
      1 3557
      1 3559
      1 3560
      1 3562
      1 3567
      1 3570
      1 3572
      2 3579
      1 3585
      1 3589
      2 3590
      1 3591
      1 3592
      1 3593
      1 3597
      1 3600
      1 3604
      1 3605
      1 3609
      1 3611
      1 3613
      2 3614
      1 3618
      1 3619
      1 3620
      2 3623
      1 3624
      1 3627
      1 3628
      1 3631
      1 3635
      1 3639
      1 3640
      1 3641
      1 3643
      1 3646
      1 3649
      1 3650
      1 3651
      1 3654
      1 3655
      1 3659
      1 3664
      1 3665
      1 3674
      1 3677
      1 3679
      2 3682
      1 3692
      1 3693
      1 3697
      2 3699
      1 3704
      1 3706
      1 3707
      1 3710
      1 3711
      1 3715
      1 3718
      1 3720
      1 3722
      1 3728
      1 3729
      1 3733
      1 3738
      1 3741
      1 3743
      2 3745
      1 3747
      1 3748
      1 3753
      1 3755
      1 3757
      1 3759
      2 3764
      2 3766
      1 3769
      1 3770
      1 3771
      1 3772
      2 3778
      1 3781
      1 3790
      1 3796
      1 3797
      1 3798
      2 3799
      1 3803
      1 3805
      1 3807
      1 3808
      1 3810
      1 3811
      1 3814
      1 3816
      2 3826
      1 3831
      2 3835
      1 3843
      1 3845
      1 3860
      1 3861
      1 3863
      1 3864
      1 3866
      1 3867
      1 3868
      2 3883
      1 3892
      2 3894
      1 3903
      1 3905
      1 3909
      1 3910
      1 3914
      1 3915
      1 3917
      1 3918
      2 3922
      1 3925
      1 3931
      1 3932
      1 3941
      1 3953
      1 3954
      2 3957
      1 3964
      2 3965
      1 3967
      1 3970
      2 3971
      1 3982
      1 3984
      1 3998
      1 4007
      1 4008
      1 4010
      1 4022
      1 4023
      1 4027
      1 4034
      1 4046
      1 4047
      1 4053
      1 4054
      1 4065
      1 4068
      1 4071
      1 4076
      1 4078
      1 4082
      3 4083
      1 4091
      1 4095
      1 4096
      1 4102
      1 4110
      1 4113
      1 4114
      1 4116
      1 4119
      1 4123
      1 4126
      1 4147
      1 4149
      1 4160
      1 4165
      1 4166
      1 4180
      1 4181
      1 4185
      2 4189
      1 4197
      1 4203
      1 4221
      2 4229
      1 4232
      1 4237
      1 4241
      1 4247
      1 4255
      1 4257
      1 4263
      1 4273
      1 4283
      1 4292
      1 4293
      1 4295
      1 4303
      2 4305
      1 4308
      1 4309
      1 4318
      1 4320
      1 4327
      1 4329
      1 4346
      1 4357
      1 4359
      1 4376
      1 4385
      1 4387
      1 4388
      1 4409
      1 4422
      1 4426
      1 4437
      1 4455
      2 4456
      1 4476
      1 4481
      2 4483
      1 4502
      1 4504
      1 4526
      1 4550
      1 4565
      1 4576
      1 4588
      1 4613
      1 4633
      1 4646
      1 4648
      1 4649
      1 4651
      1 4665
      1 4669
      1 4673
      1 4674
      1 4695
      1 4712
      1 4713
      1 4722
      1 4724
      1 4730
      1 4736
      1 4751
      1 4778
      1 4781
      1 4785
      1 4790
      1 4800
      1 4817
      1 4822
      1 4836
      1 4849
      1 4853
      1 4866
      1 4875
      1 4885
      2 4892
      1 4896
      1 4906
      1 4911
      1 4925
      1 4952
      1 4960
      1 4986
      1 5001
      1 5015
      1 5020
      1 5021
      1 5028
      1 5046
      1 5072
      1 5085
      1 5090
      1 5098
      1 5117
      1 5123
      1 5136
      1 5141
      1 5148
      1 5165
      1 5182
      1 5200
      1 5211
      1 5213
      1 5215
      1 5218
      1 5258
      1 5259
      1 5287
      1 5326
      1 5336
      1 5396
      1 5416
      1 5468
      1 5487
      1 5492
      1 5499
      1 5517
      2 5522
      1 5556
      1 5558
      1 5574
      1 5578
      1 5622
      1 5674
      1 5699
      1 5777
      1 5782
      1 5829
      1 5833
      1 5838
      1 5843
      1 5871
      2 5937
      1 5938
      1 5939
      1 5941
      1 5960
      1 5967
      1 6120
      1 6160
      1 6184
      1 6204
      1 6316
      1 6348
      1 6372
      1 6380
      1 6424
      1 6437
      1 6484
      1 6486
      1 6560
      1 6567
      1 6581
      1 6599
      1 6626
      1 6656
      1 6699
      1 6712
      1 6770
      1 6842
      1 6886
      1 6906
      1 6936
      1 6958
      1 6992
      1 7049
      1 7071
      1 7085
      1 7096
      1 7117
      1 7124
      1 7168
      1 7242
      1 7255
      1 7317
      1 7340
      2 7341
      1 7435
      1 7486
      1 7488
      1 7551
      1 7593
      1 7635
      1 7660
      1 7663
      1 7733
      1 7883
      1 7899
      1 8178
      1 8180
      1 8378
      1 8462
      1 8567
      1 8615
      1 8941
      1 9005
      1 9109
      1 9143
      1 9188
      1 9439
      1 9483
      1 9782
      1 9828
      1 10327
      1 10782
      1 10961
      1 10971
      1 10998
      1 11033
      1 11035
      1 11061
      1 11148
      1 12373
      1 13109
      1 13330
      1 13562
      1 15469
      1 16212
      1 24483
---AAD-PGBENCH-LAG-US---
