pgbench (18.6 (Debian 18.6-1.pgdg13+2))
starting vacuum...end.
transaction type: <builtin: select only>
scaling factor: 1000
query mode: simple
number of clients: 64
number of threads: 16
maximum number of tries: 1
duration: 60 s
number of transactions actually processed: 8051672
number of failed transactions: 0 (0.000%)
latency average = 0.476 ms
initial connection time = 103.208 ms
tps = 134387.217726 (without initial connection time)
---AAD-PGBENCH-LATENCY-US---
rc=0
samples=160943
      1 232
      1 237
      1 238
      1 239
      1 241
      2 242
      2 243
      3 244
      4 245
      1 246
      5 247
      7 248
      5 249
      7 250
     12 251
     15 252
     15 253
     17 254
     13 255
     20 256
     27 257
     26 258
     22 259
     30 260
     24 261
     47 262
     41 263
     43 264
     62 265
     52 266
     58 267
     76 268
     82 269
     64 270
     87 271
    107 272
     97 273
    101 274
    110 275
    102 276
    109 277
    108 278
    122 279
    113 280
    120 281
    117 282
    106 283
    114 284
    131 285
    114 286
    138 287
    138 288
    139 289
    150 290
    147 291
    153 292
    131 293
    154 294
    165 295
    119 296
    160 297
    156 298
    164 299
    166 300
    172 301
    205 302
    205 303
    196 304
    190 305
    237 306
    226 307
    204 308
    269 309
    257 310
    290 311
    272 312
    289 313
    283 314
    319 315
    316 316
    342 317
    390 318
    347 319
    415 320
    448 321
    415 322
    404 323
    449 324
    490 325
    477 326
    523 327
    480 328
    560 329
    531 330
    557 331
    527 332
    558 333
    546 334
    611 335
    606 336
    565 337
    588 338
    587 339
    583 340
    603 341
    589 342
    626 343
    618 344
    659 345
    681 346
    588 347
    617 348
    620 349
    612 350
    606 351
    601 352
    584 353
    674 354
    574 355
    615 356
    665 357
    615 358
    664 359
    716 360
    687 361
    665 362
    717 363
    785 364
    777 365
    777 366
    812 367
    833 368
    850 369
    850 370
    838 371
    887 372
    906 373
    838 374
    883 375
    884 376
    851 377
    829 378
    829 379
    759 380
    782 381
    807 382
    797 383
    792 384
    755 385
    765 386
    747 387
    739 388
    709 389
    719 390
    697 391
    696 392
    661 393
    726 394
    698 395
    684 396
    715 397
    744 398
    706 399
    727 400
    727 401
    735 402
    738 403
    728 404
    774 405
    733 406
    734 407
    713 408
    744 409
    719 410
    709 411
    727 412
    812 413
    770 414
    779 415
    741 416
    733 417
    714 418
    710 419
    689 420
    694 421
    752 422
    712 423
    644 424
    707 425
    678 426
    649 427
    645 428
    588 429
    579 430
    573 431
    592 432
    560 433
    580 434
    546 435
    524 436
    530 437
    554 438
    482 439
    490 440
    445 441
    435 442
    426 443
    472 444
    392 445
    441 446
    478 447
    444 448
    460 449
    451 450
    452 451
    464 452
    438 453
    388 454
    433 455
    411 456
    402 457
    408 458
    417 459
    445 460
    409 461
    401 462
    396 463
    389 464
    376 465
    360 466
    439 467
    422 468
    466 469
    388 470
    372 471
    359 472
    391 473
    376 474
    357 475
    381 476
    362 477
    386 478
    362 479
    358 480
    364 481
    332 482
    357 483
    339 484
    358 485
    332 486
    308 487
    322 488
    327 489
    339 490
    335 491
    315 492
    274 493
    296 494
    304 495
    324 496
    269 497
    308 498
    308 499
    286 500
    289 501
    271 502
    292 503
    298 504
    261 505
    295 506
    288 507
    297 508
    270 509
    262 510
    252 511
    256 512
    285 513
    282 514
    262 515
    258 516
    253 517
    262 518
    246 519
    276 520
    251 521
    231 522
    237 523
    281 524
    228 525
    247 526
    263 527
    259 528
    247 529
    249 530
    209 531
    236 532
    227 533
    242 534
    246 535
    225 536
    227 537
    224 538
    240 539
    221 540
    244 541
    237 542
    230 543
    233 544
    234 545
    203 546
    243 547
    251 548
    206 549
    215 550
    224 551
    201 552
    220 553
    242 554
    223 555
    236 556
    204 557
    230 558
    233 559
    238 560
    200 561
    210 562
    189 563
    226 564
    184 565
    190 566
    185 567
    159 568
    181 569
    159 570
    215 571
    203 572
    180 573
    169 574
    186 575
    183 576
    195 577
    174 578
    168 579
    186 580
    160 581
    185 582
    185 583
    172 584
    155 585
    173 586
    165 587
    188 588
    198 589
    174 590
    169 591
    180 592
    162 593
    149 594
    180 595
    137 596
    139 597
    136 598
    142 599
    155 600
    171 601
    150 602
    137 603
    144 604
    152 605
    145 606
    166 607
    150 608
    121 609
    142 610
    138 611
    153 612
    154 613
    134 614
    133 615
    156 616
    136 617
    147 618
    148 619
    119 620
    124 621
    141 622
    126 623
    143 624
    140 625
    134 626
    125 627
    136 628
    139 629
    133 630
    134 631
    126 632
    140 633
    146 634
    130 635
    136 636
    135 637
    144 638
    101 639
    130 640
    119 641
    114 642
    120 643
    144 644
    138 645
    125 646
    121 647
    117 648
    119 649
    110 650
    128 651
    107 652
    118 653
    108 654
    106 655
    107 656
    107 657
    116 658
    119 659
     98 660
    117 661
    113 662
    109 663
    114 664
     91 665
     95 666
     99 667
     97 668
     99 669
    112 670
     97 671
     95 672
    106 673
    100 674
    100 675
     88 676
     91 677
     89 678
     94 679
     99 680
     97 681
     97 682
     83 683
     91 684
     79 685
     97 686
     88 687
     76 688
     85 689
     96 690
     82 691
     80 692
     91 693
     80 694
    107 695
     96 696
     75 697
     90 698
     79 699
     79 700
     74 701
    107 702
     80 703
     87 704
     68 705
     68 706
     79 707
     92 708
     69 709
     83 710
     84 711
     73 712
     64 713
     71 714
     65 715
     77 716
     69 717
     59 718
     74 719
     94 720
     71 721
     80 722
     78 723
     62 724
     59 725
     73 726
     74 727
     72 728
     64 729
     54 730
     71 731
     91 732
     59 733
     59 734
     50 735
     59 736
     64 737
     58 738
     70 739
     67 740
     75 741
     67 742
     57 743
     61 744
     52 745
     58 746
     57 747
     71 748
     43 749
     60 750
     60 751
     65 752
     50 753
     51 754
     67 755
     49 756
     47 757
     65 758
     48 759
     67 760
     55 761
     50 762
     58 763
     58 764
     55 765
     51 766
     48 767
     58 768
     57 769
     59 770
     50 771
     48 772
     59 773
     53 774
     39 775
     40 776
     48 777
     43 778
     42 779
     33 780
     50 781
     57 782
     44 783
     60 784
     43 785
     45 786
     36 787
     49 788
     45 789
     47 790
     46 791
     47 792
     47 793
     36 794
     49 795
     41 796
     40 797
     51 798
     44 799
     52 800
     40 801
     50 802
     41 803
     46 804
     39 805
     43 806
     36 807
     44 808
     45 809
     35 810
     45 811
     39 812
     24 813
     58 814
     40 815
     33 816
     43 817
     46 818
     35 819
     27 820
     43 821
     43 822
     37 823
     30 824
     37 825
     35 826
     29 827
     41 828
     49 829
     34 830
     36 831
     25 832
     45 833
     38 834
     47 835
     33 836
     32 837
     23 838
     37 839
     29 840
     27 841
     31 842
     32 843
     32 844
     31 845
     33 846
     27 847
     37 848
     34 849
     34 850
     37 851
     31 852
     29 853
     38 854
     30 855
     25 856
     33 857
     32 858
     22 859
     35 860
     31 861
     24 862
     31 863
     24 864
     24 865
     34 866
     21 867
     21 868
     38 869
     26 870
     39 871
     20 872
     33 873
     23 874
     23 875
     35 876
     23 877
     25 878
     23 879
     22 880
     22 881
     22 882
     26 883
     24 884
     23 885
     18 886
     25 887
     20 888
     22 889
     31 890
     16 891
     16 892
     31 893
     25 894
     18 895
     16 896
     31 897
     18 898
     17 899
     30 900
     28 901
     19 902
     23 903
     17 904
     18 905
     18 906
     14 907
     22 908
     27 909
     27 910
     20 911
     25 912
     14 913
     22 914
     32 915
     12 916
     21 917
     15 918
     20 919
     11 920
     18 921
     26 922
     17 923
     16 924
     18 925
     20 926
     21 927
     24 928
     23 929
     26 930
     15 931
     19 932
     17 933
     12 934
     25 935
     23 936
     18 937
     21 938
     11 939
     10 940
     21 941
     28 942
     21 943
     17 944
     10 945
     20 946
     16 947
     16 948
     19 949
     14 950
     10 951
     13 952
     20 953
     21 954
     13 955
     20 956
     23 957
     19 958
      8 959
     14 960
     13 961
     17 962
     16 963
     17 964
     15 965
      8 966
     19 967
     16 968
     18 969
     18 970
     12 971
     15 972
     11 973
      5 974
      9 975
     24 976
     15 977
     13 978
     14 979
     17 980
     14 981
     19 982
     16 983
     18 984
     10 985
      9 986
     20 987
     11 988
     12 989
      8 990
     15 991
      6 992
     12 993
     15 994
     15 995
     13 996
     14 997
     22 998
     12 999
     24 1000
     12 1001
     13 1002
     21 1003
     12 1004
     11 1005
     13 1006
     11 1007
     18 1008
      9 1009
     12 1010
     12 1011
     21 1012
     13 1013
     10 1014
     20 1015
     10 1016
      9 1017
     12 1018
      9 1019
     11 1020
     14 1021
      7 1022
     17 1023
     15 1024
      7 1025
     12 1026
     12 1027
      5 1028
     10 1029
     14 1030
     11 1031
      7 1032
     12 1033
      9 1034
      9 1035
      8 1036
     13 1037
     10 1038
     19 1039
      5 1040
      8 1041
      9 1042
      9 1043
     12 1044
     13 1045
      9 1046
      9 1047
      9 1048
     11 1049
      9 1050
     12 1051
      5 1052
      6 1053
      7 1054
     12 1055
     13 1056
     15 1057
     10 1058
     11 1059
     10 1060
     15 1061
      5 1062
     10 1063
     10 1064
     12 1065
     12 1066
      9 1067
     15 1068
     11 1069
      7 1070
     10 1071
      7 1072
      9 1073
      9 1074
      7 1075
      9 1076
     13 1077
     10 1078
      4 1079
      5 1080
      9 1081
      7 1082
      4 1083
     12 1084
      6 1085
     10 1086
      6 1087
      9 1088
      6 1089
      6 1090
     10 1091
     11 1092
     10 1093
      7 1094
      7 1095
      9 1096
      7 1097
     11 1098
      5 1099
      6 1100
      7 1101
      9 1102
      9 1103
      8 1104
      4 1105
      7 1106
      6 1107
      5 1108
      9 1109
      9 1110
     11 1111
      6 1112
      9 1113
      7 1114
      6 1115
      8 1116
      8 1117
     12 1118
      5 1119
      7 1120
      9 1121
      7 1122
      4 1123
      8 1124
      8 1125
      9 1126
      9 1127
     12 1128
      8 1129
     11 1130
      8 1131
      6 1132
      5 1133
      9 1134
      7 1135
      9 1136
      9 1137
      8 1138
      5 1139
      8 1140
      5 1141
      6 1142
      9 1143
      8 1144
     10 1145
      1 1147
      4 1148
      9 1149
      7 1150
      5 1151
      3 1152
      4 1153
     11 1154
      1 1155
      4 1156
      5 1157
      7 1158
      7 1159
      4 1160
      3 1161
      7 1162
      8 1163
      5 1164
      3 1165
      7 1166
      8 1167
      3 1168
      3 1169
      4 1170
      2 1171
      2 1172
      3 1173
      2 1174
      3 1175
      3 1176
      6 1177
      4 1178
      6 1179
      7 1180
      2 1181
      3 1182
      5 1183
      5 1184
      2 1185
      2 1186
      3 1187
      6 1188
      4 1190
      6 1191
      3 1192
      2 1193
      4 1194
      3 1195
      7 1196
      4 1197
      1 1198
      2 1199
      9 1200
      5 1201
      7 1202
      8 1203
      2 1204
      5 1205
      3 1206
      3 1207
      5 1208
      4 1209
      1 1210
      6 1211
      3 1212
      6 1213
      7 1214
      3 1215
      5 1216
      1 1217
      2 1218
      7 1219
      5 1220
      5 1221
      4 1222
      1 1223
      3 1224
      8 1225
      6 1226
      1 1227
      5 1228
      2 1229
      4 1230
      7 1231
      3 1232
      2 1233
      4 1234
      1 1235
      7 1236
      3 1237
      2 1238
      4 1239
      3 1240
      4 1241
      5 1242
      3 1243
      2 1244
      4 1245
      4 1246
      1 1247
      2 1249
      7 1250
      5 1251
      4 1252
      2 1253
      2 1254
      4 1255
      3 1256
      5 1257
      3 1258
      1 1259
      6 1260
      2 1261
      1 1262
      3 1263
      5 1264
      3 1266
      3 1267
      5 1268
      2 1269
      4 1270
      2 1271
      4 1272
      1 1273
      2 1274
      2 1275
      3 1276
      1 1277
      3 1278
      2 1280
      6 1282
      4 1283
      5 1284
      3 1286
      5 1287
      5 1288
      3 1289
      4 1290
      3 1291
      3 1292
      3 1293
      1 1294
      1 1295
      2 1296
      5 1297
      7 1298
      3 1299
      2 1300
      3 1301
      1 1302
      2 1303
      4 1304
      4 1305
      1 1306
      2 1307
      2 1308
      3 1309
      4 1310
      3 1311
      5 1312
      2 1313
      1 1314
      3 1315
      2 1316
      4 1317
      1 1318
      4 1319
      3 1320
      2 1321
      2 1322
      2 1323
      2 1324
      3 1325
      3 1326
      5 1327
      5 1328
      5 1329
      4 1330
      4 1331
      2 1332
      5 1333
      3 1334
      1 1335
      7 1336
      2 1337
      3 1338
      2 1339
      3 1340
      2 1341
      4 1342
      2 1343
      1 1344
      2 1345
      5 1346
      7 1348
      2 1349
      2 1351
      1 1352
      4 1353
      3 1355
      4 1356
      1 1357
      4 1359
      2 1360
      3 1361
      2 1362
      3 1363
      1 1364
      3 1365
      2 1366
      4 1367
      3 1369
      6 1370
      1 1371
      2 1372
      7 1373
      5 1374
      2 1375
      2 1376
      3 1377
      2 1379
      4 1380
      3 1381
      3 1382
      4 1383
      4 1384
      1 1385
      3 1386
      1 1387
      1 1388
      2 1389
      3 1390
      2 1391
      3 1392
      3 1393
      1 1394
      5 1395
      1 1396
      2 1397
      4 1398
      5 1399
      3 1400
      5 1401
      1 1402
      3 1403
      7 1404
      2 1405
      2 1406
      1 1407
      4 1408
      4 1409
      4 1410
      1 1411
      2 1412
      4 1413
      2 1414
      1 1415
      1 1416
      6 1417
      1 1418
      2 1419
      2 1420
      4 1421
      3 1422
      4 1423
      1 1424
      2 1425
      2 1426
      3 1427
      4 1428
      3 1429
      1 1430
      3 1431
      4 1432
      3 1433
      3 1434
      1 1436
      1 1437
      2 1438
      2 1439
      3 1440
      1 1441
      2 1442
      1 1443
      2 1444
      7 1445
      2 1446
      4 1447
      1 1448
      1 1449
      2 1450
      1 1451
      4 1452
      2 1453
      4 1454
      1 1455
      5 1457
      1 1458
      4 1459
      1 1460
      2 1461
      1 1463
      5 1465
      1 1467
      4 1468
      1 1469
      1 1470
      1 1471
      2 1472
      3 1473
      1 1475
      1 1476
      1 1477
      3 1478
      3 1479
      2 1480
      4 1481
      4 1482
      3 1483
      2 1484
      2 1485
      1 1486
      3 1488
      3 1489
      1 1490
      3 1491
      2 1492
      8 1493
      3 1494
      2 1497
      1 1498
      1 1499
      3 1500
      2 1501
      2 1502
      2 1505
      2 1506
      3 1507
      3 1508
      1 1509
      6 1510
      2 1511
      1 1512
      8 1513
      1 1514
      5 1515
      1 1516
      4 1517
      1 1518
      2 1519
      2 1520
      4 1521
      1 1522
      7 1523
      1 1524
      4 1525
      4 1526
      2 1527
      7 1528
      3 1529
      1 1530
      2 1531
      4 1533
      4 1534
      1 1535
      1 1536
      1 1537
      1 1538
      5 1539
      1 1540
      1 1542
      3 1543
      1 1544
      2 1545
      2 1546
      1 1547
      1 1549
      1 1550
      3 1551
      2 1552
      3 1553
      3 1554
      1 1555
      5 1556
      1 1557
      4 1559
      2 1560
      2 1561
      4 1562
      1 1563
      1 1564
      3 1565
      1 1566
      4 1567
      2 1568
      2 1570
      1 1571
      3 1572
      2 1573
      2 1574
      1 1576
      1 1577
      1 1578
      3 1579
      4 1580
      2 1581
      1 1582
      1 1583
      2 1584
      1 1585
      2 1586
      2 1588
      2 1590
      1 1591
      2 1592
      1 1594
      2 1595
      1 1596
      1 1597
      3 1599
      5 1600
      3 1601
      1 1603
      2 1604
      1 1605
      2 1607
      1 1608
      1 1610
      1 1612
      1 1613
      1 1615
      2 1616
      1 1618
      1 1621
      1 1626
      1 1627
      1 1628
      1 1629
      2 1630
      3 1631
      1 1632
      3 1633
      1 1634
      1 1637
      1 1638
      1 1639
      3 1641
      2 1643
      1 1644
      1 1645
      2 1646
      1 1648
      1 1649
      1 1650
      2 1651
      1 1652
      2 1653
      1 1654
      2 1655
      2 1657
      1 1658
      1 1659
      1 1660
      3 1661
      1 1662
      1 1664
      1 1665
      2 1667
      3 1668
      2 1669
      2 1673
      2 1674
      2 1675
      1 1679
      1 1680
      2 1681
      1 1683
      1 1685
      4 1686
      1 1688
      1 1689
      1 1690
      1 1691
      2 1692
      2 1695
      2 1696
      1 1698
      1 1699
      1 1700
      1 1701
      2 1702
      2 1703
      1 1704
      1 1705
      2 1706
      1 1707
      3 1711
      1 1712
      1 1715
      1 1717
      1 1718
      1 1723
      2 1724
      1 1726
      1 1728
      3 1733
      1 1734
      1 1736
      1 1737
      1 1740
      1 1742
      1 1743
      1 1745
      2 1746
      2 1747
      1 1751
      2 1752
      2 1753
      2 1756
      1 1757
      2 1758
      1 1760
      4 1761
      2 1762
      1 1763
      1 1766
      1 1768
      2 1770
      1 1771
      1 1772
      1 1777
      1 1780
      1 1782
      1 1784
      2 1785
      1 1787
      1 1789
      1 1790
      1 1792
      1 1794
      1 1797
      2 1801
      2 1802
      1 1803
      1 1807
      1 1810
      2 1812
      1 1817
      1 1820
      1 1821
      1 1822
      1 1823
      1 1825
      1 1826
      1 1830
      1 1832
      1 1833
      1 1835
      1 1838
      1 1841
      2 1843
      1 1845
      1 1847
      1 1848
      1 1857
      1 1858
      1 1861
      1 1862
      1 1863
      1 1864
      1 1865
      1 1868
      1 1869
      1 1875
      2 1876
      1 1886
      1 1888
      1 1899
      1 1904
      1 1905
      1 1918
      2 1919
      2 1923
      1 1924
      1 1927
      1 1932
      2 1935
      1 1938
      1 1939
      1 1943
      1 1948
      1 1958
      1 1960
      1 1961
      1 1976
      1 1979
      1 1981
      1 1983
      1 1989
      1 1990
      1 1996
      1 2000
      1 2001
      1 2003
      2 2007
      1 2017
      1 2026
      1 2035
      1 2057
      1 2063
      1 2064
      1 2071
      1 2077
      1 2078
      1 2081
      1 2110
      1 2123
      1 2125
      1 2127
      2 2149
      2 2162
      1 2170
      1 2176
      1 2185
      1 2194
      1 2199
      1 2201
      1 2209
      1 2239
      1 2247
      1 2261
      1 2268
      1 2302
      2 2305
      1 2308
      1 2319
      1 2330
      1 2331
      1 2357
      1 2373
      1 2389
      1 2405
      1 2417
      1 2473
      1 2579
      1 2591
      1 2604
      1 2635
      1 2767
      1 2980
      1 2993
      1 3174
      1 3260
      1 3330
      1 4135
      1 4169
      1 4378
      1 8050
      1 13356
---AAD-PGBENCH-LAG-US---
