pgbench (18.6 (Debian 18.6-1.pgdg13+2))
starting vacuum...end.
transaction type: <builtin: select only>
scaling factor: 1000
query mode: simple
number of clients: 256
number of threads: 16
maximum number of tries: 1
duration: 60 s
number of transactions actually processed: 7671749
number of failed transactions: 0 (0.000%)
latency average = 1.991 ms
initial connection time = 401.692 ms
tps = 128553.869612 (without initial connection time)
---AAD-PGBENCH-LATENCY-US---
rc=0
samples=153498
      1 247
      1 257
      1 263
      1 264
      3 266
      1 267
      1 269
      2 271
      1 273
      1 274
      2 276
      1 277
      2 278
      2 279
      3 280
      4 281
      2 284
      2 286
      4 287
      4 289
      2 290
      1 291
      5 292
      2 294
      3 295
      4 296
      4 297
      1 299
      3 300
      3 301
      5 302
      5 303
      2 304
      7 305
      2 306
      2 307
      1 308
      2 309
      1 310
      2 311
      6 312
      3 313
      5 314
      8 316
      3 317
      5 318
      3 319
      2 320
      6 321
      8 322
      6 323
      8 324
      4 325
      7 326
      5 327
      3 328
      5 329
      5 330
      5 331
      5 332
      6 333
      6 334
      9 335
      6 336
      4 337
      9 338
     10 339
      9 340
      9 341
      8 342
      6 343
      8 344
     11 345
      9 346
      5 347
      9 348
      5 349
      9 350
      6 351
      7 352
      7 353
      4 354
      2 355
      8 356
      9 357
      9 358
      9 359
      5 360
      9 361
      7 362
      6 363
     11 364
      4 365
      6 366
      8 367
      7 368
      3 369
      2 370
      8 371
      6 372
      9 373
      4 374
      7 375
      6 376
      4 377
      3 378
      6 379
      7 380
      5 381
      6 382
      3 383
      3 384
      6 385
      6 386
      5 387
      8 388
      3 389
     13 390
      8 391
      5 392
      6 393
      8 394
      9 395
     11 396
     14 397
     15 398
      8 399
      9 400
     12 401
      6 402
      8 403
      8 404
      2 405
      9 406
      9 407
      8 408
      7 409
     12 410
      6 411
     11 412
     16 413
      9 414
      8 415
     11 416
      4 417
      8 418
     12 419
      2 420
      8 421
      7 422
      6 423
      7 424
     15 425
     10 426
      9 427
      5 428
     13 429
      6 430
      6 431
      7 432
      9 433
      5 434
      8 435
      5 436
      9 437
      6 438
      4 439
      9 440
     10 441
      8 442
      7 443
      9 444
      8 445
      7 446
     17 447
      7 448
      3 449
      8 450
     10 451
     10 452
      5 453
     11 454
      9 455
      5 456
      5 457
      5 458
     12 459
      6 460
      9 461
     12 462
      8 463
      6 464
      8 465
      4 466
     12 467
      2 468
     12 469
     15 470
     11 471
     11 472
     10 473
      9 474
     10 475
      6 476
      6 477
     12 478
      7 479
      9 480
      7 481
      3 482
      9 483
      9 484
      7 485
      9 486
     13 487
     13 488
     13 489
     12 490
     12 491
      7 492
      6 493
     14 494
      8 495
     16 496
      6 497
      7 498
     12 499
     13 500
      9 501
     12 502
     12 503
      8 504
      8 505
     13 506
      8 507
     14 508
      8 509
     10 510
      7 511
      6 512
      5 513
     10 514
     10 515
      9 516
      8 517
     10 518
     13 519
      8 520
      9 521
      8 522
     14 523
     10 524
     11 525
      9 526
     13 527
      8 528
      9 529
      8 530
      5 531
     10 532
     12 533
     13 534
     14 535
     10 536
     15 537
      8 538
      6 539
     14 540
     12 541
      8 542
     14 543
     12 544
     13 545
      8 546
     12 547
     12 548
     21 549
     13 550
     15 551
     16 552
     12 553
     14 554
     11 555
     13 556
      5 557
      8 558
     14 559
      9 560
     10 561
     10 562
     11 563
     11 564
     13 565
     19 566
      8 567
      7 568
     14 569
     11 570
     10 571
     18 572
      9 573
      9 574
     15 575
      8 576
     16 577
      7 578
     12 579
     10 580
     10 581
     17 582
      9 583
     16 584
     13 585
     14 586
     13 587
      7 588
     11 589
     12 590
     17 591
     11 592
      6 593
     12 594
     12 595
     14 596
     13 597
     10 598
     17 599
     17 600
     11 601
     10 602
     13 603
     19 604
     20 605
     18 606
     15 607
     15 608
     11 609
     12 610
     17 611
     14 612
     14 613
     19 614
     19 615
     25 616
     16 617
     12 618
     18 619
     15 620
     18 621
     22 622
     24 623
     20 624
     21 625
     19 626
     21 627
     14 628
     15 629
     16 630
     16 631
      9 632
      9 633
     19 634
      6 635
     13 636
     23 637
     14 638
     15 639
     19 640
     17 641
     19 642
     15 643
     16 644
     18 645
     15 646
     13 647
     26 648
     17 649
     22 650
     11 651
      5 652
     22 653
     23 654
     20 655
     23 656
     17 657
     19 658
     17 659
     24 660
     17 661
     19 662
     17 663
     13 664
     19 665
     19 666
     19 667
     16 668
     31 669
     20 670
     12 671
     15 672
     19 673
     22 674
     21 675
     14 676
     19 677
     17 678
     18 679
     18 680
     20 681
     10 682
     26 683
     20 684
     19 685
     19 686
     22 687
     21 688
     18 689
     26 690
     24 691
     24 692
     27 693
     20 694
     21 695
     23 696
     19 697
     20 698
     24 699
     21 700
     14 701
     21 702
     19 703
     12 704
     14 705
     13 706
     22 707
     18 708
     15 709
     23 710
     16 711
     19 712
      9 713
     22 714
     19 715
     21 716
     14 717
     29 718
     27 719
     23 720
     17 721
     14 722
     16 723
     19 724
     26 725
     27 726
     31 727
     23 728
     20 729
     20 730
     20 731
     24 732
     33 733
     28 734
     17 735
     18 736
     12 737
     17 738
     22 739
     17 740
     25 741
     22 742
     28 743
     18 744
     21 745
     16 746
     18 747
     21 748
     26 749
     18 750
     21 751
     22 752
     21 753
     15 754
     29 755
     20 756
     23 757
     18 758
     10 759
     25 760
     16 761
     22 762
     30 763
     23 764
     16 765
     13 766
     19 767
     16 768
     26 769
     17 770
     15 771
     12 772
     21 773
     19 774
     16 775
     18 776
     17 777
     17 778
     19 779
     17 780
     21 781
     23 782
     17 783
     20 784
     18 785
     11 786
     25 787
     22 788
     10 789
     16 790
     15 791
     26 792
     23 793
     16 794
     16 795
     16 796
     21 797
      7 798
     35 799
     20 800
     21 801
     20 802
     14 803
     14 804
     19 805
     21 806
     17 807
     13 808
     19 809
     18 810
     19 811
     23 812
     20 813
     23 814
     13 815
     11 816
     24 817
     22 818
     30 819
     14 820
     29 821
     22 822
     13 823
     20 824
     18 825
     34 826
     24 827
     14 828
     19 829
     17 830
     19 831
     16 832
     11 833
     20 834
     17 835
     20 836
     20 837
     21 838
     20 839
     16 840
     20 841
     24 842
     19 843
     14 844
     12 845
     14 846
     25 847
     21 848
     26 849
     15 850
     16 851
     22 852
     22 853
     10 854
     19 855
     17 856
     25 857
     28 858
     20 859
     26 860
     17 861
     22 862
     17 863
     13 864
     15 865
     15 866
     14 867
     14 868
     23 869
     21 870
     19 871
     17 872
     24 873
     17 874
     23 875
     17 876
     19 877
     16 878
     34 879
     13 880
     17 881
     15 882
     18 883
     12 884
     13 885
     26 886
     25 887
     19 888
     19 889
     19 890
     13 891
     25 892
     14 893
     17 894
     25 895
     17 896
     28 897
     16 898
     19 899
     20 900
     19 901
     18 902
     31 903
     18 904
     15 905
     16 906
     13 907
     17 908
     22 909
     18 910
     18 911
     23 912
     12 913
     20 914
     20 915
     17 916
     21 917
     13 918
     13 919
     18 920
     22 921
     15 922
     18 923
     14 924
     12 925
     17 926
     19 927
     15 928
     19 929
     23 930
     21 931
     25 932
     21 933
     17 934
     21 935
     26 936
     17 937
     19 938
     23 939
     23 940
     23 941
     12 942
     20 943
     26 944
     28 945
     27 946
     15 947
     26 948
     29 949
     23 950
     13 951
     17 952
     18 953
     28 954
     17 955
     16 956
     23 957
     21 958
     23 959
     23 960
     31 961
     13 962
     23 963
     16 964
     16 965
     17 966
     21 967
     27 968
     20 969
     20 970
     30 971
     20 972
     24 973
     17 974
     21 975
     25 976
     32 977
     24 978
     17 979
     22 980
     20 981
     18 982
     23 983
     19 984
     20 985
     23 986
     17 987
     19 988
     14 989
     25 990
     24 991
     18 992
     27 993
     16 994
     25 995
     34 996
     28 997
     28 998
     24 999
     17 1000
     22 1001
     14 1002
     21 1003
     17 1004
     21 1005
     18 1006
     26 1007
     30 1008
     19 1009
     25 1010
     23 1011
     17 1012
     18 1013
     20 1014
     23 1015
     26 1016
     26 1017
     25 1018
     23 1019
     20 1020
     16 1021
     28 1022
     32 1023
     21 1024
     25 1025
     39 1026
     31 1027
     21 1028
     31 1029
     32 1030
     24 1031
     16 1032
     31 1033
     30 1034
     20 1035
     30 1036
     22 1037
     25 1038
     27 1039
     26 1040
     24 1041
     36 1042
     31 1043
     27 1044
     23 1045
     29 1046
     39 1047
     31 1048
     25 1049
     31 1050
     33 1051
     32 1052
     48 1053
     28 1054
     48 1055
     30 1056
     30 1057
     26 1058
     24 1059
     28 1060
     30 1061
     27 1062
     39 1063
     26 1064
     31 1065
     30 1066
     23 1067
     31 1068
     31 1069
     30 1070
     33 1071
     38 1072
     42 1073
     27 1074
     32 1075
     23 1076
     38 1077
     29 1078
     32 1079
     39 1080
     26 1081
     29 1082
     40 1083
     33 1084
     35 1085
     43 1086
     20 1087
     23 1088
     23 1089
     30 1090
     31 1091
     27 1092
     31 1093
     49 1094
     32 1095
     38 1096
     39 1097
     29 1098
     35 1099
     31 1100
     41 1101
     34 1102
     31 1103
     40 1104
     34 1105
     38 1106
     42 1107
     47 1108
     47 1109
     32 1110
     30 1111
     42 1112
     31 1113
     38 1114
     51 1115
     45 1116
     32 1117
     45 1118
     42 1119
     41 1120
     33 1121
     42 1122
     31 1123
     40 1124
     32 1125
     37 1126
     45 1127
     39 1128
     53 1129
     35 1130
     34 1131
     38 1132
     45 1133
     47 1134
     39 1135
     41 1136
     40 1137
     47 1138
     39 1139
     43 1140
     42 1141
     32 1142
     35 1143
     39 1144
     45 1145
     47 1146
     56 1147
     47 1148
     40 1149
     40 1150
     43 1151
     47 1152
     42 1153
     47 1154
     39 1155
     45 1156
     56 1157
     53 1158
     43 1159
     45 1160
     39 1161
     44 1162
     48 1163
     38 1164
     44 1165
     51 1166
     37 1167
     40 1168
     51 1169
     45 1170
     54 1171
     57 1172
     49 1173
     39 1174
     44 1175
     52 1176
     46 1177
     55 1178
     45 1179
     53 1180
     50 1181
     50 1182
     61 1183
     42 1184
     40 1185
     49 1186
     50 1187
     44 1188
     46 1189
     55 1190
     47 1191
     56 1192
     59 1193
     62 1194
     54 1195
     47 1196
     66 1197
     56 1198
     60 1199
     67 1200
     61 1201
     75 1202
     49 1203
     61 1204
     61 1205
     58 1206
     52 1207
     60 1208
     66 1209
     71 1210
     60 1211
     65 1212
     70 1213
     48 1214
     64 1215
     61 1216
     64 1217
     45 1218
     77 1219
     63 1220
     64 1221
     61 1222
     68 1223
     53 1224
     53 1225
     69 1226
     76 1227
     62 1228
     71 1229
     60 1230
     73 1231
     64 1232
     67 1233
     64 1234
     62 1235
     77 1236
     61 1237
     70 1238
     78 1239
     66 1240
     63 1241
     72 1242
     48 1243
     62 1244
     63 1245
     86 1246
     73 1247
     75 1248
     87 1249
     70 1250
     81 1251
     74 1252
     79 1253
     78 1254
     73 1255
     74 1256
     72 1257
     67 1258
     73 1259
     93 1260
     78 1261
     79 1262
     70 1263
     79 1264
     77 1265
     73 1266
     97 1267
     65 1268
     74 1269
     62 1270
     83 1271
     94 1272
     82 1273
     91 1274
     60 1275
     98 1276
     80 1277
     85 1278
     79 1279
     67 1280
     72 1281
     85 1282
     80 1283
     72 1284
     84 1285
     81 1286
     71 1287
     96 1288
     72 1289
    109 1290
     86 1291
     98 1292
     81 1293
     94 1294
     94 1295
     86 1296
     82 1297
     70 1298
     79 1299
     92 1300
     87 1301
     81 1302
     96 1303
     95 1304
    101 1305
    100 1306
     98 1307
     69 1308
     94 1309
    103 1310
     95 1311
    107 1312
    100 1313
     98 1314
    101 1315
     93 1316
     94 1317
     96 1318
     89 1319
     97 1320
     94 1321
     87 1322
    110 1323
     92 1324
     90 1325
    111 1326
    112 1327
    110 1328
    101 1329
    126 1330
    106 1331
    107 1332
    105 1333
    105 1334
    111 1335
    127 1336
     99 1337
     80 1338
    121 1339
    132 1340
    110 1341
    117 1342
    127 1343
    117 1344
    116 1345
     99 1346
    128 1347
    125 1348
    116 1349
    109 1350
    123 1351
    131 1352
    123 1353
    101 1354
    141 1355
    134 1356
    105 1357
    143 1358
    122 1359
    109 1360
    112 1361
    128 1362
    116 1363
    127 1364
    124 1365
    145 1366
    145 1367
    129 1368
    122 1369
    137 1370
    126 1371
    107 1372
    120 1373
    137 1374
    109 1375
    133 1376
    142 1377
    116 1378
    122 1379
    125 1380
    133 1381
    114 1382
    121 1383
    134 1384
    146 1385
    123 1386
    128 1387
    132 1388
    145 1389
    132 1390
    119 1391
    136 1392
    120 1393
    131 1394
    142 1395
    149 1396
    134 1397
    136 1398
    149 1399
    131 1400
    129 1401
    146 1402
    136 1403
    143 1404
    159 1405
    156 1406
    125 1407
    142 1408
    146 1409
    153 1410
    154 1411
    158 1412
    143 1413
    128 1414
    129 1415
    153 1416
    127 1417
    122 1418
    127 1419
    141 1420
    152 1421
    164 1422
    148 1423
    164 1424
    139 1425
    130 1426
    146 1427
    146 1428
    160 1429
    149 1430
    156 1431
    156 1432
    153 1433
    151 1434
    159 1435
    146 1436
    171 1437
    157 1438
    140 1439
    157 1440
    150 1441
    166 1442
    138 1443
    152 1444
    165 1445
    150 1446
    144 1447
    135 1448
    142 1449
    143 1450
    151 1451
    151 1452
    149 1453
    161 1454
    143 1455
    150 1456
    149 1457
    156 1458
    141 1459
    169 1460
    144 1461
    168 1462
    148 1463
    178 1464
    147 1465
    144 1466
    148 1467
    166 1468
    178 1469
    158 1470
    154 1471
    147 1472
    151 1473
    172 1474
    144 1475
    139 1476
    156 1477
    165 1478
    144 1479
    144 1480
    166 1481
    143 1482
    157 1483
    168 1484
    160 1485
    150 1486
    170 1487
    143 1488
    141 1489
    166 1490
    147 1491
    176 1492
    144 1493
    151 1494
    142 1495
    136 1496
    168 1497
    153 1498
    146 1499
    166 1500
    150 1501
    158 1502
    171 1503
    158 1504
    131 1505
    146 1506
    149 1507
    158 1508
    150 1509
    141 1510
    162 1511
    163 1512
    151 1513
    139 1514
    175 1515
    155 1516
    139 1517
    138 1518
    174 1519
    156 1520
    171 1521
    134 1522
    127 1523
    142 1524
    130 1525
    134 1526
    149 1527
    139 1528
    151 1529
    150 1530
    159 1531
    141 1532
    136 1533
    132 1534
    129 1535
    140 1536
    146 1537
    128 1538
    154 1539
    143 1540
    152 1541
    132 1542
    130 1543
    146 1544
    135 1545
    136 1546
    148 1547
    133 1548
    136 1549
    162 1550
    139 1551
    154 1552
    124 1553
    135 1554
    128 1555
    127 1556
    122 1557
    121 1558
    148 1559
    137 1560
     99 1561
    148 1562
    124 1563
    127 1564
    129 1565
    142 1566
    130 1567
    118 1568
    136 1569
    109 1570
    128 1571
    114 1572
    114 1573
    136 1574
    141 1575
    129 1576
    127 1577
    113 1578
    124 1579
    125 1580
    123 1581
    128 1582
    123 1583
    129 1584
    136 1585
    151 1586
    116 1587
    143 1588
    115 1589
    129 1590
    102 1591
    111 1592
    129 1593
    118 1594
    116 1595
    123 1596
    111 1597
    119 1598
    111 1599
    114 1600
    102 1601
    126 1602
    110 1603
    122 1604
    122 1605
    124 1606
    111 1607
    104 1608
    110 1609
    126 1610
    114 1611
    109 1612
    118 1613
    112 1614
    102 1615
     98 1616
    109 1617
    120 1618
    100 1619
    120 1620
    100 1621
    116 1622
    105 1623
    100 1624
    123 1625
    117 1626
    138 1627
     87 1628
    109 1629
    107 1630
    118 1631
    113 1632
     86 1633
     96 1634
    109 1635
    123 1636
    103 1637
     96 1638
     77 1639
     87 1640
    104 1641
    103 1642
    104 1643
    100 1644
    109 1645
    114 1646
    104 1647
    105 1648
     93 1649
    100 1650
    103 1651
     97 1652
     99 1653
    104 1654
     81 1655
     98 1656
    109 1657
     86 1658
     93 1659
     87 1660
    108 1661
     92 1662
     88 1663
    102 1664
     90 1665
     71 1666
     86 1667
     88 1668
     98 1669
     79 1670
     85 1671
     89 1672
    101 1673
    103 1674
    101 1675
    107 1676
     87 1677
     93 1678
     99 1679
     81 1680
     99 1681
     95 1682
     86 1683
     94 1684
     65 1685
    107 1686
     85 1687
    113 1688
     78 1689
     85 1690
     99 1691
     88 1692
     82 1693
     95 1694
     90 1695
     64 1696
     79 1697
     79 1698
     79 1699
     90 1700
     83 1701
     86 1702
     96 1703
     93 1704
     80 1705
     92 1706
     82 1707
     88 1708
     88 1709
     84 1710
     83 1711
     70 1712
     69 1713
     93 1714
     78 1715
     78 1716
     80 1717
     76 1718
     70 1719
     83 1720
     63 1721
     64 1722
     77 1723
     78 1724
     77 1725
     66 1726
     84 1727
     85 1728
     62 1729
     85 1730
     90 1731
     74 1732
     93 1733
     77 1734
     82 1735
     75 1736
     70 1737
     73 1738
     72 1739
     64 1740
     90 1741
     73 1742
     63 1743
    110 1744
     92 1745
     69 1746
     68 1747
     72 1748
     63 1749
     63 1750
     89 1751
     76 1752
     58 1753
     83 1754
     72 1755
     53 1756
     78 1757
     62 1758
     70 1759
     68 1760
     73 1761
     70 1762
     84 1763
     61 1764
     77 1765
     75 1766
     77 1767
     73 1768
     72 1769
     78 1770
     64 1771
     69 1772
     70 1773
     74 1774
     93 1775
     67 1776
     67 1777
     82 1778
     60 1779
     81 1780
     67 1781
     59 1782
     83 1783
     76 1784
     69 1785
     69 1786
     83 1787
     72 1788
     73 1789
     66 1790
     62 1791
     76 1792
     57 1793
     62 1794
     64 1795
     68 1796
     52 1797
     74 1798
     71 1799
     55 1800
     60 1801
     60 1802
     73 1803
     79 1804
     67 1805
     51 1806
     73 1807
     72 1808
     81 1809
     87 1810
     66 1811
     54 1812
     72 1813
     56 1814
     59 1815
     66 1816
     53 1817
     54 1818
     55 1819
     56 1820
     64 1821
     65 1822
     57 1823
     45 1824
     61 1825
     71 1826
     65 1827
     63 1828
     62 1829
     67 1830
     53 1831
     57 1832
     69 1833
     54 1834
     65 1835
     56 1836
     65 1837
     50 1838
     53 1839
     65 1840
     55 1841
     50 1842
     50 1843
     48 1844
     62 1845
     70 1846
     58 1847
     56 1848
     51 1849
     68 1850
     43 1851
     68 1852
     70 1853
     68 1854
     67 1855
     65 1856
     76 1857
     61 1858
     57 1859
     47 1860
     69 1861
     63 1862
     64 1863
     67 1864
     63 1865
     52 1866
     57 1867
     58 1868
     60 1869
     60 1870
     56 1871
     54 1872
     48 1873
     51 1874
     65 1875
     62 1876
     68 1877
     56 1878
     66 1879
     62 1880
     52 1881
     58 1882
     62 1883
     75 1884
     53 1885
     54 1886
     62 1887
     56 1888
     54 1889
     56 1890
     53 1891
     60 1892
     58 1893
     61 1894
     55 1895
     63 1896
     63 1897
     55 1898
     51 1899
     61 1900
     51 1901
     48 1902
     57 1903
     57 1904
     48 1905
     53 1906
     53 1907
     65 1908
     68 1909
     66 1910
     54 1911
     49 1912
     46 1913
     58 1914
     61 1915
     59 1916
     51 1917
     64 1918
     47 1919
     41 1920
     61 1921
     68 1922
     62 1923
     52 1924
     61 1925
     51 1926
     59 1927
     41 1928
     73 1929
     59 1930
     55 1931
     62 1932
     75 1933
     68 1934
     53 1935
     44 1936
     65 1937
     51 1938
     56 1939
     65 1940
     54 1941
     75 1942
     56 1943
     37 1944
     64 1945
     52 1946
     59 1947
     63 1948
     52 1949
     60 1950
     51 1951
     51 1952
     53 1953
     54 1954
     48 1955
     74 1956
     54 1957
     58 1958
     54 1959
     39 1960
     43 1961
     66 1962
     47 1963
     57 1964
     68 1965
     51 1966
     54 1967
     52 1968
     58 1969
     52 1970
     53 1971
     52 1972
     64 1973
     49 1974
     50 1975
     59 1976
     54 1977
     54 1978
     54 1979
     48 1980
     50 1981
     51 1982
     55 1983
     55 1984
     50 1985
     38 1986
     47 1987
     47 1988
     50 1989
     46 1990
     66 1991
     57 1992
     55 1993
     51 1994
     60 1995
     57 1996
     48 1997
     47 1998
     54 1999
     46 2000
     52 2001
     54 2002
     46 2003
     44 2004
     48 2005
     60 2006
     41 2007
     58 2008
     45 2009
     56 2010
     54 2011
     56 2012
     52 2013
     60 2014
     61 2015
     58 2016
     58 2017
     52 2018
     55 2019
     48 2020
     51 2021
     53 2022
     52 2023
     46 2024
     47 2025
     55 2026
     57 2027
     57 2028
     64 2029
     51 2030
     51 2031
     55 2032
     42 2033
     45 2034
     53 2035
     61 2036
     46 2037
     58 2038
     56 2039
     51 2040
     57 2041
     48 2042
     51 2043
     58 2044
     49 2045
     56 2046
     50 2047
     51 2048
     61 2049
     56 2050
     62 2051
     57 2052
     50 2053
     54 2054
     48 2055
     60 2056
     57 2057
     45 2058
     58 2059
     53 2060
     54 2061
     61 2062
     59 2063
     51 2064
     62 2065
     47 2066
     60 2067
     71 2068
     55 2069
     64 2070
     49 2071
     51 2072
     69 2073
     51 2074
     52 2075
     49 2076
     61 2077
     42 2078
     48 2079
     62 2080
     50 2081
     39 2082
     60 2083
     70 2084
     52 2085
     51 2086
     54 2087
     51 2088
     53 2089
     56 2090
     50 2091
     55 2092
     54 2093
     62 2094
     52 2095
     65 2096
     67 2097
     59 2098
     42 2099
     65 2100
     59 2101
     51 2102
     52 2103
     49 2104
     49 2105
     44 2106
     52 2107
     52 2108
     43 2109
     54 2110
     52 2111
     48 2112
     54 2113
     49 2114
     77 2115
     52 2116
     66 2117
     46 2118
     55 2119
     68 2120
     58 2121
     53 2122
     70 2123
     57 2124
     71 2125
     72 2126
     46 2127
     66 2128
     51 2129
     65 2130
     55 2131
     47 2132
     65 2133
     51 2134
     74 2135
     46 2136
     63 2137
     66 2138
     52 2139
     64 2140
     57 2141
     63 2142
     49 2143
     51 2144
     62 2145
     59 2146
     60 2147
     69 2148
     50 2149
     50 2150
     49 2151
     55 2152
     53 2153
     54 2154
     51 2155
     62 2156
     56 2157
     62 2158
     53 2159
     62 2160
     56 2161
     59 2162
     55 2163
     58 2164
     46 2165
     56 2166
     62 2167
     57 2168
     56 2169
     58 2170
     59 2171
     70 2172
     69 2173
     55 2174
     66 2175
     50 2176
     66 2177
     68 2178
     62 2179
     57 2180
     60 2181
     53 2182
     55 2183
     64 2184
     57 2185
     62 2186
     56 2187
     53 2188
     60 2189
     60 2190
     68 2191
     60 2192
     51 2193
     60 2194
     60 2195
     55 2196
     53 2197
     56 2198
     51 2199
     57 2200
     71 2201
     67 2202
     51 2203
     74 2204
     62 2205
     61 2206
     59 2207
     52 2208
     62 2209
     64 2210
     66 2211
     56 2212
     57 2213
     56 2214
     70 2215
     66 2216
     69 2217
     59 2218
     57 2219
     44 2220
     63 2221
     71 2222
     60 2223
     64 2224
     48 2225
     61 2226
     69 2227
     59 2228
     81 2229
     55 2230
     56 2231
     63 2232
     65 2233
     61 2234
     58 2235
     72 2236
     66 2237
     62 2238
     69 2239
     77 2240
     59 2241
     69 2242
     71 2243
     61 2244
     63 2245
     73 2246
     58 2247
     69 2248
     64 2249
     54 2250
     52 2251
     56 2252
     51 2253
     64 2254
     59 2255
     66 2256
     79 2257
     60 2258
     54 2259
     74 2260
     55 2261
     58 2262
     59 2263
     78 2264
     60 2265
     62 2266
     52 2267
     50 2268
     66 2269
     65 2270
     75 2271
     56 2272
     54 2273
     70 2274
     64 2275
     67 2276
     65 2277
     51 2278
     57 2279
     55 2280
     56 2281
     68 2282
     66 2283
     71 2284
     50 2285
     52 2286
     56 2287
     61 2288
     60 2289
     57 2290
     49 2291
     55 2292
     55 2293
     55 2294
     63 2295
     63 2296
     47 2297
     65 2298
     64 2299
     57 2300
     58 2301
     61 2302
     65 2303
     57 2304
     69 2305
     47 2306
     54 2307
     57 2308
     54 2309
     56 2310
     56 2311
     51 2312
     66 2313
     64 2314
     60 2315
     53 2316
     57 2317
     55 2318
     49 2319
     58 2320
     64 2321
     55 2322
     50 2323
     58 2324
     71 2325
     56 2326
     68 2327
     70 2328
     66 2329
     58 2330
     61 2331
     62 2332
     65 2333
     61 2334
     67 2335
     63 2336
     66 2337
     59 2338
     60 2339
     66 2340
     83 2341
     61 2342
     64 2343
     54 2344
     59 2345
     70 2346
     76 2347
     73 2348
     61 2349
     67 2350
     60 2351
     61 2352
     79 2353
     70 2354
     50 2355
     50 2356
     70 2357
     54 2358
     75 2359
     67 2360
     54 2361
     72 2362
     49 2363
     68 2364
     66 2365
     56 2366
     66 2367
     58 2368
     57 2369
     61 2370
     54 2371
     54 2372
     65 2373
     65 2374
     57 2375
     62 2376
     60 2377
     53 2378
     70 2379
     73 2380
     62 2381
     61 2382
     58 2383
     57 2384
     51 2385
     69 2386
     59 2387
     58 2388
     62 2389
     58 2390
     66 2391
     58 2392
     54 2393
     61 2394
     69 2395
     53 2396
     52 2397
     54 2398
     65 2399
     71 2400
     58 2401
     61 2402
     58 2403
     47 2404
     54 2405
     56 2406
     54 2407
     71 2408
     55 2409
     76 2410
     62 2411
     71 2412
     55 2413
     72 2414
     54 2415
     64 2416
     51 2417
     52 2418
     53 2419
     47 2420
     66 2421
     54 2422
     66 2423
     63 2424
     52 2425
     70 2426
     65 2427
     73 2428
     68 2429
     76 2430
     56 2431
     54 2432
     54 2433
     89 2434
     55 2435
     52 2436
     52 2437
     67 2438
     70 2439
     54 2440
     59 2441
     60 2442
     56 2443
     71 2444
     50 2445
     55 2446
     43 2447
     57 2448
     68 2449
     71 2450
     59 2451
     66 2452
     67 2453
     61 2454
     73 2455
     48 2456
     48 2457
     48 2458
     70 2459
     62 2460
     53 2461
     54 2462
     56 2463
     60 2464
     64 2465
     60 2466
     53 2467
     57 2468
     54 2469
     46 2470
     53 2471
     58 2472
     48 2473
     43 2474
     61 2475
     51 2476
     80 2477
     67 2478
     56 2479
     52 2480
     59 2481
     75 2482
     55 2483
     60 2484
     49 2485
     62 2486
     55 2487
     66 2488
     46 2489
     50 2490
     52 2491
     57 2492
     52 2493
     62 2494
     50 2495
     50 2496
     51 2497
     52 2498
     49 2499
     62 2500
     44 2501
     59 2502
     48 2503
     56 2504
     59 2505
     60 2506
     50 2507
     57 2508
     54 2509
     39 2510
     56 2511
     60 2512
     41 2513
     59 2514
     49 2515
     49 2516
     57 2517
     53 2518
     57 2519
     63 2520
     50 2521
     51 2522
     43 2523
     48 2524
     43 2525
     49 2526
     43 2527
     49 2528
     31 2529
     51 2530
     67 2531
     46 2532
     54 2533
     62 2534
     55 2535
     55 2536
     50 2537
     59 2538
     44 2539
     39 2540
     63 2541
     57 2542
     50 2543
     59 2544
     61 2545
     60 2546
     45 2547
     51 2548
     68 2549
     42 2550
     58 2551
     46 2552
     46 2553
     53 2554
     49 2555
     68 2556
     47 2557
     66 2558
     63 2559
     47 2560
     58 2561
     50 2562
     52 2563
     47 2564
     59 2565
     43 2566
     49 2567
     52 2568
     53 2569
     62 2570
     57 2571
     46 2572
     44 2573
     51 2574
     51 2575
     41 2576
     50 2577
     45 2578
     35 2579
     45 2580
     53 2581
     39 2582
     44 2583
     55 2584
     57 2585
     71 2586
     52 2587
     42 2588
     49 2589
     46 2590
     63 2591
     43 2592
     60 2593
     44 2594
     37 2595
     38 2596
     48 2597
     52 2598
     41 2599
     36 2600
     47 2601
     42 2602
     61 2603
     63 2604
     45 2605
     55 2606
     51 2607
     46 2608
     53 2609
     47 2610
     51 2611
     45 2612
     38 2613
     42 2614
     41 2615
     37 2616
     50 2617
     47 2618
     37 2619
     48 2620
     65 2621
     52 2622
     42 2623
     43 2624
     44 2625
     44 2626
     52 2627
     62 2628
     50 2629
     45 2630
     42 2631
     42 2632
     50 2633
     53 2634
     40 2635
     57 2636
     42 2637
     56 2638
     45 2639
     28 2640
     52 2641
     33 2642
     51 2643
     49 2644
     44 2645
     48 2646
     49 2647
     52 2648
     46 2649
     35 2650
     47 2651
     43 2652
     30 2653
     64 2654
     49 2655
     46 2656
     39 2657
     35 2658
     47 2659
     43 2660
     43 2661
     43 2662
     50 2663
     40 2664
     53 2665
     34 2666
     44 2667
     41 2668
     49 2669
     42 2670
     52 2671
     38 2672
     34 2673
     51 2674
     38 2675
     47 2676
     37 2677
     38 2678
     40 2679
     41 2680
     33 2681
     42 2682
     48 2683
     44 2684
     49 2685
     45 2686
     50 2687
     34 2688
     37 2689
     45 2690
     38 2691
     33 2692
     41 2693
     38 2694
     49 2695
     37 2696
     32 2697
     41 2698
     34 2699
     32 2700
     46 2701
     39 2702
     26 2703
     38 2704
     38 2705
     34 2706
     36 2707
     40 2708
     51 2709
     57 2710
     39 2711
     35 2712
     39 2713
     37 2714
     40 2715
     34 2716
     30 2717
     28 2718
     27 2719
     33 2720
     37 2721
     29 2722
     37 2723
     40 2724
     43 2725
     46 2726
     34 2727
     41 2728
     34 2729
     35 2730
     36 2731
     32 2732
     44 2733
     35 2734
     42 2735
     32 2736
     34 2737
     35 2738
     33 2739
     31 2740
     36 2741
     37 2742
     29 2743
     32 2744
     37 2745
     37 2746
     40 2747
     32 2748
     31 2749
     32 2750
     37 2751
     48 2752
     29 2753
     37 2754
     39 2755
     43 2756
     38 2757
     34 2758
     39 2759
     30 2760
     29 2761
     31 2762
     33 2763
     31 2764
     44 2765
     35 2766
     32 2767
     26 2768
     43 2769
     24 2770
     42 2771
     38 2772
     39 2773
     31 2774
     29 2775
     29 2776
     32 2777
     35 2778
     22 2779
     36 2780
     43 2781
     44 2782
     32 2783
     27 2784
     30 2785
     26 2786
     37 2787
     29 2788
     34 2789
     33 2790
     30 2791
     36 2792
     23 2793
     32 2794
     21 2795
     32 2796
     28 2797
     26 2798
     31 2799
     45 2800
     30 2801
     23 2802
     33 2803
     26 2804
     33 2805
     31 2806
     32 2807
     21 2808
     30 2809
     27 2810
     26 2811
     26 2812
     26 2813
     22 2814
     27 2815
     24 2816
     30 2817
     31 2818
     23 2819
     30 2820
     28 2821
     32 2822
     29 2823
     33 2824
     28 2825
     27 2826
     30 2827
     28 2828
     27 2829
     31 2830
     30 2831
     29 2832
     35 2833
     31 2834
     32 2835
     21 2836
     22 2837
     24 2838
     39 2839
     19 2840
     25 2841
     35 2842
     27 2843
     34 2844
     32 2845
     29 2846
     25 2847
     22 2848
     27 2849
     23 2850
     37 2851
     29 2852
     29 2853
     32 2854
     29 2855
     28 2856
     36 2857
     18 2858
     12 2859
     35 2860
     38 2861
     24 2862
     25 2863
     18 2864
     24 2865
     29 2866
     29 2867
     30 2868
     24 2869
     20 2870
     31 2871
     25 2872
     31 2873
     37 2874
     23 2875
     24 2876
     24 2877
     29 2878
     37 2879
     23 2880
     15 2881
     18 2882
     23 2883
     27 2884
     26 2885
     19 2886
     23 2887
     26 2888
     22 2889
     24 2890
     18 2891
     15 2892
     27 2893
     24 2894
     27 2895
     35 2896
     29 2897
     31 2898
     25 2899
     19 2900
     13 2901
     15 2902
     27 2903
     20 2904
     15 2905
     24 2906
     22 2907
     25 2908
     18 2909
     24 2910
     26 2911
     12 2912
     26 2913
     23 2914
     28 2915
     18 2916
     27 2917
     24 2918
     19 2919
     19 2920
     18 2921
     17 2922
     22 2923
     21 2924
     27 2925
     23 2926
     32 2927
     22 2928
     17 2929
     24 2930
     23 2931
     17 2932
     23 2933
     19 2934
     26 2935
     17 2936
     15 2937
     24 2938
     13 2939
     29 2940
     26 2941
     27 2942
     17 2943
     23 2944
     29 2945
     26 2946
     22 2947
     15 2948
     20 2949
     23 2950
     27 2951
     20 2952
     24 2953
     15 2954
     23 2955
     20 2956
     21 2957
     31 2958
     24 2959
     17 2960
     20 2961
     24 2962
     16 2963
     17 2964
     24 2965
     17 2966
     22 2967
     22 2968
     21 2969
     14 2970
     20 2971
     15 2972
     13 2973
     22 2974
     22 2975
     19 2976
     17 2977
     14 2978
     20 2979
     25 2980
     17 2981
     30 2982
     20 2983
     30 2984
     30 2985
     16 2986
     18 2987
     20 2988
     16 2989
     17 2990
     20 2991
     28 2992
     28 2993
     18 2994
     24 2995
     21 2996
     21 2997
     23 2998
     20 2999
     16 3000
     22 3001
     22 3002
     23 3003
     18 3004
     28 3005
     14 3006
     18 3007
     26 3008
     21 3009
     21 3010
     22 3011
     21 3012
     19 3013
     13 3014
     23 3015
     23 3016
     22 3017
     15 3018
     19 3019
     27 3020
     23 3021
     18 3022
     20 3023
     15 3024
     16 3025
     22 3026
     25 3027
     17 3028
     14 3029
     15 3030
     26 3031
     14 3032
     17 3033
     17 3034
     14 3035
     21 3036
     13 3037
     11 3038
     16 3039
     11 3040
     19 3041
     25 3042
     21 3043
     22 3044
     19 3045
     17 3046
     19 3047
     21 3048
     16 3049
     22 3050
     15 3051
     20 3052
     14 3053
     16 3054
     18 3055
     23 3056
     22 3057
     13 3058
     13 3059
     14 3060
     24 3061
      9 3062
     16 3063
     10 3064
     14 3065
     19 3066
     22 3067
     17 3068
     15 3069
     14 3070
     13 3071
     10 3072
     20 3073
     11 3074
     16 3075
     15 3076
     18 3077
     18 3078
     10 3079
     25 3080
     16 3081
     15 3082
     17 3083
     12 3084
     12 3085
     15 3086
     22 3087
     13 3088
     15 3089
     22 3090
     17 3091
     16 3092
     22 3093
     20 3094
     20 3095
     22 3096
     16 3097
     11 3098
     11 3099
     17 3100
     15 3101
     20 3102
     13 3103
     14 3104
     27 3105
     21 3106
     16 3107
     14 3108
     12 3109
     15 3110
     24 3111
     15 3112
     11 3113
     20 3114
     20 3115
     14 3116
     10 3117
     19 3118
     16 3119
     18 3120
     17 3121
     13 3122
     11 3123
     13 3124
     16 3125
     11 3126
     15 3127
     18 3128
     11 3129
      8 3130
     13 3131
      9 3132
     20 3133
     22 3134
     12 3135
     16 3136
     11 3137
     12 3138
     12 3139
      9 3140
     17 3141
     17 3142
      8 3143
     21 3144
     14 3145
     16 3146
     11 3147
     20 3148
      7 3149
      9 3150
     11 3151
     12 3152
     12 3153
     14 3154
      6 3155
     15 3156
     22 3157
     17 3158
     14 3159
     12 3160
     10 3161
     10 3162
     16 3163
     11 3164
     14 3165
     13 3166
     14 3167
     19 3168
     21 3169
     18 3170
     11 3171
     20 3172
     12 3173
     13 3174
     12 3175
     14 3176
     17 3177
     13 3178
     15 3179
     14 3180
     16 3181
     18 3182
     11 3183
      8 3184
     13 3185
     10 3186
     13 3187
     15 3188
     17 3189
      7 3190
     27 3191
     15 3192
     15 3193
     11 3194
     11 3195
     14 3196
     17 3197
     16 3198
     11 3199
      6 3200
     15 3201
     17 3202
     12 3203
     15 3204
     19 3205
     10 3206
      9 3207
     19 3208
     13 3209
     20 3210
     10 3211
     14 3212
     10 3213
     16 3214
     15 3215
      5 3216
     12 3217
     12 3218
     16 3219
     13 3220
     17 3221
     14 3222
     18 3223
      8 3224
     12 3225
     13 3226
      8 3227
     10 3228
      9 3229
     13 3230
      8 3231
     17 3232
     15 3233
      8 3234
     13 3235
     12 3236
     14 3237
     18 3238
     12 3239
     14 3240
     11 3241
     15 3242
      7 3243
     14 3244
      7 3245
      6 3246
     10 3247
     15 3248
      6 3249
     14 3250
      9 3251
      8 3252
      5 3253
     18 3254
     10 3255
     14 3256
     12 3257
      8 3258
     11 3259
      9 3260
      8 3261
     10 3262
     15 3263
     12 3264
      7 3265
     16 3266
      4 3267
     15 3268
     14 3269
     10 3270
      6 3271
     11 3272
     13 3273
     13 3274
      8 3275
     13 3276
     12 3277
     13 3278
     14 3279
      8 3280
      7 3281
     10 3282
      9 3283
     10 3284
      9 3285
     10 3286
     13 3287
      8 3288
     10 3289
     10 3290
      7 3291
      8 3292
     12 3293
     15 3294
     13 3295
     10 3296
      9 3297
     11 3298
     17 3299
     10 3300
      7 3301
     11 3302
      8 3303
     12 3304
     11 3305
      7 3306
     10 3307
     10 3308
     14 3309
     13 3310
     11 3311
     10 3312
     10 3313
     13 3314
     14 3315
      9 3316
      6 3317
     10 3318
     10 3319
     12 3320
      6 3321
     10 3322
      9 3323
      1 3324
      9 3325
     11 3326
     14 3327
      7 3328
     11 3329
     12 3330
     14 3331
      8 3332
      9 3333
      8 3334
      6 3335
     14 3336
     10 3337
      9 3338
     10 3339
      8 3340
      7 3341
     13 3342
      5 3343
     11 3344
     17 3345
     11 3346
     15 3347
      7 3348
     14 3349
     10 3350
     13 3351
      7 3352
     14 3353
     15 3354
     13 3355
     10 3356
      6 3357
     10 3358
     10 3359
     18 3360
      7 3361
      4 3362
      6 3363
      9 3364
      6 3365
      9 3366
      6 3367
      4 3368
      3 3369
      8 3370
      9 3371
     10 3372
      6 3373
      9 3374
      7 3375
     12 3376
     11 3377
     15 3378
     16 3379
      4 3380
     11 3381
     11 3382
      7 3383
     11 3384
      6 3385
     10 3386
     14 3387
     12 3388
      9 3389
      7 3390
     10 3391
      7 3392
     15 3393
     12 3394
      7 3395
     13 3396
      9 3397
     18 3398
     13 3399
      4 3400
      9 3401
      7 3402
      5 3403
     14 3404
     10 3405
     12 3406
      1 3407
      7 3408
      6 3409
     12 3410
     11 3411
      9 3412
      3 3413
      9 3414
      8 3415
      5 3416
      7 3417
      6 3418
     12 3419
      6 3420
      5 3421
      6 3422
      9 3423
      5 3424
      6 3425
      7 3426
      8 3427
      7 3428
      9 3429
     17 3430
     10 3431
      7 3432
      7 3433
      7 3434
      5 3435
     10 3436
      5 3437
      9 3438
     10 3439
     11 3440
     10 3441
      6 3442
     12 3443
      6 3444
     10 3445
     10 3446
     10 3447
      3 3448
      7 3449
      7 3450
      8 3451
      8 3452
      8 3453
     10 3454
      9 3455
     13 3456
     12 3457
      9 3458
     13 3459
      9 3460
      5 3461
      8 3462
      7 3463
      3 3464
      8 3465
      8 3466
      8 3467
      7 3468
     15 3469
      6 3470
      7 3471
      7 3472
     10 3473
      3 3474
      9 3475
      7 3476
      5 3477
     10 3478
     15 3479
      5 3480
      9 3481
      9 3482
      5 3483
      5 3484
      4 3485
      6 3486
     10 3487
      8 3488
      9 3489
      7 3490
      4 3491
      6 3492
      7 3493
     11 3494
      7 3495
      6 3496
      6 3497
      7 3498
      8 3499
      6 3500
     11 3501
     11 3502
     13 3503
      8 3504
      7 3505
      5 3506
      9 3507
      1 3508
      6 3509
      9 3510
      8 3511
      4 3512
      6 3513
      4 3514
      7 3515
      5 3516
      3 3517
      5 3518
      6 3519
     13 3520
      7 3521
     10 3522
      8 3523
      6 3524
      6 3525
      8 3526
      5 3527
      3 3528
      4 3529
      6 3530
     11 3531
      9 3532
     11 3533
      2 3534
      4 3535
      6 3536
      5 3537
      3 3538
      7 3539
      3 3540
      9 3541
      7 3542
      4 3543
      6 3544
      7 3545
      8 3546
      9 3547
      8 3548
      6 3549
     12 3550
     12 3551
     12 3552
      4 3553
      3 3554
      7 3555
      5 3556
      7 3557
      5 3558
      8 3559
      3 3560
      4 3561
      7 3562
      4 3563
      5 3564
      6 3565
      3 3566
      3 3567
      7 3568
     11 3569
      7 3570
      5 3571
      6 3572
      7 3573
      4 3574
      8 3575
     12 3576
      6 3577
      5 3578
      6 3579
      8 3580
      4 3581
      8 3582
      5 3583
     10 3584
      7 3585
      9 3586
      6 3587
      4 3588
      5 3589
      6 3590
      7 3591
      7 3592
      4 3593
      5 3594
     11 3595
      5 3596
      6 3597
      5 3598
     10 3599
      7 3600
      4 3601
     10 3602
      4 3603
      8 3604
      4 3605
      5 3606
     11 3607
      4 3608
      5 3609
      6 3610
     10 3611
      9 3612
      6 3613
      8 3614
      8 3615
      2 3616
      5 3617
      5 3618
      6 3619
      5 3620
      5 3621
      6 3622
      5 3623
      6 3624
      6 3625
      4 3626
      7 3627
      4 3628
      6 3629
      6 3630
      7 3631
      6 3632
      6 3633
      2 3634
      6 3635
      4 3636
      4 3637
      5 3638
      4 3639
      2 3640
      4 3641
      5 3642
      3 3643
      6 3644
      4 3645
      1 3646
      9 3647
      6 3648
      4 3649
      3 3650
      7 3651
      7 3652
      6 3653
      4 3654
     10 3655
      3 3656
      5 3657
      6 3658
      8 3659
      2 3660
      7 3661
      6 3662
     16 3663
      6 3664
      8 3665
      5 3666
      8 3667
      7 3668
      9 3669
      8 3670
      7 3671
      4 3672
      7 3673
     10 3674
      6 3675
      5 3676
      2 3677
      6 3678
      7 3679
      6 3680
      6 3681
      3 3682
      6 3683
      6 3684
      7 3685
      6 3686
      4 3687
      7 3688
      7 3689
      7 3690
      5 3691
      4 3692
      4 3693
      1 3694
      4 3695
      3 3696
      4 3697
      4 3698
      6 3699
      6 3700
      5 3701
      5 3702
      2 3703
      7 3704
      6 3705
      7 3706
      5 3707
      5 3708
      2 3709
      7 3710
      3 3711
      1 3712
      3 3713
      2 3714
      7 3715
      3 3716
      4 3717
      3 3718
      7 3719
      3 3720
      8 3721
      5 3722
      7 3723
      6 3724
      4 3725
      3 3726
      4 3727
      5 3728
      9 3729
      4 3730
      3 3731
      7 3732
      5 3733
      4 3734
      2 3735
      3 3736
      4 3737
      1 3738
      4 3739
     11 3740
      5 3741
      2 3742
      5 3743
      5 3744
      2 3745
      2 3746
      2 3747
      1 3748
      3 3749
      2 3750
      3 3751
      6 3752
      7 3753
      4 3755
      4 3756
      4 3757
      2 3758
      1 3759
      1 3760
      3 3761
      5 3762
      9 3763
      3 3764
      2 3765
      3 3766
      5 3767
      4 3768
      4 3769
      1 3770
      7 3771
      4 3772
      5 3773
      6 3774
      7 3775
      1 3776
      5 3777
      8 3778
      3 3779
      5 3780
      2 3781
      2 3782
      4 3783
      8 3784
      5 3785
      4 3786
      3 3787
      4 3788
      5 3789
      9 3790
      3 3791
      3 3792
      5 3793
      4 3794
      1 3795
      6 3796
      4 3797
      1 3798
      2 3799
      4 3800
      2 3801
      9 3802
      3 3803
      6 3804
      5 3805
      3 3806
      8 3807
      3 3808
      3 3809
      5 3810
      5 3811
      2 3812
      4 3813
      4 3814
      5 3815
      3 3816
      3 3817
      4 3818
      3 3819
      6 3820
      3 3821
      4 3822
      6 3823
      5 3824
      7 3825
      1 3826
      3 3827
      4 3828
      1 3829
      1 3830
      2 3831
      1 3832
      4 3833
      1 3834
      6 3835
      1 3836
      5 3837
      4 3838
      3 3839
      6 3840
      3 3841
      4 3842
      3 3843
      1 3844
      4 3845
      6 3846
      2 3847
      4 3848
      4 3849
      3 3850
      3 3851
      8 3852
      3 3853
      5 3854
      6 3855
      5 3856
      2 3857
      9 3858
      3 3859
      6 3860
      4 3861
      8 3862
      1 3863
      5 3864
      4 3865
      2 3866
      3 3867
      4 3868
      4 3869
      4 3870
      5 3871
      1 3872
      5 3873
      2 3874
      3 3875
      5 3876
      1 3877
      3 3878
      5 3879
      4 3880
      1 3881
      3 3882
      3 3883
      3 3884
      5 3885
      3 3886
      2 3887
      3 3888
      4 3889
      5 3890
      4 3891
      3 3892
      2 3893
      1 3894
      2 3895
      8 3897
      1 3898
      6 3899
      3 3900
      3 3901
      4 3902
      1 3903
      1 3904
      5 3905
      2 3906
      2 3907
      5 3908
      4 3909
      3 3910
      4 3911
      2 3912
      4 3913
      4 3914
      6 3915
      4 3916
      3 3917
      5 3918
      3 3919
      2 3920
      2 3921
      1 3922
      2 3923
      5 3924
      1 3925
      5 3926
      3 3927
      3 3928
      3 3929
      3 3930
      2 3931
      3 3932
      3 3933
      1 3934
      5 3935
      2 3936
      2 3937
      1 3938
      3 3939
      6 3940
      2 3941
      3 3942
      2 3943
      2 3944
      2 3945
      4 3946
      1 3947
      4 3948
      5 3949
      3 3950
      3 3951
      2 3952
      1 3953
      4 3955
      4 3956
      3 3957
      1 3958
      1 3959
      3 3960
      2 3961
      4 3962
      4 3963
      3 3964
      4 3965
      2 3966
      3 3967
      8 3968
      1 3969
      1 3970
      4 3971
      2 3972
      3 3973
      1 3975
      1 3976
      3 3977
      2 3978
      3 3979
      5 3980
      4 3981
      6 3982
      2 3983
      3 3984
      5 3985
      7 3986
      4 3987
      3 3988
      5 3989
      1 3990
      3 3991
      2 3992
      2 3993
      6 3994
      2 3995
      3 3996
      3 3997
      1 3998
      2 3999
      2 4000
      4 4001
      2 4002
      3 4003
      1 4004
      3 4005
      2 4006
      1 4007
      2 4008
      6 4009
      3 4010
      4 4011
      2 4012
      5 4013
      1 4014
      2 4015
      2 4016
      4 4017
      3 4018
      4 4019
      3 4020
      4 4021
      6 4022
      4 4023
      2 4024
      6 4025
      3 4026
      5 4027
      2 4028
      5 4029
      6 4030
      1 4031
      2 4032
      5 4033
      2 4034
      1 4035
      2 4036
      3 4037
      1 4038
      5 4039
      1 4040
      2 4041
      3 4042
      3 4043
      2 4044
      3 4045
      5 4046
      2 4048
      2 4049
      2 4050
      3 4052
      6 4053
      2 4054
      4 4055
      2 4056
      4 4057
      8 4058
      2 4059
      6 4060
      1 4061
      2 4063
      1 4064
      1 4065
      1 4066
      2 4068
      3 4069
      3 4070
      4 4071
      1 4072
      1 4073
      3 4074
      2 4075
      1 4076
      3 4077
      1 4079
      3 4081
      4 4082
      2 4083
      1 4084
      1 4085
      2 4087
      5 4088
      3 4089
      3 4090
      2 4091
      2 4092
      1 4094
      1 4096
      3 4097
      2 4098
      1 4099
      2 4100
      4 4101
      3 4102
      3 4103
      2 4104
      2 4105
      2 4106
      3 4107
      2 4108
      2 4109
      2 4110
      2 4111
      3 4112
      5 4113
      1 4114
      5 4115
      2 4116
      3 4117
      3 4119
      1 4120
      1 4121
      2 4122
      5 4123
      2 4124
      1 4125
      1 4126
      3 4127
      3 4128
      2 4129
      1 4130
      2 4131
      3 4132
      3 4133
      3 4134
      2 4135
      4 4136
      2 4137
      1 4138
      3 4139
      4 4140
      1 4141
      3 4142
      1 4143
      3 4144
      2 4145
      2 4146
      3 4147
      2 4148
      1 4149
      5 4150
      2 4151
      2 4153
      2 4154
      2 4155
      2 4156
      4 4157
      3 4158
      1 4159
      1 4161
      2 4162
      1 4163
      1 4164
      2 4165
      2 4166
      5 4167
      3 4168
      1 4169
      2 4170
      3 4171
      3 4173
      2 4174
      1 4175
      4 4176
      3 4177
      2 4179
      3 4181
      1 4182
      1 4185
      2 4186
      3 4188
      3 4189
      4 4190
      2 4192
      1 4193
      2 4194
      1 4195
      1 4196
      2 4197
      2 4198
      3 4199
      2 4200
      1 4201
      2 4202
      4 4203
      1 4204
      6 4205
      1 4206
      2 4207
      2 4208
      2 4209
      2 4210
      1 4211
      1 4212
      5 4213
      1 4214
      6 4215
      3 4216
      2 4217
      2 4218
      1 4219
      3 4222
      3 4223
      1 4224
      2 4226
      1 4227
      4 4228
      3 4229
      3 4230
      1 4231
      2 4232
      3 4233
      2 4234
      3 4235
      2 4236
      2 4237
      5 4238
      3 4240
      2 4242
      1 4244
      1 4245
      1 4247
      2 4248
      1 4249
      3 4251
      3 4253
      2 4254
      4 4256
      2 4257
      3 4258
      3 4259
      1 4261
      1 4262
      3 4263
      1 4265
      1 4266
      2 4267
      1 4268
      1 4269
      2 4270
      3 4271
      2 4272
      3 4273
      3 4274
      1 4275
      3 4276
      1 4277
      3 4278
      1 4279
      1 4280
      1 4281
      4 4282
      1 4283
      2 4284
      1 4285
      1 4286
      2 4288
      1 4290
      2 4292
      2 4293
      7 4294
      3 4295
      2 4297
      1 4298
      1 4299
      2 4300
      1 4303
      4 4304
      2 4305
      2 4308
      1 4309
      3 4310
      1 4311
      1 4312
      2 4313
      4 4314
      1 4315
      1 4319
      3 4321
      2 4322
      2 4323
      2 4324
      2 4325
      4 4326
      2 4327
      3 4328
      4 4332
      1 4333
      1 4334
      2 4336
      4 4337
      1 4338
      2 4339
      1 4340
      2 4341
      3 4342
      2 4344
      2 4345
      4 4346
      1 4347
      1 4348
      2 4349
      2 4350
      3 4352
      1 4354
      1 4355
      2 4356
      1 4357
      1 4358
      1 4359
      2 4360
      1 4362
      2 4363
      1 4364
      1 4365
      2 4367
      3 4369
      2 4371
      3 4374
      3 4376
      2 4377
      1 4380
      1 4381
      1 4382
      3 4383
      3 4384
      1 4385
      3 4388
      2 4389
      1 4391
      1 4393
      2 4394
      2 4395
      1 4396
      3 4398
      3 4400
      2 4402
      1 4403
      3 4405
      3 4406
      4 4407
      1 4408
      1 4409
      1 4410
      3 4412
      1 4413
      2 4415
      1 4416
      2 4418
      2 4419
      3 4420
      1 4421
      5 4422
      3 4423
      1 4424
      3 4425
      1 4427
      3 4428
      2 4429
      2 4430
      2 4432
      1 4433
      1 4435
      1 4437
      2 4438
      3 4439
      2 4441
      1 4442
      2 4444
      1 4445
      1 4446
      2 4448
      2 4450
      1 4451
      3 4452
      3 4453
      2 4454
      3 4457
      2 4458
      4 4459
      3 4460
      1 4461
      1 4462
      1 4463
      1 4464
      1 4465
      2 4466
      2 4467
      1 4468
      3 4469
      1 4472
      2 4473
      2 4474
      1 4478
      2 4480
      1 4481
      1 4482
      2 4484
      3 4485
      1 4486
      1 4487
      2 4488
      1 4489
      1 4490
      1 4491
      2 4492
      1 4494
      1 4498
      1 4500
      1 4502
      1 4503
      3 4504
      1 4505
      2 4506
      1 4507
      2 4508
      2 4509
      2 4511
      2 4513
      1 4514
      2 4515
      1 4516
      1 4517
      2 4518
      2 4519
      2 4520
      1 4521
      2 4522
      2 4524
      2 4525
      2 4526
      2 4528
      1 4529
      1 4530
      1 4531
      3 4532
      1 4533
      2 4534
      2 4535
      1 4536
      1 4537
      1 4538
      1 4539
      1 4541
      1 4542
      1 4543
      4 4544
      2 4545
      1 4546
      1 4547
      1 4548
      1 4550
      2 4551
      2 4554
      1 4555
      1 4556
      2 4557
      1 4558
      2 4560
      2 4562
      3 4563
      4 4564
      3 4565
      1 4567
      3 4568
      2 4569
      2 4570
      1 4571
      1 4574
      3 4575
      3 4576
      1 4577
      1 4578
      2 4580
      1 4582
      4 4585
      1 4586
      1 4587
      3 4588
      3 4589
      1 4593
      1 4595
      1 4596
      3 4597
      1 4599
      1 4600
      1 4602
      3 4604
      1 4605
      2 4606
      2 4607
      1 4608
      2 4609
      1 4610
      1 4612
      2 4615
      2 4619
      1 4620
      3 4621
      3 4622
      5 4623
      1 4624
      1 4625
      1 4626
      2 4628
      1 4629
      2 4631
      1 4633
      1 4634
      3 4636
      2 4637
      1 4638
      2 4639
      2 4641
      2 4642
      2 4644
      1 4646
      2 4647
      1 4648
      1 4650
      2 4651
      1 4652
      1 4653
      1 4654
      1 4655
      2 4656
      1 4658
      2 4659
      1 4661
      1 4662
      4 4668
      1 4671
      1 4672
      1 4673
      1 4675
      5 4677
      1 4678
      1 4679
      1 4680
      2 4681
      3 4682
      3 4684
      3 4685
      1 4686
      1 4687
      1 4688
      3 4689
      2 4690
      1 4692
      1 4693
      3 4694
      2 4695
      2 4696
      1 4698
      3 4699
      1 4706
      2 4707
      2 4708
      1 4709
      1 4712
      1 4714
      3 4716
      2 4719
      1 4720
      1 4721
      1 4722
      2 4723
      1 4725
      1 4726
      1 4727
      2 4728
      1 4732
      1 4733
      4 4734
      1 4735
      1 4737
      2 4739
      1 4740
      1 4743
      3 4744
      1 4745
      1 4746
      1 4747
      2 4748
      1 4749
      1 4750
      2 4752
      2 4753
      1 4755
      2 4758
      2 4761
      1 4762
      2 4764
      3 4769
      2 4771
      2 4773
      1 4777
      2 4778
      1 4782
      1 4784
      1 4785
      1 4786
      1 4789
      1 4791
      2 4792
      1 4795
      1 4799
      1 4804
      1 4807
      1 4809
      1 4810
      1 4811
      2 4812
      1 4813
      1 4814
      3 4816
      1 4817
      1 4819
      1 4821
      2 4822
      2 4824
      1 4825
      1 4826
      3 4827
      1 4829
      4 4831
      2 4833
      1 4835
      2 4836
      1 4838
      1 4839
      1 4842
      1 4843
      1 4844
      1 4845
      1 4846
      2 4847
      1 4848
      1 4851
      1 4852
      1 4853
      2 4854
      2 4856
      1 4858
      1 4859
      1 4860
      2 4862
      2 4863
      2 4865
      2 4869
      1 4870
      1 4873
      3 4874
      3 4876
      3 4877
      1 4878
      1 4879
      1 4880
      1 4885
      1 4887
      2 4888
      2 4889
      1 4890
      2 4891
      1 4892
      1 4893
      2 4894
      2 4895
      1 4896
      3 4898
      1 4899
      2 4906
      1 4908
      3 4909
      1 4911
      2 4912
      1 4914
      1 4915
      1 4916
      2 4918
      2 4921
      1 4923
      1 4924
      1 4931
      2 4934
      1 4936
      1 4938
      2 4940
      3 4942
      1 4943
      1 4944
      1 4945
      2 4946
      4 4948
      2 4949
      2 4950
      1 4952
      1 4953
      1 4956
      1 4957
      2 4958
      1 4962
      3 4963
      3 4964
      1 4970
      1 4971
      1 4972
      1 4973
      3 4975
      2 4977
      1 4978
      2 4979
      2 4980
      2 4982
      3 4983
      1 4985
      4 4986
      2 4987
      2 4988
      2 4989
      2 4990
      1 4992
      1 4995
      1 4997
      1 5001
      1 5002
      1 5006
      1 5007
      2 5010
      1 5012
      1 5013
      1 5014
      3 5015
      2 5016
      1 5018
      1 5019
      1 5020
      2 5022
      2 5024
      1 5025
      2 5029
      2 5030
      2 5031
      1 5035
      1 5036
      2 5040
      1 5041
      1 5046
      1 5048
      1 5049
      1 5050
      1 5053
      1 5054
      1 5056
      1 5058
      1 5059
      1 5062
      1 5065
      1 5066
      3 5068
      1 5069
      1 5070
      1 5071
      2 5073
      2 5075
      1 5077
      1 5079
      2 5082
      1 5084
      2 5085
      2 5086
      2 5087
      1 5088
      1 5092
      1 5095
      1 5096
      1 5099
      1 5100
      1 5101
      1 5102
      2 5104
      1 5105
      1 5108
      1 5109
      1 5110
      2 5111
      1 5117
      1 5118
      3 5119
      1 5125
      1 5129
      1 5131
      1 5134
      1 5135
      2 5137
      1 5145
      1 5146
      1 5148
      1 5149
      3 5152
      1 5153
      2 5155
      2 5157
      2 5158
      2 5163
      1 5164
      1 5165
      1 5166
      3 5167
      1 5168
      1 5172
      1 5173
      1 5174
      1 5175
      1 5176
      1 5178
      1 5179
      2 5181
      1 5183
      1 5184
      1 5185
      1 5186
      2 5188
      1 5189
      2 5191
      2 5192
      1 5193
      1 5194
      3 5196
      1 5197
      2 5198
      1 5199
      1 5200
      1 5201
      1 5204
      2 5205
      1 5206
      2 5208
      1 5209
      1 5211
      1 5213
      1 5214
      1 5216
      1 5218
      1 5222
      1 5224
      1 5225
      2 5226
      1 5229
      1 5230
      1 5231
      1 5232
      1 5235
      2 5237
      1 5238
      1 5239
      1 5241
      1 5242
      2 5249
      1 5253
      2 5254
      1 5257
      1 5258
      1 5260
      1 5263
      1 5264
      1 5266
      4 5268
      1 5270
      1 5273
      1 5274
      1 5275
      1 5277
      1 5278
      1 5279
      1 5281
      1 5282
      3 5283
      2 5284
      2 5286
      1 5287
      1 5288
      1 5293
      1 5295
      1 5296
      2 5299
      1 5300
      1 5301
      1 5305
      1 5307
      1 5311
      1 5313
      2 5314
      1 5316
      2 5318
      1 5319
      2 5320
      2 5324
      1 5325
      2 5327
      1 5333
      2 5334
      1 5335
      1 5337
      3 5338
      2 5341
      1 5342
      1 5343
      1 5346
      2 5347
      1 5348
      1 5350
      1 5351
      3 5354
      2 5356
      1 5358
      2 5359
      1 5362
      2 5366
      1 5367
      2 5368
      1 5372
      1 5374
      3 5376
      2 5377
      2 5378
      3 5379
      2 5383
      2 5384
      1 5385
      1 5388
      1 5389
      1 5390
      1 5391
      2 5392
      1 5393
      2 5396
      1 5397
      1 5398
      1 5402
      1 5403
      3 5405
      1 5406
      2 5407
      1 5409
      1 5410
      1 5411
      3 5412
      1 5415
      1 5416
      2 5419
      3 5421
      1 5422
      3 5423
      1 5428
      1 5429
      1 5430
      1 5431
      1 5433
      2 5434
      1 5435
      4 5437
      1 5442
      2 5445
      1 5447
      1 5449
      1 5454
      1 5455
      1 5458
      1 5460
      2 5467
      2 5470
      1 5471
      1 5472
      1 5475
      1 5476
      3 5478
      2 5481
      1 5483
      1 5484
      1 5485
      2 5487
      1 5489
      1 5491
      1 5492
      1 5495
      2 5496
      1 5497
      2 5498
      3 5500
      1 5502
      1 5504
      2 5508
      2 5509
      1 5510
      1 5511
      1 5512
      1 5513
      1 5515
      1 5516
      1 5517
      3 5519
      1 5521
      2 5522
      1 5523
      1 5526
      1 5528
      1 5529
      1 5530
      1 5531
      2 5532
      2 5534
      1 5536
      2 5537
      1 5539
      2 5541
      1 5542
      1 5544
      2 5547
      2 5548
      1 5549
      1 5554
      2 5555
      1 5556
      3 5559
      1 5562
      2 5564
      1 5567
      1 5571
      2 5573
      2 5574
      2 5576
      1 5578
      1 5580
      1 5581
      1 5584
      1 5586
      1 5587
      1 5589
      1 5590
      1 5591
      2 5592
      1 5596
      2 5599
      1 5600
      1 5602
      1 5603
      1 5606
      1 5608
      1 5609
      2 5611
      2 5612
      1 5614
      1 5616
      2 5617
      1 5619
      1 5624
      1 5625
      1 5626
      1 5627
      1 5628
      1 5630
      1 5631
      1 5632
      1 5633
      1 5634
      1 5635
      1 5636
      2 5637
      4 5641
      1 5643
      1 5645
      1 5646
      1 5650
      2 5657
      2 5658
      1 5659
      1 5661
      1 5662
      2 5663
      1 5666
      1 5667
      1 5670
      1 5671
      1 5673
      1 5676
      1 5677
      1 5679
      1 5682
      2 5683
      2 5685
      1 5686
      1 5688
      1 5691
      1 5692
      2 5694
      1 5695
      1 5698
      1 5699
      1 5700
      1 5703
      1 5707
      1 5711
      1 5714
      1 5715
      1 5716
      1 5718
      2 5720
      1 5721
      1 5724
      1 5726
      1 5728
      1 5729
      1 5732
      2 5734
      2 5735
      1 5738
      1 5739
      1 5741
      1 5742
      1 5743
      1 5746
      1 5748
      1 5749
      1 5750
      1 5752
      2 5756
      1 5757
      1 5758
      1 5760
      1 5761
      1 5762
      1 5764
      3 5766
      3 5767
      1 5769
      2 5772
      1 5773
      1 5778
      1 5790
      1 5794
      1 5796
      2 5797
      1 5805
      3 5806
      2 5807
      1 5808
      3 5812
      1 5813
      1 5818
      1 5819
      1 5820
      1 5823
      1 5824
      1 5828
      1 5829
      1 5833
      1 5837
      2 5842
      1 5845
      1 5846
      1 5850
      1 5854
      1 5856
      1 5857
      2 5858
      1 5864
      2 5867
      1 5874
      1 5876
      2 5879
      1 5880
      2 5881
      2 5882
      1 5885
      1 5890
      2 5892
      1 5895
      1 5898
      1 5899
      1 5901
      1 5902
      1 5904
      1 5908
      1 5910
      1 5912
      1 5913
      1 5916
      1 5917
      1 5918
      1 5920
      1 5922
      3 5925
      1 5926
      1 5928
      1 5929
      1 5930
      1 5934
      1 5938
      2 5939
      1 5944
      1 5945
      2 5946
      1 5947
      1 5949
      1 5950
      1 5952
      1 5953
      2 5955
      1 5957
      3 5958
      1 5960
      1 5961
      1 5962
      2 5964
      1 5965
      1 5966
      2 5972
      1 5973
      1 5974
      1 5980
      1 5985
      2 5987
      1 5994
      2 5996
      1 5998
      1 6000
      2 6012
      1 6020
      1 6021
      1 6022
      1 6024
      1 6030
      2 6031
      1 6032
      2 6033
      1 6034
      2 6036
      1 6037
      2 6042
      1 6044
      1 6047
      1 6049
      1 6050
      3 6051
      2 6054
      1 6056
      1 6059
      2 6060
      1 6063
      1 6065
      2 6066
      2 6068
      1 6070
      1 6072
      1 6075
      1 6076
      1 6082
      1 6083
      1 6088
      1 6091
      1 6094
      1 6096
      1 6098
      1 6099
      1 6101
      1 6102
      3 6104
      2 6108
      2 6110
      2 6111
      1 6112
      2 6114
      1 6115
      1 6117
      4 6119
      1 6125
      2 6126
      2 6129
      1 6130
      1 6132
      1 6133
      1 6135
      1 6136
      1 6137
      1 6138
      2 6140
      1 6141
      1 6143
      1 6145
      1 6148
      1 6150
      1 6152
      3 6156
      2 6157
      1 6158
      2 6160
      1 6162
      1 6164
      1 6165
      1 6167
      1 6168
      2 6172
      1 6173
      1 6175
      1 6177
      1 6179
      1 6181
      2 6182
      1 6184
      1 6188
      1 6189
      1 6190
      1 6193
      1 6196
      2 6202
      1 6203
      1 6204
      1 6207
      1 6208
      2 6213
      1 6215
      1 6218
      1 6219
      1 6232
      1 6235
      1 6238
      2 6239
      1 6241
      1 6242
      1 6244
      1 6246
      2 6250
      2 6251
      1 6253
      1 6254
      1 6255
      1 6258
      1 6260
      1 6263
      2 6267
      1 6269
      1 6273
      1 6274
      1 6277
      1 6278
      1 6282
      1 6283
      1 6287
      1 6288
      1 6289
      1 6293
      1 6300
      1 6302
      1 6303
      2 6307
      1 6309
      1 6310
      1 6312
      1 6315
      1 6317
      1 6318
      3 6320
      1 6324
      2 6334
      2 6340
      1 6341
      2 6344
      1 6349
      1 6350
      1 6351
      1 6354
      1 6357
      2 6360
      1 6361
      1 6366
      1 6375
      2 6377
      3 6382
      1 6384
      1 6387
      1 6388
      1 6389
      1 6390
      2 6393
      2 6395
      1 6397
      1 6400
      2 6402
      1 6403
      1 6409
      1 6412
      2 6413
      3 6414
      1 6416
      1 6417
      1 6418
      1 6420
      1 6423
      1 6424
      1 6426
      1 6428
      1 6429
      1 6432
      1 6433
      1 6435
      1 6437
      1 6439
      2 6440
      1 6444
      1 6446
      2 6447
      1 6448
      1 6452
      1 6455
      1 6457
      1 6459
      1 6460
      1 6461
      1 6465
      1 6467
      1 6468
      2 6472
      1 6474
      1 6475
      1 6476
      1 6481
      1 6486
      1 6487
      1 6489
      2 6491
      2 6492
      1 6498
      1 6501
      1 6502
      2 6504
      1 6505
      1 6506
      2 6507
      1 6508
      2 6509
      1 6514
      1 6520
      2 6523
      1 6530
      1 6531
      1 6532
      3 6544
      1 6553
      2 6556
      1 6557
      1 6563
      1 6564
      1 6567
      1 6570
      1 6573
      1 6576
      1 6584
      1 6591
      1 6594
      2 6599
      1 6600
      1 6602
      1 6603
      1 6605
      1 6607
      1 6608
      1 6609
      1 6611
      1 6613
      1 6614
      1 6616
      1 6617
      1 6620
      1 6626
      1 6629
      1 6631
      1 6632
      1 6633
      1 6636
      4 6639
      1 6641
      1 6649
      1 6652
      1 6655
      1 6656
      2 6657
      1 6661
      1 6669
      3 6671
      2 6673
      1 6674
      1 6675
      1 6676
      1 6679
      1 6680
      1 6684
      1 6695
      2 6702
      1 6706
      1 6709
      2 6711
      1 6718
      1 6719
      1 6722
      1 6723
      1 6731
      2 6738
      2 6739
      3 6741
      1 6742
      1 6743
      1 6750
      1 6751
      1 6752
      1 6756
      1 6763
      1 6770
      1 6771
      2 6773
      1 6775
      1 6780
      1 6784
      1 6791
      1 6796
      2 6797
      1 6810
      3 6813
      1 6814
      1 6816
      1 6821
      1 6827
      2 6829
      1 6834
      1 6835
      1 6844
      1 6849
      1 6850
      1 6852
      1 6855
      3 6856
      1 6857
      1 6858
      1 6859
      1 6860
      1 6864
      2 6868
      1 6871
      2 6874
      3 6878
      1 6881
      1 6885
      1 6893
      2 6897
      2 6900
      1 6904
      1 6907
      1 6909
      1 6910
      1 6911
      1 6918
      1 6919
      1 6920
      1 6927
      1 6931
      1 6933
      1 6936
      1 6945
      1 6949
      1 6953
      1 6954
      1 6955
      2 6957
      2 6960
      1 6970
      1 6971
      1 6972
      1 6977
      1 6978
      1 6979
      1 6981
      1 6982
      1 6984
      2 6990
      1 6992
      1 6994
      1 6996
      1 6998
      1 7000
      1 7005
      1 7010
      1 7013
      3 7014
      2 7016
      1 7019
      2 7021
      3 7023
      2 7028
      1 7035
      1 7037
      1 7039
      1 7040
      1 7043
      1 7045
      1 7049
      2 7061
      1 7062
      1 7063
      1 7066
      1 7067
      1 7068
      1 7070
      1 7077
      1 7084
      1 7088
      2 7089
      1 7099
      1 7100
      1 7105
      1 7112
      1 7113
      2 7114
      1 7116
      2 7118
      1 7128
      4 7130
      1 7136
      1 7141
      2 7144
      1 7149
      1 7156
      1 7159
      1 7161
      2 7164
      3 7168
      2 7169
      1 7171
      1 7174
      1 7176
      1 7178
      1 7179
      1 7180
      1 7182
      1 7185
      1 7193
      1 7196
      1 7198
      1 7199
      2 7207
      2 7210
      1 7212
      1 7213
      1 7215
      1 7216
      1 7217
      1 7218
      1 7220
      1 7223
      1 7225
      2 7226
      1 7228
      1 7230
      1 7237
      1 7239
      1 7244
      2 7248
      1 7253
      1 7254
      1 7258
      1 7261
      2 7263
      1 7266
      1 7271
      1 7276
      1 7280
      2 7281
      1 7287
      1 7288
      1 7290
      1 7291
      1 7293
      1 7295
      1 7298
      1 7300
      2 7305
      1 7309
      1 7315
      1 7316
      1 7318
      1 7320
      1 7325
      1 7328
      1 7331
      1 7339
      2 7340
      1 7342
      1 7350
      2 7354
      1 7356
      1 7358
      1 7360
      1 7372
      2 7374
      1 7376
      1 7377
      1 7378
      1 7379
      1 7380
      1 7389
      1 7394
      1 7396
      1 7398
      1 7399
      1 7405
      1 7411
      1 7415
      1 7417
      1 7419
      3 7420
      1 7422
      1 7423
      1 7426
      1 7429
      3 7431
      1 7434
      2 7436
      1 7437
      1 7441
      1 7452
      1 7453
      2 7455
      1 7457
      1 7459
      1 7464
      1 7465
      1 7466
      3 7467
      1 7468
      2 7482
      1 7486
      1 7498
      1 7499
      1 7503
      1 7504
      1 7506
      1 7511
      1 7516
      1 7518
      1 7519
      1 7521
      1 7522
      1 7525
      1 7530
      2 7540
      1 7544
      1 7546
      2 7550
      1 7554
      1 7561
      1 7562
      1 7573
      1 7574
      1 7580
      1 7583
      1 7584
      1 7587
      1 7591
      1 7594
      1 7595
      1 7599
      1 7600
      1 7601
      1 7605
      1 7609
      1 7614
      1 7615
      1 7618
      1 7624
      2 7625
      1 7627
      1 7628
      1 7630
      1 7636
      1 7637
      1 7641
      1 7642
      1 7645
      2 7646
      1 7647
      1 7654
      1 7658
      1 7664
      1 7672
      1 7674
      1 7677
      1 7683
      1 7684
      1 7686
      1 7690
      1 7693
      1 7698
      1 7709
      1 7717
      1 7719
      2 7720
      1 7734
      1 7736
      1 7741
      1 7742
      1 7746
      2 7756
      1 7757
      1 7764
      1 7765
      1 7769
      1 7779
      1 7785
      1 7788
      1 7793
      1 7794
      1 7797
      2 7798
      1 7800
      1 7806
      1 7808
      1 7812
      1 7813
      1 7824
      1 7830
      1 7833
      2 7840
      1 7846
      1 7857
      1 7859
      1 7861
      1 7866
      1 7868
      2 7869
      1 7874
      1 7882
      1 7886
      2 7887
      1 7893
      1 7897
      1 7899
      1 7903
      2 7905
      1 7923
      1 7926
      1 7927
      1 7932
      1 7937
      1 7940
      1 7941
      1 7946
      2 7949
      1 7967
      1 7971
      1 7975
      2 7985
      1 8001
      1 8008
      1 8014
      1 8018
      1 8019
      1 8025
      2 8031
      4 8033
      1 8043
      1 8045
      1 8050
      1 8053
      1 8058
      1 8069
      1 8073
      1 8076
      1 8083
      1 8086
      1 8088
      2 8096
      1 8107
      1 8110
      1 8114
      1 8127
      1 8130
      1 8131
      1 8136
      1 8144
      1 8147
      1 8158
      1 8160
      1 8163
      2 8164
      1 8173
      1 8177
      1 8184
      1 8190
      1 8193
      1 8197
      1 8198
      2 8200
      1 8202
      1 8204
      1 8216
      1 8231
      1 8248
      1 8251
      2 8252
      1 8253
      1 8256
      1 8257
      1 8262
      1 8263
      1 8267
      1 8271
      1 8272
      1 8273
      1 8274
      1 8275
      1 8287
      1 8290
      1 8292
      1 8300
      1 8301
      2 8303
      1 8308
      1 8313
      1 8317
      1 8320
      1 8321
      1 8322
      1 8327
      1 8334
      1 8337
      1 8339
      1 8345
      1 8347
      1 8350
      3 8361
      1 8369
      1 8371
      1 8377
      1 8380
      1 8394
      1 8399
      1 8403
      1 8408
      1 8413
      1 8425
      2 8427
      1 8428
      1 8436
      1 8438
      1 8440
      1 8443
      1 8445
      1 8447
      1 8451
      1 8452
      1 8459
      1 8461
      1 8467
      1 8484
      1 8495
      1 8498
      2 8509
      1 8512
      1 8513
      1 8527
      1 8531
      1 8535
      1 8544
      1 8549
      1 8553
      1 8556
      1 8562
      1 8563
      1 8565
      1 8570
      1 8601
      1 8611
      1 8612
      1 8614
      1 8618
      1 8624
      1 8638
      1 8640
      1 8644
      1 8657
      2 8667
      1 8668
      1 8669
      1 8674
      1 8676
      1 8679
      1 8681
      1 8684
      1 8692
      1 8695
      1 8697
      1 8701
      1 8704
      1 8709
      1 8710
      1 8712
      1 8720
      1 8728
      1 8732
      1 8735
      1 8745
      1 8746
      1 8760
      1 8768
      1 8777
      2 8778
      1 8781
      1 8787
      1 8794
      1 8800
      1 8805
      1 8806
      1 8813
      1 8819
      1 8824
      1 8826
      1 8838
      1 8851
      1 8853
      1 8854
      1 8858
      1 8873
      1 8876
      1 8895
      1 8903
      1 8905
      3 8916
      1 8925
      1 8932
      1 8938
      1 8943
      1 8951
      1 8955
      1 8961
      1 8962
      1 8970
      1 8978
      1 8986
      1 9040
      1 9054
      1 9055
      1 9065
      1 9068
      1 9070
      1 9075
      1 9084
      1 9095
      1 9103
      1 9107
      1 9130
      2 9146
      1 9156
      1 9159
      1 9161
      1 9167
      1 9169
      1 9174
      1 9175
      1 9181
      1 9183
      1 9188
      1 9195
      1 9200
      1 9229
      1 9251
      1 9254
      1 9268
      1 9271
      1 9275
      1 9309
      1 9330
      1 9345
      1 9350
      1 9367
      1 9370
      1 9380
      1 9381
      1 9386
      1 9396
      1 9397
      1 9401
      1 9433
      1 9447
      1 9450
      1 9451
      1 9460
      1 9462
      1 9466
      1 9480
      1 9493
      1 9519
      1 9529
      1 9531
      1 9552
      1 9557
      1 9560
      1 9581
      2 9601
      1 9609
      1 9617
      1 9618
      1 9628
      1 9637
      1 9644
      1 9647
      1 9649
      1 9654
      1 9659
      1 9678
      1 9683
      1 9717
      1 9718
      1 9724
      1 9750
      1 9800
      1 9822
      1 9831
      1 9842
      1 9847
      1 9862
      1 9880
      1 9903
      1 9905
      1 9911
      1 9912
      1 9914
      1 9915
      1 9922
      1 9930
      1 9934
      1 9945
      1 9946
      1 9959
      1 9982
      1 9983
      1 9992
      1 10005
      1 10037
      2 10073
      1 10091
      1 10106
      1 10114
      1 10117
      1 10118
      1 10124
      1 10130
      1 10137
      1 10141
      1 10144
      1 10164
      1 10171
      2 10182
      1 10203
      1 10205
      1 10241
      1 10265
      1 10278
      1 10282
      1 10306
      1 10314
      1 10323
      1 10332
      1 10336
      1 10344
      1 10360
      1 10373
      1 10375
      1 10377
      1 10402
      1 10408
      1 10431
      1 10461
      1 10479
      2 10488
      1 10505
      1 10511
      1 10524
      1 10525
      1 10526
      1 10542
      1 10563
      1 10570
      1 10590
      1 10617
      1 10619
      1 10623
      1 10627
      1 10629
      1 10664
      1 10665
      1 10695
      1 10720
      1 10733
      1 10737
      1 10765
      1 10770
      1 10793
      1 10794
      1 10797
      1 10807
      1 10812
      1 10826
      1 10848
      1 10856
      1 10865
      1 10872
      1 10903
      1 10924
      1 10926
      1 10951
      1 10968
      1 10969
      1 10970
      1 10974
      1 11018
      1 11030
      1 11037
      1 11052
      1 11061
      1 11104
      1 11116
      1 11146
      1 11173
      1 11202
      2 11209
      1 11216
      1 11228
      1 11245
      2 11249
      1 11261
      1 11279
      1 11287
      1 11290
      1 11305
      1 11322
      1 11355
      2 11366
      1 11373
      1 11376
      1 11405
      1 11406
      1 11458
      1 11460
      1 11466
      1 11467
      1 11481
      1 11502
      1 11529
      1 11557
      1 11584
      1 11591
      1 11602
      1 11612
      1 11708
      1 11719
      1 11721
      1 11760
      1 11761
      1 11842
      1 11866
      1 11929
      2 11969
      1 11998
      1 12038
      1 12039
      1 12055
      1 12097
      1 12105
      1 12116
      1 12121
      1 12149
      1 12237
      1 12267
      1 12270
      1 12272
      1 12299
      1 12334
      1 12378
      1 12430
      1 12455
      1 12517
      1 12549
      1 12582
      1 12649
      1 12659
      1 12670
      1 12684
      1 12710
      1 12719
      1 12763
      1 12792
      1 12804
      1 12836
      1 12863
      1 12911
      1 12924
      1 12985
      2 12993
      1 13029
      1 13052
      1 13070
      1 13094
      1 13103
      1 13120
      1 13132
      1 13148
      1 13159
      1 13207
      1 13209
      1 13225
      1 13244
      1 13251
      1 13261
      1 13277
      1 13295
      1 13310
      1 13313
      1 13318
      1 13325
      1 13331
      1 13345
      1 13348
      1 13360
      1 13362
      1 13370
      1 13371
      1 13381
      1 13388
      1 13427
      1 13499
      1 13517
      1 13570
      1 13591
      1 13600
      1 13650
      1 13687
      1 13702
      1 13754
      1 13760
      1 13812
      1 13828
      1 13835
      1 13836
      1 13857
      1 13860
      1 14005
      1 14033
      1 14039
      1 14047
      1 14071
      1 14083
      1 14107
      1 14161
      1 14179
      1 14259
      1 14329
      1 14336
      1 14338
      1 14375
      1 14400
      1 14452
      1 14498
      1 14530
      1 14531
      1 14550
      1 14671
      1 14678
      1 14694
      1 14714
      1 14772
      1 14780
      1 14791
      1 14899
      1 14987
      1 14991
      1 15015
      1 15100
      1 15123
      1 15141
      1 15143
      1 15159
      1 15163
      1 15325
      1 15378
      1 15393
      1 15484
      1 15497
      1 15574
      1 15617
      1 15646
      1 15664
      1 15669
      1 15714
      1 15716
      1 15717
      1 15749
      1 15840
      1 15869
      1 15900
      1 15971
      1 16057
      1 16197
      1 16261
      1 16311
      1 16319
      1 16324
      1 16442
      1 16447
      1 16493
      1 16507
      1 16541
      1 16549
      1 16570
      1 16580
      1 16628
      1 16669
      1 16678
      1 16697
      1 16737
      1 16763
      1 16781
      1 16817
      1 16857
      1 16876
      1 16882
      1 16892
      1 16947
      1 16986
      1 17021
      1 17035
      1 17096
      1 17139
      1 17140
      1 17338
      1 17484
      1 17640
      1 17650
      1 17716
      1 17829
      1 17841
      1 17852
      1 17879
      1 17894
      1 18217
      1 18224
      1 18225
      1 18253
      1 18303
      1 18306
      1 18334
      1 18413
      1 18570
      1 18616
      1 18719
      1 18736
      1 18769
      1 18821
      1 18857
      1 18898
      1 19115
      1 19218
      1 19336
      1 19356
      1 19388
      1 19448
      1 19500
      1 19621
      1 19921
      1 19958
      1 20014
      1 20058
      1 20122
      1 20375
      1 20407
      1 20535
      1 20541
      1 20716
      1 20768
      1 20819
      1 21004
      1 21126
      1 21168
      1 21237
      1 21303
      1 21322
      1 21365
      1 21394
      1 21623
      1 21690
      1 21776
      1 21848
      1 21850
      1 21972
      1 22096
      1 22372
      1 22391
      1 22403
      1 22514
      1 22565
      1 22777
      1 22797
      1 22809
      1 23066
      1 23134
      1 23198
      1 23213
      1 23350
      1 23416
      1 23715
      1 23804
      1 23832
      1 23914
      1 24054
      1 24192
      1 24245
      1 24500
      1 24538
      1 24589
      1 24690
      1 24880
      1 24899
      1 25049
      1 25075
      1 25489
      1 25746
      1 25766
      1 25820
      1 25871
      1 26072
      1 26086
      1 26396
      1 26447
      1 26448
      1 26614
      1 26918
      1 26983
      1 26993
      1 27106
      1 27317
      1 27469
      1 27511
      1 27752
      1 27870
      1 27978
      1 28184
      1 28340
      1 28449
      1 28858
      1 29186
      1 29786
      1 29825
      1 29857
      1 29908
      1 29942
      1 30202
      1 30275
      1 30279
      1 30375
      1 30466
      1 30580
      1 30620
      1 30973
      1 31014
      1 31037
      1 31068
      1 31341
      1 31357
      1 32037
      1 32265
      1 32425
      1 32786
      1 32827
      1 32895
      1 32967
      1 33043
      1 33165
      1 33209
      1 33268
      1 33486
      1 33847
      1 33919
      1 34171
      1 34185
      1 34191
      1 34349
      1 34754
      1 35092
      1 35242
      1 35296
      1 35398
      1 35709
      1 36056
      1 36832
      1 36869
      1 37036
      1 37055
      1 38336
      1 38343
      1 38778
      1 38903
      1 39213
      1 39659
      1 40066
      1 40242
      1 40666
      1 41577
      1 42030
      1 42369
      1 43198
      1 43516
      1 43543
      1 43548
      1 44350
      1 45095
      1 45558
      1 46695
      1 47186
      1 47301
      1 47318
      1 47435
      1 47619
      1 48137
      1 48180
      1 48280
      1 48916
      1 48966
      1 50735
      1 50895
      1 52306
      1 53839
      1 57057
      1 58286
      1 58918
      1 66225
      1 70452
      1 85311
---AAD-PGBENCH-LAG-US---
